980239347243986945
980240054797946880
980244855761899520
980244989853798400
980246415900200960
980251691923550210
980257129276805121
980267949884956673
980269140647669760
980269394793254912
980271040231194625
980272001158995968
980275678737088513
980277889537949697
980281760448737280
980282468761853952
980282583811575808
980284548402434048
980289969557143552
980296401950265344
980296976049811457
980297211845234688
980299532993990658
980303989450395650
980313558859862016
980331556915965952
980335173257527297
980337464169631744
980346801512501248
980348139931602944
980350361226670081
980351581500723202
980354265351905280
980354980854026241
980355710985916416
980356814591135744
980359046397091840
980359771176935425
980361030705582080
980362989009334273
980363386931306496
980372117098246145
980372187122143234
980372862858153984
980378957584502784
980379728480821249
980381614684364800
980383634241867776
980390475130638336
980393607436951553
980394905913774085
980399136242479104
980399217767313408
980402432562745345
980403428420734976
980406053627224064
980409401512251394
980412741444886529
980415139760484352
980417742871416832
980426150651551745
980427627008729088
980429508611276800
980429699024265216
980434102615728128
980436531520376833
980438295220953090
980445683923718144
980450357636550657
980454072972017667
980458419521048579
980459985258926082
980460033040355329
980460587967709184
980462231090532352
980466482768502785
980467207405793281
980467323533316096
980468539088777216
980469305807601664
980470979355914245
980472204600205312
980472795065970693
980473904471797761
980474513455550466
980475384645890049
980476322077126656
980476740664483840
980477206387412992
980486454219558912
980488399957131264
980491476919611396
980491517201563648
980497648628232192
980498157598515200
980501772241440768
980502081814650880
980504681163231232
980504821177479169
980504891981524993
980505637300862976
980505794591576064
980506395295481864
980507455976296448
980510108428984321
980512364964478976
980513221881810944
980516435960188928
980519419783892992
980520391616684034
980522887626051584
980531245204557824
980535882003484678
980536465460473856
980536762413015042
980546554061836289
980546899345371142
980547655859408896
980548095401369600
980548411660304386
980549393978978305
980551474324344832
980555726518128640
980559685928579073
980560435874291712
980564452352450560
980566339789127680
980571301667659777
980573640415694848
980574363492802560
980576199352053760
980581288716324864
980585734674571264
980592769340145670
980598328089042945
980602508832776192
980609760050364417
980611956200607744
980614862869970944
980621947452223489
980638062609928192
980639480917962752
980646976135090177
980649641598431233
980654819877707776
980691189958565888
980694113401167872
980702450209435648
980704174705913856
980705167887749120
980707821623873536
980710442246066176
980714832822505472
980716481615888385
980716600704815104
980718431115685888
980718835442602017
980720462857752577
980723747417133056
980724255347396608
980724816121614336
980725916275036160
980733692120387584
980735337424216064
980735518651699200
980743335244529665
980744130455310336
980745859339030529
980746697394544640
980749583486775296
980751899979902976
980753040440483840
980757498536787969
980758841552973826
980760771364827136
980762444460187648
980768909992308736
980770917818273792
980772813492637698
980776907678547969
980777166496501761
980780561336848384
980783396145201152
980783867312459783
980784469618683905
980785951441113088
980788296048627715
980788514991362048
980790032943517697
980790252729262080
980791196837666817
980792895128059909
980795246018793473
980796452329881600
980797543910182913
980799614386401280
980803273941712897
980803608651460608
980803882950561793
980804162702200833
980804176102948864
980804739930652674
980806050994630656
980806235615318016
980811118053650432
980812108391645187
980813221568360448
980818231161184256
980818352867246080
980822394917961728
980822465877348355
980824104537387009
980824594394337280
980832741829808128
980834559641100288
980836128734539776
980837569142362113
980837981379579904
980838556829671424
980839383090769921
980841357836214272
980843987203321856
980844020762062848
980847063725469701
980857383399370757
980857948795744257
980862413619818502
980864973986463744
980870285502177281
980870788810231808
980871394463449089
980873666111135744
980880947842310144
980882709856899072
980884389872709632
980884830920544256
980886962880921600
980887962803146752
980891095948251138
980892406642966528
980895385878110209
980896576624365571
980899113771216896
980899309662040064
980899940485476353
980900009255292929
980902034260951040
980902063189176320
980905552048881664
980909732897619969
980910621268041731
980912470536675328
980912971743449090
980914623967842304
980915304204263425
980915740479016961
980915745864462338
980928889148100609
980932912295174144
980936040444780544
980938036476366848
980939340493795328
980947675993591808
980948783478472707
980957181796323328
980965057461878785
980967055624196096
980971976805240832
980971981431590912
980974102893666304
980977119017627653
980979956468523008
980983298917912577
980987365689880576
980990143602593794
980992614454325248
980997143895924737
980997572964900865
980999048332181504
981000874523877376
981006472430710784
981008001250275328
981017200424357888
981034642622025729
981039093202251776
981039704744263680
981039831009714178
981056524322820096
981062108199751680
981073799385944064
981073852670402560
981075941026824192
981086175124381696
981086821454172160
981089059111129088
981089824164675584
981090420179570689
981107703211855872
981108165004677120
981111772538171394
981114326034481152
981115355321044992
981115975234924544
981117209199210496
981124272801439744
981125217400606721
981125848626552832
981127990640828416
981130096202452992
981130375949844480
981136778538176513
981146656052797441
981148064579760129
981148854245609472
981155531707514880
981157118005956608
981162055112654850
981166605089628161
981166607182581760
981170215542075397
981170275948441602
981171637411172352
981175223125815301
981177189000413184
981183553865244672
981184760964894720
981188303495008257
981189248874315776
981189261893435392
981199659996778501
981203473436823552
981203793051230208
981206363316588544
981206500457803776
981207038528315392
981209084178456577
981223250003943424
981224174445383680
981226089145077768
981233088587059200
981237368329048064
981237400671145984
981240338030452737
981242219167404032
981242735502950401
981243441802874880
981244960371560448
981245447506292736
981248096758886401
981250297396899840
981251557785264129
981252263246270464
981253406198325248
981256665172529152
981259865430593536
981261951455043584
981262145055797249
981262433200177152
981266534399012864
981270437589082112
981274296776642561
981276347375943682
981278047323217925
981278999857922049
981284458341871616
981284698319212549
981284874593226752
981284987780714501
981285295944384512
981288297354887171
981291527421952002
981293715171012608
981298778949943298
981301594049441792
981303178330288133
981303954284974080
981305228082515968
981307330359889920
981312361775751169
981316559418380298
981328202378326017
981329259779231744
981339280806219777
981344361370800129
981345507242110976
981348074600747008
981350340758048768
981366775307649024
981371739258150912
981376954426445824
981378213602619394
981378396457439233
981382188141867008
981394162028302337
981409469136621569
981412605515485184
981412852241260544
981415035028287488
981419321955094528
981421415944671232
981425013650870273
981428640473931776
981430568146620416
981436159179087873
981441759413702657
981442361766105089
981443994126348289
981445504499376128
981447198582992896
981452241377878016
981452415462408192
981452648657321985
981453922459095040
981454101501358081
981463534415605760
981464041645322240
981471539827826688
981472958727192576
981480641026981888
981483615614853126
981483625702141952
981489226347884544
981491844440870912
981491909863657473
981492075148476416
981496639851507712
981497689631264769
981502566633803777
981503251655819264
981503600227770368
981504494029672450
981504560287174656
981510407142518784
981510509924175872
981511350055776261
981513265137242113
981515067035283456
981517902380720129
981519454701015040
981521158398005253
981529329355157504
981537949769756675
981545386941796352
981550302104096768
981550738320052224
981553717131571206
981554188130967552
981560026182639623
981561072221151233
981561521062010880
981566896897167360
981568481505218560
981574233984729093
981574239420649473
981579600609316870
981580031334993920
981588972769079296
981591074543099904
981591468799348743
981594383769374721
981596110203404288
981599354090901510
981601074988625921
981609242967736321
981615383277744128
981616259241422849
981616743654227973
981616784762695681
981617667659456513
981618653337735168
981621376804118528
981622594301382656
981622631211311104
981623025459257344
981634436138700800
981634569865781250
981641236728578049
981641896060702721
981643171838021632
981650066560741376
981651983793758208
981652068933935104
981653586013753344
981654049065000960
981655652446720005
981657198580457474
981658282782797824
981664851058675718
981665229120655363
981665381222842373
981672986750021632
981707673510039552
981708011294031872
981708301955227649
981711914525908994
981713450484330502
981714476813533185
981715236003745792
981718478624260097
981729618536419328
981732047197818881
981738426281185280
981740025158103041
981748797989679104
981756894258737153
981757642501697536
981780205709791232
981781714891616256
981782843662757889
981787096154345472
981797526566260736
981798513041444864
981808416212635648
981811823669317634
981812050585407488
981812304764321792
981821422199758848
981821665679151104
981823267009912832
981831238691500033
981832601433444352
981832767922233344
981835222009466880
981842419036585984
981843129753001985
981850758583898112
981850943548510208
981851464069984256
981853306187407360
981860678511267840
981864922333220864
981873781953228800
981874821691858944
981875934864265218
981892128665210880
981894449503657989
981895392274145280
981902552345309184
981904625577144321
981904662940045316
981905748820021248
981906280242696192
981911065968640006
981913534295617537
981925210806013953
981925869760507904
981928645953572864
981931517793505286
981933003818618880
981933444648325120
981934364031373313
981938755924733952
981944960248373249
981965494994571265
981971561224732672
981979271638999040
981980881379147776
981987775040970752
981995484230365187
981998016793112577
981998851463802887
981999182004277249
982017813484310528
982018934630055936
982020596010766336
982021798085713921
982030593142603776
982052495802454016
982058811975503873
982059756960526336
982064190771707904
982066587787317248
982066974925774848
982074714288893952
982079193096839168
982086930601951232
982090032721739776
982112551524691968
982132061728157696
982135750186622976
982136217884999680
982144900480184320
982150937509679105
982164852390035456
982173856281411584
982181790814158850
982182228980465664
982184179415695361
982188760069632000
982189437718224896
982192174925152256
982196213846962176
982196838571765760
982197822547046401
982202245843369985
982202924062334977
982206682578149378
982211236367499270
982212246334947329
982213914430615553
982219878282051584
982226650002669568
982228431327784968
982234111652675584
982241570970718209
982245354115514370
982247668062666753
982248597101068288
982250324332199936
982251851159490560
982252447497269248
982259143691022338
982261629659136005
982263364679184384
982264384033452032
982266431298461697
982273162732687361
982273175718264832
982273949999484928
982279957937377280
982294546699595776
982296197447610369
982298846238621696
982299071770693632
982299139965792262
982299361173430272
982299391032606720
982300018014027776
982301816527441925
982303271535685633
982303634355576832
982303920398749696
982304329355939840
982306715885436928
982320250099326976
982321727333167105
982324507720474624
982325363555565569
982326393496203264
982342689189318656
982343073404465163
982344335026016257
982345626443767808
982350446542184448
982350480532635648
982350556009082880
982355547663032321
982358776031404033
982360665141719041
982364950445395969
982365257908871169
982370244093206528
982371736829222913
982376296457080834
982379426670407681
982382368576204801
982384997150543872
982387400046333952
982393240627372032
982398096788336640
982402147219398657
982407717246636032
982413693286797312
982415405011668992
982417547432775683
982418099407171585
982422633450000384
982426810133729280
982427068532248577
982437347919908864
982437402441478144
982441273377411073
982441488520024069
982442637364989957
982442839962300416
982453093328740352
982459306351050753
982460215676284928
982461033154535424
982461263824474112
982461380019105793
982462581293109249
982462975125618688
982463068222492673
982463500676096001
982463510725775361
982464023710093314
982464038809538560
982464690189201409
982464720375599104
982465264808738817
982465698894045184
982466064218017792
982466576770363392
982466666926833664
982467835074052100
982468079593639936
982468233524637697
982468653378670592
982470084886118401
982471799521841152
982475223319506944
982477422829428739
982478110259077120
982478417302994944
982479959955517440
982481935460126720
982482210610733056
982482644293238784
982486132725354497
982486799602905088
982488779725340672
982492949295616001
982493652252491776
982494341800382464
982499783490273280
982499857477681152
982502499298013184
982504696698081280
982506045984722944
982507571897565184
982507618861072385
982510479380643840
982513897763565569
982515894642294784
982517784616857601
982518297978720256
982518727903141888
982519318469644289
982522775414784005
982525551603675137
982528325322248192
982532550240489472
982535986226909184
982538553954586624
982539456983920640
982539920874057728
982544400814243841
982546819245903872
982549638652801024
982551110882942976
982552312110571520
982556348289306625
982556379318648833
982557814618025984
982558984015175686
982561849131577344
982563231553204224
982563660819259392
982564322911162368
982566257877798912
982567677125423104
982571375645855744
982573568012713984
982576143315427328
982577276511510528
982578441441697792
982578932418596864
982579728296087553
982581498187599872
982582391146508290
982583664528838662
982583751963238401
982583809253236736
982585626204803074
982586067445575680
982586267115376640
982586695362252800
982588230888439809
982591302348001280
982592889896259584
982593128581550082
982593145765588992
982594250721452033
982594557563944961
982594726615449600
982594976583487490
982595159434113024
982595918183718912
982600505909305345
982600565078228993
982600702232092672
982601005039849474
982602640847704064
982602720933765121
982603018297323520
982603110609715200
982603205812121601
982604124767342592
982604769008037888
982604947710767104
982606776003637249
982612194671124480
982615728489746434
982615860421517313
982616103720497152
982616112075563008
982616114185342977
982616414090653696
982617611543498752
982618441705246720
982619009332822016
982621316787273728
982622460582428672
982622734885597184
982625284607348740
982625840348381184
982626253114085376
982632054226673665
982632549586554880
982633860700700679
982635369744265218
982636929702420480
982645194980904960
982647713660452865
982650746201141249
982651047696109568
982652373943357440
982653016380792833
982654233689411584
982655236983738370
982656574140420097
982657695672143872
982658918756306944
982659326010712064
982661421912739841
982663929238302721
982664489433751553
982665174141341698
982666032694349824
982666288962113536
982666373284487168
982668122732859394
982668771142795264
982669005625483264
982670132639039488
982670805405458433
982672814053326849
982673376924852224
982674646687539200
982675769343270912
982676040291151874
982679048034844673
982679821074485248
982680714004004864
982680720719142913
982681017671598081
982681178351198208
982681510116376579
982683517145448450
982684025407049730
982685497192538112
982687794840657920
982687860263239681
982688572036788225
982688673551536129
982688775896780800
982688960865595395
982689223009435653
982690305135775745
982691874635993088
982694501344055297
982696161072082946
982696404089880576
982696481676083200
982696566074105856
982697068048408576
982697215503323136
982698186648313856
982699466753888256
982700416755478529
982701198997417984
982701239698972672
982701448982093825
982701459887321089
982703044931485696
982703148082089984
982703630875848705
982703652271017984
982704118669217792
982705441917624320
982705491435556864
982705774060326912
982706274532904960
982707300879273984
982707872961302530
982707921640275968
982708058710298625
982708390978838528
982709176995545088
982709783475126272
982710550223351809
982710972971438081
982711075345977344
982711758178615296
982711980460003330
982713318870745088
982713564644429826
982714247082921989
982714522191515648
982714835933659136
982716040147763201
982716855520518144
982717480027197440
982717486314422273
982717717412278272
982719426503086080
982720187039334400
982721644971077632
982722302663102464
982724509273870337
982724674122493952
982725318359355398
982726171883261952
982726642501148672
982727266613514243
982727324901826566
982727660857102337
982728433460498432
982729248837394432
982730834267557889
982735751245975552
982736546909573121
982737467571830784
982738699010981888
982739523619696640
982740518106025984
982740798272950272
982741031476219904
982741220614078465
982741259201769472
982743392881987585
982743449081393152
982743694435594240
982746142239838215
982748744377688064
982749511113060352
982749894854238213
982750831035535365
982756229545123841
982756496688795648
982756594453745665
982756914458218496
982757065889234945
982766993798397953
982767126736965632
982768290249478144
982770216265551872
982775964131143680
982776217488314368
982777972397522944
982782541257064448
982786972119982080
982788258089328641
982788276510605314
982788793672634368
982788931673452544
982789034878660610
982795133358755840
982795968893550592
982796131628437504
982796746748317696
982798276163440640
982799179616579584
982799461045813248
982801508302336001
982802308588335104
982804289545523200
982804979097460736
982808164646010880
982808327800340481
982808760665104384
982810432925851649
982812939857154048
982814900291452933
982815281960685568
982815318895624192
982817243670069248
982818312760582144
982818402099257345
982820845281271808
982822673163194368
982823464628342784
982826101603950594
982826158629597185
982827049097224192
982827250004480000
982827666901528577
982832094442291200
982833630815764481
982838463455252481
982839773793435648
982840072839028737
982841872610746368
982841935919570944
982844962554265602
982845617272635392
982846181004005376
982846739668459520
982847694300327937
982847707529101312
982848104499118080
982850180247502849
982852866292551682
982854421561438208
982856950693023744
982859822973554688
982867826536001536
982868012771442689
982868509628780544
982874336531963904
982876756368502784
982879123491172352
982879642297225216
982879794546204672
982895500960690176
982895905740238848
982896312554270721
982897374992486400
982897549467152384
982897596044922881
982901161614176256
982902824211271680
982902877902524416
982911696854568960
982916665439645696
982921402486542336
982924132546482177
982930669805424640
982932995639271424
982934036195704833
982934554569789440
982934635943522304
982935966380736512
982936268773445633
982937048498651136
982942447830478848
982944604944289792
982945867853455360
982947733911867392
982949182188204032
982950015176933376
982950971893518336
982951327583129603
982953955297722368
982955898103648256
982956751220854784
982965932204216322
982966342046441472
982966447365410816
982967095234150401
982968074193252353
982970294217465856
982970555518169088
982970615039741952
982971351177801730
982974908799078400
982976745921015808
982977583091470338
982977772682268672
982978494073397248
982979867301081090
982981325257891841
982984296070828032
982984477256310791
982986534994563072
982987283686215680
982988314201341953
982991464555741184
982991515827036160
982993527733915648
982996319059968003
982998190101319680
982998940046983168
983001782946287617
983003455223721984
983011654706319360
983012899848204288
983013096242507776
983014933423013894
983016423604793345
983017531224068096
983019685074567170
983020151477096448
983022902558666752
983026606112432130
983027970095841281
983028937323196417
983030651497529349
983034151233376256
983035050936684546
983036530242486273
983036538635206656
983040069823901696
983042173703720960
983044594849009666
983045433911062528
983046789690359812
983047010151485440
983048723512070145
983049249477840897
983051485092171777
983051993395728385
983055750246338560
983061111388983297
983063531921772544
983069497899782145
983069792339771402
983073620057645056
983078415845789699
983083997197676544
983086426798657536
983086919344181249
983089731650154497
983090255107473408
983091767141650434
983092547709841418
983096161111244803
983100858719195136
983101635093245952
983102219166896130
983108868992655360
983111818427035648
983114257830211584
983116599094890497
983117290312032256
983117838931169280
983119564052582400
983144541120217088
983159096194031616
983170378062233600
983177282712829954
983183618632695809
983197413270806528
983204019731648512
983211957435158528
983213268587118592
983217856736350208
983222972084256768
983236229864067072
983249069882728449
983251072683782144
983251955987427328
983253139632676865
983262784447287296
983269307399458816
983281595481296896
983281764343967744
983295591877836800
983298821110337537
983299742548537344
983303037568593920
983303379823857664
983304767303798785
983310023605608448
983310823492915200
983313234785701888
983317492847308800
983325069844910080
983332839377850369
983345658865377280
983355154748661760
983356076644077570
983356620666175488
983357193604030464
983358710260133889
983360953793286144
983369940592803840
983374166127730688
983378697792184320
983382153080852482
983385719057022976
983386240824365056
983386741209030656
983392171561750529
983403083463086082
983408757110657024
983408947955630081
983416423060996096
983422043826900993
983426685566676994
983430093543493632
983430353594576897
983431637479362560
983432279195254784
983432464998830080
983433714473603072
983444378508320768
983457596861566978
983462465605382145
983462612385124353
983465878867075072
983469520856772608
983471800452550658
983476784548188165
983478028138434560
983491120675123200
983491833274789889
983494630875516928
983514903532142592
983515668652802049
983515886790197248
983518864318361600
983524262370791424
983530649050058754
983553198052044800
983568936741556224
983577413031346176
983585625877172224
983586434136330241
983601556271521793
983620306920067073
983620330597044225
983631320298545153
983635789472063488
983635975996719104
983637539201404929
983638600381292544
983647400261713921
983655957115867136
983656399719759872
983656460528824320
983657083814993920
983657372374663169
983657962525876224
983660566358183937
983661072195444736
983663432334442497
983664697739300864
983665391879819264
983666590209191937
983673862289264640
983674739322441728
983679847552733185
983682147318943744
983683008409382912
983683803221757952
983685532961198080
983688368285503489
983692156165599232
983694109021007872
983701389498028032
983704478187708416
983707092518305792
983711544776318978
983715445902585856
983719434232717313
983720135969165312
983723798401814528
983724193522049024
983733901657915393
983735823479787520
983741002618941440
983750509206163456
983750861338959874
983755596716478467
983759722619777025
983768427063119873
983774346492694529
983782693992185856
983782957411319808
983787469614219264
983791970966540289
983793933913292800
983793945619652608
983817867450871810
983831370140184576
983832992110886917
983836769908133889
983836800081891328
983855037913927681
983859133093990400
983863793620013056
983865082730991616
983907243866443778
983918035382800384
983918544562860032
983918547926749184
983926369443774466
983927438995488769
983934842793377793
983935632568352768
983938070302134273
983970398315401216
983970893658550273
983988935885017089
983991944480198656
984002134118150146
984003801786044417
984006878362587136
984007098479665152
984008457882947585
984015970938376194
984016798235447296
984018085454798851
984018427735134209
984020339914149889
984020362152370176
984027020010156038
984028686566510592
984034073302786049
984041359261798400
984042622569328640
984043346908852225
984044371598299136
984046834892058624
984053487926415360
984064066674151425
984064419922661376
984066809878974464
984067209164079104
984070155226533890
984080624217554944
984083675590643712
984085352049623040
984089535016521728
984093332556181506
984098222682574849
984099704114958338
984099749941989376
984102838111555584
984110934376484867
984114094113423360
984114636248289280
984114805291339776
984115169352736769
984117031334240256
984118235380502528
984118397188354048
984121784588034049
984132344176136197
984135296567701511
984137253206323215
984141675231526912
984143086954668032
984149871329411072
984156244175937538
984156342733570048
984158940270419969
984161400120664069
984173132545224705
984175698205204481
984178454689210368
984179437410414592
984200923495858176
984205892970303488
984208802584068097
984213774482706433
984228385755889665
984235353354723328
984257034953650176
984262968656498688
984280401861541889
984318201331896320
984320782108102656
984321538731192320
984328409877794816
984335367263236097
984340104427835393
984343310130143232
984345192940625920
984345237828067328
984346543074566144
984347922979573760
984348550053203968
984348899031822337
984349863742763008
984354123049992192
984357763269656576
984358030451118080
984362076264108032
984367471812665344
984371729068896256
984371865790623744
984378251731722240
984379881520852992
984380197368750081
984382733634998273
984385776627699713
984388091040489474
984397388180836352
984402973689307137
984407802184683521
984409127131627520
984410114479263744
984446216514785281
984456752207888384
984462654856187904
984463714731642880
984464544809529346
984468137470029825
984475128724631558
984489802123923462
984502811516948480
984509869783945216
984517888374603776
984521789522042881
984521957864550400
984527118364237824
984529082967838720
984529889540927489
984534290628268038
984536904996737026
984541759853166594
984542662886940675
984554665726676992
984556234819895297
984582558666117120
984592359496273920
984596787863339008
984603845169999873
984612559264284672
984620164397268992
984627232697040896
984627392865021952
984648279626366976
984648340452208640
984654721272238080
984667633403473920
984682261739134976
984687195826147328
984696184051765248
984706384196284417
984714651480051712
984715449739902976
984720865836388352
984721817125433345
984723651298721792
984724055394832385
984724800521191424
984727947075469317
984733018056208385
984738259845746688
984745106409426944
984745108519243777
984745121911631872
984745943177224192
984746799251456001
984748411097374721
984749657661329409
984754568780271616
984755904561205249
984763786686017536
984768566821097473
984772807665086464
984776266304942080
984777381159292928
984791789025546241
984796134727135232
984799558973710336
984802662347689984
984803720541196291
984808447408566273
984813241628053504
984813363548090368
984816565194543104
984821444013182976
984824139679748101
984827660374298627
984828172490493952
984830336763916288
984831973054132224
984834534012268549
984841310757584896
984851966777012224
984855396069363712
984855490437042176
984855569021456384
984855791155871744
984861276059963392
984861822988713984
984869249939320838
984878952522113024
984880866391445504
984883158570024961
984886304705007616
984889783913734146
984893649795338240
984906536358240258
984909971518345216
984911178802528261
984912020007825410
984912431888642048
984918318158053378
984929407918845952
984940615933812736
984944181008150528
984944941104279554
984950350917627905
984963211794567168
984966268720762880
984970132094115841
984970161433300993
984971213356269569
984975469350215681
984976930633125888
984981391266983936
984989622727069696
984998054817419264
985007387143700481
985010551762890752
985014231413153793
985022990810140672
985031839919288321
985041362251808768
985043323940257792
985045047363145728
985045310979256321
985048967393218560
985055968097636352
985079397899292673
985081468635369472
985094935291551745
985099609977573376
985100375274475520
985101354321563648
985106565668667392
985109310836387841
985117165501198336
985144157097332737
985145338637021184
985146776868016128
985154407816888320
985155376029945856
985164202401648640
985170251146039298
985178830171262977
985180083009679360
985187928279212032
985189745016954880
985189892627025920
985205420364091393
985207557382901760
985210000111960064
985210833692233728
985210841514610693
985216852774309889
985217580058267656
985219135331291137
985219393687883776
985231508095954944
985247836521549824
985248809436569600
985254614063812609
985260918559903744
985262436050616321
985264385324146688
985268697337028608
985270820485435392
985276054947418112
985278168041861120
985292808260079616
985303912273002496
985309736890523650
985316035472474113
985327765263208448
985331393776545792
985333985449594881
985337848789372928
985338106764197888
985353993110085633
985359463329816576
985387156209373186
985393343730511872
985393587620859904
985393837320364033
985394187947290625
985394820058361858
985397187289985026
985397386095874048
985398508508200961
985404812115218433
985409392328704000
985414895234633728
985416937424515072
985417532629831682
985417710447276032
985417878626168832
985424528275918848
985427013845573633
985427392566104064
985428522536722433
985441735890423808
985443369525698560
985444852639944704
985445627306954752
985455827032137729
985456773258792965
985464039038996480
985474086523605002
985482888677412865
985483216911028224
985484878454992896
985485784005398528
985485931208732672
985486596882518016
985487914858463233
985491812910600192
985494471679840256
985494643226955776
985495455059599360
985499367359442944
985500232111751168
985501748633767936
985502063940562944
985502361425776640
985502622458241024
985503025526657027
985503072523702272
985503886218809344
985504199705317377
985504852565426176
985505442288762880
985505576091299840
985505619279937536
985507028146667521
985507783620612097
985508023882969088
985508837141573635
985509215056867328
985509430635589632
985509901681250304
985510039673712640
985510752277663747
985511094121738241
985511229174304768
985514259542048768
985515745860661254
985517680449892353
985518053726343168
985518716409581569
985519718441373697
985519721398390784
985522991755943936
985527867542065152
985528754595356673
985533878818557952
985534523898294277
985537912921083904
985539950925045760
985541483934740481
985548313649864704
985548392809029632
985549718838276097
985554527813361664
985555095306801152
985562413658460163
985562430309740545
985563983867535360
985567218246258690
985568925286006787
985569080768974848
985569613466529792
985569753124298753
985574130329284609
985574949044842497
985574950517067776
985574965759086592
985575841173245952
985575984207310848
985576062225715201
985578507068518400
985578522180661249
985578534750990336
985579773027024896
985579838357622784
985581481228689408
985584771685285891
985585256974569472
985589948589002753
985590294728134656
985592108680667138
985592776099287044
985595144626933760
985595692792999936
985596022914240517
985597269041930241
985602794613813248
985606485609771008
985611137898172416
985615883576979457
985615958445211648
985616976318992385
985617091314225154
985617214610067457
985618156277420034
985619279050657798
985620638432940032
985621559913172993
985622725103321094
985622775531483136
985623853794639872
985624553849311232
985624831059267584
985631233811116034
985631642206265344
985632531394461696
985635341553012736
985637006276546561
985649269569814528
985649632154861568
985649715856392193
985650124377354240
985650787492749312
985650975842029568
985654084630802433
985654537204547584
985660464594993152
985661497257803776
985662310940364802
985663145602674688
985665161804513281
985670845522563073
985683730835628033
985688441454292993
985688899040268288
985696399730749440
985729631625105408
985738194271526914
985739215110590464
985741766560223233
985752792139579392
985753290435477504
985758014467604480
985762210885484544
985781531926032384
985781871492689921
985784709098692608
985787018906079232
985795805587132416
985805652806299648
985809237573099521
985809885949517824
985810112764940288
985810576881455109
985812388451639296
985813054230351872
985814275661942785
985814294918033408
985814305135357953
985815703763726337
985827007006232576
985827371486920704
985828792517226496
985831031117959169
985832308602220545
985834492131790848
985834657823404032
985846486272487424
985847414803267586
985850364116205569
985850797102649344
985853076631359488
985855144486166529
985860043852697600
985861666742075392
985861889342214144
985865499383816192
985870519948935173
985873066759606272
985877642321780736
985886650818596864
985886813150687232
985892805573775365
985893236332953600
985897577009860608
985900634636521478
985901504564486145
985907367358423040
985908511149383682
985914024964608002
985915121762529281
985922916448686080
985923465092923399
985929413786329089
985932518061985792
985933232440008704
985934779211304960
985935246301556738
985935396616966146
985936428432535552
985937444272005120
985939363572920320
985940685231722496
985944663348490240
985944911802437633
985945400891858944
985945934377902080
985947739191209986
985952661546700800
985954377952264192
985957400946577408
985957711979466752
985957896944062464
985963798652706817
985966065388748800
985968198993481730
985968204475437058
985970987375132674
985980208128954369
985984631441850368
985992041120251909
986006023231213574
986018291154956288
986037894929317888
986038215374237696
986043515657506816
986044539969261568
986053314843435008
986059958625026049
986062985679589376
986069165965496320
986080572454862849
986101235198636032
986108477620785152
986108678003666944
986112258659958784
986113058077585408
986118390753452032
986122405453160449
986129771447844864
986130827263332352
986131961004658688
986133036428218368
986133182368985089
986139199484170240
986139730382348293
986141257259995136
986141868856696833
986143166481879040
986149764965306368
986151722459557888
986153951321120768
986183487399985152
986186291074224128
986187378237861888
986192394847772672
986192745688649729
986192783454195712
986194675504730112
986194679690653696
986199403714269184
986208041065484288
986221440188993536
986236092570456064
986255533182042115
986257311986601984
986258615282688000
986261484899655680
986264790401277952
986265780701540352
986265963980083202
986267094357561346
986274254856437760
986277161110679553
986278294797643777
986278775045394432
986278985209229313
986280915411374081
986281224971935746
986281815101980673
986284650371919872
986285293014781954
986290590831857665
986292263943798786
986294494877372416
986295126959050759
986295925688717312
986296243910594560
986301185652117509
986304900253433856
986305504518529025
986310275728138240
986313813984194560
986314566752722946
986317224230125568
986317734710513666
986327967944060929
986328314414497792
986329111726579712
986332168568889344
986332308625133568
986333334576992256
986335509306859520
986336854432677888
986339722065674240
986340109816598528
986342092287954944
986343046810886149
986346271463165957
986347602747764736
986348741509681152
986350366810869760
986354094284697600
986357375467704320
986363194678632448
986364695358660609
986368456391045126
986377350832099329
986379948813242368
986380176547307520
986384068454449152
986401882061946885
986404175922778119
986405567626465280
986410778071879680
986414343767158784
986420445242187776
986427531099287552
986437001409949702
986444034402127873
986454357423067137
986454397273198592
986465863665504256
986471118277095424
986473170147467264
986483531735027713
986484419258142720
986488260816982016
986489517023551488
986490045526892549
986490636470771712
986501627241787393
986502887562870784
986514718583148544
986522576515223553
986523622184574976
986531410147192833
986532777511317504
986545639331950593
986547878234435584
986548452011233280
986549480475512837
986551628391165952
986553108556800000
986555194199691264
986560662905253888
986565233006252032
986569088427274240
986569106043240449
986570243974815745
986592128988889088
986602369386532864
986617361473130496
986620101368610818
986622848495161344
986623342605201408
986626892647292928
986631716860256256
986637048479182849
986640847948087296
986642287001329669
986643869524725761
986644505788067840
986645661331415040
986646518634512386
986648450518474752
986648759668039680
986649722260602880
986650031796162561
986652715710386176
986653656085868544
986653921589506048
986665331346296832
986665454281351168
986667307714916358
986668331112509447
986668344546942976
986675579280941061
986676245353070593
986676928185856000
986681615731625985
986681709700755456
986683890193530880
986684259837579265
986684579858743301
986685330198859776
986689569402826754
986691156917485570
986693217814040576
986695504754085889
986695843666313216
986695998423621632
986696050860838912
986696115029512194
986699692129050624
986702676904890370
986703362367291392
986705905373863936
986706448515248128
986707138088140804
986707395186429957
986707815883472898
986714074196140033
986716091643768832
986722255160963072
986723874237747201
986726059830927362
986732553871773701
986738261069647877
986741054056599552
986741360198897666
986743222402723840
986743753523253250
986743856665448449
986756361647263749
986760506710089728
986763597194891264
986766057154142209
986776901946490880
986777606149296129
986778910418288640
986779732665556992
986780914209390592
986784509969534976
986785561892581376
986793891792932866
986797743019524097
986799115379109888
986799160274931712
986800338022920192
986801383662735360
986813046751281153
986821811181568001
986822402595348480
986824931320119296
986828235169083392
986832896714596352
986835533333712897
986836263473999872
986837549875425280
986841315970134016
986842328253034496
986842417776164864
986843171085799424
986851879308193793
986853418491891713
986854414232276992
986858206830977025
986863793228705792
986868337920630784
986869326757187584
986873899949404161
986878011914858496
986881010435420160
986881692009992192
986881884088086528
986882311487737856
986882387014537216
986882681022615552
986883161702400000
986883968715902977
986898522137137152
986901410259394560
986901491637211137
986901684558487555
986903596808667137
986903610578653184
986903660197240833
986908522976866304
986909248583094272
986909842064392195
986919486447063040
986919507443830785
986920570271993856
986922402734100480
986929746004070401
986929825431674880
986933816198656000
986934719752429568
986937052636860417
986945286043037697
986950782896533506
986954836880101377
986958506908573697
986958838682324993
986958842222215168
986961261723205638
986962320348925958
986964945169473537
986965185091923968
986978224759504898
986988272634204162
986990392414490624
986990590805016576
986991077923188737
986993330545463298
986995348399935488
986999751177658370
987003414457483264
987004538057043968
987010105668403202
987011073705431040
987012527937740800
987012992939298817
987014349859577857
987015238708072448
987021957081325568
987022256961458176
987023724116365312
987026027648925696
987031884902420480
987033824008613888
987035778999087105
987035990387757056
987037010870272000
987039201957990400
987039409588621312
987041439610757122
987042158103486470
987043553120579584
987045941109755905
987046823620726785
987048059900186624
987049173345275904
987050821455155202
987055332005380096
987057434169675776
987059822813220864
987061287464169472
987061760598343680
987061992539213825
987062150014341122
987062547022077953
987063180882055169
987064933719437312
987066188088987650
987067930423779331
987068071352373250
987068510093369346
987068517425078272
987068646370545666
987069242808791040
987070151303417856
987070734123044865
987070870219841537
987071812260454400
987073846896480256
987074901646479360
987076674293587968
987077278474604545
987077336129593344
987077879296090112
987078337746137088
987079895095398401
987080439516008452
987080824146214913
987081783387873280
987081958269341696
987088711325274112
987090463063662592
987091298510192640
987092705355460608
987096765307342848
987101154763882497
987101369969541122
987102623185756162
987106093561196545
987106134237614081
987107292284964866
987110812417392642
987115761859727360
987116503395790848
987118280962961410
987120294367301632
987120395298848769
987121724843012097
987121918263349248
987122670683770880
987124223448637440
987124480106467328
987125216714412032
987125533724037126
987128481489141760
987128713442615296
987129408023511040
987129973457666048
987130435187638272
987131382257332224
987133528507895808
987133563740000256
987133751527260161
987133993219952641
987135399977013248
987137262671495169
987137289540300805
987137712720371713
987138334769254401
987140063241883650
987142304975785984
987144002494435328
987144766696673280
987145116526825473
987151074397007872
987152622653063168
987153202700206080
987153258090135553
987155655139082240
987160408132804609
987164693440548865
987166870712143872
987167179836739584
987171925049954305
987172754456641536
987175281969381376
987181031076909057
987181985272655872
987182133369364480
987189004876632064
987190874709819392
987192056673198080
987193697891741696
987194716688175104
987195859220692992
987198150564708354
987198168176701440
987199483229466624
987202846511763456
987207655675445248
987208549058138112
987208931616415744
987210378651332608
987217380190375937
987220772551786496
987222370984263683
987222762308755456
987224173708759045
987224411475529729
987224541557657600
987226740710936576
987232686896041984
987233740471570432
987237352438366208
987240169093857281
987240695474933761
987244539982249984
987245388905304065
987246312902021122
987251391356915712
987251647628722176
987252970512441344
987255855392411649
987258136233902080
987260124157718528
987260610047037440
987260945985687552
987261227008184325
987261796598693888
987263197915705344
987264943178375169
987269196609286144
987271198991142912
987277537817571328
987280661307383813
987281073280356352
987281883087212545
987282646056226816
987288504618143744
987288832268742656
987289991972704256
987290176098635776
987290347251425280
987291465872281600
987294265985437697
987298029110673408
987300332618346496
987300725607677953
987304309644759041
987310770542338050
987313453235867649
987317516883103745
987319071086608384
987319260241387520
987320919084412928
987324990910554112
987325937317367809
987326829915721738
987327236574507008
987327385451335680
987327974344192000
987328434601897984
987328572879720449
987330764822888448
987330996805754881
987332290685661186
987333502000619522
987336302952579073
987336737088266241
987337142870380551
987337830522413058
987339377385902080
987347235565391878
987348161730613252
987348506280112133
987349624913629184
987349723878252544
987350605525078017
987353359672786944
987353491201966081
987353763416457216
987355801433116674
987356303076024322
987356959916675073
987359814148870145
987362409135398913
987364514252247045
987365803581411330
987367329053978625
987369128443957250
987369147708428290
987370055804641280
987370231931785217
987370366984228864
987370585935220736
987370811701919744
987371779231567873
987372066134528000
987372424294490112
987372976688586752
987373206444150784
987374704330706944
987374977816121344
987377898716835840
987379138561478656
987383133610786821
987383366826721286
987384292950016001
987385312992202752
987385962274738181
987398488571990017
987400993397723137
987401471116263425
987405890658668544
987407549925330949
987412015189671936
987413993223544834
987415551399071744
987417781082705921
987418149371887616
987421030363910145
987423372517687296
987423745831768064
987424351048921089
987424551557632000
987425408449744897
987426993884065792
987427844908347394
987433400700153857
987433931262709761
987436865169928192
987439381354045441
987446951632359424
987448982933852162
987450042846990336
987454602047115265
987454639804215296
987458024179666947
987458571939012610
987460294137077760
987462358158241792
987463597155479552
987467364479455233
987475806770286592
987483174480433152
987484329252179968
987484881562284032
987487843579609088
987492417879322624
987493632566550534
987494848092553216
987496289150566401
987497299214585856
987505208824684545
987505356048744448
987512717475971073
987514494594134017
987519807128977408
987520389700964353
987520973837553666
987521328377880576
987521567486705664
987522225153757185
987522358524211200
987526494950916096
987535024475049985
987535224958537730
987537275994046466
987541866227949568
987542527237648384
987557115882549248
987568802882883584
987578098710441984
987588119334703104
987591876990521344
987592135808610304
987596855210074112
987598632357711872
987607138406105088
987610232938467329
987610680902782976
987618220743053318
987622383015120896
987625337914703872
987631530787950593
987641981726797825
987652118113931265
987658994251546624
987663092501884928
987664630544764928
987670327248465922
987670787397046274
987673254906261505
987674861316096007
987675786986520576
987676638858096644
987683044210470912
987684567329988608
987686728256360448
987687250845732865
987693793133686784
987698071311183872
987702799990513664
987711909167353857
987713661119557633
987718820990242816
987729148612313088
987731937396711425
987732142133334016
987740776489766912
987747101080719360
987752146761388032
987753267932418053
987757861651574784
987758762889969664
987759185713684480
987767100365209601
987767565513568258
987770331657064453
987771011968925702
987772268133498880
987777215382290432
987780666283700224
987787503104086016
987787752669372416
987792883330756610
987792973411897349
987795771213910017
987797791731867649
987798194095521792
987798888982728704
987799825138806784
987800875824533506
987807080462585862
987810950966325248
987816416274452480
987826326848573440
987836311401713664
987842927907954688
987850275078791168
987851465803743232
987855662251102208
987856078317768704
987883780437196801
987895413331066880
987903952082653186
987926684824428544
987930795636600832
987937822014308352
987937956144058368
987939011032502272
987950950131425285
987953139524435968
987954761906434048
987962059974422528
987964267038199809
987972281069703169
987984760831074304
987999137194020869
988001231837810688
988001873570516993
988009797877288960
988023730524901377
988024885619245057
988027906789064704
988029217660133376
988030881364312064
988036354968825856
988042008471179265
988046969493966849
988049053207465984
988055465857835008
988057837510320129
988061449036746752
988074032804360198
988080450093510656
988083966996606976
988091215177379841
988096480715198466
988098016681906176
988103908399747072
988105973284921345
988108705009938432
988109883185795072
988115236258566144
988117115457736704
988117569495289856
988117894272823297
988128872083480576
988130226403270657
988130479319715840
988134138875084801
988134624546250752
988140405861552128
988145897589571589
988160866200715266
988161446705008646
988161913853968384
988168003245236225
988168478061481986
988180673805672449
988183672753872896
988187181268205568
988195592127074305
988205494450950149
988206436911116293
988233127352061953
988233863481692160
988249984674992128
988260253136572416
988260712874217473
988262515187507200
988264332134928385
988264646305107968
988270160573272065
988282070714736642
988291330035142656
988302725166313472
988305102481051648
988305995641376768
988306556226883584
988306886725423106
988324699506663424
988325978777837568
988327414076919808
988347576905744384
988348795774697472
988349386064318464
988351333601300480
988352617196740608
988361510836686848
988366560808067072
988374586998837250
988380245278580738
988381245854887936
988391043350614016
988392160704724992
988398530598457344
988402116719988736
988403154571194370
988405239819722752
988406356301549568
988407636843474945
988407741134901254
988407970303238145
988408410684129280
988409318331437056
988409486955220992
988409689657528320
988409786852171776
988411374790307842
988414348136796161
988414960945549313
988415963770052608
988416242708111361
988416650809692162
988417727500029952
988422618461233154
988423155747303425
988429135163871232
988432249032007687
988433318155710464
988435148122320902
988436952239300613
988438233020358657
988443155040296961
988444677996208130
988447899024547847
988457345612177408
988457988624072705
988458187576807424
988458850981474304
988461383502188546
988461776500150273
988462560415567872
988464292906270721
988465213715374080
988467392668946433
988467925777567745
988469592573005834
988470580319084545
988470673994604547
988471661199548422
988472059650027520
988472517252800515
988473847715454977
988474190381666306
988474335089299457
988477812150587392
988478849825542145
988483402746777601
988487653510262784
988488861620867073
988494688377327616
988495449215655938
988497137850707968
988501942421934081
988502573635260426
988505253019619329
988506194581979136
988514054733008897
988522023474343936
988535437701664768
988537543653318656
988541275933675520
988541625147232256
988542079814045697
988542508039856129
988542805252476928
988544741523513344
988546050138009600
988548579286372357
988555064930459649
988556243944996865
988556938530185216
988568476661923840
988575435847032832
988578164648505344
988580006388477955
988580687958761478
988581173227122688
988588593386942465
988588639096471552
988592218511421440
988592585575890950
988592648842809346
988601695545446400
988602409810317318
988604878175064066
988617385157378048
988618408152387584
988624315833778181
988636148510572544
988636304853340160
988642493225988096
988643661658411008
988647330122526720
988647449119117313
988647716711469056
988647923041914880
988648287535280128
988652434858954753
988659963643023360
988661158109466625
988662595984019456
988670109668597761
988671095740948480
988672373770637312
988674649566392320
988676568896671745
988683574630060033
988685643705282560
988686008194666496
988686018684612609
988686027060596742
988687821396463616
988695117224644608
988697204469706752
988701356801355776
988707281700380672
988711276330315776
988719456598806529
988721015923642368
988721366982709250
988723217278885888
988725394751836160
988728650844516352
988729612590092289
988731399778848768
988734012402286592
988734459473260544
988735388545093633
988738301917097984
988738383198507008
988738582524424193
988739353819144193
988743882165940224
988744289286066176
988744338787176448
988747575544221697
988751131047276546
988751873841692673
988754736483532800
988756384824033280
988760198297866241
988761803009257473
988762403461586945
988769085197561856
988770598619934720
988772290056916992
988774588111781888
988775074210689025
988775863192780804
988777328263168000
988777516142915584
988780133405413376
988783482146050048
988788057703763970
988788886922022913
988798971710652416
988800461938614273
988803462942076928
988805479152455682
988807545883119617
988807898863226881
988808034762809346
988812039446548481
988816629277646848
988816699356057600
988817613278064640
988818349357502465
988820731323666432
988821388143276032
988824217608179712
988826717014974464
988828257997934597
988828462688292864
988836451155628033
988841353869168647
988842232181608449
988842483395301376
988843411200466946
988848861534998528
988849331880054785
988850606084362242
988851308617764864
988853773966675969
988856921993236480
988865079394426880
988865458538508288
988867380381208581
988872204346642432
988872544823463937
988883414349729792
988886410378792960
988893143058829312
988893947924811776
988895197844135936
988897940919013376
988898575928225792
988902482087591936
988906167182258176
988913794133962752
988916592959344640
988924817595236353
988925791630249986
988926161026613248
988926813698232320
988927292650020864
988930713503354881
988933239980077056
988936817083846656
988945792525365248
988955740110024704
988961210715574273
988963473135632384
988968338540978176
988971771993915392
988976083319091202
988976265339252741
988981411746004993
988992764875591680
988994993808343040
989000440900710401
989007435946835968
989021409065230336
989026405722873856
989029277567012864
989031592000741376
989036909660901377
989039387521507328
989041105084866560
989044405159055361
989061250079391744
989063493440679937
989068992496177152
989071517324587008
989076963879989248
989077230633541632
989079722037596161
989085222435254272
989093756585631749
989094092968775685
989096708570341380
989099211508641792
989099610168848385
989100113502011392
989100384869371905
989104074401435648
989106908677197825
989107372143661056
989108896361992192
989119969312067585
989121477176905729
989122281661231105
989135633590472706
989139075214004224
989141992151048192
989144076938170369
989145256783425536
989150228090707968
989151992827301888
989157093814013952
989161602841759744
989162114190196741
989166541496311808
989172192914034688
989173290206990339
989173547301031937
989173705891708928
989175750619086848
989176524845867009
989179378696417282
989179979438153728
989180946548183041
989181012860170241
989181246029824000
989182076061732864
989182587775176705
989183042005688320
989185407869845504
989185432838721536
989185635578732546
989186332462379008
989187000610754560
989187119292743680
989187492988497922
989188551639101440
989188598531584000
989189420724162561
989190028059447296
989193200186417153
989195961288212480
989195998646947841
989196126984245248
989196303782555648
989196362699898882
989196400855605248
989196826573180928
989198451517919232
989198532824399875
989203513136877568
989203823959920644
989205081412141056
989208608826064896
989209238797979648
989215031987458048
989215212749381632
989216003371491329
989220425950466048
989225755111579648
989226176253132801
989229707827834880
989231067197566976
989233694513745920
989236440285368320
989240444361084929
989242435019603969
989242658580189184
989252667028443136
989254234863554560
989270361123500033
989272566505328640
989277455960694784
989277492702785538
989280778927460352
989288398312493056
989290261846134785
989304545527390208
989307941672112129
989308131414028289
989308304491937792
989308588425441280
989308837999075328
989309384088895489
989309990354681862
989312518932893697
989325262050484224
989326393686147075
989328154039848960
989335770304573445
989336640794611713
989339208543358976
989341322023612416
989342879968620544
989343044091592704
989344328932888576
989346176934793218
989346180743168000
989349094513557504
989353646159728643
989355941291282432
989356761294561280
989356827531010049
989361096946470913
989367455104552961
989368857658880000
989369725011484672
989371493434802176
989371562980556801
989373134997508096
989373166026985472
989375169239142400
989381529489948678
989382532335628288
989387137672994816
989387806664519681
989391791282470912
989393179148419072
989394405990813696
989394693292163072
989396130252255235
989397180963311616
989402076110344192
989409621235388416
989410857321975809
989414563417411586
989418187287605248
989424989605638145
989430221161058304
989431503347240960
989433038047272961
989434066477944832
989434262381387776
989438797061459968
989438962090561537
989445703599607808
989447311695769601
989449934079393792
989454108963803137
989456187681894400
989459501765025792
989462090766143488
989467762157391872
989473474929483776
989473882615828480
989478030341914624
989478857349754880
989479220710690816
989486140863500288
989486228192964608
989496129233608704
989499997191376896
989501507967045633
989505641877209088
989505809238372353
989507558674231296
989510023243096070
989510030763413504
989510650719285249
989515369906884609
989515785377931264
989515797126090752
989516747148550145
989518296503476225
989519353065426944
989519630313099265
989519838757433344
989520544642068480
989520877699166208
989521186802552832
989522064984956932
989522216072212480
989531535786348545
989533308353699840
989533536519688192
989534292761108481
989534708110381056
989535986412675072
989536546763280386
989537287066345473
989537482076114944
989541606608031744
989543076891910144
989543921184399360
989544035894353925
989544313754472449
989544517614428161
989544723558756352
989545514868846592
989545554005897216
989546758245093376
989546807691829248
989546821553938434
989549449683853313
989550468245442561
989551337137467394
989551525868523520
989551975086817281
989552117525434376
989552306034225153
989552817319931904
989554015196368897
989554025270947840
989554378020409344
989555164196560897
989555689130471424
989557145002807298
989557970001281026
989559251382095872
989560065492439042
989562520397590529
989563996385800192
989564300892229633
989568063585619973
989568870586318848
989570141477330944
989571137184022528
989572396741988352
989573643687682049
989574133309755392
989574769354952704
989575538212827144
989575745415467008
989576231187337216
989576926984572934
989577517127249920
989577843398074371
989578087577907200
989578101393801216
989578121102929920
989578128686223366
989578150467325954
989578582090485762
989578616462827522
989578827876610048
989579065261740037
989579127752658945
989580143210483717
989580417626816512
989580806308933632
989581041185812480
989581044151042048
989581161163821056
989581266856144896
989581365849964544
989582174897786883
989582332632928256
989582335120150528
989582662313697280
989582982733291521
989582985690271744
989583305308819456
989583570057551872
989583964192034816
989584051446079488
989584257696722944
989585204867162114
989586729911779328
989587856082354176
989588008780423168
989588618632159233
989589008287232001
989589354711539713
989590224207597569
989590738009821186
989590998060879872
989591443508359168
989592027720568832
989592066337525761
989592120880259072
989592341475360768
989592820888494081
989593794801733635
989594686095585290
989595735543963649
989598707199901696
989600595467259905
989600891169902592
989601052226998273
989601874729938946
989603377972678656
989603725684695040
989603781859037184
989606303898234881
989608878794072065
989609104443428865
989609276430839810
989609400984854534
989610121729925120
989610751546585088
989611486199930880
989611959510339584
989612079714914305
989612507689115648
989613064269025280
989614222320553984
989614823397822464
989615226881359872
989615274281390081
989615277221572609
989616173934399488
989617044244041729
989618360034840577
989618504306393088
989620250818891776
989620291054784518
989622869717078023
989624773524312064
989625262949224450
989625984436588544
989626105630949376
989627335812009985
989627358092013568
989628185590497285
989629386000424960
989629731212546048
989630044078194688
989630213951762432
989633766111854592
989637446760480768
989637606433488901
989639356293009408
989640540336656384
989640655247937536
989640682116603904
989643309814616066
989648089676857344
989649985506603008
989652975617388544
989653031053680642
989654396232454144
989658383883087872
989658682391760896
989669663058677761
989671903248994310
989674849760137218
989679911857278976
989683197683347456
989683707270369281
989684385074044928
989687159174000640
989689002172137472
989690665608007681
989691167699865603
989700006323019779
989700333495468033
989711418210603009
989712672697483264
989717634991046662
989718121530380288
989719170970370048
989724215459823617
989734830391738368
989740805169397760
989740851348697089
989746887749132291
989761283854512131
989763629468729345
989768227122069506
989772007439908864
989772371979464704
989772917184614400
989773176988041217
989773227563016198
989773251457908741
989775423297830917
989777270439989248
989778330361659392
989779419593093120
989785045853528064
989792911012384768
989795455696539648
989796987871596545
989800347492405248
989800799541846017
989800898221215747
989801182192455680
989803606068154369
989803629954654208
989810672203698176
989814545215578112
989814767702429697
989818516810297344
989819030608465920
989819197545992192
989819489456881664
989819639633936384
989820004949528576
989820598430859266
989820972567023616
989821178947698688
989821943129001984
989822442209271808
989822558018113536
989822683016609793
989823631353053184
989823702664646656
989824741967106050
989825034754691072
989825351852445696
989825372421349376
989825434060718081
989826172681965568
989831831876001792
989833714896171008
989833959830966272
989835315433979904
989836217209511937
989836635574501378
989836699130847233
989837096323026945
989837341694021632
989841874482581505
989843796732002304
989845547837247488
989845817124163585
989855004327661568
989855110858670080
989858690873352192
989860531577044995
989861370433818626
989862227413942274
989863970499649536
989869395840249856
989870569398120449
989871763919196160
989872461108973568
989874066587881472
989874405906890752
989874412638715904
989875171816161281
989875983946862592
989877984478810112
989879723869302784
989880748541972492
989881954396004353
989882691775590406
989883178734247938
989886007800684544
989888842726625282
989889450065973248
989890199013511168
989890295625068550
989890323718529024
989891420117925888
989895590095056896
989896470034870274
989898792446124032
989909005991587841
989913407481511936
989917207131025409
989918723363561475
989918749364023297
989920438393372673
989920512573833217
989921131011375105
989921577167974400
989923406706442240
989926253816827905
989926893016309762
989927108620292103
989927603954995200
989927712176398337
989928162195685376
989928410926366720
989932836340760578
989933202944024578
989935856252260352
989935913571704832
989936981173067777
989937079013519361
989937759396814848
989940196073406465
989942422154170368
989942899541360640
989943657376702467
989944163490811904
989946795051683840
989946912412401664
989947884249538560
989948675706228736
989952618763112453
989953724834570241
989953814584348672
989954494875226112
989955319169208320
989956632414220288
989958574712541184
989965035614203905
989966900812746752
989972158297370626
989972817293623297
989974203918008320
989975458006683648
989975614475120642
989977414246850562
989978733367963648
989978936762302464
989982518303776768
989983959454027777
989992602647891968
989993517442306050
989996859899826176
989998999376576513
990003189494595584
990012215234211840
990013191433306112
990013489438773250
990014293499400192
990015272470958081
990016720759799808
990017329324085249
990024979742834688
990025267077935104
990026899475845120
990036824469913601
990045617811591168
990046671433359360
990048806405222400
990049003889979392
990049457290010624
990051405133119488
990052029224534016
990052990135365632
990053723731881984
990056983578497030
990057209190080512
990058058977071110
990059774011035649
990060140194869248
990069099626680321
990069707385516032
990077338527436803
990078464664350721
990079044552019968
990079634489331712
990084094280261632
990084703716827147
990087466479706113
990089414746423296
990092867493281794
990093896796454913
990096266561548289
990103451412631553
990109406049243137
990113382211600384
990114450538561536
990123840754913280
990123957373284357
990129066861907969
990133474521763840
990138093830361088
990140236628979712
990141864501104641
990143392066801665
990155046368239617
990156417490391041
990159742327635968
990160672217485312
990166476266012673
990172551325372417
990179022259851265
990180933633536003
990188829398233088
990191949138231296
990192359727157248
990193986727043072
990197254911864832
990208592967094272
990211481571557377
990219702013190145
990222106184036352
990224654638854144
990224788441399297
990226284130263040
990232946786357248
990235806055976960
990238263897030656
990239435353743360
990239714279124992
990240546349240320
990240750691672070
990242854537695234
990245688624730112
990256509106905088
990259063861727232
990263140310044673
990263773624766465
990263883213484032
990265193015009281
990266152222945280
990266770052202497
990280323937263616
990290202357850112
990300666760515584
990306402500513792
990308245855227905
990308962661732353
990309298201878528
990309445388394496
990309752033996800
990309840529580034
990309983958061056
990310826182610945
990311243503357952
990311325707489280
990312462401572864
990312557998149632
990313091953983488
990314202614194176
990316134779015168
990316153850466304
990317149519396869
990317503112011776
990317685543243778
990318210686832640
990322543386087424
990326832489795586
990327732583174144
990328797919576067
990329405695254529
990330699403145216
990332835797127168
990334489606881280
990337879040815105
990338584510156802
990338628130951169
990338804710916096
990339345339969536
990343947749937153
990344065219727360
990346104884662272
990350503031721985
990350562582564869
990352444587732992
990361341130100737
990367833493266432
990368312910647296
990370547186962432
990372399399952385
990376820628484096
990384492434149376
990385066214871040
990391760324055040
990391846710005760
990395278212681728
990396261621579777
990397011563335680
990399905335250944
990401975140397057
990403521970393088
990404789078028288
990406822917001217
990408183947694086
990414517367640065
990416112402644998
990416507967606787
990417888715538432
990419500192366592
990421853608038401
990424833245765632
990426235380621312
990429015587606529
990433677770403840
990438832569860102
990440525399502848
990443205819695105
990444670605021184
990446266537652224
990446339115937792
990446939727712256
990447606198390784
990450230167400448
990451089580404736
990452694757314561
990454715216482306
990457089116917760
990457477501157376
990458073956446208
990465745757892608
990467112257777664
990472135750639616
990473837383827456
990478183953829889
990484466584956928
990498026358755328
990498030976667648
990498244902965248
990498523803107328
990501805833506817
990502724407037952
990503541432356864
990503643806879745
990506134778863616
990515373144461312
990519405565153280
990521166719746049
990527589499404288
990529161117732866
990529768708653057
990536401321103360
990539535275749376
990543534603239425
990544105729069058
990544232489287681
990544306321715201
990544535653580800
990545121291722753
990545269350633473
990545324254035969
990545399344762880
990545607797420033
990545860714008576
990546258333925376
990546392149102592
990546513263824896
990546663105286144
990548108009463808
990548364419911686
990550239294746624
990550614580105218
990553101957566465
990553503981555714
990556107004416000
990556650984624128
990559828174139394
990561104903458818
990561306666307585
990561364182626305
990561947962650625
990562601548607488
990563909215059970
990564272475258881
990564626994745345
990569909200605184
990573859396112384
990574394366816263
990575134019850242
990576303836422144
990578620342177792
990579288079466503
990579945712836609
990582127187066880
990583119483990016
990583508354584578
990583880813023232
990583984391446528
990584011272663040
990587775257907201
990588703419478016
990591092939632641
990591191908474882
990591213828034560
990591313555918850
990591424684085249
990591551352000513
990591898665603074
990592761433817094
990592905701015552
990593049142153216
990593191333253120
990593269783515136
990593310455685121
990593436700078080
990593744146714626
990594020538757123
990594421963018240
990594613214838784
990595156356337664
990595718833496065
990597308881371137
990597487139459073
990598372993241090
990600368642981889
990600421495341056
990605345599836163
990605400969015296
990606654621274113
990609982411325440
990611777443549186
990615146442776576
990619024043200512
990620039924539392
990620372109287424
990621745332867074
990623018291474433
990626864065667072
990626914820808704
990632794366861313
990635150726844426
990635348307804160
990636238326689793
990639585376976896
990639905838641153
990662837751214080
990664195023753218
990664494841024512
990664862761148417
990665553978179585
990679484020879360
990682130387800064
990684321395675137
990698607161593856
990701054584115200
990701125899833344
990708283064356864
990709651959246848
990709720003440640
990709905244938241
990712432342585344
990715380640366594
990715578192220161
990724361924562944
990725566931324928
990727435003056130
990727654864113664
990729480200179713
990729737747226624
990729799005102081
990731785402232834
990742892342722560
990745547739881472
990748273236463616
990765607267323909
990766485323862016
990766507549392897
990767108597387264
990769873042268160
990779363896442881
990780276585332736
990781824703062016
990784303142326273
990792010989690883
990799492399190016
990818163171516416
990818752643072000
990819803710423041
990820156870938625
990823684288937984
990825542357340166
990826218135044098
990826442022903808
990826741693378560
990827327897657344
990828017415942144
990828123942879232
990828897393676288
990828991769710593
990829974046302209
990830487852781568
990831986083291136
990832159719067649
990835990360031232
990836302433042433
990838207897047046
990844741783875584
990846877959577600
990848058656280576
990852127642869760
990853064977362945
990853637911040000
990854587077857281
990856994629210114
990858166924644352
990858857722404864
990860413402271744
990860419240620033
990861762718306304
990864498029449216
990868144746127360
990869051021910016
990870372345155584
990871970806820865
990872213657214976
990872886435971072
990873381321965568
990873457255645184
990878682934841345
990880501182316544
990881043283693568
990882436018946048
990883770638176257
990887638621196288
990889321774317568
990890576722776064
990891468431806465
990892050609508352
990892196546129920
990892434791063553
990893014871625728
990894271892017152
990898226302783488
990898837437939712
990900679538626560
990902315740794880
990906366591160322
990907114880053256
990907641248481280
990908047252959233
990910362978521088
990910407803064320
990910976026447872
990911109103316992
990911498343067649
990912246158159872
990912327535935488
990912350600531969
990914297600643073
990914639046299648
990915070220689408
990916820470255616
990917629559918593
990919230546575362
990919684781432832
990921602845069313
990922141779492864
990922160267919360
990922794425896966
990923411407998976
990923996937031681
990924935215403010
990926082328018944
990929139900153857
990930803877203968
990933297403383809
990934511352467458
990935870172643328
990936958598832128
990938834299965440
990940195762520065
990941400345776128
990943150649888769
990944426146107393
990945609334042624
990945830399029248
990948096975683586
990949097350795264
990950726804426752
990952323173240832
990952965719674880
990953168736604160
990954898886815744
990955225207881730
990956251990249472
990956595071868928
990961250745143296
990964307117727745
990967882778599425
990968207405019136
990969119691427840
990969606637608960
990970311712690176
990982386346332161
990982887896993792
990983341305282561
990983543906975745
990983551851094016
990984663702429702
990985056373104640
990986501277265920
990986862440271872
990987025170956289
990987037728821248
990988589201854464
990989513206980609
990991705179553798
990994196998828032
990994751070580736
990995325274931202
990996050470232064
990996313029468165
990996322248482819
990996836889645057
991003054949453824
991003117880823809
991004342181355520
991005681431011330
991006997003685889
991009051134840832
991010618541998081
991012606205988865
991013099909115905
991014554468540416
991016089181016071
991016593349136389
991017539550564353
991019569954336768
991019929468981250
991019938721812480
991021246492983296
991021805996396544
991022716181471237
991023284522233857
991025129147785216
991025420228288512
991028396502147072
991028525720330240
991029496911400961
991029589542670339
991029828395700224
991031671452569602
991031699852021760
991031739375026176
991032305182494720
991033066893213696
991033125613572097
991033405784641536
991034649114697728
991039551681556480
991039684636758017
991039840669061121
991043066512408578
991045230790135808
991047564072976384
991047739826827264
991047792356462592
991048140789829632
991048371052929024
991052866927423488
991056615813074946
991056919308787712
991057431152115712
991059044738748417
991059187764465664
991059324071006208
991063272995647488
991064295160078336
991067775585079296
991068151390654465
991069521262899200
991071570578767872
991072479090180096
991080501116112896
991082247187980288
991084088504279040
991093347396784131
991102691467190272
