1057795205389316096
1057807076112642049
1057838584126947328
1057851543691583488
1057872406151188481
1057882749330059264
1057888623029186560
1057891992321937408
1057893133093089285
1057905992070021121
1057916893456228352
1057934525488119808
1057954399627210752
1057954488710062081
1057965826907738112
1057968768616460288
1057978013294514176
1057979736285212672
1057985322263420928
1057988690297925632
1057989332441677825
1057993467375173632
1057994872290983937
1057995959031029766
1058003232520265733
1058004636639080449
1058005339998744578
1058010181500653568
1058012444327473152
1058016716532469760
1058018947575017472
1058026071122038784
1058031904681746432
1058033539562778626
1058035322137837568
1058037355574149127
1058039125977239552
1058040480750014464
1058045756312113153
1058048915893899266
1058049858777559040
1058051156730109952
1058054597095366656
1058055071055994882
1058056065928044545
1058056614970826752
1058058085493817346
1058065248945487872
1058072167877894145
1058074180703399938
1058075643672489984
1058080734324367362
1058087860375576576
1058088967311122437
1058090370733613056
1058090570038628352
1058091226744926212
1058091236505108481
1058091398333898752
1058091763229958144
1058092170727604224
1058092521971220481
1058093196016787457
1058093504855990273
1058093683797606400
1058094086463410176
1058094452827402240
1058095067221708802
1058095139195883521
1058095346822381569
1058097116004999169
1058097589537726464
1058098106796032000
1058099172040171520
1058099505067896833
1058101418085769216
1058101711687028742
1058102005317750789
1058103528248500224
1058103787783684096
1058103888128237568
1058105015955611648
1058106072924389377
1058107298093121538
1058108783296045056
1058112413902520320
1058113054070788096
1058114331244720128
1058114332846891008
1058115143131906048
1058115915710193669
1058120293724622849
1058120801231224832
1058121007574147072
1058121436655730688
1058122049036660736
1058122548142112768
1058123218001805319
1058123232686018561
1058123288046522370
1058123703706443776
1058124014080679937
1058124800084897793
1058125498864283648
1058126067582545920
1058128290576261120
1058129894079639553
1058131044967374849
1058131906506776576
1058134781693775874
1058135193565970439
1058136220772040706
1058137343561875462
1058138648686682112
1058143566038425600
1058145275414528002
1058145750226415616
1058147019007647745
1058147936297799680
1058149070995443712
1058149320413724672
1058150264559955969
1058151242243981312
1058154499091574784
1058154893079470081
1058156582436040704
1058156824854061056
1058157892296163329
1058159105703993344
1058165257087184896
1058167734654156800
1058170956705918978
1058176695793008652
1058177753990815744
1058178807193067522
1058185679975432193
1058191971443912705
1058195250563481602
1058195746904670208
1058198892028874754
1058204529185955840
1058205852086292480
1058208132935995393
1058208298187538437
1058212101615808512
1058213800271171584
1058216698380075008
1058218539822276608
1058220272094834688
1058220561510260736
1058221138227019776
1058221908725022721
1058222168163606529
1058222670800515076
1058224379136376834
1058226388212170754
1058228352014704640
1058229656753627136
1058230724275265536
1058231022091792384
1058237506909401088
1058237522851942400
1058243545427992579
1058246481864351744
1058248064375242752
1058248380625776641
1058248593276948480
1058249057166970880
1058250799929745409
1058251395483152384
1058252201632493569
1058252813162041345
1058257956641239040
1058260958093574144
1058262387508166656
1058264043415162881
1058264124361138177
1058264656215568386
1058264787509866498
1058266767628230656
1058269773274984450
1058274632791339008
1058274739725262848
1058278119352795136
1058279258676756480
1058283105285337089
1058283310802198528
1058286870923231232
1058287286528413696
1058288290288332800
1058291371847626754
1058295068266762241
1058296987995521025
1058299013089374208
1058299249174216704
1058303357062967296
1058303596121542657
1058304082253885441
1058304304556187648
1058306010379702272
1058308462382325761
1058309406067019776
1058311455844397057
1058311782165561344
1058313945977622528
1058314332273025024
1058314775258677248
1058316403445587968
1058316801765969920
1058319266464837632
1058320452639178752
1058321575802335233
1058321767117271041
1058322312381022208
1058322693634904065
1058325674124083205
1058326101909557248
1058327284317339648
1058327395491610626
1058329047162335235
1058332292731584512
1058332655513755648
1058333635986763776
1058333660888424448
1058334080335515648
1058335099148795906
1058336318852337665
1058336534833885185
1058336781035290624
1058338834562220032
1058340718643736576
1058342414006476801
1058344556855484416
1058345670892011525
1058347278136684544
1058348749905371136
1058348858550484997
1058349311526948865
1058349398357291011
1058349640779776002
1058353637519429632
1058354262487511041
1058354702751092736
1058356112146227200
1058358319637782528
1058358575008043008
1058358760505270272
1058363784803184641
1058364156020174848
1058364214312603648
1058365961248669696
1058367269879865355
1058368276072448001
1058369278947287040
1058369595671756802
1058370141027753985
1058370506615873537
1058372418354470912
1058372763423928320
1058372783284072448
1058372812644196352
1058374265127428097
1058374674474774528
1058375001647276033
1058376654601547779
1058377372695715840
1058378022389252096
1058380859391295488
1058382058542825472
1058382425158369280
1058384577666932737
1058388667612491777
1058390729846751232
1058392729305124864
1058395653544570881
1058396043627454466
1058402894163132417
1058403480082235394
1058404210339921920
1058404645729644547
1058406586014711808
1058408131129163778
1058408152167665664
1058408944052457475
1058409024167837697
1058410586529300480
1058413766247886849
1058413790159618048
1058414602873196544
1058414730916847616
1058415927128178688
1058416046242193413
1058416443044360193
1058421727871389696
1058428086423875584
1058434763340607488
1058435118602190849
1058438512201089024
1058439824187760641
1058448156613066757
1058449052487110657
1058449527529750528
1058450583202549760
1058451301485359104
1058453433857048576
1058454289931292672
1058454340241932289
1058455012190359553
1058457580341809152
1058458142831529985
1058459632610562050
1058459797031436288
1058459798314852362
1058466208863924224
1058466832108138497
1058471053306011649
1058472993159032833
1058477047398440962
1058479299735494657
1058480901515079680
1058485287075094530
1058486382203670530
1058490056019730432
1058497313008689152
1058502939545808896
1058504014227222528
1058517803429437440
1058520019292901376
1058522109285150720
1058530059168952321
1058530146846674944
1058532090478645248
1058560885206196224
1058563057046061058
1058590370454560769
1058599149875032065
1058606143617056768
1058610699730083844
1058616892594757632
1058621230763384833
1058622805300965376
1058623055726067712
1058635894046027776
1058644819537326080
1058648411975622657
1058654516789284865
1058656054416998405
1058665471443054593
1058673694946541573
1058674554644631552
1058677925606617089
1058683733878996992
1058687687409000449
1058695404118786050
1058697804367810561
1058702949667418113
1058715071604551681
1058717498433003520
1058729813727371266
1058732592470593536
1058734759659094017
1058735152283582464
1058745523950309377
1058746307010088961
1058746653035937792
1058750499233640448
1058750751718170624
1058754013649428480
1058756121266012161
1058759379229569027
1058761915466424320
1058761937528471553
1058762562471247872
1058762717664854017
1058763355505287168
1058763590067478528
1058764086236864512
1058765054298996736
1058768494483914753
1058768742337994752
1058771680875765760
1058771817207382021
1058772262214684672
1058772901401321472
1058783613091766272
1058793158241333248
1058798990425317377
1058800316240588811
1058812717530632192
1058817265846513664
1058837625337987073
1058838639575216128
1058838947881725954
1058841930442801152
1058847025243062273
1058847693873778690
1058848472290525184
1058849165617360903
1058856074047094784
1058861256944349185
1058863494135713792
1058865639987658752
1058865790147915776
1058873060567203840
1058878461140484096
1058903305684946944
1058910065820749825
1058914708303036417
1058931984670621696
1058935870965891072
1058937641104797696
1058943865846161408
1058943912830631936
1058946967127158784
1058958196562255873
1058962535980982272
1058985283671281666
1058985808714235905
1058986072296841216
1058986244678533120
1058987073049427973
1058988054541676544
1058992448733622272
1058993990715011072
1058999536276901888
1058999592207958016
1058999731077218305
1059000182765953024
1059000479320031232
1059000583754039297
1059001059794796545
1059001712428503040
1059001953181679616
1059002554250641408
1059007486743564288
1059013726626557952
1059014565038616576
1059015331371499521
1059016327514505216
1059019024854646784
1059021423149305859
1059022163020275713
1059025922001723393
1059026828797599744
1059027694049001472
1059028399191154688
1059028942726688769
1059029433024176128
1059029714474618882
1059030649783377920
1059031589299146758
1059035744604483584
1059036790244433926
1059037019077259264
1059038375695605760
1059038587524571137
1059041183769526274
1059047190868320263
1059050472902926336
1059050552598904832
1059052763408150528
1059053410069164039
1059053731063439360
1059058717667274752
1059059436545818624
1059060464993341440
1059060555187675142
1059063705500049408
1059064895428280320
1059067771609378816
1059072176127725571
1059074575886102528
1059076683523936256
1059079291533778944
1059079312933089280
1059086416846733319
1059092837038481408
1059093482151821315
1059093590335541248
1059095138457346048
1059097335857405953
1059100562527080449
1059109311882936320
1059110722402242561
1059111854298030082
1059116951769899013
1059117565849583616
1059119279134539778
1059119303172284418
1059120172181667840
1059121267138314240
1059121683376861184
1059129289348657152
1059129426477232129
1059130334975905792
1059135956169633792
1059138752625496074
1059143008900276226
1059144239089664005
1059146046830346240
1059146080405864449
1059146684389834752
1059147534151675907
1059148276941930496
1059150793121513472
1059152057284902912
1059154939417690112
1059156501137305600
1059160588050485248
1059162111857909760
1059167769558683648
1059173751043117058
1059177211352268806
1059181357832851456
1059190515688710146
1059192950490587136
1059193707130429441
1059197337283805185
1059206175542124546
1059207750423601152
1059213146882260993
1059215211532566528
1059215889126559745
1059219060443897856
1059220817416880129
1059221803917287428
1059227170550075393
1059232325337313281
1059235847730614272
1059236097723637760
1059238315252047872
1059239005626220544
1059243398325043200
1059254027098062848
1059259534236094466
1059266356661641216
1059268441243291649
1059271173811458050
1059281871396196352
1059291715436081153
1059295892115619840
1059302790068162563
1059316402253787136
1059325810945880065
1059333986894237697
1059346558959976448
1059361167221624832
1059365199948345344
1059369692173725696
1059370102351482885
1059374817030348800
1059389870966222849
1059403974531416064
1059406846971310080
1059407411914686465
1059408699607973891
1059408857737220102
1059413000040443909
1059413471878623232
1059416430117117957
1059416711999430657
1059432118093316097
1059437657900699649
1059451753450459136
1059451956740177920
1059452651300155392
1059453781455331328
1059455195569098754
1059458009674338304
1059458040154357760
1059470766515933184
1059476114102468608
1059479947834769409
1059485412601798662
1059489228982120452
1059491432241774595
1059492155775840258
1059493813339615235
1059500520455503874
1059501095246954496
1059503272791326722
1059508083645444097
1059511974638379009
1059513240957448193
1059515458070683648
1059523258633072641
1059525302085447680
1059535934541234178
1059536742880043008
1059549413457092608
1059563687126687751
1059569042799812609
1059575915594817537
1059596343184932864
1059598737633361921
1059611386421145602
1059660413703503872
1059665176364965890
1059667657186832384
1059690657072234497
1059691835109597184
1059692110658617344
1059706718299525120
1059707202880135168
1059707586533036032
1059709208885637125
1059709997414789120
1059725268057837568
1059727278379278336
1059735528592076800
1059744675941306368
1059746530255667200
1059750289157308417
1059752051222016001
1059757561338040322
1059759463362637825
1059760792961249280
1059760832408682497
1059773272294862848
1059774231939026944
1059781156722352128
1059784918056734720
1059786118051307520
1059786480992825344
1059787210361393152
1059788780721393664
1059789645158977536
1059794225750044673
1059802478768807936
1059803009843109888
1059808387427377157
1059809011539828736
1059809518215987211
1059813815276187648
1059819114770903042
1059819120638746631
1059821183380676608
1059822901011070976
1059835441938096129
1059837462741241856
1059840626508922880
1059841961123708928
1059843630964334592
1059844477743960064
1059847774257188864
1059849484044304385
1059849994293907457
1059850710899220482
1059853756802781187
1059860876612722688
1059864015223046144
1059864875869052929
1059865852730896386
1059868342482321408
1059870257995767808
1059871935373418498
1059876182903136256
1059876488227500032
1059885121350832128
1059887200056287232
1059887208457531393
1059887647181672448
1059891069737988096
1059891909852839939
1059894056896086016
1059900030876819456
1059904945753939970
1059909012135784448
1059914947331874817
1059915800205770755
1059916321117347841
1059919088934420487
1059920865662586882
1059920995232952320
1059921162610925568
1059923009794961408
1059925347691610112
1059926955116687362
1059927054353944576
1059927141171806208
1059927297195737091
1059928696822190080
1059929914458169344
1059931420595011584
1059934856996630529
1059935216863731722
1059938063986708481
1059939818208194560
1059939845307617280
1059941700444045326
1059942075809087489
1059948696538877952
1059949915407872001
1059952090972372992
1059962143469113344
1059965481732505600
1059979195005263873
1059993677941129216
1060016618237943808
1060018707861307392
1060019007749672961
1060029926361980934
1060029931814576128
1060034371472654336
1060036322667065346
1060037357007626241
1060041775442735104
1060042004292362240
1060052149047083008
1060053924508585984
1060053962248851456
1060055574954606592
1060055860590903296
1060062440166170624
1060063582703022080
1060064944564121600
1060071203350740992
1060071308610936832
1060073293514977280
1060074503018082304
1060076034354114561
1060076822870847488
1060082564470321152
1060084265319165952
1060090004741988352
1060091015539892224
1060092893698891776
1060095085713461248
1060095219520208897
1060099690652467200
1060106702266130432
1060107276470665221
1060108094351519744
1060110495179522048
1060111566828457985
1060115490578808833
1060115587484078080
1060116587389300736
1060117180036059137
1060119824154558466
1060139793701629953
1060140647603101697
1060168901668020224
1060169722921140224
1060173661783711744
1060173851009658881
1060174284230803456
1060174785454505985
1060175046755450880
1060175438947901441
1060175938451689472
1060176521892126721
1060177275197435904
1060177613258403840
1060179410932776960
1060181544558563328
1060182477812064256
1060182696759046144
1060188111181934592
1060190879405821952
1060197125617795072
1060199434536079367
1060203518542389248
1060206030515257345
1060211166025302017
1060217314015092736
1060228954475380736
1060230061364776960
1060230456023629824
1060233613923377152
1060239208365936642
1060239449710309377
1060239701943242753
1060240698514006018
1060241141008945152
1060241180888227840
1060241628823216128
1060241910374297600
1060242277245816832
1060242343268364288
1060244829064572928
1060244920500412417
1060245707796426752
1060249355985268738
1060250661659516929
1060252363305426949
1060252913157566464
1060253749518745600
1060257367605084160
1060260747698208770
1060260787200163843
1060260839259758597
1060261430132461568
1060262468218507264
1060267785350275072
1060269145114128385
1060269443769683968
1060269776151478272
1060271570260770816
1060272323662675971
1060273550068776961
1060279396865589248
1060281194963582976
1060281266652758016
1060282288808886274
1060283952701865993
1060285864041951232
1060288494294261760
1060289063050244097
1060289615842721798
1060295448630620162
1060299393620959232
1060300725744357376
1060311955540508672
1060321229637324801
1060322733664468998
1060327056792322048
1060330317372768256
1060330715424980997
1060341833690214400
1060346613934235648
1060352039262142464
1060354881301684225
1060363339115704321
1060363737453023232
1060366495329542145
1060371315444604928
1060372166456295426
1060374130653085696
1060376798674923520
1060377089730326529
1060377288548724737
1060379478797369349
1060381406109581312
1060387290726445056
1060388265864429568
1060394604590182400
1060395308952170496
1060404225614757889
1060412154979868672
1060414111060779008
1060414708883177473
1060417291316273152
1060421966681833473
1060425512567402496
1060425623552905216
1060427178968600576
1060431628181356544
1060440508873490433
1060441533529382912
1060444254793859072
1060450970293813248
1060451506778988544
1060453036835983360
1060453648776548352
1060460948970909696
1060471406226481153
1060474060377862144
1060474404310827009
1060474630656290816
1060482874648997888
1060486096344281088
1060493994210271233
1060494620436713472
1060496494460092417
1060497884007854080
1060501295264686080
1060507006199586817
1060508231380815873
1060519733290848257
1060520641042903041
1060521469439066112
1060526395313528832
1060528811995992067
1060529795547709441
1060532233679716353
1060533420693053440
1060537765157371904
1060540937699516416
1060542589580046336
1060542769360461824
1060543067558559750
1060543963042603008
1060546198296322048
1060546341665857537
1060546397022416896
1060547500476678144
1060547879708884992
1060548354495729665
1060548966020857856
1060551454912643072
1060553292437250048
1060554648438931456
1060554980229369856
1060555408048189440
1060557530202546176
1060558300469751808
1060558485858017280
1060559103221739521
1060560447097761792
1060565424050499585
1060566641228967941
1060570127136120832
1060570734848811008
1060570970166046721
1060570984024064006
1060571082187530242
1060571385859334145
1060571976723521536
1060572390776815616
1060573690629382144
1060573816852807680
1060574007286775808
1060575164491030532
1060575570919129088
1060576696267612160
1060576725174611969
1060577718809583616
1060577819066015744
1060579920840015872
1060584014032068609
1060590557993558016
1060591257196609536
1060592362399916032
1060594862611935232
1060596889307889666
1060599384918908929
1060599635318837254
1060609911346860032
1060615496092082177
1060618627106390016
1060620905041330178
1060621362660806656
1060627960238084096
1060630710904672256
1060633976174329856
1060634812657078278
1060641769614950401
1060647918464655360
1060651179514818560
1060651934200332289
1060653026694836226
1060656405626142720
1060656935362453504
1060657035187023872
1060657236958154752
1060660035389480960
1060661989507321856
1060662287323799552
1060662496183439362
1060664153768124417
1060665518590386176
1060667032327409664
1060667111587135488
1060667178305736704
1060669913398951936
1060671845714677760
1060675283349659649
1060676734184497152
1060695638743179265
1060725320997715968
1060744236889505792
1060747868321894400
1060757295418638337
1060766921434501121
1060770824154738689
1060780909773840385
1060781578358538242
1060790274807554048
1060790378004144128
1060792907844800512
1060794346218221568
1060802382953623552
1060807495722065921
1060815949119528960
1060819283150848000
1060819474297671680
1060824944525893632
1060831579503763456
1060832533686956033
1060840894612627461
1060842908704694272
1060852221741580289
1060856888747847680
1060858667979939840
1060875330695651329
1060876223939784706
1060881641437126656
1060882125891633152
1060882767616073730
1060891193112977409
1060891956086108160
1060899866950492160
1060903939632259072
1060906426023985152
1060912430136614912
1060917181469331456
1060917246900518912
1060922092558974976
1060925481548242945
1060928565171159040
1060929060149301254
1060942584665657344
1060949860130656256
1060949945920970752
1060953916840521728
1060960274579120128
1060965649579687937
1060966095841083392
1060974330107101184
1060974786019438592
1060997665532624897
1061002531776684034
1061005067636142080
1061007301962817538
1061008663828148224
1061031537896898560
1061038581379227648
1061055336327462912
1061057498533130240
1061060687458258944
1061070649358213120
1061080947620306944
1061129923476250625
1061132671785545728
1061141912281853953
1061143094219825153
1061174629094559744
1061185902792359942
1061186216689876994
1061198436819763200
1061205325129355264
1061230403728609281
1061242596520067072
1061243168203653125
1061243697528999942
1061244726387576833
1061244741919129601
1061251193605943296
1061251194872623105
1061258173754040322
1061267757340143616
1061276519316799494
1061281119126147072
1061281740721963009
1061282406349578242
1061292273663664128
1061292543122591744
1061292868193546240
1061293927666515968
1061297516786913280
1061298497801150464
1061298714684342272
1061299438172270592
1061299517432176640
1061299811859738629
1061300191863676928
1061309149642862592
1061316234254397440
1061320166003429376
1061323937945083905
1061328208577159168
1061334697987448833
1061334900689850368
1061335112829333504
1061337255254601729
1061338780748128258
1061343862134857728
1061344483323842561
1061349050467999744
1061350834322239488
1061351106490613760
1061356232399904769
1061361814162886656
1061362470579781634
1061372057093619714
1061374118568747008
1061375231330320384
1061376174620901377
1061376187203760129
1061376240895045632
1061376625504333824
1061389206751199234
1061390873974366208
1061392989489164288
1061394710521090049
1061396637392736257
1061396915064061952
1061399007149334529
1061400292699394048
1061400847215722498
1061402624749125632
1061403045874012162
1061407163392888832
1061407856308707332
1061408163331624960
1061410477748748290
1061414855742275592
1061428370221817858
1061433749844488192
1061435351208738816
1061445341134737408
1061446833556209666
1061450337461170177
1061457411972755456
1061458025112891393
1061466431844466688
1061467040014229504
1061468428337324032
1061483671696404480
1061495962269552640
1061497927296802817
1061500414535831552
1061501687926468608
1061508128267780096
1061511429180682243
1061513859201146880
1061514045184970752
1061514329546219520
1061514398357831680
1061526654093275136
1061538555426684928
1061542216651423744
1061544695480901632
1061551877811249152
1061556473094914048
1061557350014836736
1061557755687911424
1061557920129679360
1061562251994451968
1061570131967397888
1061570345751048192
1061571234524262400
1061571314224250880
1061574617217720321
1061574840770088960
1061574883145146369
1061575422100602880
1061575439821475840
1061577743232581633
1061585253150547968
1061588082204467201
1061591375966322688
1061595111438598144
1061595159652196352
1061601149957083137
1061605895002411008
1061608058424504320
1061608218647019521
1061610545642684416
1061614681197105153
1061621759953264641
1061623243868561413
1061624968176394241
1061625638824673281
1061627299370598403
1061630953834102786
1061633081206099968
1061633931819339781
1061634682570399744
1061635686829305856
1061637512488251392
1061650441027641344
1061653114045059072
1061654623549710341
1061657866166325251
1061663629995663361
1061663767140974592
1061663913522200578
1061664332981907456
1061665076611088384
1061667026551402497
1061670048115421185
1061675603877752832
1061677727491727361
1061679731521830913
1061681441036152832
1061693078187245569
1061698155396431873
1061708652908814338
1061719218775879680
1061721115448565760
1061730284188635138
1061747986504577024
1061748125524807681
1061763852600295426
1061793773804498944
1061807079382573056
1061843602161029120
1061846457177833472
1061846624333430784
1061849787874430977
1061878669029896192
1061900712181927936
1061909562159230977
1061911464708050945
1061925118715351043
1061932411074830337
1061935127733907456
1061935130661527552
1061935131894706178
1061936927895703552
1061938543155728384
1061941740872048640
1061949929826979840
1061950319893078017
1061953345672351744
1061955542661251072
1061958601537978368
1061958780651495424
1061959225235128320
1061965764184309764
1061975649307582465
1061976397583958016
1061982409263116288
1061983519075917824
1061984836527763458
1061989357547147265
1061989512300187650
1061997117219188736
1062001410286518272
1062004077041737728
1062007207338934273
1062008780123185159
1062015438975102976
1062020409640579074
1062033463610499078
1062039450102960130
1062041652565606400
1062045106570579968
1062051618085068802
1062052741890088960
1062052855526371328
1062060310926843904
1062064220857032704
1062078414776139776
1062078948526440448
1062082800344621057
1062099709354041344
1062105181569998848
1062117151270756352
1062136684148600837
1062138153849573376
1062144626486726656
1062150146182578176
1062172380603117568
1062200433383522307
1062202415259119617
1062203186524635142
1062205173764771840
1062220804283338752
1062221921629233152
1062234860662734849
1062237222886350848
1062240795153944576
1062264287899594752
1062269042109698048
1062269585699885057
1062272877813293056
1062298071009255424
1062298294456631296
1062299041063682048
1062300334570143749
1062300654998294533
1062304059108061184
1062316268722810881
1062327478847442944
1062329299603210240
1062331456733827074
1062333581979213825
1062337012932456448
1062341972277555200
1062347804859924480
1062354477146087429
1062361411836411905
1062364559451873286
1062365932419375104
1062370222571692032
1062372858721169409
1062376795473936386
1062394160467111936
1062396843403960320
1062398039200071680
1062398498555998208
1062399354978234368
1062400717682589698
1062406981993066496
1062407649176752129
1062411279787347968
1062413935201132544
1062420666652286977
1062421359530262529
1062423515809361920
1062434600109060097
1062436922486935552
1062440576153456642
1062442391452303360
1062446153323683840
1062448708497956872
1062452980396552192
1062459254827896833
1062463698923651072
1062465254200815616
1062467605527699456
1062471660018769928
1062473330723381248
1062473510155624453
1062475578887020545
1062479541866819584
1062482421491220480
1062482536385953797
1062483782962503680
1062485819284512768
1062486395569065984
1062486420902809605
1062487260036321280
1062489600004972547
1062490207788957702
1062492218517307392
1062492364063891456
1062493604340551681
1062497544880697344
1062498238606032897
1062498885384450049
1062503324640075776
1062503681143267328
1062504454572990464
1062504570771947521
1062506300477792256
1062506495957450757
1062507648552259586
1062511451917770752
1062511797947658240
1062512538233974784
1062515703276847104
1062515766623432706
1062516220421947393
1062517139406434304
1062517796662362112
1062520049842470913
1062522593255792642
1062526415101296640
1062528234582085633
1062532408787066882
1062535141359345664
1062535557446742016
1062541668421980160
1062542052716621824
1062547890378342400
1062551304529199104
1062557874075955200
1062560068527443969
1062560772339970050
1062564727149248512
1062566252017672192
1062566384742219776
1062575857984663552
1062579769169141761
1062589054087319552
1062589056624848896
1062589715449344001
1062592289753759744
1062593056740917251
1062594639671087104
1062601054423076865
1062616166970073089
1062624961100161024
1062629636151087104
1062629915453878273
1062630723268546560
1062632158542450688
1062633668546576384
1062634453267349504
1062644047301423104
1062647833990455296
1062648904313958406
1062651960686505984
1062654273027227648
1062659470176763904
1062668300042358784
1062669125896425472
1062671176458297344
1062676523788906496
1062687051089235969
1062687508251791360
1062693588730068993
1062704624803622912
1062705916108308481
1062706228286107648
1062708681110888449
1062716181788844037
1062726853599870976
1062728526888079360
1062740210524418048
1062742919210131457
1062751770034749440
1062752040139571206
1062758458691211264
1062760872358174722
1062761114927329281
1062769649715216384
1062774188598067200
1062779334975311872
1062789000778399744
1062792942564315136
1062797372948955137
1062798002165825536
1062804833860612096
1062806802449031169
1062807015033131008
1062807066073432064
1062807236760821761
1062808040288780288
1062810335927828481
1062811246091739153
1062811692357296145
1062812593201520651
1062812650344722437
1062813294564724736
1062813583564816384
1062814010561699843
1062814988249767947
1062818716478521345
1062821225611886593
1062823461561778177
1062825396545208321
1062826262551584769
1062826283099451392
1062828988828131328
1062829174216425472
1062829811364741122
1062830280015138816
1062830785668005888
1062831907547856896
1062832984749957120
1062835081318985728
1062835633473904646
1062836908525404160
1062837526338195456
1062838051045543936
1062838958709600256
1062841331704324096
1062841861566619649
1062845315609518085
1062845440167677954
1062845672100192256
1062845764798418945
1062847001702883328
1062848531382353926
1062848606003113985
1062850942985474048
1062855815617540101
1062857362460106752
1062857874009919488
1062858446272372736
1062858986511196160
1062859385792274432
1062861645255491584
1062863482717114369
1062865210866835456
1062873836868304897
1062874542744440832
1062875621116837893
1062876399994720257
1062885102332661761
1062890442524672003
1062893653675462656
1062895632543821824
1062896433655885824
1062897072456785922
1062905755089756161
1062910084886466560
1062912482736451585
1062913246603051008
1062916250089582592
1062916652734406661
1062917907678683136
1062921975721586688
1062926044620095488
1062936204046462977
1062944419865903104
1062947418772246533
1062948892654948352
1062951094270287873
1062954413101326338
1062956349569540096
1062958656172539904
1062959337319137281
1062963430544605184
1062971656203841536
1062978754543341568
1062979129828503552
1062979731304407040
1062981093605937152
1062985758498308096
1062987498740178946
1062989312751480873
1062995561857470464
1062996413708189697
1063000567319064577
1063006277478072320
1063011209702752261
1063016714152108032
1063021309217685504
1063022319399063552
1063025669741989890
1063026021736333313
1063029793644515328
1063033701095890945
1063033759115735040
1063033797556535296
1063033811376791552
1063033981657104386
1063037502787932161
1063043188603133953
1063044032501288961
1063050013163618304
1063051479488086016
1063052093920026625
1063055611686985729
1063056703053279232
1063057737565773824
1063058108577206272
1063058426069204993
1063060278718423040
1063062178721345538
1063062429410779137
1063065897391284225
1063067263077699585
1063075009483149312
1063077857465909249
1063078352590913541
1063079082294939654
1063081082021707777
1063081724194840577
1063083239756193793
1063083992025628672
1063086711620562944
1063087236319772673
1063089515533750272
1063089861568184321
1063090184932208646
1063090283896848389
1063095300733186048
1063095844285501440
1063112284292239362
1063118922629541888
1063120930866651137
1063123223879966720
1063126227425390592
1063126446376394753
1063127413893279744
1063128641243099136
1063129666062557185
1063129807779704832
1063129901216268288
1063130493468717056
1063130909648609281
1063131520200835073
1063132364958777344
1063141014846738433
1063147191810867205
1063150071624187906
1063155437808336896
1063177995198849024
1063179247190204416
1063182305676722177
1063187704593170432
1063189161711161345
1063189166320730112
1063196625055694849
1063199550968451072
1063200988784410624
1063203035801944064
1063207902683398144
1063208574208434177
1063208784737329152
1063208979373932544
1063210068810715136
1063210555983433728
1063211808406863872
1063212237903536129
1063213125846085632
1063218201797033984
1063218888001896448
1063221719975043073
1063222023973830656
1063222758903963648
1063223692145164288
1063223722331508737
1063226624810729472
1063229096103075840
1063236421551562753
1063237937268166656
1063240008004362240
1063244298336911360
1063244498807996416
1063245109729402881
1063245894747865088
1063246589274185733
1063250501280690176
1063258095076429824
1063260586308509696
1063263933958680576
1063266901453881344
1063267112855248897
1063277858234068992
1063278832990318593
1063283234895626240
1063283704674598912
1063290454136012800
1063290686085181445
1063292940959793152
1063297297684054016
1063306532564152327
1063307933474263040
1063308730400309249
1063312392451383297
1063317790495514624
1063319044626022401
1063320800340701184
1063323548045975552
1063323929702481920
1063324695188037632
1063327637056167937
1063328215744286720
1063328648302919680
1063328687716802560
1063328783342739456
1063329226303070208
1063330512268378112
1063331400630190080
1063339658342322176
1063341306297110528
1063349129085112320
1063352436734218240
1063356126048202752
1063357811722240000
1063361297176252417
1063363279823659009
1063372445657309184
1063373451417800704
1063373682133934080
1063376531307737089
1063380075503005698
1063383639831007232
1063384062843412480
1063385188267425792
1063386823727112193
1063387036806275072
1063387360577114112
1063387959091765253
1063388677479559170
1063392691143274496
1063398369131970560
1063401839352311808
1063407788540473344
1063408877809688577
1063411164540006400
1063416125143212032
1063418738186354689
1063429847643353088
1063431875182632968
1063432399034507264
1063432889340067840
1063439549886578689
1063447262397956096
1063449137235050498
1063449226577891328
1063455681200701440
1063458281660788737
1063465813787721730
1063465859916546048
1063490391566180358
1063493132136923137
1063500984930906112
1063501831106637824
1063501852090732544
1063513190825254912
1063520606103265281
1063532965437812738
1063538571351638017
1063541671638388736
1063541735727468544
1063542210514247680
1063545491743330305
1063547363917209600
1063547491134685184
1063547672341200902
1063548453727453185
1063559862250917888
1063560264069480450
1063566670441185281
1063573914847047681
1063616384272408580
1063622160659476481
1063626281143730176
1063645351830347776
1063672957447348224
1063689864292573184
1063689866398048256
1063690540955443202
1063697855322431489
1063700703196180481
1063703379518652416
1063710462515314689
1063711467902427136
1063718280261595136
1063718890969034754
1063741622003933184
1063745331861446656
1063750707709399040
1063753467536191488
1063768919352188928
1063793323507441664
1063797075295391745
1063797738775687170
1063806234002739202
1063808005244928001
1063809491702095875
1063812027599208449
1063821218153996288
1063833643532148736
1063833780086075396
1063834256970080256
1063835257328320512
1063843368269201408
1063846836551725057
1063851164096180225
1063853868105248768
1063854285623107584
1063856809314668544
1063858099067400192
1063865394635493376
1063871800008822784
1063872669253279750
1063872852976234496
1063880137215787008
1063889488420716545
1063905921020162051
1063906611658457088
1063908363602284544
1063910987580039169
1063919535554580480
1063920014661570560
1063920510231179264
1063922145955217408
1063922323521032193
1063922522314272768
1063922852003487744
1063924164413640705
1063924237394739201
1063924643390574592
1063930806509416454
1063936179400265728
1063941755538534400
1063942804743880704
1063953086232686593
1063953786543198209
1063958694864527361
1063959960697090048
1063964517389033472
1063966405668802560
1063984825344946176
1063995644967174144
1064017165550940161
1064027515377864705
1064031801558077440
1064039354652389377
1064040219970871296
1064045473336569856
1064048075474378753
1064050118641549312
1064064917257560065
1064067660365922304
1064074972845490176
1064078527698558976
1064080105264304128
1064080442087956480
1064085386316660736
1064085492017188864
1064090927017410560
1064099023659839488
1064100479079251973
1064102151700578305
1064102569969094656
1064103899970232320
1064106169944416256
1064109746825895936
1064115879741407232
1064118823287250954
1064120104219222017
1064124361039335424
1064126611463831552
1064128692522233856
1064145651745865729
1064153323031404544
1064157528337059840
1064158153699352577
1064174430132363264
1064188468887076864
1064188536411340800
1064188681555202048
1064189283844669442
1064189905033707521
1064195366411587584
1064196321958129664
1064196866286518272
1064200898270846976
1064201572777787392
1064205676421931008
1064211575714791424
1064215002062774274
1064224084391686144
1064232821366108160
1064239152424775686
1064242015460880384
1064243199085039616
1064264004095365120
1064266989626105863
1064269084257394688
1064315526917296128
1064333254164185089
1064358757948284928
1064359811255480320
1064366393360031745
1064372574937915392
1064380306273312768
1064397862811914240
1064398285165797376
1064402264712986624
1064402331008098304
1064407964381921280
1064419276386328576
1064421831589924864
1064425178204119040
1064433328219189248
1064435132797472769
1064435273487052801
1064435415225155584
1064435687888441345
1064441007947898880
1064447159712575488
1064456767625515009
1064463752144347136
1064463874450018304
1064465274898980865
1064478728149843973
1064478924787208193
1064479055309758464
1064481070651977728
1064483150582243328
1064483693362905094
1064488014737563648
1064492779903045632
1064496029666430976
1064500933206388736
1064502482183827456
1064503990447210496
1064504544221122566
1064509073939406848
1064516090573799424
1064518402356756482
1064518654996463616
1064519776448507910
1064523903073177600
1064524380628283392
1064525519792746496
1064526421832450048
1064529544663699457
1064532013842087936
1064534342947532800
1064536782354575360
1064538515445346306
1064538597653544960
1064545743380328449
1064558102396186625
1064562261916884993
1064574658605973506
1064589049657098240
1064592657614364672
1064599711171207169
1064601160710057987
1064603246977642496
1064608181584830466
1064609371055902724
1064621389418823685
1064626959341244418
1064628243326738433
1064629367412834304
1064632455674716160
1064637740585762817
1064638160779583490
1064640569975205891
1064643955613040640
1064648499709521921
1064649936418062336
1064656760584237056
1064673283768033280
1064682650592575489
1064689855576375296
1064700553123516416
1064719190110523394
1064742418778636288
1064742442061115393
1064747873773002752
1064754004507467782
1064761458641199104
1064765352196956160
1064765923863732224
1064767435088125953
1064782041751859201
1064785987752980481
1064787813965721600
1064788308033703936
1064790590255230976
1064792466262380544
1064796852661424128
1064797375728893953
1064797516628205568
1064806793610584066
1064816343617335296
1064827059225223169
1064830030864371712
1064835843980955648
1064837042092285952
1064840874000031744
1064844389082648577
1064848414930812928
1064850927738335232
1064858384112001031
1064858539179589632
1064861683192090625
1064864818031677441
1064868430585757696
1064870768062926853
1064875457190027264
1064876190991831042
1064876696174759937
1064878287170678784
1064878376530399233
1064879011971690503
1064879358429413377
1064879813087936512
1064881312975200257
1064882921046241281
1064884077667524610
1064892140562653184
1064894414881996801
1064898458438504449
1064899572433108992
1064900639573114880
1064903778061729793
1064909796900511744
1064912990842048512
1064915494430535680
1064915902129455105
1064925503889571847
1064925654716727296
1064931687824613376
1064932447408799745
1064936836827676672
1064940206455959559
1064941953782087682
1064942235630878720
1064944303296913408
1064947754521157632
1064949388626276352
1064950334425059328
1064951695258644490
1064953713339625473
1064959842950029315
1064960336179195906
1064961329360982016
1064962681210372098
1064963537250869248
1064964001975681026
1064964397087563776
1064964436950056960
1064965480904052737
1064965551343222785
1064968427826237441
1064969686926991361
1064972963953471490
1064973299577430016
1064973451751026690
1064974501568344064
1064979440369831937
1064992479240495104
1064992732123463682
1064994201400721408
1064995941172813825
1064999448475025408
1065001139609853954
1065005452612775937
1065015951815581696
1065029037188358144
1065052424631664642
1065062433302241280
1065062544660971521
1065065969293426689
1065085852794216448
1065090820951425025
1065111662242529280
1065124608192454658
1065124747023773696
1065135075472347137
1065139755271286784
1065139990802370560
1065149936424103936
1065150858667581440
1065150946714497024
1065151347278798849
1065154595624812545
1065161370641911808
1065162931514544128
1065166733252722688
1065168220968112130
1065168790143537152
1065169714991763456
1065170200205516801
1065174157149650944
1065174791936765952
1065177195117723648
1065184381608882182
1065184539327238144
1065185937301405696
1065188947125514240
1065189031208726528
1065189105502425090
1065194594793607169
1065194676553019392
1065194823353868288
1065194853536014336
1065195181975265281
1065198889727184898
1065203416626978816
1065203654884556801
1065204386702508038
1065206025488338944
1065206893306658817
1065207430173417472
1065207793404256256
1065207837859696640
1065208883063472129
1065209421863796742
1065209468047245312
1065209728643547136
1065211085513519104
1065211526750105600
1065211550653448192
1065212596716879872
1065212941882937351
1065213143226482688
1065214488750813184
1065214801649950722
1065215396196872193
1065216295665262592
1065217643286802432
1065218718710538241
1065224612978532352
1065227251183173632
1065233367753474048
1065233379082321921
1065233412481564672
1065236344014872576
1065237999095607296
1065239222909579264
1065239391118000128
1065239483438809094
1065239733851340800
1065239826960662529
1065240165466071042
1065240819257524225
1065240956058902534
1065240997167316992
1065241141044486144
1065241692163489793
1065241842327977985
1065242284810153985
1065242291730825216
1065243248258703365
1065243353346965505
1065243629088849922
1065244113979756544
1065244293462286338
1065245717856436225
1065245856289431558
1065246008106541058
1065247356579266560
1065248148480770048
1065248229510574080
1065248936980635648
1065249301494988800
1065249715871133697
1065251041715896320
1065251849085833221
1065254042702630912
1065255325354336256
1065256888969895936
1065258459317354497
1065259730204004352
1065260762426429440
1065262692615811073
1065265998184529921
1065266560611291136
1065270567006138369
1065270981793599492
1065271166372241413
1065275215972839424
1065276387869757442
1065276835812917248
1065278580647755777
1065280674733719553
1065281740216942593
1065284090729910272
1065287170326478848
1065287496475598849
1065288167161507840
1065288766506524673
1065290177495609344
1065292005796995072
1065292022569975808
1065292650444656640
1065292758234079232
1065293240172257285
1065296688292614144
1065296789824303105
1065298637020909568
1065298861776928768
1065300056708800513
1065300943854542848
1065301698401525766
1065301900587724800
1065303171461869568
1065303227229528065
1065304039234125825
1065304695667867655
1065305887047331840
1065307688689704962
1065309207040352258
1065311410295586816
1065315428879212544
1065321312648720384
1065321391094984704
1065323077628776448
1065325272495312896
1065327794945777666
1065328687086739456
1065330147530862592
1065331721237876737
1065336904961282048
1065337865469517824
1065340283494182913
1065340891639029761
1065341452027232257
1065343267749994498
1065347238078152705
1065348784899518464
1065350350213865476
1065352405867479040
1065353939133050880
1065354183413587969
1065354262698319873
1065357619399774208
1065357733673742337
1065359798722617346
1065362661775302656
1065363887787139072
1065364026614411264
1065375473696456706
1065375608329269248
1065375946792853504
1065377352316784641
1065379599230500864
1065379675973787649
1065379814813696000
1065380729989718016
1065380768581595137
1065382499570851840
1065386015223799809
1065386640598798341
1065387061946052608
1065387734502596608
1065387856326205441
1065393654343352327
1065398291964338177
1065398785201893376
1065399071693713408
1065401559310323717
1065409821262802944
1065417265322049536
1065418717381701634
1065420065028345856
1065420502477488129
1065422119398453248
1065426936548212738
1065433417582555137
1065440515204759552
1065440688005799937
1065441003421777923
1065447761670156288
1065452853987344384
1065456966519144453
1065458446252748800
1065460103409737729
1065468179550363649
1065470294335332352
1065471849990160384
1065485982336733184
1065493966156689408
1065498312692957185
1065498397849849856
1065512446226386945
1065512558281584640
1065519303913553920
1065519478379855873
1065522521792004097
1065523691587584001
1065525053742374913
1065525367220383744
1065527108699607040
1065527739942346752
1065529002851332096
1065532839788085248
1065533376663379968
1065535397466435584
1065541778676301824
1065543018512551938
1065545478559985664
1065545547279302661
1065547708994269184
1065554963466723328
1065555151388360704
1065557222548135936
1065558897749045248
1065563311821844482
1065563655322959874
1065564230169051137
1065564714833371136
1065566206302785536
1065567180220231680
1065572228480217088
1065574276990943233
1065577164362330112
1065579445652779008
1065581354782478336
1065587074252898305
1065587467233955840
1065587767566987264
1065588334624354304
1065595551390011392
1065595609623814144
1065596820963934209
1065598983958159361
1065599324955074560
1065602252168093696
1065603551563399168
1065614028498702336
1065620488586764288
1065621543361921024
1065632158822424577
1065632482542919681
1065633653231951872
1065637744821616642
1065637816518897664
1065639009299386370
1065639542886064131
1065640553281286144
1065641807072120832
1065642576626114560
1065642846307475458
1065644095392149504
1065644245120364550
1065646177415237636
1065648252337512456
1065648741812719616
1065651851490705408
1065653836646244353
1065654787486752768
1065656792779247616
1065661942134644737
1065662863212195840
1065664354693959681
1065665509813878785
1065665832364138497
1065666330232279040
1065666427535925254
1065666702942318597
1065666842348396544
1065668190833917952
1065668670205026304
1065671703953584128
1065672229504147457
1065673300058226688
1065675883992809478
1065680435240411142
1065681380653350913
1065682058431946753
1065699140175319040
1065700197953650688
1065701408438145026
1065708031252537350
1065718355225690112
1065722841767661568
1065727379589353472
1065746246168649729
1065749346812080128
1065750592105181184
1065752970275536897
1065753182498930693
1065764385912758274
1065786263184318464
1065803801041489920
1065806160765349889
1065806503041470465
1065806730355974144
1065806925370032128
1065807789841354753
1065808699590144000
1065823584747171840
1065824837602398209
1065835829367635968
1065844397713965057
1065844898522370048
1065846996664295424
1065851859800285185
1065857441592684544
1065863624005115904
1065864313515245568
1065866286129913857
1065866573976662016
1065869490561474560
1065869607582474241
1065869630667935744
1065873229523238912
1065874217554472960
1065875778666196992
1065879293891411973
1065882118784458752
1065885335807246336
1065888606923812864
1065889025532313601
1065889758688219136
1065890729241833472
1065891057681006592
1065891873473077248
1065901670088040448
1065903966909853696
1065904594390261760
1065908287017639938
1065908385621712896
1065911460717563904
1065911625696374785
1065911935676440576
1065913834832039936
1065916293549907968
1065918623494168577
1065920302029385730
1065920629184978946
1065921800251629568
1065922703713099776
1065923469152567296
1065927290989805568
1065931747924299778
1065935113807118338
1065939087083954177
1065953394261671937
1065953955916726272
1065964588032802816
1065965035552415744
1065965490227617792
1065965887801438208
1065967793022083073
1065971674699448320
1065972076509569024
1065972509793808385
1065978910737879048
1065979471067439110
1065982686840463360
1065984252913831936
1065984685711474688
1065985095243304960
1065988390804512768
1065988451948990464
1065992742273073154
1066001821259497474
1066002253285339136
1066004543811538945
1066006677441454080
1066007330502914048
1066007555837693959
1066008874526826496
1066010044616138753
1066010713179766785
1066011003866030086
1066011822183116801
1066013401338519553
1066015685543948288
1066017398933938176
1066018841749323781
1066019999796609024
1066020112619061249
1066020540467560448
1066021818891476992
1066032289115762691
1066036933871194112
1066037574769225728
1066039263391707136
1066042272398008320
1066043929559265280
1066045389168627713
1066052014516379648
1066066563260928000
1066070525657657344
1066070549976231937
1066072293561049090
1066075436747239424
1066079813071486977
1066082632524537857
1066082689973932033
1066091829794390016
1066092317981986817
1066093382945202181
1066093538948014080
1066096064233652224
1066096387744505858
1066110435282350080
1066112902791335944
1066124767143608320
1066125668168155136
1066125861508780034
1066126845094055936
1066128260667400193
1066129971939176448
1066132600501166080
1066140910671532032
1066142438232715264
1066150393154076673
1066153030125420545
1066165819388784642
1066168507526758401
1066169398837166082
1066181300984401921
1066202250723319808
1066209784494354432
1066220230026780674
1066229781698613248
1066240335389560832
1066254898868686850
1066255285163978753
1066259177910226944
1066261779641221120
1066279017362481153
1066282267524456449
1066299868925386752
1066308216068423680
1066345566295207937
1066362445420216320
1066363678147014656
1066367578552057856
1066368285334212608
1066378069232025600
1066379437380386818
1066382337678692352
1066383172416475137
1066383660851572737
1066383752069292041
1066384076293267456
1066384111969976323
1066385165981806593
1066387041234100224
1066388310849929216
1066388683815874560
1066391155410182144
1066391522017492992
1066392262341525504
1066394192958636032
1066394930753486853
1066395247398273029
1066398057183367168
1066399103880478720
1066404090664628225
1066405806965436450
1066408564758065152
1066409972366483458
1066412529633636352
1066415778117894144
1066419156634009600
1066419553834418176
1066425581468884992
1066426116653633536
1066429298024820738
1066438319964188672
1066450722525454337
1066458346109181957
1066484371769778176
1066489158716268545
1066489215737827334
1066494264027373569
1066496268057362432
1066500722945073152
1066501724003696640
1066510934712217600
1066511237532520448
1066514861402681346
1066519393780334593
1066519988855394304
1066520383619137536
1066559030787801094
1066568987906121728
1066569212469149696
1066571667986616320
1066572231067779072
1066577399742115840
1066578855153082368
1066586371337400320
1066593053270556672
1066593376601104386
1066595194919776256
1066596603375616000
1066597904427745282
1066598698707243009
1066604578416791552
1066606283820691457
1066611561513529346
1066613632224714753
1066621703323668480
1066623602525696000
1066624387258949632
1066625874139758592
1066625994088480768
1066627534689845248
1066629237573132293
1066635995938988033
1066636247483981825
1066636383828140032
1066636587260395520
1066636683079311360
1066636970850426880
1066640753844150272
1066642406186123264
1066642409768067073
1066643067443298304
1066643596324102145
1066643925836939264
1066644535042891776
1066644592500580353
1066646166601981953
1066647120818536448
1066647331808993280
1066647431343947776
1066648066650857473
1066649072491249664
1066650719527276546
1066652612412420097
1066654313643220993
1066654670993661953
1066659994408411136
1066661987097214976
1066662987857940480
1066668408601743360
1066668776022626305
1066669977669898241
1066673856574881792
1066678226305671168
1066678768524292096
1066679974709596160
1066680865659412480
1066683892512509952
1066683916180844545
1066684153163390977
1066687048923328512
1066691652151140355
1066693359291457544
1066693464937553920
1066695297013813248
1066696246201593856
1066699116347121664
1066707001881841664
1066710574820728832
1066710816978870274
1066710837333827584
1066713987268653056
1066715185992343553
1066715203964936192
1066716583509352449
1066716871670591489
1066717359472181249
1066717827955068928
1066717960406994944
1066718278863777793
1066720776148189185
1066723716325957634
1066724124444176385
1066724366476615680
1066725260291162113
1066726850355974145
1066726971894312960
1066727564616638465
1066728288146604032
1066728841778028544
1066729258180141063
1066730384187109377
1066733024367308802
1066734151779475457
1066734738851971072
1066735694045945857
1066736085760380928
1066738713949024257
1066743999585763329
1066744418051547136
1066745590929911810
1066747828557484033
1066748018286829568
1066749563317469186
1066749584322514952
1066749634637377537
1066751293052674048
1066752165488803842
1066759494619811842
1066759828041801728
1066762851333873665
1066763167987060737
1066765330154962944
1066776976869007362
1066777037287890946
1066783323694006272
1066785578144985088
1066786014373531648
1066787456350064640
1066791673890390018
1066794892016476160
1066794951143505920
1066796021307637760
1066796239243628544
1066804300263931906
1066807005569007622
1066809559510077446
1066812615479971842
1066813311713464325
1066817409997316097
1066817522811457536
1066817791653699584
1066819831884849152
1066822651598045186
1066827558933557248
1066829824696741888
1066830643848302593
1066839391086280704
1066846269706883072
1066847315770712064
1066848483896770560
1066869430255271938
1066873577985794048
1066876827317268481
1066895845969338369
1066899539070775303
1066900294053711872
1066910234109722626
1066916850641063936
1066921484919193600
1066925013175914496
1066928115291734017
1066928410537222144
1066931369224347649
1066938288567537664
1066955376623607808
1066957395283177472
1066961962905608193
1066962137799696384
1066963061398007809
1066965879525728256
1066967277478662145
1066967891914997761
1066971057381236736
1066980820462657536
1066983448622104576
1066984439333433344
1066986355282989057
1066990513109303296
1066990633125072896
1066992170702331904
1066998436564819968
1067002170942345216
1067003601845977089
1067004085864402946
1067004235177328640
1067004256992010240
1067006388965015553
1067008458837364737
1067009607686606848
1067010974610350081
1067012389722308608
1067012847748751361
1067012920339509248
1067013655596855296
1067014090974003201
1067014494453403648
1067014864391016448
1067014918094893056
1067015278775672833
1067016000745480192
1067018404807217152
1067020571160928257
1067021641144721409
1067022095366930432
1067022541229707264
1067023567131426818
1067023944228761600
1067026402938105857
1067027536222273536
1067027773619867648
1067036863825944577
1067038767289114625
1067041241513320450
1067043185581584384
1067043719940112385
1067050699643600897
1067051315421945856
1067051439963303937
1067052884494376960
1067054151211892737
1067054186804768768
1067056207242784768
1067056481948917760
1067057063694688258
1067058016657317889
1067058402826878976
1067061912318423040
1067063383252455425
1067070558041489408
1067073446222471169
1067075928847785985
1067080520750850048
1067081049266683904
1067081925033119744
1067083054949240833
1067089951240552448
1067091386107863042
1067096346212089856
1067098404428296192
1067100723043680257
1067100931932733443
1067101426445369344
1067103827248201728
1067105330012844032
1067111803715506176
1067112391413035009
1067112399579357186
1067112696124985344
1067113130650677249
1067113315590037504
1067115514667966464
1067117585966206985
1067120881716129792
1067124880162742272
1067127020293898240
1067128392053661699
1067129341618896899
1067130418737135617
1067133827242475526
1067135220376379394
1067140812197236737
1067143692417290241
1067143823288123392
1067145458676510720
1067146598671630336
1067146628027568129
1067147527294803968
1067149631149215751
1067153066640707588
1067153785833824257
1067154557346680839
1067154673549930496
1067155670539980801
1067156035415216128
1067156156647378956
1067158697560981505
1067159262516953088
1067159814101446657
1067161824422912001
1067162378050174976
1067162674176409600
1067163393931599872
1067164593896783874
1067170441624764416
1067170548994793472
1067171182762385409
1067173281986371585
1067175406808195077
1067176761300004866
1067177183523696640
1067177234304241665
1067179445507710976
1067179929555546113
1067180386055270400
1067182701122334720
1067183362987704320
1067187883210141696
1067190512182906881
1067190994976862208
1067201313828757504
1067202076307017728
1067202883723120642
1067204580675600390
1067206536953516032
1067209599227449345
1067213218052022273
1067214146251382784
1067221515668807680
1067225449497944064
1067228721474650112
1067239747461029889
1067239941883744257
1067243834789089280
1067244533161705472
1067250253772910592
1067251467600449536
1067252318213672960
1067254384747339777
1067272018826006528
1067288613182996480
1067296955230023680
1067299003317059584
1067305553582583808
1067313102054551553
1067320672790040576
1067320885835493376
1067321036406894592
1067325945005162496
1067326483121745920
1067327700191363072
1067330000486047744
1067332319164448768
1067334295851659266
1067338255715061761
1067345383079194625
1067345745479639041
1067347814953422849
1067351163694211072
1067357648511795200
1067364412653223936
1067366455296053248
1067374711330562048
1067375066172792833
1067378768514347008
1067378843600789504
1067384907708669953
1067387423011807232
1067389015161221120
1067389529773010945
1067391098090328064
1067405824711106560
1067407634553278465
1067418911770058752
1067422221906382848
1067426936291557376
1067428701703290880
1067433600205778944
1067434073323270145
1067439594378022912
1067439966727352320
1067440148617428993
1067440905022521345
1067444840525381633
1067446146015129605
1067448925781716992
1067449257555361792
1067451946947231745
1067455008394891264
1067459494513442816
1067459587694084096
1067461226396090369
1067461321225048066
1067465382989049856
1067466062453776386
1067466895736098816
1067467674299568129
1067481469583572993
1067493898350747648
1067493916809863169
1067497479032225792
1067499158842613767
1067502591322587142
1067503122480865280
1067503370787794944
1067506472874061825
1067507607869390850
1067511144909283328
1067514596422873089
1067522965292679169
1067527232191700992
1067528011073892354
1067528746339467265
1067530016357986304
1067533234441986049
1067534967297777665
1067541792332148737
1067542727615791104
1067543437183000579
1067545803303079937
1067547035568623617
1067549370122424320
1067549631444410373
1067550064715943937
1067556622510301184
1067566849884413952
1067568443308892160
1067570150407380992
1067572530507001856
1067573995720110080
1067578445897584640
1067583857183137792
1067585213394497538
1067589074679095298
1067592654941241344
1067593140645769216
1067606647567237126
1067607766188113920
1067607832202276868
1067617185739284480
1067619238020440064
1067621982345129984
1067624663780515840
1067647120906153984
1067653304157642752
1067654708423286784
1067659380009529345
1067670943705706496
1067674267708473344
1067674842240032769
1067675965550141440
1067676642938630145
1067681994853810176
1067687459625058304
1067689011924348929
1067691754990784512
1067696576410329088
1067696914408329216
1067700198137192448
1067704405460439040
1067709449085677568
1067710438542999552
1067711550427779073
1067712851505164288
1067715767783907328
1067717577244323846
1067718861963894785
1067720953663287296
1067722155465551872
1067722889338728448
1067726902620753920
1067735765424197632
1067748358347997185
1067748895273439232
1067750515533115397
1067752658910552064
1067753456562253825
1067753552624435200
1067755446352654337
1067760280829140994
1067760640163545088
1067762086363766784
1067764680955973632
1067764990499872768
1067765136017027072
1067766614962130948
1067767293583732736
1067777952572690432
1067778002052964353
1067779617270976512
1067780128997105666
1067782258885566464
1067788507110957060
1067790683111653376
1067791367634657281
1067799524675133443
1067802159994060800
1067802795485609984
1067805243780415488
1067805704604577794
1067807539889405952
1067808320990441472
1067808680870068224
1067812211639427078
1067812456578379776
1067813677573623808
1067813947682816007
1067814535308955648
1067815868229406720
1067819490874978309
1067829279948455936
1067831997857439744
1067838917616037889
1067838945713623040
1067843765400813571
1067848798125330432
1067851311071281152
1067854108554596353
1067854140020273152
1067863279400378374
1067863622913859585
1067864062879510528
1067865115633033217
1067873558792155143
1067876332892299274
1067883329846956032
1067886942384267265
1067887909452357632
1067888552191516672
1067891541853839365
1067897212145934338
1067898005716705281
1067899822269767681
1067901701322145792
1067905476602535941
1067909282925031424
1067918270374674432
1067919715027308544
1067920831534243840
1067924410542317570
1067931563906740224
1067936503131713537
1067945563658903552
1067952030289846272
1067955047424770049
1067956173566083072
1067959558373543936
1067962635725881344
1067980970706518020
1067981760502394881
1067986479090200577
1067988452518461441
1067996829386711040
1068001896101699584
1068007072896294912
1068010050692763649
1068015673140539392
1068018931280031744
1068023768558198784
1068025768410669056
1068027181480255488
1068031642097385472
1068038392615714816
1068040379285557248
1068043126533550080
1068055899443523587
1068056579784622080
1068060799216828422
1068064361451794432
1068067626306465792
1068069167281115138
1068076255227142145
1068081547855757313
1068082369683484673
1068094157393195013
1068094404664180737
1068098508278964225
1068098684695560193
1068099906940719104
1068100072183922688
1068106381654405121
1068106410284716032
1068106490718969856
1068108090413862912
1068110600725823489
1068113852154433536
1068114121852444672
1068115219069702144
1068115865823076352
1068115905119510534
1068115912392245249
1068116107825999872
1068116180815265792
1068122628085489664
1068128663974105089
1068129883602198533
1068131343643680769
1068133483589955584
1068134097212575744
1068135116445237249
1068137131804172293
1068138245811249152
1068145920544509952
1068156314457726977
1068157048926302208
1068157308914536448
1068159224021045248
1068165045291548672
1068165299546017792
1068167468785549314
1068169587756134400
1068172080842186758
1068172670565580802
1068181138328432640
1068181839305732096
1068184158739025920
1068195173073592321
1068195820170752000
1068198305295781888
1068199088393457664
1068200636477526021
1068206783942914049
1068207064391041024
1068207490393915394
1068207775178809344
1068211389863477249
1068217257254420480
1068219307421765632
1068227204046311430
1068235113232826368
1068236197279997952
1068240124180406275
1068241074215415811
1068241236987924481
1068242301967876097
1068244099885613056
1068244152805138432
1068246801520693248
1068247519170363397
1068253317388746752
1068254996762935298
1068262307422240773
1068262675715686400
1068265833992990721
1068280649986056198
1068282055467786240
1068284071883628544
1068285366065459201
1068286927588261888
1068288473617088513
1068298219921334272
1068298927903055872
1068305136324231168
1068309599474847744
1068310611984039936
1068320441335463937
1068324676739522561
1068333816534589440
1068337010086166529
1068351266911186945
1068353250242396160
1068370218060300288
1068378234641940480
1068388788760715264
1068389580666228736
1068393096738615297
1068397968838021120
1068406715908063232
1068407414834249728
1068409432311255040
1068412362443640834
1068423481535156226
1068441403389296640
1068443975323922437
1068445067931803649
1068449016051052544
1068449506784567296
1068455614295285760
1068455628350337025
1068458160481013760
1068464348312608768
1068473548539379713
1068473715053215744
1068476167886270465
1068478823304355840
1068481692854378498
1068490792099024896
1068499579220447232
1068502891030138881
1068510824988332032
1068517552224055296
1068542313301979136
1068542565379702784
1068549036779741184
1068555769904275456
1068564991903784961
1068565939409440768
1068566059526049796
1068569923155304450
1068583682578022400
1068584037416148992
1068595302901395456
1068601885429587968
1068616719818731520
1068617337228660737
1068623557385568257
1068628434111344643
1068648415775592448
