870072934856929280
870075431755448320
870075708441214976
870076251716956160
870076765133307904
870077816464744449
870084756922388480
870086005595881473
870091901113729024
870101712010264576
870105338401480704
870106330341806080
870110664307625985
870129391056994304
870131304053919744
870132806466191360
870135570105683968
870147368666005508
870154340975218688
870156548726771712
870158898807820288
870164949926109184
870166030483546112
870166074423214080
870175693665177600
870177836946141184
870179119350169600
870183132263206913
870195768422006784
870196233385541632
870197057767620608
870197111005904896
870203530300104704
870209845353467904
870231064752640000
870238086445268992
870246102192316418
870255874136256512
870261671864016897
870269472405192706
870279506023505920
870280465688784896
870281577133199361
870282799395241984
870283501597323264
870283545553641474
870284160006598657
870284685561278464
870285369870254081
870286397336416256
870286419083886592
870287321677012992
870289264902365184
870289737189339137
870290342985072642
870292104450387969
870295468693221382
870296480845836292
870297437499478018
870299126579085312
870299829515149314
870304015870984194
870304456260296705
870304714214301697
870305059195817986
870306165854539776
870309852081528832
870310682725670913
870310889487912960
870311507308838912
870312097879601154
870313478569029632
870317454400081920
870319028312485888
870320371555340288
870321659198222336
870324570535989248
870327595119763456
870330582156410881
870334991653249024
870337157994393600
870338314368417792
870338443611697152
870338453300555777
870338986413219840
870339240453910528
870339290798149633
870339795377115137
870340180422647808
870342336278134784
870348572830597120
870352826660265988
870354752667873281
870355282836111360
870357871158075392
870359707000504320
870360210715549696
870362958177685504
870368130010419200
870369503632388096
870374048169152515
870381169661095938
870382359601963008
870382712330244096
870383015138119681
870391751038701573
870397748411072512
870405468987940864
870406366531289089
870417008294334464
870421958428512256
870425324793810945
870425387708276737
870429921335816192
870435218741702656
870442164089753602
870443160635269120
870445253593006084
870445650357432320
870451172590538752
870456394100596737
870456967873036288
870457818066952192
870464997448491008
870465154714042368
870478731931942913
870485140601962496
870516658246266880
870538763944030208
870551570403926021
870554999683653632
870558619326009344
870560117133017088
870593852335194113
870597395909718016
870606144565325824
870610223114985472
870610247039287296
870613694316777476
870620649730998272
870641985731866626
870645375316574209
870655178428612608
870659428193677312
870659779223371776
870660654172180485
870666319842091009
870681879518732288
870685415241535488
870697220118466560
870707092683751429
870708658396516352
870713267114491904
870715155444781057
870721201462706177
870726345344655362
870735266667012096
870740514160746496
870769893825798146
870797575129092096
870798023902851073
870800888213975041
870819439633190912
870854496448118784
870868226103705600
870873689159376896
870876773638078466
870895693342404608
870916437019439106
870935197788909568
870936329848324096
870937378407370752
870939374912815105
870942979468472321
870943140290625541
870958502172270592
870961774165504000
870969059256487936
870982208374398977
870989212480409600
870993339427979264
871000776574812162
871003546933579776
871005706136178688
871006819300253697
871007069691797504
871008526809911296
871012372575657984
871019651345530880
871021171369816064
871022168804433920
871042480980054016
871044063054749697
871048850412371969
871049096215142400
871049818461876224
871052366090428417
871058749410168834
871064195713744896
871069569049403393
871075319859392512
871081238001577985
871090243608379392
871097024527118336
871100239419236352
871110004652245002
871125355787993089
871138761635246081
871144807716052993
871147861597204481
871148117432967168
871156461597896704
871157577282981889
871173409090260992
871198111095439360
871222498783879172
871262259993096193
871263384485773312
871276475298836480
871287146094751744
871298017248391168
871309256716419072
871309769289682944
871312128149291008
871314092341960704
871317881459486720
871349765518315521
871354615182372866
871358126238322689
871361100994031616
871370595082088448
871374005047046144
871381847569256449
871386185700081664
871386433189289984
871387351330770944
871390965549985792
871395855122796544
871408022542798848
871409225850699776
871410235604447233
871410893099331585
871413629043826688
871413814427779072
871422832189853698
871424308454858752
871425029606690818
871429218462314496
871429853475622912
871431735812255745
871434902566309890
871440545138323458
871442833554780160
871445289743380482
871445557763424256
871462510230200320
871475337238073345
871476952963612672
871477343612805120
871478602503786497
871494787144138752
871495107798642688
871500012823248896
871501931109285889
871505596696076288
871506511067054080
871514917718835201
871517101252526080
871517953153519616
871521058607726594
871521859694714882
871523282834538497
871535972281974785
871547340946984964
871551336449417216
871556135580573698
871572568012189697
871575318082932738
871575426841198592
871577831867863040
871580263603679232
871582360436826112
871589896770777088
871591042247774210
871595981866979329
871598409517543425
871601544923418624
871602418454323200
871602631944396800
871602806435835904
871604095328677888
871611723521826816
871614023569166336
871617621959081984
871620322235006976
871620614187917312
871621961931259904
871628665964052481
871632431148871680
871632754990919680
871637019738419201
871650814556725249
871652257271607297
871653046195040256
871653075957592066
871653843569958913
871655549359845376
871656208717029376
871658159072579584
871661455090831360
871664271448391680
871668174655070208
871671325647097857
871671771862323203
871674803949850624
871676849742655490
871677294737330176
871678479196200961
871679434255998976
871683277743992833
871683299739131906
871686464328937472
871688052279738370
871696858527260673
871697827549896706
871697870340149249
871699135333670912
871700825206345729
871704808956334080
871706269400186880
871708409782870016
871709140162408448
871709731387211776
871709880691937281
871709984714870784
871710727102496768
871710863442489344
871711211238285312
871712491650162688
871713315420024833
871713392200962048
871715128214904833
871716641079480324
871717754222424064
871719601532436480
871721394916216832
871726311059767296
871727748435333121
871728322622836736
871729331537494016
871730305295671298
871730309057982464
871730641838239744
871730721362259968
871731730943799296
871733601595011072
871735152631848960
871740361563090944
871742099670134784
871742758595198976
871744267722641408
871744924890177536
871746633721143296
871746948050468864
871747441120301057
871750216021659649
871750278160109570
871750963391938560
871751137556176896
871751765435219968
871752114841767936
871752734352916480
871753121030131719
871753153510768640
871753413796794372
871756040710144000
871756745772814338
871757623195869184
871757740661764096
871758709118074880
871759352096407554
871759454433312768
871760439683805184
871760974893780992
871761390549307392
871761619545731072
871762577956769793
871768025908772864
871769115614003201
871770756824182784
871771610843197441
871772119566340099
871772514652782592
871772836788133888
871773094729449477
871773873460592640
871774982174625792
871776277799157761
871779177741000705
871781042956505088
871781643987681280
871785699476992000
871787469028687872
871787637849427969
871788714070089729
871790072030535680
871792685505552386
871793674933456896
871795108949008384
871797009824526336
871797347482607617
871797909523746816
871798923333160960
871799324245499907
871802936615202821
871803802084618243
871807111818125312
871808161359036417
871808189322452992
871811086848282624
871811130376597504
871811564483084288
871812945654796288
871814777324097536
871815364107284480
871821564106469379
871823412112621568
871825968150847490
871826635045163009
871827298927902720
871829039216033792
871829965301534722
871830779122393088
871832222273339393
871833117748858882
871835292919091200
871838058827665408
871838222233489408
871839365168869377
871840285801803776
871841285300269056
871844107777429504
871847079034855424
871848130697809920
871848623272808449
871849017948471296
871849377886851072
871849953261490178
871850260297068545
871851658246074368
871853544411942912
871854171913310208
871854355779117056
871857440756822018
871857719879376897
871857839924535297
871858676990070784
871858874118230025
871863590223052800
871865147144511488
871869352345165824
871872351671025664
871872824390111232
871876857624498177
871884943823130624
871886090562662401
871886413092065280
871886912054853632
871888865073737732
871892432572608517
871892444090167300
871900435493335040
871901995870953472
871903210453250048
871907091853619200
871910209492574208
871910355869552640
871910726817914880
871913009593102338
871913038554710017
871913933170454530
871915653266944000
871917904937320454
871919106429202433
871923947939520512
871930813578969088
871931128143282176
871931228412416000
871932201537077248
871933436272951299
871934398463082502
871938565911052288
871939948336865283
871939994054774785
871940725566353408
871953633935601664
871954994580389888
871956750311849984
871960563756056576
871966557429272576
871966678648860672
871967901296713728
871968981510479875
871969316811526144
871969362155982848
871973486411042816
871977973879939072
871978943632482304
871981185055981569
871984074742804481
871984238928699393
871986016906690560
871992188846174208
871998671474348032
871999734382284800
872001123887980544
872001483830677504
872006728803647488
872016217577406465
872016586269487105
872018057924837377
872018500096847872
872023485450784769
872025206855958528
872025731097907200
872026722241323009
872027131588599809
872028828591427584
872033355923169281
872036730232123392
872037167501017088
872037356462854144
872037372376096769
872037491913748481
872037524658683904
872037541427507201
872037617768038400
872037843400577024
872037858500116480
872038200331644928
872038215426953217
872038480540557313
872038743502454784
872038870183030784
872039083224248321
872039126207430657
872039148265381889
872039478327750656
872039987520446464
872040262272471040
872040333588168704
872040568452517888
872040695959359488
872040838553010177
872040888897343488
872040981574692864
872041117050699777
872041156917563393
872041219819491328
872041297816715264
872041676411482112
872041752076615680
872041987381350400
872042240276918272
872042256496300032
872042629541879808
872042730624626688
872042788480831488
872042940465635328
872043059806121984
872043402950569984
872043499406929920
872043637831499777
872043733482692609
872043889494044673
872044002304032769
872044079084969984
872044743466897408
872044759803723776
872044774500552706
872044804712128512
872044852497842176
872044953584709634
872044997612376064
872045133944033280
872047427410382848
872047928600285184
872048319706664960
872050522349600768
872052041379708928
872052398914764801
872054665088729089
872054872681664514
872056526403403776
872059458746286080
872063031043383296
872063459269255168
872064410130448385
872065173510651904
872067552519872513
872072872155643905
872074271773794304
872086077288435712
872086403831779328
872090847675895809
872091694073819136
872091717989572609
872092853807308800
872093631003471874
872095164260601857
872095229473677312
872095367428440064
872095921940594688
872097790058475520
872099050887282689
872099227903574016
872100976081108993
872101241589043202
872102487330828289
872103025824980992
872103561030774785
872104243867418624
872105721936175108
872109336562094080
872109352081141760
872109571019616256
872111851076689920
872113323529162752
872114221697335296
872114496415956992
872115959791837185
872118106038169601
872118292265275392
872120717399265280
872120731789922304
872127961402679296
872128962184347648
872130089588318208
872130456833204225
872131761827971077
872131989578461184
872134082146074625
872134206721335296
872134338397089792
872136615484948480
872138073852829696
872139450842832896
872141667930918913
872142584403152896
872143420797669377
872144682171715584
872146441925480448
872150634115383296
872154635489787904
872157463704985600
872158321834328064
872164192198967296
872164996654010368
872169027824742405
872172421008306176
872173627688587265
872173775361630208
872178976717930496
872179510237683712
872181341277835264
872184020339130368
872185677521326080
872188545225674752
872188853049864192
872188936642330625
872189902242406402
872192371470905344
872192659355566081
872196810475012099
872197727320514561
872199046026362880
872199662337376256
872201449349971973
872202187954307072
872205992645152768
872206705223901184
872208339353993217
872210858008563712
872211677172944896
872212462329790464
872214018429210624
872217373020958720
872218303346995200
872218995415560192
872222571202134016
872222833182638086
872223702645125124
872224189188636672
872224270981771264
872225262087417858
872236668920635392
872241410191347713
872242561099943936
872247237753147392
872249759733395456
872250152362311682
872252172750159874
872252776306294784
872262038613102593
872265156226555904
872266621737467905
872268153597943808
872274967546691586
872277461488324608
872284934890807297
872284995271876608
872286999536742400
872287072308137985
872301109993459712
872302097030496256
872303347453366273
872304803011022852
872305362812194816
872308809435410432
872309235014660096
872314861266636800
872314919563272194
872318523716104192
872319476640997378
872321169667629056
872327154335461377
872329576550105088
872330361732313089
872331128866316289
872332218944954369
872333820749598720
872334614366490624
872335235912019968
872336521881432065
872339843388407813
872340613919846401
872340987972136960
872341129315930112
872345665489301504
872349053639700482
872355106024546304
872355433574526978
872355679784378369
872362501907791872
872363511481081860
872363570541015045
872364068400771072
872365026371399681
872368691803021312
872370449623207936
872370557236465664
872371741464645633
872377606900928512
872381115297918976
872383621843345409
872384000555438084
872386832151007233
872387487301238784
872389292521336833
872389313492918272
872391047833374720
872391740191277056
872395987301675010
872397337204862977
872398468811288576
872401894324523008
872405788291022849
872406208564559872
872407166854070273
872407795114668032
872407895446573056
872412489564254209
872416333153087489
872416645247008768
872420889052172288
872421644333191170
872423181247709184
872424250866626560
872425500689539072
872427141920587777
872430535112630275
872430884921716736
872431774521057280
872434324657799168
872435615660462080
872439002984357888
872440614960467968
872441553150541824
872445057617580032
872446419793309697
872448650743615489
872452587928207360
872456807805067265
872457643318812673
872462500335411200
872462908474753027
872466955902627840
872468550593728512
872471064273539073
872475741690109952
872475901967163392
872477074287734789
872478053225648128
872479422657445888
872479620238585857
872482677282279424
872483610795929600
872484640807952384
872485157940449280
872485630374289408
872487142689320961
872487614548500481
872487732416831488
872490842707152899
872490853423566848
872491114300887040
872494100729266176
872494101475852288
872494976407552000
872498403564900352
872505384556167168
872506734727843842
872506740989886465
872506835374419968
872507054707036160
872507401190113280
872507513186418696
872508911152230400
872508951824400384
872509124218466304
872509462686425089
872510476038570000
872511483908726784
872512762882162688
872513121365131269
872515954651127809
872516002453626880
872516133752012809
872516387746480129
872516606055809026
872517436909682694
872518279138611200
872522524030009355
872522730133913619
872524496774864897
872524719903387648
872525050271760384
872525118752251905
872525750854979584
872525972741992449
872525995814907905
872528746951184384
872530521854795776
872531260715008000
872531769265881092
872533256574566400
872534031228862464
872536190850912256
872538257590013957
872541185893695489
872541680909471744
872543947024879616
872544231805657088
872544554351824896
872546720286216192
872547689577230336
872547820041056259
872549050196926464
872552661945434113
872554126474960896
872555548855508996
872555604660846594
872556218136625154
872556349992906752
872557428738584576
872557672444436485
872557985201106946
872558214348505088
872558217271947266
872558428245381126
872558786459971586
872559528008712193
872559657621086209
872559729750532100
872560203690119169
872560332069380096
872560397081079808
872560405025042433
872560483475361792
872560546784043008
872560669287165952
872560863894536192
872561137354780672
872564822898036740
872564838412701698
872566017003667456
872571111392780288
872574891232460800
872575132497301504
872576844591005697
872578316376657920
872582707418738693
872583049677905920
872583496048545793
872586982911639552
872587829481619456
872588320622211072
872588332798279680
872588992063062018
872591551108702208
872602087183589376
872607339290927104
872607614437277696
872615379373314049
872618632882343937
872619274128568320
872621820960288768
872621836491603968
872622713948389378
872630259501453312
872636527452364800
872637746719936512
872643969821364228
872647377718398976
872648741702033409
872650114057293825
872650204687761409
872651875669200896
872654651862241280
872655525556609024
872659465878863872
872659702240477184
872660465171570688
872662483051335681
872664098693099520
872664919958708224
872667393323028482
872668012611911680
872668917554176000
872669917069410304
872682349581836288
872683354335965184
872696292518002688
872696581060927488
872698216843694080
872699444118130688
872702765142880257
872703101815455744
872708225707241472
872710673951752192
872715830559031296
872716558136639488
872717811533189121
872718915314569216
872719179132137473
872720343764520960
872720684413308929
872724667743838208
872724680783908864
872726582921711617
872732943399010304
872743515775619072
872743617269448704
872744289180282880
872744755180044288
872749566478647296
872752770478112769
872755258635808768
872757990604120065
872760371404300289
872760503482953728
872760899458564097
872760907310317568
872762827194253312
872766585680932864
872768177645604866
872771569789087744
872776289207422979
872779595573063680
872783590672617474
872784421564186624
872785051972390912
872785537488179201
872785692438540289
872786388672012288
872786993058631681
872787359363977216
872787615103299584
872788466941165568
872793105744965637
872793171704467456
872798330262257666
872798376831537152
872801875304652800
872803369328537600
872807718385537026
872808047210635264
872808357584916481
872808765699108865
872808917105078274
872809232101502976
872809305933848576
872812101034807298
872812370703384577
872814162941968384
872815178248749056
872815611247812608
872815900214386688
872816054476693504
872816055814680577
872817081758167040
872817699138801665
872817822874746882
872818210034376704
872818671806238726
872820259769765888
872820296704819200
872820407828570113
872820605405376512
872822302408310784
872822934494228484
872823061589893122
872823253261320193
872823256620834816
872825429685612545
872828485504565249
872828731450109952
872834609704259584
872836625935376384
872838892550057984
872845580824981504
872848188398387200
872853703899926529
872854983984762882
872856524569415680
872861037401325569
872863317236228096
872863454381707264
872866442856734720
872869544943128576
872872392464445441
872873842443735041
872874278647201792
872876485278928896
872876896291241984
872879669997174784
872886730684235776
872891239145680896
872894053515440128
872897512922910724
872902630783242241
872904070872219648
872905045104365569
872905267410817025
872911366352502784
872912358309494785
872913737879080961
872914446666092544
872915066974240768
872915910461448192
872916297188769792
872919622021992450
872921757333598212
872924702565478400
872936646995566592
872938465339596800
872947506577014784
872950899785830400
872952140033118209
872959887743102976
872967803917266945
872970004395835392
872970074038185986
872970990082543616
872974309848961024
872975469154586628
872981682105843712
872984902584733696
872985654207971328
873006781747912704
873010376673251329
873015306641326080
873019302156181506
873022089153794049
873025084440457216
873026426231857153
873027770049101830
873039947757899778
873042984035508228
873045502723465216
873048022241861632
873048980627767296
873054272564232192
873062286629322754
873064899269632000
873067106295730177
873079116689416193
873088299287445504
873090400679976960
873093092143841283
873095333147951106
873097201295032321
873097748211355648
873102629089366018
873103026327756800
873105027014852608
873105838201688064
873106023162171392
873110362437992448
873113004564373504
873115469582028803
873115515333394432
873115688944021504
873116015244095488
873117729397497856
873118322971222016
873120079096852481
873120630672990208
873132829437083649
873135586155954177
873135990218555393
873136012435881985
873137686927867908
873147294702419968
873147887521280002
873150688913764354
873151016740552704
873151197498064896
873155080572239873
873158589111836672
873160027590275074
873161430773768192
873166137697214464
873167120749789184
873170107471495168
873171306191126530
873172223128940544
873172531410325504
873172585105813506
873174266019274756
873177778518204416
873178888297304064
873180152469041152
873180641097125888
873182753336029185
873186688419340289
873191259375927296
873196238518333442
873196351496089602
873203997036990465
873204911009402881
873208712713973761
873209192139673600
873211335798075392
873212651589038080
873215938262310912
873216423971115013
873219242094669824
873223423010381827
873229353324351490
873229847409176578
873233350051409920
873238268887928835
873238524782288896
873239480886603776
873241255932776448
873242804830523392
873243689858027521
873247380019261442
873247777639235584
873249329959510017
873249346862682112
873249457860726784
873250092060463106
873250389839286273
873251260597776384
873251908198301696
873253623567794180
873256446837760000
873258193769648128
873261453767315457
873271292572651524
873271864679968768
873281473125765120
873283543627124736
873283589881950208
873291354364948480
873299682604097536
873300232020295680
873302505739911168
873302517517516800
873303084574932992
873303781223485440
873305417459408896
873305541996662789
873306404345573376
873306563313664001
873308140808392708
873309416715689985
873313898832769024
873314518662881282
873315116367962114
873316338986434561
873317810344271872
873323127870304259
873323999031304192
873324970440617984
873325779958059009
873326569749585920
873328525134229505
873335789249327104
873339140066222081
873340345500565504
873341951088640000
873342309718532096
873342667056455680
873342872153710592
873345969248546816
873347449821200384
873348115872579589
873353141890285568
873354062124732416
873355282268774400
873363178461159424
873371668550483968
873375177089757185
873386976233312256
873387342278651904
873393673584730112
873396962120171520
873401847859597313
873410413467062273
873415453326102528
873417449391112192
873420481881190401
873422055567273984
873428107952369664
873431247824896004
873431668496977920
873431773790826496
873438092518084608
873445906493952000
873446265119494144
873451687498964992
873455751766736898
873456416568352768
873460664135757824
873471857890131968
873472263495929857
873472265194790912
873473212256059393
873474413898989568
873479825825988612
873484394266329088
873504750892851200
873509493409239040
873509507233710080
873510106205433856
873512498024112128
873513064422944768
873515382639906816
873517798131105794
873517931086233602
873526403140079617
873529957397430272
873531204359802881
873538736486838272
873541408682123268
873542405278113793
873543031898722304
873548317199802368
873553557064232960
873557555099967488
873558642661961728
873558887240146944
873559155159822336
873559289847140352
873560103978512384
873560142553501696
873561400102182912
873565356484415488
873565617395294208
873571466679156736
873572728405508096
873572901634670595
873581649262510081
873584237559115780
873584718662467585
873585811442114561
873586213948723200
873601297911615490
873602481951051776
873605872618004480
873607871635881985
873611751769722880
873615562294820864
873616159383457792
873616640688226304
873616770275332096
873617175008903168
873619357745786880
873623383442771968
873626835359330306
873628709764210688
873630625080717312
873630632018104324
873631034696511488
873631110701359105
873632459056873472
873634385097916416
873636174799282177
873636890351685632
873640385880436737
873643077872664576
873643841995386880
873649480385478656
873662067294720000
873662432421580800
873662723891970048
873664031701307392
873664279559495680
873664568123420672
873665314290106369
873666199724281857
873669112257327104
873669343766249472
873671638490939394
873677161973948416
873683681424023552
873688356575731715
873689484390477832
873692265209765888
873699320473632770
873707361793228800
873709410559954946
873720160347193344
873723820665974786
873725241587118080
873733685236912128
873734217057828864
873737328820224002
873747101590712320
873751999069769728
873752136395476993
873763083537305600
873764746024976384
873765407185711105
873767763138957313
873772794202341377
873773934184935428
873775560756998146
873775701241024512
873777665446117376
873778197703278593
873779677470576641
873780505816289285
873782674560880640
873783365916348417
873784875060535296
873785376271237120
873787451185266688
873789118823763968
873794411649540098
873795463576793088
873798225530159105
873799235921211393
873799519862800384
873805538286596096
873820107360788480
873820421342277633
873820732572217345
873826540005412864
873830676407169024
873832194560622593
873846957336399872
873860873319661568
873871418458603521
873872702490025985
873872922271731712
873872980186734593
873874030000046080
873878207950401537
873878951168536576
873883278855606272
873885539157422080
873891074317705216
873891786179190784
873892410287300608
873894438694793216
873896856576811014
873900593357746177
873900636990865408
873911038244134914
873916606094692352
873918761421746177
873924405532819460
873926144235646978
873926299903041537
873927167641518085
873927450752843776
873930742467788800
873932625701982208
873933856738377728
873934880442376192
873935158642184193
873936800921903104
873936823768297472
873936963006582784
873940902305071104
873945648890073088
873945940914167808
873946561276936192
873951475310907392
873954890741161985
873955837915615232
873958369601753088
873961036646305792
873969683199795200
873969789328293888
873971693567520770
873972856618659840
873973227403563009
873973227793547268
873976409185824768
873978286883434497
873979599373430784
873982935950667776
873985160194048000
873986148363902980
873988450629935104
873992230930927616
873992573618192385
873996276777590786
873998988395118592
874000609422319616
874007947411693569
874011249604001796
874013588763152384
874014620880486400
874018694896250880
874021548725764103
874025215386406916
874026181368004608
874026643513368578
874027238601236483
874027359908790272
874027916920860673
874030884411789312
874031499279974400
874033519692890112
874042086131105792
874050736048541698
874053808787255300
874056220088422401
874058597264637952
874061448271470592
874063940128518144
874069758450126851
874072270448111616
874085419561828352
874089906645196800
874093920199864320
874097705777324033
874101913268232192
874102471949336576
874106982910746624
874110513436925953
874110739757371392
874112214902362112
874115187175026688
874121611787595776
874129395098812417
874130860240490496
874130993636048896
874135505012764672
874145248263393281
874147769170001920
874150406129102848
874150481182019584
874157331080032257
874160777388752897
874162184573538304
874167583464972288
874170555963850753
874182755113947136
874187528214945792
874190059590868993
874193231650717696
874193669103988736
874193773965840384
874195353129676800
874198139804176384
874199371700723712
874201772083920896
874203278250315776
874208166292054016
874208359251144709
874216289497231360
874217207533887488
874219866739404801
874221640917426177
874224763157262337
874235096240316416
874236936268816384
874237888833212416
874238421476290560
874239002420940801
874246579393359872
874248758351024129
874250168895393792
874250911799013376
874250951552450566
874252276986236930
874252654863683584
874252763928170496
874253931605610496
874254132949000192
874258771840729088
874259159788789760
874263266456940544
874265556551184384
874265832125325313
874268566777847808
874269928865529857
874270903458312192
874274357979336705
874274606575755266
874278900704186369
874281665606148096
874282705793495040
874283203229626368
874288992207998976
874290424139186180
874300004772585473
874304810786357248
874305217889685504
874306567587463170
874311484171571201
874311747036995584
874317543854538753
874317678302961668
874318173239214080
874319716420136961
874323267225493504
874323423350071299
874324154320912386
874325687884062720
874326448617607168
874334932000272385
874335103136223232
874338502330155008
874340785629478913
874341298131652613
874341809400537088
874342750195519489
874344039948144641
874344316159881222
874344500059131906
874349308409253889
874352354643984393
874353928833552384
874354034131574784
874354580653518848
874355148977565697
874357218791104514
874357223048200192
874371108300099584
874371748346511361
874374264526217217
874375701075337216
874375906646786048
874379731281391617
874381177032986624
874381356238860288
874382713532424197
874386841134223360
874389361416060929
874389389199237120
874393757860352000
874395962483126273
874396449013997569
874397074682507265
874398937909800964
874401470883536896
874409899333124096
874415055848091648
874415520107425797
874421122841755648
874422069102030849
874422893710422016
874424085719035904
874426283517632513
874428623259934725
874431124243718144
874439421722066944
874440116781162496
874445063517986820
874447593937539073
874449756105261056
874462344046272512
874474196335603712
874477441015726080
874488540440252416
874489765168635904
874491521583652864
874491689104224256
874493137389064192
874495008048545793
874495056287195136
874495618294718464
874495746069979136
874496387563626497
874506762589790208
874511239988232192
874511388886130688
874514682979139584
874514779154591745
874525251505233921
874539971822194688
874547299258650625
874550677795680256
874550910994837504
874551297709678592
874553833988534272
874558304508194816
874558622700896256
874560135930286081
874561757435633664
874562671923875840
874563839064367104
874566448085176322
874567279039594496
874567848844288002
874567863528566784
874568035083759616
874568545107148800
874572168561999872
874582381344075776
874582640485048320
874583088852070401
874583620572381185
874585892328845312
874593918125580288
874595014936023041
874597227108474880
874597476858187777
874602027363512322
874604678381801472
874605040555655169
874620673859215361
874622441498320896
874623181117681665
874625169448415234
874625650539278337
874629880897564673
874630482369159168
874631755365482496
874642265012031489
874647667703521280
874652766299443200
874654181025615872
874657575085776896
874658303028203520
874659632165392384
874662898672521217
874663990248472577
874667930373550080
874668036497829890
874668650791411712
874669637883101184
874670589591552001
874672719001944064
874672901533913088
874672974288240640
874673300764409856
874676250207338496
874677375119872000
874678577631023104
874681391077879809
874682381038489600
874682984573652992
874684717651693569
874686730091339781
874686738454773762
874688835640147968
874689631287205888
874690834628726784
874693392340574208
874693509344874496
874694373291720704
874695326745153536
874696751550275585
874697647449403393
874698479184031744
874700778992226305
874702259908734976
874703259855982592
874703921691762688
874709112986247168
874710133162594304
874710557080903684
874729805194952706
874733211536027650
874734159301947395
874736988762591234
874739909671743488
874741796357591040
874742255541559296
874742425843052544
874744362126725122
874745304813379584
874745447834947584
874749227313750022
874754383816294401
874756273740193792
874757182654488576
874758836871208960
874758866688495617
874758993767542790
874759999960092672
874763259802517506
874765217267429376
874768354615193601
874770573603241985
874770906417123329
874772461258244096
874773115569614848
874775150654304257
874783477933252608
874785466536644608
874786180814049282
874786355716513792
874786473983082496
874787683221905408
874789498105856000
874791886753591296
874792145101705218
874792214316167168
874796900188401664
874802136776925184
874810124858269696
874816924647030786
874819430747975680
874828692199022592
874834565046693888
874836543072079873
874837461201031168
874854253545885696
874857666451050496
874859360534634496
874859389462732800
874870028713287681
874878866128605184
874878899251015680
874882948859822080
874892239973101568
874897204892377089
874907270433394688
874907339178029056
874909190959104001
874910437908901890
874912067815436289
874912310913007616
874912338721337344
874913108850077696
874914570967670787
874915128411648000
874917915941896192
874918596257996800
874921793131360260
874922478493216769
874923811434631169
874930765171175427
874950389061341186
874951030747824129
874954120574238720
874958348101103616
874959824160604160
874963534450352128
874966406273662976
874967496394199040
874969120562872321
874972221630025729
874972576539398145
874972698161463297
874972982120153089
874975726012846080
874976411949420544
874981032679936000
874987803259658241
874990458245718016
874990666551484416
874994073572171776
874995129303482370
874996682878062592
874998038888165376
875004760268713986
875006213360164865
875007211428339712
875008722879303681
875009170566787072
875009963722240000
875011458056192000
875012755446796288
875015018689040384
875015803422330880
875017982791077888
875018002105647104
875020649978376193
875021019898982400
875021554681356289
875023291123200000
875023541103599616
875023823791370240
875029639206494210
875032425478410245
875039835974754307
875042621818888196
875046609083666432
875047297226227712
875054838555570176
875056718023188480
875060677953560576
875060960137850881
875063631922245632
875064909570166784
875065564938371072
875071498356228098
875071705525440513
875071733656674304
875073530479747072
875076726950440966
875077226068357120
875080666261577728
875084913824944135
875085876849655808
875085887343906816
875095676010586112
875104568220106752
875105587985625088
875106044732727296
875106048495017984
875106176937099264
875108499440750592
875115786435690496
875116173142228992
875117381110181889
875118036260356096
875119669027287040
875123186446323712
875123698134523905
875125626679824384
875127378200018944
875134649479057408
875134767158616065
875138652522897409
875144833463009280
875146280682631168
875146570936623104
875147991140773888
875148419781808130
875148855167377409
875149972949397504
875161946814726144
875172844157759488
875172995903307776
875178510964412417
875184452623904769
875210229125857280
875226978252722176
875228248724176896
875233247080443907
875239464687157248
875246056870748161
875246502226087942
875246551836348418
875247991837396992
875248307563618305
875249098600984576
875250059495043072
875251790073253888
875258827251134464
875276096903593984
875285649015877633
875288680042287104
875289789628416000
875292809942544386
875293056567783424
875305052289630209
875308093508399104
875308195081859073
875323008511918080
875326025558769664
875331317457723392
875332352184078337
875341635109965825
875341793960886272
875350191376814081
875355727014969344
875371053857591301
875377930859360258
875380390789234688
875380962489757697
875382534909177857
875397752510861313
875399708105199617
875399830620831744
875400077594030081
875404219884294149
875404802481467393
875408207157612545
875408690186268674
875409306878971904
875410065485963264
875411734395277313
875413877655306240
875414073986482178
875417507875627008
875419521129078784
875420847376412673
875421882094411776
875427115583275008
875427773128597504
875427949784080385
875428104772169729
875428710869905409
875428892902924288
875429272231571457
875429387390386177
875431225694896128
875431521863249922
875431561717465093
875434416365023237
875443777497956354
875445040524521473
875445960343773185
875453252958945280
875454550307733508
875454635011706880
875461421827465217
875461921507426305
875462793360789509
875465082192498689
875468156168548352
875473621778440192
875479129746964481
875507220779196416
875509888687853568
875512945484210177
875514970506747904
875516863790407681
875519307395997696
875532094180610048
875534405661372416
875536160923148289
875536919718842368
875539833900421121
875540033943547905
875541924396118016
875549509312430081
875551443738021888
875559057674784772
875560776475574272
875570538327941120
875577292830908416
875591781206835200
875592369663385600
875609891733360640
875610053675425792
875612419350908929
875612835350421506
875620800665075712
875620856126296067
875622231417659394
875623837248831489
875624034142044160
875625184635506690
875626140949295105
875628206681804803
875650582005948418
875654347203293186
875654975937945600
875655947292725248
875670301912186884
875671829913972736
875676670501498884
875676808489967617
875676899141439489
875678253498998784
875681226492964864
875682688967036928
875682691135438849
875682754209427457
875683536203907072
875686144058503168
875686455791800321
875687000279572482
875689882634645507
875690310839533572
875692035134697474
875696671505752065
875697449549037569
875698951944634370
875704021843050496
875705225402822656
875706851920424960
875711159906611200
875713811143163904
875714146683166720
875715607122952193
875716807532974080
875718178235715585
875721778605182977
875721968808603648
875723104026099712
875724459843477506
875726309305065474
875727581718425602
875727671619010560
875733258452873218
875735080446160896
875735933605347330
875740362752577536
875741483059564544
875745860214304769
875748725330763776
875752849203798017
875754971102273536
875755254314409984
875756552745037824
875756880768925697
875756972309655552
875757454096826373
875757600952000512
875757796775604224
875758152876249088
875758213999755265
875758840754704388
875759577354186753
875759778286501889
875759880099037185
875759904421801985
875760203077218304
875760422007296001
875760724395655169
875760991405060096
875761535586643968
875761794819731456
875762147560763393
875762246802124801
875762514528784384
875762920424054784
875763096723365889
875763207457169408
875763240592179200
875763657497600001
875763695116222464
875763729408937986
875763981234966528
875764324731678721
875764484186550272
875764513135616000
875765022693183488
875765086928941057
875765171632848896
875765230768455680
875765243032600576
875765254571077635
875765768893284352
875765775621029888
875766000993669120
875766064386379777
875766554927001600
875766646433959936
875766705930330112
875766955361402880
875767274346512388
875767305703129088
875767343841894401
875767408463667207
875767480609886208
875767557592039424
875767628249403394
875767698491420672
875767774626406400
875767925247942656
875767952687026176
875768123206635520
875768224314478592
875768311505592320
875768314840178688
875768496172544004
875768533363437569
875768579068657670
875769177327271936
875769253542100992
875769314971930624
875769378100449280
875769501849092096
875769832762945537
875770029144494081
875770064288579586
875770274423218177
875770617097846785
875770665332297729
875770815475834880
875770956047937538
875770999626768385
875771185442807809
875771397313884161
875771455622987776
875771832187727873
875772027650617346
875772078468870144
875772096428769280
875772118423699461
875772225277878272
875772233997746176
875772298183102464
875772333402845184
875772455884926976
875772494879260676
875772523421589504
875772750039842816
875772883691200512
875773237753458689
875773262038478849
875773435682619392
875773499855556608
875773653337726976
875773889447686145
875774513610403840
875774524943454208
875775242593083392
875775515600109568
875776100743483392
875776626713165824
875776690047389696
875778282226110464
875778382860087297
875778961263009793
875779230922977280
875779960732082178
875780065623068673
875780106714787840
875780432587104257
875780468662312960
875780493425422336
875780730395123712
875780736678232070
875781301244178437
875781414935040001
875781624214036480
875782946657107970
875783699480145920
875784478014058496
875784782948573188
875785038385827840
875785491483963392
875786461915820033
875786546380763136
875786712315830273
875787296162951168
875787656038416384
875787845201412096
875788593054310402
875789347630567424
875789558344019968
875790238911778818
875790302820413441
875790303583756289
875790337029033984
875790478796615680
875790778261528576
875791197893255170
875791507575517184
875791543302488064
875791672294215681
875791780721168386
875791783204139008
875791789931802626
875791996736217088
875792057104773124
875792564150046720
875792766072221697
875792773093498880
875792938634272770
875793137171562498
875793908063584257
875794017128198145
875794116122222592
875794284720640001
875794307780943874
875794782949437444
875794814884818945
875795176014348289
875795241000894468
875795271212519424
875795329504993281
875795898269356032
875796032902369283
875796284145381376
875796397802565632
875796761880788992
875796829069336576
875797080656228352
875797284918874114
875797538657288192
875797897706647554
875798175340253184
875798271003959301
875799051958091776
875799083998466048
875799265439866880
875799322927001604
875799521724444676
875799643791261701
875799736313368576
875799882187116545
875799891242627072
875799980149223425
875800016660688896
875800283426803714
875800546799747073
875800622301368320
875800733865713664
875801527461588992
875801858799009793
875802563173658624
875802788684603393
875803584738230275
875803640333840384
875803810832109568
875804062914158594
875804331324227584
875804533099724800
875804748229881856
875804935740370948
875804976408350720
875805439660703744
875805503653392384
875806165929787394
875806204496416768
875806227158249472
875806232627601408
875806525373198337
875806930538815489
875806967876526083
875806990114713600
875807112143675393
875807541229473792
875807581050204160
875807991697506304
875808306278916098
875808313413427201
875808425833254912
875808500034789377
875808658193625089
875809582005833733
875810264586883072
875810491523883008
875810755752448001
875810871519399937
875811781675036674
875811911282982912
875812279970918401
875812640794300416
875812745098211328
875812752677257216
875812767353253890
875812815973605376
875815477691518976
875815947050913792
875816173551706112
875816267910967296
875816341739122694
875816525420261376
875817130654138368
875817208684961792
875817773674450946
875818163329417216
875818273203396608
875818874247229444
875819068460335104
875819086898282496
875820776770994176
875820905972322308
875821920553508864
875822423903522816
875823027036073985
875823894820671488
875824053386264576
875824116296810496
875824864975757312
875825392195706880
875825630423724033
875826043570970624
875826735220129793
875827759464853505
875827938117210112
875828066060292096
875828267235684352
875828585306697728
875828931185827841
875829911117848576
875830327620640768
875830778936123392
875830827992666114
875830837660483584
875830910200852481
875831290477527040
875831604828090370
875831706300928001
875831846403289089
875831852254322689
875832032194056192
875832418120470528
875832988482904068
875833082850402304
875833373129822208
875833655830228994
875834024685694976
875834176305582081
875834340059607045
875834618842275840
875834859574489091
875835283614203905
875835693804777473
875835820489486336
875835916102897665
875836427401142272
875837041870860288
875837326827638785
875837334649880576
875837484596416514
875837989351325696
875838237675106304
875838429388472321
875838442298646528
875838525828157444
875838654584946689
875838861355700224
875838881660325888
875838904359829504
875838952359505921
875839180747808768
875839378794348545
875839501830107136
875839552165957636
875839683879731204
875839869968404480
875839911215104000
875839913203204096
875840038684295169
875840117985996801
875840193252777984
875840324941250560
875840416595271688
875840435071143936
875840459800797186
875840510971318272
875840638914355200
875840677896237060
875840858670723072
875840964195221505
875840964803399680
875841110496743425
875841158580244480
875841190058483714
875841200087076864
875841217308876800
875841309143048192
875841451774672896
875841876666052608
875842036443873281
875842059516747780
875842132300492800
875842198134284289
875842225174978561
875842234482130944
875842499096477696
875842618420342785
875842684870680576
875842806958379012
875842843016921088
875842868178321408
875843064471965698
875843213382356994
875843220072271873
875843362271641600
875843555218120706
875843566093959170
875843592115310592
875843841680650242
875844293721825281
875844872636428289
875844954442149889
875845055092752384
875845413286367232
875845834419699713
875846043279147008
875846159046254592
875846211886084104
875846280244842496
875846301228961792
875847022653394945
875847054760845313
875847502473416705
875847677774225408
875848473026875394
875848497345564674
875848592166137856
875848887025754112
875848916771762176
875849793406464002
875850011929698307
875850023644352512
875850084898004993
875850748428419073
875851315926241280
875851469437665282
875852400149635073
875852900127342592
875853108152340480
875853462994661380
875853496125333504
875855049288671232
875855476277293056
875855680535576577
875855805085609984
875857731793469441
875859544760504321
875859923887824897
875860201995472901
875861016919371777
875861215758745602
875861333304123393
875861720312537088
875861953981411328
875862586037858304
875863031883767808
875864965860687872
875865603806023682
875865781258420224
875866976211435520
875867655265177601
875868036477194240
875868322172215296
875868914382778368
875869684058341376
875870507379310593
875870891170725891
875870999367081988
875871212467089408
875871389366050818
875871641544339456
875871785803231232
875874049909559298
875876936836427776
875876947317981184
875876971221180416
875877725789138944
875878667389353984
875880649449754625
875881165948764160
875881693999120384
875887823970291712
875889278982660096
875890843030134784
875890862747668480
875890866099023873
875890866099040256
875890866107363328
875890866111602690
875890872826679297
875890909337886720
875891817790803969
875892282964140033
875892339146928128
875894505106538497
875894836863291392
875895014295056386
875896462995066881
875896555265343488
875896623230054400
875896674370990080
875897465190236160
875897809798606848
875899663068483584
875899809651200000
875900127579443200
875900177453797376
875901265041133568
875901445819813888
875901670206648320
875902459578920960
875903332002430976
875903580301078528
875904609612689412
875906642566455296
875906896347181057
875907169358663682
875907242364608512
875908625201594368
875909538309910529
875910109569863681
875910164515356672
875910181313490944
875911406520086528
875911408122200065
875912802736771072
875913351787925504
875913712892301312
875914270340517888
875916921559896065
875917057870577664
875919049754120192
875919678052327424
875922054549311488
875924243971747840
875925233546534912
875925502044844032
875926324346531840
875926634704121857
875927158992101376
875927789416759298
875929777475133441
875930362613870593
875931412452528128
875933411034234880
875937188856254464
875937309232742400
875937616650272769
875939311602020352
875939637063065601
875940895769493507
875940940636094465
875942098406563840
875942724918292481
875945340461088768
875946052272218114
875946262389858306
875947728722907140
875948222388240384
875948696768217088
875950488969256960
875953820530077697
875953876322717696
875954488691052544
875954725669044224
875956620643127298
875956773726945280
875957068187947008
875957682209005568
875959380797038593
875959845144469504
875963050519560193
875963343684739072
875963654923059200
875964239084531712
875964746704367616
875965910175100928
875966284726403073
875968477538000896
875969984547127296
875970051236614144
875970217603719168
875971329631113218
875971575010385921
875971967161159681
875972367738171392
875972538869977088
875972552010719232
875974108361707520
875975694639124480
875975818794721280
875976730917437440
875976916867665920
875977789748523008
875978066861764608
875978613568544768
875979063822823424
875980195307544576
875980311749722113
875980745038278656
875980969005555712
875980969852903425
875981203052122112
875981505432104961
875981509206867968
875981911029497856
875982514195619840
875983080846225408
875983224274661376
875986034454138880
875986082676060160
875986116259848192
875987137145032704
875988325378789376
875988619839721473
875990743801749506
875991417432178688
875991767950266369
875993382455259136
875993627423645697
875993890377039872
875995552584015873
875995672046178304
875995711552327681
875995745173876736
875996168328806400
875996516443443200
875996904848584704
875997291982733312
875997575505162240
875997953403518976
875998560713670656
875998880365772800
876000925890039808
876001201917177856
876003385874554880
876003607983734784
876003988608618496
876004003833724928
876004852085776386
876005128180051968
876005530422128643
876006023659737088
876006406616436736
876007388108795905
876007892654194688
876007892670926849
876009153893990400
876009393795497984
876009757366259712
876012589427437568
876012805866102784
876013714272653312
876014564940275712
876014718045040640
876015267175968768
876016207421460480
876016324987768832
876016606756950016
876016832443858944
876017590702710784
876020117385220096
876021069471256576
876021750672363520
876022946833289216
876023120896942081
876024894244491264
876026712508833792
876026785909141504
876027264814788608
876027654134087680
876027783285231616
876027867502706688
876030096036970496
876031046206271488
876031260472356864
876031408443195392
876033309704368128
876033982885789696
876035278523256832
876035405199659008
876036786383966209
876036801068191745
876036842981924865
876037170921959424
876037465840263168
876038545877721089
876039043766792193
876039063060480005
876039775672840192
876040643440726017
876041316718841857
876041586349662209
876043748488118272
876044652801138688
876046630411284484
876046774275895296
876047030132523008
876048001957023744
876050183406014464
876050824694292480
876054227109294082
876056771797897216
876058176080281600
876058304090431488
876059698604199936
876060172564738048
876060510596325376
876060513133666306
876065235513229313
876066174915624961
876067130151768066
876067997869367297
876068081109532673
876070186176172032
876070609247186944
876070649491582976
876072331013214212
876076585258029057
876076707765268483
876077962273140736
876077987862528000
876078124609544193
876078575899881472
876081479180308480
876081579004764160
876082290362769412
876082420403056641
876082658618384384
876083556233162758
876084248683446272
876084293147275266
876085031051026432
876085176903880705
876086161281761280
876089004214669312
876089068370751488
876089276404047873
876090067613237248
876090421155434496
876090935674843136
876090957057470466
876092501832204293
876092619687964672
876092722444197888
876094442779926528
876101207533793280
876102103839768576
876102875600089088
876103241758646272
876103287489081345
876104261804990465
876105598961688576
876107157577621504
876107203693998080
876107420359155712
876108915385040900
876110570906427392
876112952415236096
876112952415313920
876112952419418116
876112952419426304
876112952419532800
876112952423612416
876113191499046912
876113217088479232
876113370188886016
876113644047683584
876113698590400512
876113769058910208
876114011074330624
876115271437533185
876115468993671169
876117377410150400
876117506154528768
876118482206773249
876120225766395904
876122419399929858
876122529399586816
876123284240187392
876123717201514498
876124574840127488
876125562527416320
876125797882265603
876125909895524352
876127940353949697
876128228913631234
876129122300432384
876131209386102788
876134393299042304
876137245748510720
876137372924223491
876139203523997696
876140330738999300
876141265628352512
876141906115342336
876142270600314885
876144917638111233
876146954786529280
876147646150266880
876148206324862976
876148704683622400
876150363514130432
876151286252654593
876152556275335168
876152727281074176
876152967769894912
876153534172938241
876154858805407744
876154873628196866
876155763277824001
876156932209463296
876157089101602817
876157231275810816
876157675842617344
876158898935406592
876159257548337152
876159277257416704
876159911855616003
876162027856711680
876162316013883392
876162524886036480
876163951381401600
876163965532950529
876164226125049856
876164255057358848
876165323745095680
876165802763878400
876167966152421377
876168368805396480
876171097531596800
876172001081249793
876175341013925888
876175768824537088
876178873251221504
876180007164551169
876180662750920704
876181552794927107
876185924509605888
876185935813201921
876187010410700801
876187922235568130
876187991433244673
876188287156838405
876188467935490048
876193238704562176
876193264763842560
876195757614813184
876197486922272770
876202798030794752
876203038100275200
876205925044019202
876206730748850177
876207243720617985
876207593106137088
876210788041723905
876212226968870912
876212926151053312
876213871832334338
876213940337987585
876214283046080512
876215843708973056
876216899633160192
876217897282019328
876218595205947398
876218619121852416
876218717255991298
876218802811305984
876219177341784065
876219410985476096
876221420983926784
876222810904969216
876222968610914304
876223158604443648
876223159023882240
876223160290553857
876224426114678785
876225447423610880
876225667607691267
876226132491857920
876226241837314049
876227705632690177
876228044524072960
876228061301223429
876228982378643456
876230246969876480
876231104818286593
876231807179640833
876233357453123589
876234772791439362
876235943245565953
876236251971686401
876237031445102592
876237298412560384
876237589518229504
876237672548892678
876237809316761600
876240020952293376
876240792641253376
876246265016852480
876247166804795392
876249115893481472
876250552845336576
876251709219250176
876253526623608833
876254898563817472
876256849770692609
876258161317076994
876258485972881410
876259576902856705
876260436093652992
876261306617262080
876261690391842817
876262023641911298
876262688653004805
876263312849326080
876263785861918720
876264611741184000
876266052073771008
876266825503260672
876267000376328192
876267223098294279
876267232778735617
876267483585531907
876268808981233664
876269979208884224
876272673185296384
876273211549384704
876273906319020032
876278589657944068
876278760818982912
876278775050366977
876279043095748608
876279315838533632
876279605581291520
876280142422831104
876282460195237888
876284721310965760
876285226724601857
876292978251313152
876297190213378048
876297222857543681
876299962157596676
876300080311132160
876300291422990337
876301854640148481
876301979634552832
876305963799764993
876309160270417920
876311939026223104
876314860778381312
876318630618832896
876318731282132993
876319550391762945
876319818676400129
876321835893358592
876323142964326400
876323722499690496
876324678775840768
876325696725028864
876326626203586562
876326847650377728
876330017701191681
876330278603587584
876332739414437888
876336305814339584
876337396756996096
876337420668633088
876338310288887808
876339750185033728
876339854124224512
876340569731104768
876341219193966592
876342170311024642
876342529381236737
876342573769658368
876343939862745092
876345854986248192
876346365437243392
876349348833099776
876351217395433472
876353563689074689
876354771673907200
876355821055000577
876356535370342400
876357140620996609
876357977372053504
876359405096194048
876360612225449984
876363555351691264
876370968381333504
876371116847230976
876371429272551425
876371760702251008
876373003466133504
876373944034631684
876375995275784192
876379220695437313
876379856132599808
876383419168681985
876385608700186624
876387937377804289
876388206991814657
876388906576498690
876388964050944002
876390110350135296
876393313531592705
876394318923055106
876396984814510080
876397442396282880
876397588391501824
876400545698852864
876400656516567042
876400732827791360
876401374552104961
876402502849228800
876402521287385088
876403334483136513
876404740938240000
876404888124538881
876407383764979713
876407472269004801
876410706043842560
876411061322342400
876412978949758977
876413252426715139
876413682745565186
876415628940382208
876415667066609664
876415767339823104
876416913114574850
876417617304670208
876419501499310081
876421496343740417
876422921568309249
876423226057949184
876423611900407809
876425274128248832
876425912497123328
876426923336847360
876428362817957890
876428455113633793
876429949401391104
876430463346368512
876430709514219520
876434010028875776
876434678747717634
876437575627661313
876438716448858112
876439918129668098
876442829828104193
876442885507366912
876445309118894080
876446356398911488
876448172524003328
876450750012039168
876451932696653825
876452799483195394
876453510623244289
876458233833160704
876462467970244608
876462674342797312
876465534413524993
876466037088284673
876466815345582080
876467707918659587
876472988958437377
876476413242638336
876476511334825985
876477176148840448
876479794212478980
876479835337613312
876480928335482881
876480943027961856
876481382175866881
876483442434854912
876484154023694339
876484183983620096
876484915981762560
876485848702832641
876486643921891329
876487087687573504
876487349424857088
876487406857461760
876491985812680704
876493678218555392
876493900927651841
876495028348043264
876497744592023552
876497883389988864
876498150562902016
876499941899849728
876500755234136070
876500767850418176
876501623899660288
876523226641436674
876524623797653505
876525061670174720
876526333790232576
876533483836919808
876533857104822272
876534781546291203
876537666816421891
876543482197921794
876544453615472640
876546717688111104
876548817344245761
876551796726140932
876552767963312130
876553069106012160
876553070108397568
876554346019917825
876555297967484929
876555446877859843
876555849715429377
876556328117915648
876558880351940613
876560372643151872
876561215287439360
876564027572465664
876568190012313600
876569289754542080
876570779521036288
876574843872956416
876575352545566721
876576693103632385
876577364620214273
876578268522061825
876579879537582080
876580141660598272
876581502330580993
876581628121894913
876590370737586177
876591364384763904
876592168416141312
876593882233880577
876594926422827008
876601121585999879
876604624672669696
876605358940278784
876606456744693761
876607777963200514
876612605611315200
876618777328324613
876619613865484288
876622245627559936
876622310794444800
876624231798157312
876630140536717312
876630845783724032
876632503297114113
876645616461524992
876645935618473984
876655057391038464
876665974744911872
876668522369253377
876669383468228608
876671027228459008
876671897538240513
876675624684974080
876679081131036674
876680271453605888
876687703525527553
876695597859962880
876697389318492160
876697411971932160
876697622442127360
876699316936556544
876706292076871680
876714681125052416
876716245369987072
876718625452904448
876720710714101760
876721177238003712
876729778102976512
876731618278461440
876732277060808708
876732459525828608
876733461935083520
876736437378535424
876739775205715968
876740411053703168
876742251531059200
876753242696278016
876756081422282752
876757459234246656
876759866748133376
876759898847145984
876762755390427136
876764548858085376
876771135467261952
876774459172114432
876775078641287170
876775225483984897
876775625595465728
876775832810913792
876777717945036800
876778185819648001
876789640036069378
876796796370014209
876799742096703488
876800148445184005
876803079403950080
876805577950859264
876808059758288898
876809614439964672
876809894741123073
876816864088776705
876818464140218369
876819309288411136
876821076109611008
876821224399261696
876821966388436992
876822075025092608
876824487144116224
876829726660329472
876829779927977991
876830148204670976
876830589449641986
876840006555385856
876842868698042370
876844100129091585
876848326263664640
876849617744166914
876850456600997888
876850942540484608
876852544965926912
876852853977100288
876852904400998400
876853157753753600
876855244839415809
876855970449813504
876856866323681282
876858992420671488
876860449458974721
876860638265360384
876861448059748352
876861799278227456
876865921020723200
876869488972632066
876869696036798464
876873628889034753
876875623704166403
876876977197772800
876879786517385221
876880778084237312
876880938696933376
876881189105266689
876883256288980992
876884699330875392
876885081020928000
876886005462294528
876886808617005056
876886848383012864
876890819218821120
876891163583762432
876891845569236997
876892559867609092
876895053377130496
876895687979356160
876901011402739713
876903700790476804
876907468533620736
876908454270685185
876918559536029697
876918768898678784
876921460312252416
876923475230834688
876924472628006912
876924982269550593
876929390462066688
876931607570956288
876941108927967232
876941673908940801
876949996238761984
876950734847197184
876958361379639296
876962092871372800
876962815734669313
876963574870142976
876966952564142081
876968654608506882
876980241377439750
876980935501070336
876981868750614533
876983638331674624
876983771731505152
876989923517190145
876991389011247105
876996781590052864
876997079524134912
877001399132987393
877004091062222850
877004296553975809
877004564158849025
877014301227208705
877022087524868096
877026233179021312
877029885918793728
877032339645227008
877033208319270912
877041837663563776
877051402752638977
877053885977944064
877058681996812288
877061971572477952
877064489824157698
877066235086864385
877066380616585217
877067957540720641
877070501943947265
877071942288846848
877074732750966784
877075683905863680
877075818450747393
877078950102663168
877079636328550400
877081202615832577
877082310172188672
877082788738072576
877086483072548864
877090191273451520
877093536218456064
877094412593111040
877097648326664192
877097990573486080
877100000509120512
877101823542177793
877105168290131968
877108043477131264
877109697714810881
877112302893510657
877115005178712064
877116703473315840
877117604401467392
877120295966048257
877121019424722944
877121364594900993
877124343288954882
877126179643437056
877129078360469506
877129093006974976
877131140276117504
877133441254522880
877134195755110400
877137188030382080
877138494149316608
877139102730268672
877139474643386369
877140147095179264
877140677787873281
877143105337741313
877144203012263938
877146635285008384
877153573070622722
877157217912467456
877159419515195393
877161104690085888
877161584212287488
877163100042125316
877164396052717568
877166138815328256
877168476099682304
877168935141093376
877170230333775876
877170896544419840
877171146382299138
877171321708445696
877171849750355969
877173269362876416
877173501056212998
877173725434494976
877173965361487872
877174745095000064
877175284474269696
877175687978811394
877175931659485186
877175953046327296
877176218554171392
877176851894083586
877177480183939072
877178455795937285
877178708007800833
877178737632071680
877179036694441985
877179175966257152
877179770290806786
877179979817259008
877180553799380993
877181876666064896
877183453703405568
877183944634052608
877184369022164992
877185286408617984
877185756271439872
877186950108778497
877186966038745089
877188672696848384
877189832006672384
877192640088989696
877195644447928320
877195674533736448
877196123450093568
877196240047357952
877198349811822593
877199867315146753
877201298407477248
877201981579960322
877202356194160640
877205368560115712
877205377334554624
877205491851644928
877208783075893248
877209693302554624
877209914338410497
877209931958673409
877211587429453825
877215520449335296
877223064185995264
877223198110212097
877224206416703488
877224530212794374
877224709875695616
877224792713068545
877225685743521792
877227402044342273
877229973148508165
877230637526265857
877231415607349248
877239724074827776
877239890181738496
877240716476461056
877242227138940928
877243328357699584
877247579691638784
877249878900002817
877250440127053824
877254453224669184
877254990334644224
877255085310578688
877255734144241664
877259322790735872
877260352097931264
877260561397972992
877265979599978498
877267821121552384
877267864918654978
877268327978201090
877273730069745664
877273870771900421
877274902142877696
877277656131162114
877278072600449026
877278898949509120
877280137057906688
877280813603315712
877281702778818561
877285339647406086
877286422616711168
877288444694843392
877295462595923969
877307194697494528
877309099586666496
877309899843219456
877313891117797376
877314193535496192
877319594897096704
877329347547475968
877332192141209600
877338623674269696
877339584996061191
877349263780585473
877351621818171392
877364877085593600
877365408520486912
877366135779471362
877366474700079104
877370869898760193
877373832742547456
877378914577899520
877387331287777280
877389131084578816
877396463147470849
877398860599103488
877406655285088256
877406823078395904
877409890351951873
877413400166494208
877413668987785216
877416727121993728
877419253300940802
877421818549874688
877422107621285890
877422170028290049
877422178807029761
877422615446433792
877428644221792256
877429549067366402
877430403434512389
877432654534123520
877436939820859392
877437721236647936
877439459775586305
877443153690755073
877443986662674432
877448530364817408
877450801593151488
877457333365993472
877466381880446976
877466452646912001
877467039836905473
877467305357320193
877468025078902784
877470909136863236
877475350036570112
877477928241692672
877478915664748544
877479139170672641
877479722560753664
877481391923109888
877481641039495168
877482778434064385
877486106027057154
877487584229851137
877489305811394560
877492969888141315
877496259048865793
877496579329990659
877498821571424256
877500619036123137
877506350745604096
877506456643411969
877507115165904896
877514348637417472
877522781285625856
877526278525595653
877529805742387200
877534594479923200
877534948135194624
877537822932168704
877538337539665921
877545801760768000
877571928449568769
877572076139196416
877575354956697601
877576289732837376
877577889830494208
877581502812311552
877584345816473601
877584726722203648
877590132185939968
877592059888021504
877592545999585280
877597851525795840
877597988956258304
877598315281473541
877599060592644096
877603634896191488
877604392408465409
877610342846799873
877613678568361985
877613759514034177
877614508637773824
877617378258960385
877617986990821376
877620041361092608
877621641886535680
877623803089694721
877623925697544193
877624024297160704
877624058850029569
877629641950871552
877630210425798657
877630956173000708
877632008930775041
877632269414019072
877633547842048000
877635178172108800
877638813773733888
877641285489704960
877644560179929088
877645839232974848
877646261188530177
877649162820399105
877650497544441857
877651354096779266
877651627804700672
877652165526863873
877656388780015616
877656780603609089
877660742018670596
877661419831013377
877662589181861891
877663430584320004
877663717483307008
877664284544835585
877665880091627520
877666450495815681
877667237762449409
877667383288221696
877671096077737987
877671410235314176
877673257838804992
877675858713903104
877676881302171648
877681552053764096
877686633902026753
877687531483037696
877698053733400576
877700917969256450
877705708501729280
877706814833348608
877708849456660480
877714338970206208
877715602718281728
877721440744636416
877726226005151744
877742829170077696
877742986049839104
877743377348939776
877759068676345856
877767342372962304
877773527285420032
877773758806798337
877774550280413184
877776183428960256
877778279004069888
877785012141256705
877786017088065538
877799333583740928
877800410676961280
877800619964325889
877804094240440321
877805005532794880
877808884446105600
877813672592064512
877813751067455488
877814633154969600
877817891902697472
877820280332316673
877822616563613696
877828534756007936
877831964002099200
877840402954563584
877843870079373313
877846073221365760
877846234706268160
877850179872841728
877850300668936193
877851217552080897
877852071080448000
877852743410438144
877854395131731968
877855731852222465
877864213154115584
877864539462656000
877865266448809984
877865373734928384
877866801073459201
877873820517810176
877873882836992000
877875190532886528
877877340080156672
877878420536819712
877879896936239104
877880644356849666
877882656469512192
877882982605901824
877883086557503489
877883682286993409
877884252729131008
877889501951139845
877892970980102145
877898124525801473
877899808974938112
877900031675613184
877900808469135360
877902110385418241
877907800520830980
877908368710541313
877908413463764992
877914107776827392
877914238219452416
877914757868605441
877918242093711360
877919609034244096
877922127273480192
877922236329467905
877922407872376832
877924748700696576
877924757945032704
877925405143035904
877929599031664640
877930115329654785
877934846089342978
877935028247773184
877935242136264704
877935559938777088
877939723641036800
877954396977364992
877955637258461184
877960967388241920
877961214847877120
877961909076606976
877962109056802816
877964421368303616
877964568613584898
877966942996283392
877967439421730816
877970768188940288
877972316319236096
877972427879436288
877978518562504707
877982273190187008
877983276878581760
877984087654318080
877984632481828864
877986188140978176
877992928823713793
877997502263427073
878001217141563393
878001411803557888
878007206242734081
878017615230156800
878017912178475008
878018378165665793
878023244824969216
878026692958199808
878032032743301120
878033331924881408
878034312200945665
878042838528909312
878046210724028416
878047290342203392
878048131312533504
878079347818717184
878079759300923392
878080208082948096
878092751656583169
878094489268637696
878116595783970816
878123420332027904
878130928530317312
878144199731826689
878146280098287616
878156941771649024
878157760742871040
878158881028947970
878160670541348865
878160900183740417
878160929979944960
878169014496669697
878182650049155072
878187364581076992
878189363573604352
878192747538153472
878199785504858112
878206928488464384
878207680053211136
878208078134394880
878209142476857344
878210373689716736
878212543386353664
878212782893617152
878214070138056704
878216452909617154
878216453316653056
878222934355058688
878223110964727808
878224874237444099
878228696087142400
878230360399728641
878230635516760065
878231847410569220
878233095065014272
878234073600217089
878242517556359168
878244154186227713
878244369773580288
878244713731473408
878244748095508480
878246840054841346
878247401043050496
878248168986746883
878248484415123457
878249057919086592
878249309405274112
878251720718954497
878256782845464577
878259608942465024
878260926377361408
878262026551705601
878264390042001408
878270705800032256
878272118454202369
878272386780606466
878272980798722051
878273752131416071
878277334905884672
878279887131246592
878280368255889409
878282249791197184
878286597187293185
878291091799388160
878292480969646080
878293364105289729
878294307161165827
878296340547026944
878297239004692480
878299938706280449
878300044486733824
878301226093465601
878301626636812288
878314507604336646
878314629402738689
878330614742532096
878332012708233216
878333707614126080
878334253129375749
878335046880514048
878337667452125184
878338044537049088
878344684111765504
878345990209552384
878347981237387265
878352286275293188
878359943400652800
878361720946929664
878362102221725696
878365626691067904
878367449124544513
878367647523627008
878369113797574657
878370373393301504
878370438732062720
878372343017607168
878389380703858689
878393689537687552
878395996820172800
878403407463276545
878407710223552512
878413475323666433
878417538522243072
878419790259515393
878421150476492800
878421196601262083
878422839531098113
878436290655510528
878437041851310080
878437470085558274
878456153193103361
878465889015746560
878467611201200128
878475597135192064
878490951647449088
878493902365499392
878500950926700548
878501598892347392
878503648220917761
878504367548248067
878508000666714113
878519171775995904
878523097644621828
878523608091443201
878524101739986944
878524137811001344
878535044285042688
878541842006118400
878550520436330496
878560624904634369
878571301098708992
878578787956535297
878579602448302081
878580891748007936
878581416048680961
878583741953736706
878584507267293184
878585516416958464
878586309576675332
878588345504366593
878603984390565888
878604635744780288
878606245942448128
878614725579296768
878616002740801536
878618800748363777
878621254470819841
878624839304704000
878626141216677888
878626874783657984
878635211797524480
878640581760733184
878643110460497920
878643316027518976
878643751836467200
878644708536406016
878651944633487361
878658507792424960
878659246371479552
878665143206400000
878666834744102913
878668970940915714
878669748137078787
878670763146006529
878676237958483970
878682586889015296
878693363679211520
878693993734746112
878702672853049349
878702957386190848
878714262813900800
878717162655014914
878723412163608576
878725278633209857
878730287043268609
878731810393534466
878732997242961920
878734582849445889
878735420879765505
878736063434432513
878742682457300992
878751342893965312
878751674202021888
878754245310205953
878758651032371200
878759610689126400
878760519976538112
878768710479040512
878770195396927488
878776534668128256
878777694837538817
878785086862352384
878803696569679873
878817064672264193
878844094457544708
878847175165431809
878857661768376321
878879989302779905
878897760128335872
878899241208483840
878902464489160704
878907496806715392
878910927306936320
878911117749256192
878912500183465984
878915673363161088
878924134775836672
878930010836520960
878930165740560384
878931034401787904
878940493823918080
878946470258462720
878948449139523585
878949603843952641
878949838574039041
878954094941151232
878955023383891970
878956039575654401
878956488773046273
878957505904340992
878961992949805057
878962819244318721
878966217092071424
878981467946311680
878981931869782016
878984650605154304
878986191571484673
878986459608436737
878987416735973379
878990957143891970
878994220681441280
878994536051159040
878995036129685504
878997220183244800
878997790529138688
878999310381322241
879000285724549120
879001194592600064
879007986848587777
879010051113066497
879012600188743680
879014688096432129
879016877107838976
879019069038632960
879030070635003905
879032250058383366
879032731619004417
879033369941598209
879034033065398272
879035865976143876
879037428786495488
879038904032210944
879039287693631488
879039894634602499
879045870662033408
879046024173584386
879054422411816960
879054628775755776
879058101655175168
879063076221440005
879063435128041472
879067064828178433
879067492294983680
879068164226723840
879069216296534017
879072837939736581
879079793345667072
879081525165404160
879084594582216705
879095923456061440
879096085238562816
879097500031795200
879098870310903808
879110959884849152
879112122684387328
879112603284512770
879113303733260292
879129208953479168
879156571783258112
879157370705907716
879173499138560000
879182313451536384
879183835598012416
879185614788231168
879195014248747009
879196416379310080
879214523621789696
879244615231995905
879251422159699969
879258799864983553
879260379532197892
879263223282769920
879264352792178690
879274139378479104
879278322814865408
879286566681812992
879292213146120192
879293089210290176
879295451408805888
879296850339262465
879302177042444289
879303829937893376
879306605367443456
879307885871742978
879315504112046080
879316144913620995
879317278025764865
879318524744929282
879326222114861056
879326496858525696
879329711394095104
879330135828185090
879331934790443008
879333839423901696
879335632056799232
879345349399367680
879346523615539200
879346821214068736
879352556081885185
879359173854732288
879364595395289090
879365149483773952
879365967771578371
879366912337223682
879367657019101184
879369190699745280
879370500979343362
879370939707904000
879375154979229696
879376721966911488
879380969970683904
879386537787617280
879394428770766848
879397276585787393
879402219128401922
879403159092908032
879409900186677249
879412640744964096
879413071978131456
879414218415419392
879415216223780864
879429319180734465
879429398662963200
879429687205822465
879431187537768451
879448688250286080
879450859670732800
879458748724518913
879484929347858433
879489674598899712
879505370066112512
879506737426046977
879529654318768128
879549541552451584
879564958874222592
879571002639790081
879572524245372928
879573941513314304
879574341633101825
879581069623803904
879582451340898305
879587702592634880
879590302637367297
879593670269390848
879602562181279744
879607164599447554
879609226498375681
879613368025403393
879614236615462912
879615516675014656
879615562401198080
879618311159402497
879618769403785216
879627584065216513
879643045162926080
879643910448058368
879652240331550722
879655811835756544
879656262253895680
879664621111484416
879666587804061696
879674444985323520
879678768499109892
879681081657741313
879682458219941888
879692010285879296
879708908134162432
879709514391461888
879709781161897985
879713384912093184
879718318269227008
879721995817988098
879729290862055424
879730202829520898
879732378410770432
879739107605225473
879745025080295425
879752614648451072
879755834619768832
879762546777096193
879763240070385665
879773145376468992
879774291243356161
879776523011579904
879776622450061312
879778218777206786
879779913267642368
879783941477023744
879787511278653440
879791241604603905
879791707268628480
879793574136688640
879795623033151488
879801536515366912
879808822520541184
879815129096966145
879815129487036421
879815129516453891
879815129902317568
879817099589320705
879822380670910464
879824217436549120
879824380867608577
879824429534003200
879824640104951809
879826852180897792
879830128314003456
879833798329946113
879835738644201472
879840777521700864
879841816610263040
879842307314524160
879847272057634819
879847600983289860
879849800056709124
879855873874477057
879857261270773760
879858291819651077
879859586622267394
879869519988219911
879869642453463040
879904005115301888
879907602175594496
879918732595867649
879933387896627201
879935265917325312
879935980811243521
879940175136161792
879941756363649024
879944159284645888
879960132377088000
879963475325353985
879967099199918080
879969208943218689
879969770153451521
879970581717954560
879970608141840384
879972475894996993
879973653332414464
879979467778772992
879980696969723905
879983829041242112
880007509221703680
880018198510182400
880025309449420802
880031788403482624
880031998944972800
880036473201754112
880039580979929088
880040417714212865
880042656251789312
880042899903315968
880043630584635394
880050214807236610
880052131990032387
880059280786903041
880061567106142208
880062598904938496
880064287527636996
880071014322982913
880071294816968704
880073831662145536
880079265793953793
880084380986728448
880092311753043968
880094034789892097
880100959833083905
880104781443772416
880110790170353670
880124826014425095
880130532767563777
880135381144014849
880141409860239361
880147170338504705
880147788549509121
880155306017390594
880158314595831808
880172308043878400
880180803187167232
880200299851337729
880229904209653760
880230574056767489
880230710367457281
880233704244867072
880234798987530240
880244612891373569
880245196654555137
880248003893891073
880251577457668096
880253240893460480
880257795509059584
880272461316542465
880273785437409283
880275032014041090
880275201862377472
880282969780482048
880285127699554304
880293549278986240
880295776244572160
880297338060845057
880298607324352512
880300323641872385
880304826344779776
880306361753640961
880308779371429888
880314913973043201
880317258987442176
880317463656902656
880328061551599616
880328061559898112
880328173417877504
880329801323696128
880332327011876864
880333863402319874
880336806558011393
880341276016640000
880343088987643905
880343720033431552
880346031061422080
880351052494778369
880351288214642690
880351394670280704
880352967613964288
880358829996769281
880364522518831104
880364918884638720
880365486122254336
880365741794627584
880367086471663616
880374262523195393
880380584454897664
880382716998541313
880389872456011780
880390768786984960
880394221127163905
880394738255499264
880395537278799872
880395686008639488
880396206685519874
880396345856733184
880396442422083585
880397187351363584
880398378730913794
880401885777338368
880402502780321796
880402816925392897
880408492225572864
880410648529784832
880415089047646208
880416036960444418
880417098526330881
880421566319865858
