958853454348345344
958859794445553664
958871526253694976
958873254818734083
958878265736908801
958878874758238208
958893073295175681
958932898647891969
958932973281214465
958957825333563392
958963236061286400
958965987986075649
958967403098107905
958985424315256832
958988056672993280
958988559142342656
958988906443296768
958992505147723776
958997346649505792
959007657477763072
959009462009958400
959010444596973568
959011363157958657
959011752385146880
959014974055178240
959015185003491328
959016045272031234
959020228238893056
959020569244131329
959021600216666112
959027909703929856
959028051463102464
959031952165699585
959043032241844224
959050846947434496
959052221127254017
959053750789865474
959058367221239810
959061902000377856
959069392788230144
959069573495640064
959071285258092544
959076881613062146
959077613879914497
959078582193672193
959078701026742273
959080532259885056
959081712553811974
959087350109364224
959088352128634881
959088643649482752
959090319366246400
959091357754298369
959093923024171010
959095102852489216
959095870825402369
959101666573381633
959103342692708352
959103436104052736
959114540125511680
959116976798027776
959117223188197377
959124525068836865
959126316879622144
959126750558027777
959127138120105985
959128146867118085
959129427807531009
959129494043766784
959129565380702209
959132912468791297
959133893898260480
959134246639108096
959135226843758592
959136619352686592
959138083978534912
959148406122975238
959148824764694529
959151683329757184
959152441425104896
959152712876220422
959152876395290624
959155320047263750
959159294154477569
959159754705850368
959159766873444352
959161585527750657
959162418487267328
959165612453920768
959168563595694080
959169001057288195
959174359641452545
959174565648793601
959175450223431680
959175554208620545
959175742365020160
959177439992778752
959181945098964992
959182276419555329
959187375036489728
959187414450364416
959197318904991744
959198957191737346
959198977735516160
959199569346220033
959200255303733248
959200442809974785
959204849186418692
959214312127717376
959227039290216450
959235264748060673
959254704093097984
959282373908094977
959295925318373376
959297570156699649
959299395173859328
959305102447144961
959307290548477958
959316908137897985
959318888264613889
959321927029612544
959333875557306369
959340482634616833
959351452488687616
959353030259937280
959354481560473601
959354771865030656
959355034780790784
959355746961051648
959358479130603520
959359770158403584
959361677694251008
959363633099759616
959366227717214208
959370993264242688
959371286035263488
959371346852577280
959378527907930112
959382982854356993
959383312774172673
959387024737427456
959387434634170370
959388114824384512
959390865037975552
959394288009465857
959395066077904896
959397946298130432
959398914939146240
959401073151705088
959401077752893442
959401756416454656
959402585596874752
959413457262129152
959414333452234753
959414395234340864
959424871628357634
959427445244997632
959429651436326912
959434806252789760
959437738088042496
959442349867847680
959443157544001541
959445835598782466
959449705666236416
959450912275271680
959451710208073728
959452899242921984
959454432646844416
959458239007068160
959465157087948800
959466839200993280
959467604443312128
959470224197210113
959470277892612096
959474156394962944
959476891076919296
959477914889871361
959478480286208000
959478540281565184
959481151617462272
959483708079247361
959485086465970177
959486782072115202
959488456870322177
959492628084592640
959497858805321729
959499627119693824
959500971167633408
959501333807140864
959506822452391936
959508611734130688
959511019260448768
959511117017108480
959511153922756609
959511252056887296
959511961334673411
959514582346862592
959514694385094656
959515451821785088
959516598108348416
959518415097655297
959521115818381318
959521927391010822
959522204642873344
959522424852271106
959522593882738688
959523870603730945
959524122081615874
959524227144536065
959524788329959425
959527667606355968
959529827777892353
959531772261396481
959541313057296384
959543599883960320
959545311134920704
959547504261062657
959548371668275200
959550525443334148
959551935530586112
959551974961307649
959555298548764672
959556286290583554
959556716626137088
959556855474376704
959558504255295488
959561024235016195
959561945258102784
959567716599455744
959570890311766016
959575847987445760
959588642002911232
959589195240046592
959613217726173184
959613611965427712
959616382722813952
959632364249890816
959645264696012800
959646198335463429
959657140276244480
959666369158672385
959666510942949379
959668251998515200
959669871826079744
959669877501038592
959675493862821888
959678936245514243
959680403324973056
959683674039111680
959687681700761600
959696014516113408
959696831537139717
959697014845050885
959698236494794753
959698530238652417
959700413472702464
959701117289553921
959702219972018176
959703139355168768
959705468485718016
959706290984538112
959711256587526144
959712399547879424
959714341942628352
959714362066984960
959719177950060546
959719755518226432
959724661599887361
959725006367395841
959727190345703425
959728598335803394
959729272813387776
959729716138790913
959730481620291584
959730879256870912
959738984321732609
959743459228815361
959744781843943425
959753728969584640
959754547165048833
959754801457319937
959757628430798848
959757801215217666
959760906249998336
959766444849451008
959766717063974912
959769371160862721
959776810652315649
959778166666596352
959778250540179457
959780228150235136
959787866804154368
959788474151919616
959788913308168192
959791547108622338
959794853617037312
959794998802833412
959797051734347778
959797323743277056
959798684778160128
959801427064508416
959802583383789569
959808364841709568
959808522098823168
959809816754565122
959810956485451778
959811101578887168
959811282378600449
959815831504015360
959815874667581440
959816959197138946
959818952506527744
959819865602383873
959820600834478080
959822798666567680
959823989924356097
959824201657061376
959825589157990400
959827249955528704
959827578491146240
959827665309065216
959834140886564864
959835472590667777
959835965098483712
959836156262277120
959844577585844227
959846668463206400
959848146087153664
959848662024237057
959851049413677059
959852367691776000
959854932475219968
959855265045729281
959856424804286464
959858730434224128
959859324762906624
959861112362668033
959867142953930752
959872357304340485
959872779247149056
959877091822112768
959884167227101184
959885022483439617
959885803819274241
959886877162688519
959887890510761986
959889126123298816
959889196575088641
959890847457308680
959891170431242240
959892278583218177
959894317442715648
959894426477883392
959897683342319630
959897829312548866
959902265632002053
959903601924694019
959910452892495872
959913107924627458
959916500659396610
959917253599875072
959919902252568576
959920110294183936
959922542155837440
959922978782838784
959923100849668096
959925819564019712
959925984001708037
959932094678843392
959938752708841472
959944580266364928
959947156441444352
959948863506436097
959961191425757184
959963582141054977
959976982309203968
959977050454061056
959985330039353344
960022278510665728
960042280030736384
960045954945683456
960052885584166914
960053623802642432
960055477282398213
960060454239223809
960066298968530944
960066481450049536
960067060268183552
960067283124187136
960067438598656000
960067500250664960
960074998806228993
960076692470591488
960081604164153345
960084867190009856
960087734768537600
960087787243540480
960088902508916737
960089380227567616
960091682917289984
960094601746010112
960096835212890112
960098054169858048
960100550783242240
960101070168035328
960102824666386432
960103457595314176
960103637090537472
960104761604366336
960107388471861248
960109452509827072
960112160759341056
960120366487298050
960123407785328640
960128212377489408
960138091221499905
960138616336015362
960139360497750018
960140287363428353
960144729542414337
960146162736074752
960146221871616005
960147070731603969
960147474429235201
960147508260372480
960150380511457280
960151209649811456
960152038511390720
960153981757648896
960157241562271744
960159332020170752
960159427646181377
960162784737746944
960164040105512961
960168734806683648
960169413839335424
960170830553583620
960173139245363200
960176977859801088
960177360803979265
960181177201160193
960188326526537729
960190893524430849
960191040106921985
960193673169375233
960193834335563776
960195613936832512
960196278356463616
960203477044645888
960205468495962112
960205563262062593
960206457944838146
960207091305771014
960209633465061378
960211693010907136
960211953305227264
960213377271332864
960215086051840001
960215970227851267
960216486106353670
960217573278257154
960218022488231936
960218971650887687
960219248885993474
960220512214507520
960221115779108864
960221464329891840
960221888386564096
960222270462550017
960223741136556032
960224308055498752
960224469930397697
960226403110223873
960227720142753793
960229075322318849
960229835305046017
960230203158028289
960231609072013313
960231946294087681
960233284469972996
960233697407651844
960234203257495553
960234654166081537
960235474152574976
960235577760247809
960235686812143617
960236301684441091
960236399814471681
960236701812699137
960236742908325888
960236747094454272
960237317947609088
960237585963479040
960238191205855232
960238257048031232
960239694016667648
960240541718974465
960240743431462912
960240998440947712
960241352024961024
960241854531940352
960241907774390272
960242510512689152
960242588937748481
960243116585431042
960244131594424323
960247094815674368
960247267264475136
960247826365206530
960249235252883456
960249515000418304
960249702909440006
960250214199316482
960254081318219776
960256480887926785
960258730700017664
960259237401317376
960259581472591872
960260065327550465
960260884508696576
960264205533409283
960266214198128646
960266822783307777
960269963889184770
960273425871917057
960275386713157633
960276272571125760
960276819986538497
960279402339799040
960280947936649223
960283115972374528
960283472937062401
960283648661643264
960284052157853696
960285575105400833
960285998193225728
960286252049330177
960286888333533184
960287934825058304
960289459882340352
960289756813971456
960290003468406786
960296949663633409
960298612671569920
960298891764670465
960299931767656448
960301393922940930
960303286791426049
960305360472027136
960307992389390337
960310432207552512
960318542762528768
960319161821024256
960326196117606402
960327097460908033
960330864759640065
960368109759680512
960368564036390912
960371404410585088
960388823350960129
960392750465241088
960394863576604672
960395088781291521
960404299510554624
960408405348421632
960408950981177344
960409597055062016
960409911871115264
960413964315262979
960418537075630080
960420854411792384
960424430898958336
960424520942309376
960427514983276546
960427673091821568
960428482948943872
960432924796604416
960433590851993600
960441400188862464
960453211604897798
960454798087630848
960454863913091073
960458153082195968
960463711407366144
960465294585139200
960465823646314497
960467952683372544
960468090676023296
960469013460652032
960469647173865473
960471363910815744
960471733424795648
960472339082342400
960475940706013185
960476385256099842
960478853910196225
960479067404369921
960481025875996673
960483032875532288
960483424942292992
960484713117900800
960485880816336896
960487014952030208
960487342497820672
960488323566505984
960494193486462976
960496841866563584
960505774811373568
960507077125967872
960507645894561793
960513249472065536
960513314047647744
960518740659068929
960518817012166656
960520612803465218
960521622150156290
960524055261728770
960529818650628096
960531427157782528
960539402626838528
960542860004286469
960545537719234560
960547262962327552
960552766958723072
960553349966979072
960554885711310848
960557865533624320
960558724132810752
960559243362521088
960560156047237125
960561066626469888
960562821103804416
960563311866798082
960564560775303169
960566958394572801
960567064053321728
960571614353006592
960577552342536193
960578921774411778
960582235920519168
960582657238331392
960583320362012672
960587942069784577
960589472558669831
960592973972074496
960593154742333440
960593231087095818
960595121849987072
960598226075340802
960601706072608770
960601822678388737
960602212400599041
960613923241197573
960614357360173057
960617661620260864
960617960749531137
960618680353779712
960619071325777921
960621938581426178
960622893175623681
960628269463810048
960628950203584512
960629322661941250
960630387864231937
960631656787869696
960633310987866113
960639006437494784
960639018193993729
960646042034343938
960646746618630144
960653284775165952
960653468401852417
960653804776673280
960654988425998336
960657265102589957
960659714555154433
960661941759901696
960663013383696390
960671058452996097
960671450637234176
960676389853843462
960685901285294080
960686168881774592
960688633886986240
960704889725874176
960705992433442816
960742393938051075
960743691462823936
960746458629722114
960747734549630976
960748189623160832
960748403952103424
960750267670126592
960753082291376128
960759627070746624
960760902151823361
960765316820295681
960770271803256832
960772734300114944
960777507229392897
960781297806467072
960781468518764544
960781481227489281
960783348384845824
960783514475139078
960793669312786432
960809568786944000
960813078878261249
960815125266616320
960826819699191808
960826996426231814
960828332312072194
960835779722346502
960840958836461569
960852700626915328
960857184581103616
960858103880339457
960859098379104257
960859291078086662
960862368656969728
960866213571293184
960868064962207745
960869380287582208
960875033760600065
960875438947135488
960876897294012417
960883572130418688
960883585124392960
960884056547348480
960886203968098304
960889159819939842
960894221443051524
960900081342976000
960903315558141952
960909765164625920
960917401754796033
960918414612160512
960924291117305858
960927821202972674
960932059958140928
960934957806911488
960935730372661249
960935772672151552
960936026507128832
960942021425889281
960942333058535425
960943794375090176
960947275651584002
960948167360606213
960954382190772229
960954541842845698
960955085021904898
960957180903153665
960958085601771520
960962012472840192
960963968557899777
960967810854813696
960968882185035776
960969265116581888
960970330029350912
960971036878626817
960971476756246530
960976270027841541
960976702020227072
960981211320606725
960987242733953024
960987674755715072
960989131852705793
961006294529343488
961009328688857088
961023257771159552
961026816843624449
961033746223951872
961038619598303232
961061234048163842
961067042710478848
961105529656528899
961141868703645696
961153123266985984
961155365550387201
961158871971696642
961159308967804929
961159531752513536
961160267861254144
961161624701886466
961162685793685506
961163892318724096
961171470453039104
961171735793098752
961173859918639105
961176373955096576
961178186791886848
961178899462983680
961182308802887680
961184797820407808
961185308829241344
961190900935340032
961191497365381122
961191557364965376
961192303082819585
961194809192050688
961195935509426177
961196154083074049
961196645890318337
961203122319384576
961205983258214400
961206405171642368
961208366440894465
961208501925277697
961212006689853441
961214113039953920
961215192829972480
961219378581835776
961225500994785280
961230876431482880
961237426256654336
961239769761099776
961244741546446849
961247767745179650
961247838637379586
961260682825039872
961262225204838400
961264098695663616
961271188306776064
961275404848893954
961286347364425728
961294793002356736
961301280781107200
961302330607009792
961306204747304960
961309176969523200
961312502624768000
961313625024573441
961314895525548032
961327454458728448
961333828970274816
961335211333246976
961335394301333504
961335564610998274
961342109386203136
961342505773031434
961342818081038336
961350079557890050
961350760406667265
961353219267022849
961354249547501568
961354642809610241
961358913906999296
961360983313866757
961363698312007681
961364622291939330
961365638169202694
961368151370936321
961368674153230336
961370055601803266
961373184569245696
961373266341519363
961379968856051713
961382279493820416
961389255867191296
961389259650461697
961394606956011520
961396748584439809
961397105523875840
961398940523487232
961405749145595904
961427702111719425
961449390031495168
961469007223230464
961475726896697345
961482575352156160
961490410307837958
961492138369470464
961494103417671680
961494912494645249
961502685362098176
961504636556386304
961508598407823360
961510017450106880
961512380101513216
961530046069596160
961537893624958976
961544974033653760
961546426328154112
961551723067330560
961557888278978561
961562528261312512
961576512263802880
961579943183314944
961584927270752256
961587547678892032
961589807787978752
961590912970354688
961592059961532416
961596341301456897
961602512313815040
961610430732034048
961614714798264321
961619665352122368
961628064018059267
961642185786609665
961645266519646213
961647904351031296
961649173509672960
961649634094604289
961650223788515328
961656182195834881
961659546463866882
961673331484348416
961673881420517378
961678044615335937
961679182207029248
961680685143478272
961699148658561024
961701735294275585
961704843755900928
961705941325570048
961708105586405376
961709444349521920
961711966023835648
961719476113768451
961719801403015168
961725620580470784
961725771608969216
961726392785399809
961730649160847365
961732892241154048
961735090912022531
961737661202477061
961743736639315968
961749807038595073
961753603399700480
961756119914905601
961758166294941697
961758674653011978
961758873987289089
961758923802935296
961759026559123457
961770057557823489
961771783119691777
961771945426595841
961789601311576065
961792795726970880
961805534260183041
961811929709756418
961816734301749248
961820467634958337
961863142182567936
961867138393763841
961876723594768385
961878469847154688
961879376227897344
961887959745212416
961888935881342977
961889180816232448
961889299540082688
961890397189439488
961890978524102657
961900200418861056
961902456342024192
961912036421709824
961914729185890304
961917796488708096
961919349220085761
961933048219623430
961934435712163840
961936835479064578
961938954659467265
961953057536905216
961953153607503872
961954144293703681
961955108996239361
961964173243682818
961966537241395200
961968337013092354
961970648883974145
961972279642116096
961981215183200257
961982889985544192
961985176694816770
961986560005722112
961990607496466433
961991183387054082
961991365482635265
961993910519259136
961997956734996480
961998868174004224
961998927741509632
962001866686070790
962002008868904962
962007086082138116
962007787059396608
962012192001335296
962013195077472256
962014797972889600
962020680639307777
962021574353342464
962022110481678342
962022228773584898
962027097093939201
962029953020653568
962030178225369089
962031971793756160
962033419998789632
962034594517213185
962037368847921152
962037855483645952
962043540023881728
962044659496185857
962044927520550915
962045577218310144
962050045385179136
962054995683217408
962066664501035009
962076612538912768
962080176434745344
962084286303260672
962085526693076993
962088196648574976
962091542822506496
962091725039730691
962092356282568704
962097907032821760
962106596376633344
962108912458719232
962112447824957442
962114972426866693
962118087918137345
962118996836388865
962119629576589313
962127679045718016
962128896643731458
962130523614269440
962155416238084096
962164288151539717
962165230213230592
962187798072713216
962190945495191558
962191145123110912
962191225662124033
962191957593411584
962201942536720384
962264372243521537
962267136038178816
962268178574381056
962268466442113024
962269761496231937
962273509249617922
962275444660801536
962276905226555393
962279537563357184
962279834133999616
962281400278962176
962287058390847488
962287376306524161
962287801629786112
962290303955800064
962291429266640896
962293861174431744
962295468939149312
962299040082939904
962299358594158594
962299946224574464
962300384122494976
962305153046142976
962307243050962945
962309235307577345
962312655821332480
962322621063925760
962326750557540353
962332455024889856
962347506263887872
962347960293052418
962366240562950145
962367032028213249
962371504804651008
962378067569201161
962378726557315078
962385043183239170
962386644157583360
962388000608079872
962392290940596229
962394914641375233
962396787398139906
962403937184776192
962404792512450560
962406143048978432
962410691385810945
962410889323298816
962412122046164992
962419021537783808
962419536325763072
962420884777693186
962422808302276613
962423440362754048
962425762774216711
962434401362624512
962434651309723648
962436176367046656
962438061308116993
962439031425503234
962441091684405249
962444464328495104
962445241105240065
962447766483062784
962453827688558592
962457894594727936
962458059317567488
962463903656525824
962465345243172865
962468244773851141
962468515730149381
962469479975473153
962472899591507968
962473611796844544
962477330068328450
962481045378658304
962494801429123072
962514078018174976
962532208329322496
962532806831243264
962533102529712128
962533468717633536
962547676511383553
962573260394295296
962586224602025984
962588747060645890
962591244407930880
962592052239306752
962596805304254467
962597186075873286
962599317612703744
962602324790214656
962614435960541184
962617222190387200
962618366056960000
962621092773945344
962625116332011520
962625972368543744
962626804157767686
962627900964048896
962628809873870850
962630131964575744
962630872611598336
962634173126242304
962637820891488256
962639220111302656
962639605584551936
962642909425258496
962643947238625281
962644088460926976
962647776516505600
962654580071895040
962655990637215744
962664065104515072
962668599558201346
962679199386435584
962689966945038336
962690381828755459
962690834809479168
962693273415503880
962704560853803010
962707497080549377
962709667230158849
962709801439412224
962712611501625345
962713873353764864
962715208316850177
962715436084289537
962715579948978178
962715698224156672
962715911273811969
962717494799724544
962722256840478721
962725611050602496
962727495534555137
962728562141868034
962732499754471424
962736552278417408
962738795815739393
962740525991366657
962742111018811393
962745079843753985
962749131008696320
962749492972924928
962750542199091201
962752176933269506
962754735223820290
962755363463364608
962755458934112256
962757321234505729
962757976812638209
962759254817017856
962759689711902721
962760342798467072
962763659654172680
962767010072588288
962767276838719488
962768978081996800
962773779670806528
962775881847590918
962781328591806466
962782281114021888
962782888457658368
962786449467822080
962787737052073986
962788340767444992
962789362349027329
962789657120595968
962790624654249984
962790734318288896
962791043857989632
962792003523276800
962793385705709568
962794282687004675
962794503731073024
962795765381914625
962796177266827265
962796808933134336
962802685165543424
962810743644151809
962811750641844225
962816304041353216
962816616953196544
962821441648406528
962824097926385664
962825640570474496
962829865069236226
962831674496225280
962832110301179905
962837547767431168
962837990283382784
962861389474754560
962863923673182208
962866114777767936
962890643042312192
962894727472394241
962906455048445952
962924600131801088
962930349604048896
962931408414023680
962931946455289856
962936577407180800
962937788722237441
962943449770135552
962943987802927106
962944117503295493
962945933217550336
962952974598205440
962953960431726593
962958688083415041
962961405581279232
962968457452146688
962969194412302336
962977705393315841
962977956703371264
962982865779806208
962984557288009728
962985306000646144
962985581948145664
962987049966907393
962995014946246656
962996728067706881
963000027990908928
963005023004299264
963005100599009281
963010460898549761
963012697880256512
963013468101267456
963017770735632390
963026092922753024
963026285164449792
963026775470059520
963034680529506305
963035214711836673
963035263084695552
963037057391226880
963044324261982210
963048108564406273
963050520264036352
963052624579842048
963053320159014912
963055969939984384
963056111690633216
963060249182785536
963060805112647686
963065379034628096
963065432725958656
963066749682843648
963068121694244864
963072297929248770
963075842132848640
963077781138624512
963080748260581376
963081234309177345
963083103328550912
963083663658442754
963097678103089152
963098116089155584
963101706299965440
963101736696033282
963102171473555456
963102247386337280
963105020638982146
963105233286127617
963105998335565824
963106205538250752
963106528093003776
963106973754458113
963107715231965184
963108246058930178
963108485125824512
963109261093036032
963109952482107392
963110102025801730
963111020171546625
963111351957811201
963111551912865792
963113477463298053
963113988904153089
963114388193468422
963115637672497153
963118171023605761
963120227499282434
963120688767864833
963123949130452992
963124027781939200
963124055644794880
963127445070237697
963127660674154497
963131935487856641
963135113109426177
963137407955685383
963138555370450949
963138999408889856
963140142902009857
963140617521033217
963143029019369474
963143479911215110
963143731137384450
963147171515256832
963149104019845120
963150417709490177
963151637832458240
963153564674678785
963156197040885761
963158462795603970
963160011747856389
963164670319321088
963164673301536769
963166381901537280
963166415615348736
963167613185650688
963168542970523653
963169214482866177
963171331327123458
963173104276131840
963175849024479233
963176076837990401
963177366943092736
963178103437713408
963181538597851136
963183119842140160
963185728703344641
963186143088070656
963189804589568001
963192774295044096
963197789017485312
963206118897012736
963208271409614848
963210959102779392
963211295922278400
963218400649629697
963237415937716225
963241025161629704
963252917259169793
963254323609309184
963260162495664128
963266770613227520
963268043169259526
963275136995651585
963285347831513088
963285382023532545
963305689971089408
963328848401240065
963341657407197184
963341695789264896
963342541356765184
963344040619134976
963349477863120896
963350381118894080
963352438232281089
963352547078516736
963359862594949121
963364393873494016
963365192083169280
963366338122182656
963367028001312768
963368086979203072
963368131833057280
963370349814517760
963374442603835392
963377523299176449
963380100006842368
963380597325516801
963381808636231680
963381953331453952
963383109277319168
963385785436311552
963386941227130882
963389456173748224
963390301674106880
963391743256383488
963395000523526144
963402452178554880
963404759687487488
963414621515321344
963420784722153478
963421462026735616
963421470415257601
963427542471344130
963432224610816002
963434465623232516
963442082865205248
963443962341199872
963444651075297280
963445414312726528
963446973876572160
963447011205943298
963451459596619776
963453617633157120
963456783095353344
963457758266671105
963458048931983360
963461799050870784
963464024527482880
963464735466418176
963465638953046016
963467072146681856
963468388734570496
963470022512439297
963473047750627329
963474123157639168
963477576353239040
963478726431461376
963479060688113666
963479968373182464
963480983776489473
963481101233778691
963483231512227840
963483623683915776
963483822506565632
963483982213066752
963486464506986497
963488758795571200
963491114299875328
963493161111875584
963502937623465984
963506818608762881
963507992581869569
963508323277565953
963510698763485185
963510808239099904
963512833228136450
963516447476592641
963519456071864321
963519649391489027
963519783630143490
963520975856918530
963521437750517760
963523304341590022
963524551748538368
963524553799421952
963525429977079812
963528287984209922
963529272106344448
963529526515982336
963530929145774088
963533294729080832
963537302407581696
963537413544038400
963538286164750336
963538861837246464
963546774823751680
963557368381476865
963562238782025728
963574289042722816
963592171441000448
963602026780295170
963629245313544201
963633047466905605
963633846452408320
963638189264179201
963639481093054464
963670662379433984
963672128724852737
963685289951748098
963686900212133889
963698426994143232
963698752493043712
963712107970777088
963725182656483329
963730813270585345
963731928590569472
963734776535449600
963735214387351552
963738189063163905
963738895312654337
963755688076988416
963756388492234752
963756518121312257
963756614594580480
963756754675871745
963759662163210240
963760247675457536
963761025303629824
963761807562301440
963767928154918912
963767977383428099
963768393009639425
963773028168585216
963773114147622914
963779947117600769
963784512164585477
963784574223486976
963786089197600770
963789248787828737
963789256312393729
963794502161854464
963795357149822981
963805795346534401
963807683605422080
963810658201559040
963816209333579776
963817309663121408
963817536491081729
963817709657116672
963818993546158080
963838247892758528
963841839072792576
963843511417176069
963843851478798336
963844416023814147
963844858120085504
963844945768603648
963845558992547840
963851770316378115
963856725483778048
963859269337595904
963859606962352128
963860068981764097
963864435445129216
963865330933256192
963866463420534785
963866645180624896
963866970474123264
963867376910524416
963869191957774336
963869765981876224
963870269323476993
963873926161068032
963873991344689170
963876171703377920
963876269254430720
963877049822797826
963877174397849605
963877293092425728
963877337564622848
963877709419110400
963877845503283201
963883858159656961
963885290623442944
963892604365606912
963897398497030145
963900323709452288
963902635081371648
963903299467513856
963905849130328064
963917111700705282
963923610355171328
963925116118884356
963944068106653701
963984000732758017
963985833706450944
963992797928882176
964008624535343104
964023022943383553
964024804063043584
964028602630144000
964035676307185664
964048114289139713
964057491704184832
964066997251162113
964081957926776832
964085911909781505
964086547262918656
964089967801716737
964092991471222784
964095508158582785
964096601076719617
964100921214078976
964114483936419841
964118195887108096
964119695770161152
964129601017532417
964131618502955008
964138242487537665
964139303696781312
964141086724603904
964142031265247233
964144007621283841
964144996239716357
964149414926352385
964150324679315456
964152055639236608
964161860277882880
964166279396560896
964168044342849538
964176921176264705
964183039399137280
964193063789912069
964197917065121792
964198890248564741
964204464335855616
964205764150620160
964209159028858881
964209754586279936
964210380364042241
964210942958383104
964210991499276288
964213664151609344
964214307922874368
964214413648687105
964216616916602885
964217275837534208
964218428067385344
964218643579047941
964218831681056768
964219626321334274
964220388787048450
964220729028997120
964223645798330369
964224402366836736
964225167055642624
964225257115660289
964225386413510657
964226398037700609
964226418581426176
964226713847762944
964227438623494147
964228704426708992
964228966193168384
964233107229601792
964238095913635840
964242086815064064
964246770179026947
964246773110923264
964251498820620295
964252172035620864
964254262040629248
964255259022495744
964256013582045184
964265894540201984
964277841998336001
964278002619121664
964287050701787136
964288661045964800
964297350977114112
964300260972597250
964319210850717696
964325824433459205
964329223904157696
964334626402693120
964340593378775040
964357608428613632
964359037012787200
964360877490126848
964391828395999233
964393711739191296
964401737284034562
964406188556263425
964412464489119745
964413917794484224
964437712940933120
964452799005290496
964471934678335488
964472744170741762
964504703102005249
964507831616659456
964516506817257474
964516790775685121
964523167254482944
964526580566544384
964531350387687431
964538662275907584
964541668757331968
964545813992165376
964546360908410883
964553888455168006
964555221396480000
964557653228838914
964561613096411136
964567416217964544
964569406943703041
964570248971210752
964570871661776896
964572357217091584
964573802146549761
964573925001875457
964574376334118912
964575109737463809
964575610302590976
964577972962385921
964579513131728896
964581566948274176
964583675554877440
964586385880637442
964594652908171264
964599702812585985
964601469864464386
964602682039250945
964603552357330944
964606996719833094
964607049995882496
964607968535896065
964609323715432449
964617953093275648
964618399069417473
964618556217483266
964624690793844738
964625315757772800
964625701633654791
964627017403691014
964627251852726272
964629597294940165
964638420453806080
964641355623485441
964647299346464769
964669517422096384
964685607191695360
964686065633284096
964689464281853952
964700523420110850
964723835521073152
964726425344512000
964727908202942465
964727928125820935
964748106557468672
964749540971728896
964752092777926656
964753436641189889
964755632799797248
964759630772686848
964774211050004480
964778879729717249
964790468562341888
964794067908427776
964795220280913920
964796004221546496
964796138871246849
964798650051424257
964799126452961280
964802528448827392
964806269373763584
964807689116311552
964809534123466752
964809704059883521
964809935593893889
964815768260087809
964816482478764033
964817055424962560
964817621622427648
964818347287351296
964821124382109696
964821349154918400
964822246299664384
964822836551585792
964823466829602816
964823697516310534
964823952831938561
964824092905033728
964824132876734464
964828848138407937
964834244928462848
964835479760891904
964839118743187457
964842399494213632
964843316801167361
964847213305266176
964852365995204608
964852828635369472
964853844076384257
964854053367926784
964854680001097729
964856142999511042
964857041398501376
964861193746870272
964863688523112449
964866590637543424
964867236279316481
964868008714887170
964869333687177217
964869758104596480
964870507215708160
964870883461488641
964881180473556992
964881800366645248
964882845197103104
964885537072009217
964887362017865728
964891892830887943
964892830975094785
964894482473930755
964895268696133632
964895999369064453
964901582394490882
964903118763843584
964906073659445248
964908323320532992
964909469795864576
964911005754159107
964911933529972736
964913365054353409
964915801512955910
964916505719836672
964917476491489280
964919358685409282
964920038611353601
964920234045050881
964925003811770368
964925404787171328
964925707196469249
964929991845740549
964933578218930182
964945116132794368
964945750311522304
964945995866963974
964946108425359361
964947365722456064
964949568604594182
964950320198639616
964950820973367300
964952002118717440
964955511501225985
964955759879520256
964957435961204736
964957952602968065
964958401389318144
964966678399455233
964967702224924672
964968760883937280
964976402062864384
964977676296642560
964978523957006336
964979679676559361
964987608823681024
964989911513247744
964996741513826304
964998454861803520
964998979988656130
965005097263665157
965005252587065344
965007619436961793
965008070316306433
965008202864758785
965021765993926656
965037459821211649
965042315118063616
965046180764889088
965048725289783296
965050920177455104
965076414847488000
965077077094383616
965094278795026432
965094476342579200
965099296847728640
965103770077159424
965111032397037568
965111199116550147
965111251864031232
965126759459954688
965145228679237632
965147437382774784
965160463741931521
965162440416784384
965177631779016705
965179423556358144
965179494167347201
965179731376312320
965180249179873280
965180595486773249
965181917921533954
965182388958461953
965186615990804481
965189229008564224
965189229914525696
965191657951055874
965192717893619713
965193594889007105
965195839646945280
965199082716360704
965199565447196673
965205173667844096
965211481049632768
965216900958564354
965220026541322240
965222111487889408
965223468404019202
965225412010930177
965226213978591233
965226486591606785
965226695446982656
965227701262012418
965228041445216256
965228499886854145
965229096312737792
965229278316187649
965229318686363649
965229545795325952
965229667149144069
965230162911653889
965230530957635584
965231724434280448
965232417366781952
965232744052781057
965237558585298945
965237864924680193
965240988838125569
965242362036457472
965245246874451968
965254090593890305
965259626638970882
965261248584564736
965262163131666434
965265690348400641
965272872078991360
965273037502341121
965274719409836032
965276291422474240
965278556392771585
965281703769100288
965281819557015552
965283114313486341
965285288250667009
965286335677435904
965286978517438470
965287182817775618
965288485958639617
965293186745761792
965293389783552000
965293925962362880
965295654443606016
965298111072567297
965303559456722945
965304603838484480
965317215259119616
965319836308996096
965319850552897545
965324511687184385
965324601847943174
965324768810622989
965325600935292928
965328240897351682
965328482841645058
965329153955389440
965330456270000130
965330979735949312
965331794148167680
965333871289159682
965335090950803459
965340653054984192
965343042118078471
965349010604281858
965355214885851136
965361406441873409
965366344849022976
965366793949892608
965374229280641026
965374478418153473
965378367389339648
965379932686700544
965389705020870657
965401473822502912
965427218858962944
965434591619186688
965473523992092672
965475048177000448
965478219100114945
965505741271519233
965505893512118277
965506063377354752
965513296764985344
965513460468666368
965513488574615552
965515091868291072
965517181638402048
965521768080396288
965522786096730112
965526574366896128
965527343606493184
965529591774351361
965530778758238208
965531860439838721
965537008952193024
965545348906266625
965551187687854080
965551399185600513
965561242395037697
965562024901185536
965570852396953600
965571117808316416
965572486506188800
965576018500227074
965577454856359937
965578022135967745
965578065312206850
965581097332592640
965582194612809728
965583046488612864
965583102683774981
965584063695413248
965586620446662657
965586901032939520
965591001812406274
965603526436061186
965614656432889856
965615400099688449
965616826137894912
965617040055816192
965617177637392386
965617363004592132
965617889809113099
965618013545299974
965618441393721345
965626918077833217
965628731250364416
965629265202073600
965630322158329856
965630847297744897
965632232659521536
965637201890603010
965638113430159360
965638565215563778
965640729065394182
965641034846916610
965642841484611585
965644384753606662
965645434298470401
965645468444315649
965647265892323328
965647829619363843
965650027854139392
965660741360644098
965662268091518982
965665520472215552
965672657797681153
965677096042409984
965681733407559681
965685192068354050
965694405263986688
965695631678492672
965703563514204166
965703986706833408
965708509462409216
965709055103852545
965709097893969920
965709946695421952
965710895635628032
965711674454941696
965715454806429696
965725246807597057
965746517402357761
965748791130382337
965751675964321794
965777170181181440
965779544169897985
965800199854665728
965805540872982528
965817686759497728
965818449703440384
965820813474783232
965822197733478400
965827875088814081
965833820980183040
965834950514704384
965844696751894528
965849102092091393
965852679015682048
965854460441497601
965859942686232576
965860095673462784
965860476201635840
965861921999081472
965866702503403520
965869286714740737
965869441547493376
965869872285708288
965874480554954752
965876978715938816
965879716052979712
965891752702955521
965906009570119680
965912894935306240
965914709382848513
965918101744308224
965923345941266432
965923393278218240
965923587482882048
965924178460209152
965929820201914368
965931200987705346
965932857326735360
965936834353254400
965943388125237248
965944022954135553
965946035376766978
965946183867928578
965948469583253506
965949564082585600
965952060104630272
965955295594901504
965955928808804352
965958150208749569
965963978701713409
965966651173888000
965968222582435840
965969197611155456
965973163325706242
965973299640590336
965974376217829376
965974878804422657
965975317520232448
965979073083211777
965982284192075776
965985677421830145
965987556923002880
965989119057940482
965990355362549760
965992894598385664
965995386014982153
965998644569702405
966002613606146049
966003654212890624
966015665348988929
966018559523639297
966018736955195392
966019721224245249
966021645696688128
966026691696046081
966032744240369670
966034183666757632
966035599286259713
966038096994357248
966040621562679296
966041579822747648
966042781201334274
966044071809765377
966051362206339073
966053849302781953
966062149247340545
966062817400053761
966068248692383744
966068805838495749
966076132658483201
966078038109769729
966082465185062912
966083841239797760
966083884566896640
966084167233687552
966099430339313664
966104401843818496
966109078039793664
966156011903037442
966176149192757249
966184438651654146
966185047815589888
966185257094565889
966187121043230720
966206183332831233
966207146747748352
966207410582032384
966215505148370945
966216086483099648
966216522283864065
966221164522758144
966231207414587393
966232097844355072
966232932934406144
966238421587984384
966239251636674560
966243594020507648
966248551582961665
966257858395430912
966272646009819136
966277950252429312
966289428099551232
966290402654474240
966291414085783552
966313063568822273
966313224881819650
966314878276395009
966315946565619712
966329328542846977
966337463366111232
966338860782424065
966341063064608769
966342501572292608
966344637546889218
966345295377436672
966345317879894016
966346443773628419
966347897934622720
966348027974897664
966352786001670145
966362423681802240
966362694205964288
966369141253795840
966369355813539848
966372266874425346
966373162333110273
966373244143095808
966376978881314818
966377533225697280
966385434451415041
966399708515225601
966404459684298752
966404537828368384
966409267317153792
966409947666935809
966410167838498817
966413628982349825
966417057842577408
966417587985727488
966424780806135808
966425110486896640
966426738027790336
966427104857460739
966431136854364160
966465078034944001
966468125582643200
966469049591873536
966471281804824576
966482104795181056
966490215715168256
966501756774506496
966521054825869314
966521449879035904
966530991505510400
966556114140782592
966556458472165376
966584815721091072
966591230766444544
966612703648403457
966614382208790528
966615001724342272
966616052120473601
966617191255822336
966617265394323456
966620327404081152
966621354618474498
966626058324803585
966627848453853184
966629188110348288
966643119331692544
966646714844303360
966652083133759488
966655238093459456
966667344964718592
966667509113016320
966667555489263616
966671504854274048
966675925646626817
966676003266420736
966687099289251843
966695438802935808
966698207916036096
966699647795367936
966699686403956741
966701218998472706
966702697884864512
966707621586702346
966716909143187463
966718737759002624
966723720999038981
966733638988648454
966734284215209984
966735189916315648
966737310980112384
966740049839738880
966740108564221953
966740687956869121
966741243966509056
966742825663594496
966745715098734596
966748396102078464
966749414298701824
966750448375009282
966755137611096064
966756470154055686
966757855536742403
966768268722647040
966770269405745152
966770469868367872
966773798149160961
966774063585808384
966775194751721472
966776059206172672
966780932597473282
966782455951839233
966783148150411265
966783940680806400
966784527090642944
966789516651651072
966796342013120517
966801782444871680
966803902694862855
966805854983983107
966807967805902848
966810246160187393
966826454620278784
966910720242737152
966928646815600640
966934579591356416
966934715063328768
966951353447862272
966957654609457153
966962199628455936
966963533907943424
966969639367512065
966971392142004224
966984978847367168
967004771679920128
967009135429644288
967009516284981248
967011519471980544
967012519800983553
967014961741467648
967015516631126016
967016871840112640
967023677496791040
967033511881445376
967038378523930625
967044557987868673
967055122219130883
967063155284340737
967069331682222080
967072438814113792
967076481368252416
967079687246794752
967080531719487489
967082220354547712
967082311446679558
967085859320352779
967086281435111427
967086481323036672
967087038011932672
967090748087816192
967091966663168000
967095864832462848
967099159022096386
967099159047233536
967099159047278593
967099159449886720
967099159449886721
967099159462469633
967099159475081222
967099512182525953
967099833050980353
967103898191310849
967104143142932480
967105341002600448
967105945846341632
967110758394863616
967120597795917824
967125805955473410
967129491159109632
967134949873733632
967135842434248704
967140118531395584
967143137998237696
967146459513655298
967147948403458048
967148647208095745
967149262479020035
967152552943988736
967153882123198465
967154058279686149
967155177320050688
967155756977020929
967164971527426049
967165734379032577
967169148966068224
967172545932939264
967172700291690496
967178146180104192
967186139030474752
967187043968278528
967195399340613632
967197912685056000
967275974126546946
967280840328863744
967288127382573056
967289949421752320
967300529654132738
967301001538519040
967306620270272512
967307555142799362
967308812993654786
967321061611180032
967321629553516544
967323003599147010
967324161986236417
967324266923347968
967324637498617856
967325337288892417
967326232374374400
967331325937057792
967332414338060289
967334999111426048
967336508389814272
967340263139086336
967342597273477120
967350031035506688
967353135483072512
967356600800378881
967357911033815046
967358670689456128
967361587047751680
967363157827178497
967363823043792896
967364677410934784
967367979544453120
967371620187766787
967373817147461632
967377115984351233
967377659419389952
967377909534089216
967379662602153984
967379717727891457
967380209782620160
967380226476052481
967382673000935425
967384431110574080
967387210428420098
967388053189939200
967388912057450496
967390060005019653
967394617137291265
967396993629851648
967399155189665793
967399334097629185
967399965378142208
967404008183877633
967405048320921602
967405622567333888
967406168648900610
967407461106946053
967407929660977154
967408034287947776
967408574786932736
967409233045151745
967409310622998528
967409384040075266
967409546036699137
967410182614548481
967410254756700160
967413489387098112
967417005484670976
967418631641591808
967418884436447233
967419219662065664
967420423515332608
967420960927338497
967429114394304512
967430204867203073
967431256479862784
967431602518347776
967432456247922689
967432974890422272
967433008423800832
967433348644851719
967433579281215494
967434262126489602
967436228835627008
967438566312828928
967439106086264832
967439142199099392
967440086311849984
967440844289699840
967441015379460102
967441165535629313
967441586220093441
967445320815738880
967447441468518400
967447821061378053
967450055232933888
967453886008250368
967454011002687488
967454062999494657
967455718872887297
967456185757720576
967456200014123009
967463846641221632
967463947707322371
967467431076786176
967469436809760768
967481849856618501
967482917306867712
967487032342740992
967495965778300929
967496052600442881
967502088640004098
967502703093010432
967513346139475972
967515070409396226
967515548585250816
967515793947877377
967516354696962050
967518623823814656
967521452881793027
967524239589945345
967524785801650181
967528197733707776
967533647141076994
967546338132054016
967570921350467591
967616269733081088
967617051975024640
967642457818255360
967644379061121025
967658563861663744
967661639125426176
967663974505467904
967667989293256704
967668733341728768
967674293315399680
967680750454796288
967684000583159808
967687020373073921
967688810652946437
967696043734437888
967696242099671040
967697425233301504
967700052243288065
967700701097971712
967701469418881024
967701598242852864
967702440043741184
967711501397184512
967728099113754624
967728422922354689
967734051267399680
967737994059878402
967739465677660160
967743345404628997
967745135139225601
967745944413442049
967746406013382657
967749797364068354
967756815864881153
967757901745049600
967769910884687877
967780541767585793
967780634440683520
967784333380608000
967786370155663360
967792678405623808
967807945647034368
967824189372628997
967827075469135872
967830893548236800
967836798566137858
967837521815228416
967846531649998848
967848528059011075
967849834995748865
967855964153155584
967856446074482688
967856835729526784
967857674737061891
967862936772513794
967873588614385664
967873717375324160
967883172204728320
967884147787214849
967885426185957381
967892310309638144
967892765391671297
967903207392514049
967906201857155074
967922147350937600
967934114958422017
967949142705299457
967950675329146880
967992616817225728
967996364691918849
968002674594582528
968009708467576833
968010018829275138
968011312788918272
968033184570073088
968035418271830017
968043073744855045
968051607056338944
968055866229448704
968066188210266113
968067858289840133
968068074841747456
968068314223259648
968074087691153409
968076505849958405
968076990543810561
968077666262966272
968080636836794368
968080874460909570
968082017148637184
968082207024795648
968083718614138881
968084132189360133
968085533254668288
968086334618460160
968088085899685888
968089640149442560
968090134225870848
968091934857285633
968093547147776001
968096658461401088
968097104739667969
968099513096339456
968103768674963456
968103939798388737
968105978628624384
968106242467074048
968106297412419585
968106652451950594
968106718566801408
968107645738549249
968108040963665921
968112353987395584
968112392147218432
968112880796217344
968117948786331650
968118438941118464
968119043487084544
968134135108767745
968134439111929857
968139161868947456
968143877961076736
968145292548853760
968148440499793920
968149255486689280
968150939914948611
968153838179049476
968154096623595521
968155530136039424
968155838031556608
968158769778655232
968165517843451905
968166958779650048
968168301380685832
968172507575578625
968176479036231680
968177733535707141
968178570735575040
968179361781288960
968181863276793856
968182025415987200
968187566611681280
968189009498427392
968189952273068033
968196136891645953
968197133034819585
968204823723048960
968205937310748672
968206577772634112
968208242747768832
968212873829785600
968214313755291648
968218111664115712
968219370827735041
968222808210903040
968222969100144642
968224943791136768
968225738167078914
968225913081966592
968228519418499073
968238258332282888
968243678052585472
968244424231841792
968244743825231873
968248465208823808
968249319408140288
968250411189760002
968251618708766720
968252633742966791
968253314486951937
968253642062073856
968264036856094720
968270402920370176
968271591976194048
968273320029417473
968278525206781954
968281410451705857
968283703465029632
968291860509798400
968296218869878784
968297274647502849
968298752086827008
968302481783443456
968322034378985473
968338598113218561
968345555184373760
968355032214245378
968370771767775232
968376500339830785
968379086140735489
968396357840097280
968400620096053248
968400795010990080
968404368151252998
968405831124385792
968409292746485760
968410159201611776
968420312793731072
968424321705234432
968426949868695553
968428565938294784
968428808389918722
968429250016628737
968432710309109760
968437461193035776
968437663379460096
968439205180379136
968440834646593536
968441941955313665
968442220473962496
968443048001712128
968443429054279680
968444489156251648
968446756211044352
968447867257065472
968448663784706048
968450094029791232
968452041403195392
968456687060480001
968459208445366274
968460359169445888
968460792856276994
968467965128708096
968468692416778241
968470511880757248
968472606943965184
968474899974062081
968475881768398849
968476751767724032
968477172443656192
968477745402535937
968479429814095872
968482394759221248
968483601468796928
968500280982634496
968501623138988033
968503102046396417
968505378722975745
968513723282444288
968523568991690752
968524029555609601
968528631961186304
968531885042360321
968531885059166208
968535052580569089
968547317564387328
968548645858668544
968552705571553282
968564044499218432
968564325777530880
968565099320537088
968566712852537345
968568146503389186
968572847718305797
968573776085561344
968575584648486914
968582063174512640
968583999684796417
968586508314689536
968597111108526081
968605174217478144
968608275502477313
968610675881738241
968619947831291904
968621768150728704
968623903051526149
968629342648586241
968634819998490625
968672965075374080
968674481743970304
968707659112337409
968723371340062722
968723654493331458
968729520231641089
968735078112284675
968735102573465600
968737555679203335
968744169245208576
968745246342438913
968746859069091840
968751170587152384
968751303756275713
968764770823352321
968766720352636928
968768485743620097
968771076539998210
968772672082595840
968773560012599296
968776341658177536
968781746056687616
968786194489315328
968794752761122816
968799169577209858
968804528496742400
968814368052924416
968820951004729344
968833589302431745
968834924353675270
968837180046135296
968839221015384064
968840790935040002
968842624235986944
968843934960152578
968844443313950720
968844604400439296
968845957029924865
968850342711562240
968851301349167104
968852096933154818
968858501794603008
968866844256989184
968870848982593536
968873600865353728
968874226252963843
968878078880497664
968878147503579137
968879831508226050
968885286607364096
968886008052723712
968888961677611010
968891858624528386
968892734458212352
968898351046553600
968901597018378241
968901701435617281
968902521640153088
968902712682262530
968902871637835778
968910620639850496
968911864825606146
968914535611592706
968915909887832064
968920831559684097
968925265588973568
968927113947549696
968928399468179456
968930476068044801
968931922649939969
968932481033359360
968935695032246272
968939313009496069
968940388852682752
968946938702913536
968949231305281537
968950179612291072
968955088399159297
968956497584644096
968957858544054272
968959790868295680
968959805963587584
968962377524875271
968962535214010370
968963001570267136
968963926045216768
968963935704674305
968964280476405760
968964997266092032
968971492133240832
968973582591119360
968977064463347714
968979580852850688
968982369226108930
968985132010033158
968989029382443009
968990930631122944
