980240141640978432
980248234529574913
980251470523183104
980258831883218944
980264278602137600
980275367507300353
980302567220576258
980315123482054656
980326025891647488
980327498104934400
980330457198940162
980331497776394240
980336665045725184
980338326950510592
980340616625315841
980344986217668608
980348386967719936
980350584376225793
980350714961629184
980352793100914689
980354020765323265
980354642386276353
980355925176475650
980357628705550337
980364244385521664
980364265784782848
980379688211070978
980381147573219328
980381973280706561
980388827402592258
980391287986601984
980394611142209537
980394678272102401
980396720889643008
980397330292707328
980399990328647690
980400753264218112
980402721223299073
980403976171589632
980404678310662146
980405391501791233
980409820107935749
980410677922877441
980410980235710464
980411585473605633
980412965726904320
980416473100414976
980417759921270784
980417889214844928
980420896585371648
980421761308266497
980426070527807489
980431385965092864
980432129610932226
980433090542735361
980439168928112640
980441352889659392
980443620347207680
980449781750403073
980450733857427458
980457129332150273
980459975276449793
980460369033531392
980467877663952896
980468168740278272
980469104481132544
980470346506817536
980478556953370625
980482901593632768
980483507246989312
980485508097871873
980489782861103105
980498085477539841
980501112506736641
980502870251405312
980509114789965824
980514575060783104
980517033220673536
980520742621204480
980521653527633920
980525998138642432
980526183094931456
980526290057990150
980527127261933568
980529862774611968
980535559876734976
980535840509132800
980539566150045697
980540050294394882
980540933933600769
980541155245948928
980541336272203777
980542400786350080
980542661277945860
980544738272141317
980545988921348097
980546111483076608
980546783049854976
980547082997022720
980547530000871424
980549234868047873
980549448509149185
980550272673026048
980551319558807552
980552277542014976
980553966592372737
980555090670096384
980555164502380544
980557344106041344
980560600299393024
980562678988070912
980564207828598785
980564886886539264
980567389644447744
980571343174426629
980575362588512256
980577415704522752
980582391273132032
980584918446034945
980616926450745346
980627474982821888
980633195757551616
980637475616972800
980639644864917504
980639803862667264
980643568241991680
980649374001909762
980653573326307330
980664661837336576
980673003024519169
980678660503080962
980678983682412549
980684623368900609
980684716889296902
980686685582262272
980689675382816769
980699564318642176
980702536406532096
980709760247922689
980713776705146880
980720583209029632
980721082612232194
980721859959443456
980725578230910976
980732874138714112
980736581987381249
980742385402494982
980747611731890176
980749153566380032
980752754787397632
980757271641718785
980762347575939073
980762924305305601
980763540427505664
980764114875240448
980778306067890176
980778456211390466
980778569046556676
980786065098313728
980787635483566081
980789182338600962
980798274721509382
980799066190893056
980800228449247232
980801703153950720
980806900743884801
980806968674799622
980808828022349824
980810814864216064
980813113749417984
980813173681983489
980817207813988353
980819158605721600
980820595582447616
980822531635589120
980830277722427397
980830668094693377
980832535084195841
980832854669131776
980833056067084288
980837191164289024
980841057477853185
980841438719098882
980843108081569792
980843376705785859
980843821511659521
980850152629047296
980864465456500736
980867512001843200
980872598182559744
980872672442798081
980872886364844032
980876559740481541
980877154056486912
980880481976836098
980881106047250432
980881855053516806
980882563815428098
980883031979450368
980884497460703238
980885141701640192
980885680539799553
980886351364182016
980889400199565313
980889764650827776
980890166498873345
980891719205097473
980896208792293377
980896630319788032
980896794744905728
980898261497188358
980902129891266561
980902420963209216
980904877156073474
980909310552236032
980909912908845058
980920127737745415
980922777195765765
980924051857256449
980925324568530944
980925828962967554
980952517751246849
980956958692921346
980970371213078528
980974189870919680
980975273104592897
980977069944463360
980983483865575424
980985937118334981
980987471830962176
981001381799776256
981006559269580800
981011767332691968
981017113379864576
981042424343597056
981047105581125632
981049655743123456
981050069108576256
981055110854971392
981061005097742336
981062365750923266
981065369648582656
981065472471904256
981073771640643586
981086717028552706
981090439053938693
981090529218875392
981090921176535040
981101315106406400
981101639946985472
981103243009974272
981105728554438656
981106827436937216
981107301401681920
981107610412830720
981109708730916866
981110666928054272
981113425521795072
981114682349178880
981117674741747712
981122012495085568
981126718525231104
981128760924794880
981134933493239808
981135755149041665
981144184454369280
981147109947838465
981148023471386626
981148058451881984
981148819969654788
981149332958261249
981150064864387072
981165003871940611
981182587921158145
981183725001158657
981184541858594817
981184622976552960
981184711501471746
981184847396966402
981188913329995778
981197982954606594
981206177102155776
981206619164876805
981208022168064000
981212543795462146
981213314943520768
981217328900710401
981217398131892225
981217606999986176
981222177516105728
981226987229450242
981229949993578497
981230638870290434
981230845871771653
981231334965182464
981234567771312129
981239321821925379
981240904253140992
981242594985496577
981246248220020736
981246488528515073
981248250161311744
981252176432566273
981252968321306625
981253831098011649
981255596077969409
981258626781327361
981260755453407232
981261448792985600
981263035082960897
981267516860362752
981269805088083970
981269846217326593
981280404110966784
981284223029047299
981285832794562560
981286952258473985
981290846648594432
981299067098550272
981309807620575232
981313810903511042
981318323970469888
981322320966029314
981326751161815042
981349633459933184
981351185931173888
981356363388542976
981411095670870017
981411521833160704
981418684974592006
981419592462594048
981423680260657153
981425136124530688
981425524940656640
981428473095999488
981431943303696385
981432365133258753
981433796686991360
981439723892805634
981441503125016578
981444034819428352
981452116815417344
981452989083906048
981459130111152129
981459914265645057
981461548957921280
981465535643836416
981471974500290561
981472054879883264
981472351404556290
981475102863839232
981476538972561409
981476689548140544
981478168056999936
981479650730881024
981481516877471744
981487803757363201
981490476552507392
981497772217159680
981497824675270656
981498078019629056
981500501933088768
981500586272215040
981501510617128961
981504682764910592
981505410803949568
981506813492383744
981511452367425536
981513621657280512
981513919037665281
981515176070537216
981544708605390848
981550603678646272
981555626806571008
981558067035820032
981559755369009154
981559959933435905
981560488390791168
981561495887712256
981563178546065408
981564284256780289
981566779863584770
981567731563683840
981568817880076289
981576795429449729
981576923791941632
981578137598332928
981580495350849537
981581322782199808
981582008957710336
981582278240456710
981583481997221888
981583577216204801
981583659428753408
981584593471004672
981584919389458432
981591847129812992
981600158537326592
981602772867997696
981604487487000579
981609074398724096
981612750676938758
981615812183252992
981617310720028672
981622358153793536
981627530162577408
981628817373646848
981634492686389249
981637988592603137
981639449548394496
981640541325709314
981657639401803777
981663671473659909
981678424686317570
981681306600960000
981683152488976384
981726885691342849
981726891563503616
981750694087540736
981760759431655424
981774815248908289
981780487013314561
981788349022302208
981800001180385280
981808242186735616
981826422875574272
981831086006259712
981832359002755072
981833387458605057
981834453650681857
981834468305653762
981839936071577601
981843771859046400
981846573926830080
981847499173515264
981853482780184577
981854867563122688
981861266565337088
981865333786136576
981872895705145344
981880065008029696
981881422284836865
981885846432436225
981887937121017856
981891339292995586
981906462300454912
981906962773364737
981906973988925446
981908132464078848
981919443637952512
981921949269012481
981923634183884800
981923783434014722
981936848749649928
981938958052593664
981939507946602496
981941121092857856
981942433872261122
981943238792761345
981947635258085377
981947648658804736
981949494437777408
981950708726620165
981951879033827328
981952142918537216
981952438134599681
981954171636273152
981956013355163648
981958216350347264
981958432419917824
981977377906614275
981979852122345473
981982113489702914
981986347425681408
981988583824416768
981989735982825472
981996413755289600
982010796422164483
982014693761015810
982024172913283072
982026593911623680
982028508149972993
982030309171621889
982033739692855297
982047398854889472
982053280523194370
982058694564368384
982089252149317634
982091989947682816
982093288328122368
982095551566106624
982102898313134080
982117913099255808
982118427312599040
982128238137819137
982128529725841410
982128975999717383
982131365750521857
982133764292669442
982134144640544768
982135156294148096
982136084892024833
982137547034783746
982141367127191554
982142730351534080
982143568365015040
982148999850344448
982150990416642049
982151225524154369
982155803078549505
982162167586680832
982172326216155136
982172692647329792
982175281518592000
982183459555692544
982189805550223360
982190965132640261
982195581945757697
982195904475115520
982196474501976065
982197635464347648
982199864770441216
982215106414108673
982216044705079309
982217418431868928
982218957229735937
982222243861118977
982226602619682817
982236940769505283
982239622544568321
982262828470956037
982265997200519172
982272207668658177
982278411463876608
982286214991671296
982297996351197184
982306051973373952
982313735065829376
982316451380916225
982317402569560064
982318148732014592
982318554258329600
982319839049023488
982320607479164928
982321460550053888
982323252805632001
982323911705743360
982324353802096640
982326261359005697
982328147944312832
982329904120332288
982329938098425857
982330574407778304
982331107021598720
982332118666637312
982332274745249793
982333378262372354
982335222070042630
982335733364133888
982338941985738752
982339401257713670
982339646624448513
982344905224871936
982346911159083008
982347009737809920
982347405701013504
982349371130851329
982349920588853248
982351336175034368
982351994273710081
982353853579481088
982354073369198593
982355299364409344
982355821538537474
982356905384382465
982360709173477376
982362886457708545
982363143979634689
982365740249632771
982366855523459074
982372683097821184
982376464254423040
982381434496339969
982381545636925451
982388115200503808
982405382311219201
982411877585125381
982422629679321093
982423360767430656
982438900659638272
982445496177430528
982452905189036033
982479426872135680
982488782413926405
982489962095489024
982493422765400064
982497155544965120
982499353154805761
982508033673752576
982508241308467200
982511565290311680
982512959892152320
982519484568297472
982523596181573632
982523759843307520
982529924606103552
982535435070132224
982535611964952576
982537368656842753
982538873552146432
982540019859623936
982541950925660161
982543241533952000
982543782993375234
982545733759926272
982546413669273601
982555116426448896
982563708898492417
982568258850246656
982577684147556353
982577726224830464
982578172922290176
982579485341077504
982585215431438336
982587432045604865
982588002697383937
982588277411762176
982589155195674626
982589578182840320
982590181638361090
982592030516875265
982592881780146177
982593680098803712
982593781194199040
982597893252112384
982598431708467200
982599623868116998
982602536959004672
982602943231819777
982618192961994753
982619131567624194
982620258589724672
982621043927011328
982621507967946752
982621537420365824
982623121214763011
982631126035582976
982637136896815104
982643732439805952
982654984494964739
982659246746755074
982662828271308800
982669445196931072
982673416355532800
982686320299511808
982690250593062912
982703913567649792
982705310354853888
982706516976459776
982710812354777090
982712887683796992
982719528948912128
982720192911478786
982720196703121408
982720197927882752
982720199219712000
982720262960492546
982721473524748288
982721564465598465
982724165739450368
982724261814120448
982725217679302656
982746219419176962
982778060306092033
982779005446258688
982792354422771712
982796624471691264
982808410705014786
982809003947327490
982838400548913152
982859416537108480
982864951747448832
982867638136262656
982868748720918529
982878037158002688
982882726805233664
982888051528609792
982889867599384576
982892747802718208
982895713200812033
982900421319675904
982904189603975168
982906699853041664
982907520577671168
982908118278471680
982908983555121153
982912945087803392
982914510821486592
982915517467054080
982917292496433152
982920425192730624
982922508084088833
982924909717458945
982925090118660096
982925273422327808
982929312117641216
982930310349447168
982935783085572097
982945453896601600
982955753836302336
982955758005424128
982958125287464960
982964035757985792
982967026451996672
982968914299752449
982988466689662976
982989310365437952
982989562451578880
982994172381728769
983004876929191937
983009493779976194
983010290605412353
983013532445880320
983014089873149952
983015843964641280
983018886898434049
983019975135735809
983022023407538176
983024070227890177
983025590243680256
983028881518153728
983031453045829632
983033869573160961
983035418328346625
983052076036116481
983052361655640064
983053849777790977
983054853835579392
983055038439452672
983055893670649856
983057212607213568
983059555725623297
983063966086811648
983075021374545921
983075162240307202
983075679481679872
983077753141583872
983079554565713920
983079933760147456
983086353972908032
983088452379004928
983090835007922176
983098771188912128
983106112076607488
983107670260506624
983113822893293568
983113945769697280
983125403765301250
983128118327001088
983137991303540736
983141611843604480
983152187114184704
983197833967775744
983202485446823937
983214608575066112
983226028888854528
983238906689871872
983250090788782080
983250132459315200
983250479940538368
983255254836756480
983265251956174848
983278176129507330
983294989542346752
983299994638868480
983300479898783744
983303925884506113
983304009804021760
983304381855666176
983311619320172546
983312125799124992
983312946112679936
983319226327891969
983324328552009728
983325134860832768
983325987554385920
983328801177374720
983335203295948800
983335282606071808
983336546735620096
983336824444739586
983337982429147136
983338498370539520
983342181787283456
983342657421312000
983344075901464576
983348260583755776
983349138304786432
983350606919323648
983351362263179264
983351629213786113
983367764634193920
983373510692220929
983377942041460736
983378277950631936
983378507358236672
983387226489966592
983391565489074176
983396458983337984
983400184804671493
983410894100221953
983414887492665344
983422962786291713
983428286561816576
983428412378300417
983430367439937537
983431630663626753
983431975104020480
983432297658667008
983432837050306560
983432933905174528
983446131505008640
983446538990116864
983458457960570880
983460677896556544
983460840295878656
983461824719998977
983467800328069120
983469047705686016
983471485045104641
983476232980455424
983497251778678784
983497957810024448
983498374283280384
983507833697243137
983508260690030592
983513423865614336
983517380801449984
983566167750201345
983606828109058048
983611252017717248
983613860673458176
983620398637027328
983622267342114817
983623976067960832
983627919149977600
983630248263798784
983638788697214976
983645057059311616
983647878596976640
983655549085650945
983655901453266945
983660781106552832
983665651947536384
983670971168120832
983672271385526273
983681904892399617
983689044155666432
983690362278510592
983697207080632320
983698586033688576
983699445454864385
983706417763966976
983710778044944384
983719257727905792
983723155435868165
983723698598248449
983727509542846464
983728259274805249
983728895349342208
983729170034384896
983729885624532992
983730982070124544
983731217295003648
983732644516106240
983732980593065984
983734000610152448
983734056784482304
983738099745214464
983742786871623681
983748627859476481
983749277997522944
983750394521247746
983762490042576896
983763232618897408
983767250132811777
983772002497585152
983772436389941248
983772904474243073
983779167438159875
983780265096081408
983780607338729472
983790038512226304
983797882850562050
983799325259173890
983802843026132993
983802992741748737
983803157024210944
983804115980636160
983806996842508288
983813011268882433
983815198577479680
983817052493418497
983819198693507073
983821836973637634
983822621623144448
983823831713439744
983825614745624577
983856426086010881
983861999481303040
983862763687575557
983882879989149696
983888187876659200
983917368920420352
983940960609492993
983944919936102400
983946442560671744
983949964522020864
983963649382539264
983965150410665984
983971256885129216
983975593543917569
983977830223671296
983995410653040640
984003336608370689
984012928562139137
984015313867067392
984019063180492800
984028106930425858
984034515785052166
984036749297975296
984040897334693888
984046061051437066
984047615443599360
984051764889554945
984052598364868609
984052850799136769
984053019833782273
984054152274755589
984058233777246209
984062847939416064
984065301183713280
984067742797127680
984073665443717121
984075915369041920
984077689635123200
984079546281578496
984082914278346752
984082998604812289
984086535262883840
984088133410152448
984090734516195332
984091415306297345
984092822520418305
984093013357023233
984097112039346177
984098355210018817
984098814477983745
984102404416245762
984102768045674501
984105146467598336
984105523724406785
984105988935610369
984106058896506881
984108075949969409
984110491449556994
984110661931237376
984112139391655938
984112587741818882
984116693575307264
984121397562789890
984121899545489410
984130861498068992
984130938941648897
984131733909106695
984132113896271880
984133685116096512
984135023942078464
984135421964636160
984142821518168064
984144062667046912
984144180497780737
984144230422638592
984147140841803776
984157046944780288
984160430070423552
984163643754414082
984165095809978371
984167681615114240
984174031380385794
984177126067798018
984177427076337665
984177515139878913
984180905425162240
984181346649149452
984208394457362432
984209831413321733
984214363539169281
984220889725263872
984265221815656450
984269366224023552
984292893597696000
984295979921887232
984296819625689088
984306160353398784
984316387303804928
984339227780534272
984340117409148929
984351739011895296
984369731728760833
984390525833924609
984390852289138689
984397216138788865
984400321618300929
984412821894123520
984436449658449921
984444581277257728
984446423730147329
984448730173722625
984460410458951680
984461957318180864
984463891731230721
984473027793641477
984476509065895937
984479606118993924
984482700697522176
984488581120102402
984497408057933824
984502768944730113
984508828254433281
984510037463896065
984514200327376897
984516375367569410
984517785148633088
984521987065372677
984523706281156610
984523813655384065
984525847070638081
984526094874435584
984534133539033089
984534703746232320
984539260882751490
984539477585653760
984543724251295744
984551598432116736
984566672315985920
984567576205365248
984590051781816322
984599851802529796
984642259542073344
984669340069957632
984673135923474433
984673223160860673
984695396340588544
984695549726162944
984700833001558017
984705320915173377
984705473168465920
984712722238582784
984718337509818368
984718501104451584
984720313412923392
984721214823378944
984726587701686272
984730801295233024
984740389088350208
984746788732227585
984749283076395008
984760276800212992
984766253326897153
984773798405836800
984775257604198400
984790354967912450
984798180465364994
984800615099518976
984801085700431872
984802671566753792
984810904134082560
984814388761841664
984827225450123264
984829923197181954
984838643964678144
984848101960806400
984851481877733377
984855764299894786
984858015806435329
984859266547961856
984868463733821440
984869212077387776
984883236588355584
984885289221943296
984886489254383617
984889361928945664
984890336718835712
984895259959349248
984900924400459778
984903524864667648
984908333718089728
984921323788029952
984935726633639937
985012013888925696
985012465921650688
985028017243279360
985040129965338624
985051123840176128
985051807767556096
985052074533703681
985068736385347584
985069215387455488
985071855470956550
985072739840086016
985076344810860545
985077338076463104
985082759197679616
985087639408840709
985088647170084865
985092477844688897
985100601334927360
985101900327550976
985102175461347328
985103653571911681
985105008978006016
985106277499068418
985107541263896577
985115023466029056
985121785531322370
985126013456797696
985131587577827329
985132290157268997
985134104084656130
985137490196664320
985141739190210561
985149280045404161
985155319847440384
985156423142330371
985156623005044736
985166735060938753
985166896537456640
985168028970246147
985169660999061504
985170826604539905
985171541997576193
985175785521721345
985178036436905985
985184432494661632
985184450114981889
985184519321018369
985184529815089153
985184788607848448
985187964081856512
985189112545202176
985191332980428800
985198219859845120
985199818048983040
985217346104160259
985217533929193474
985219466245099520
985224083355947008
985228658511106049
985231603294187520
985236455298686976
985238632624787456
985238839320072193
985243273945124865
985243969830481926
985244097861554178
985246652461142020
985248306707288064
985248889736519690
985254078585409536
985263385649598464
985266025418633218
985269558410907648
985271279765815297
985273058020724736
985281166134538241
985281200498634752
985281983608688651
985282057873084416
985282221853544450
985282827930492928
985285854527713280
985288105614827521
985294211674263552
985295587842064384
985300082458214400
985314774866169856
985320809458618369
985365418817785858
985380308999688192
985396009676177408
985399412817096704
985400142181302272
985406365270249477
985406452541153280
985417021734162432
985419113009942529
985421259663183872
985425146121891841
985438528506130432
985438667291361280
985443119331250177
985444387634196480
985447704347234305
985450261610188801
985451091650318336
985462616360390656
985465670942056448
985466243514818561
985475109942190081
985475534263148549
985476243578605568
985477522199629824
985479677941895168
985480474003951616
985487003688062976
985487759530962944
985491744123998208
985496226207551489
985499212501667842
985500101274734592
985504642611236865
985505580528914432
985506291635445761
985508083806953472
985508433658109957
985509214876569600
985509929355218944
985510075723902977
985510851670040576
985511235360714753
985511830360641536
985515828660658177
985518247922593792
985525132335730688
985527249322545153
985529218502144000
985534255081115650
985535583090020352
985537082969018368
985539307514613760
985539494425358336
985540131695325184
985541234788724770
985546237360463873
985546465421426690
985546751984750592
985550547469127681
985552451112665089
985553306419453952
985556143224303617
985559781330112512
985560297070039041
985560875057713154
985560962274152448
985560973598711808
985561870785445889
985562822879989760
985567397187870720
985569387779379200
985571013957005312
985575892998152192
985578164377276416
985578858966585344
985581272784359424
985582401882673152
985584436954660865
985585350054686722
985587612856541184
985587708948082689
985587768511234048
985587828062027776
985589441619288066
985590449925754880
985590790943576064
985595661763731457
985595748313190400
985595923484078080
985600168316850176
985602891909124102
985606932290523137
985608406626160642
985609149378678785
985609398968987648
985609708076662784
985613753474482177
985615969321091072
985619001408655360
985623332438593536
985623777869549568
985627600965001216
985628295118163969
985629059748171777
985631244305092608
985631621171810306
985631649755906048
985631668210843649
985634717860007938
985637409764159488
985638903792177154
985641005134368768
985642201756721153
985642515910004742
985643570362224640
985654074568667136
985655193630138369
985745842685423616
985753098307145728
985760158163849216
985761791589351424
985764761022410753
985768283784740865
985773424776638464
985774687908134913
985774831160516609
985775824308752384
985781463298830338
985782624537989121
985785258086977536
985786476582535168
985786594891390977
985799419818905600
985801715709628416
985805829222879232
985808868289593344
985812872629444608
985820637510946816
985831202962714626
985834168566329344
985836094779518976
985836464327012352
985841851755311105
985845032228974592
985856059263811584
985863475539906560
985863611938680834
985869176521789440
985870360607420416
985871567296090112
985871970179977216
985875895796854784
985882061448892416
985883164534034433
985884451761770498
985887365137870848
985890551122878466
985892549243129856
985894658202054656
985895499134849029
985896951194570752
985898090916917248
985899229968322560
985901126812880897
985903201546366977
985903269917745152
985904185894952961
985904744655917056
985904878882082817
985905377148628994
985906215984222208
985906294002536448
985908019593711616
985910367938367488
985911159428665344
985911880412815360
985914635218976768
985922092699971590
985923691556073472
985926142719770624
985930866764517376
985932108274323456
985934676454985728
985935226277908484
985936502747152384
985939189052002304
985939936548413442
985940853406519296
985945113154109440
985945303558901762
985945821580492800
985946541704863745
985948730258894850
985949646630653952
985949958003097601
985950142133161984
985955296085532672
985962224245026816
985968913300230144
985971296906465280
985973683905859584
985978439952928772
985981380453691393
985982046089633792
985984841597571079
985985195181568000
985986468551127040
985986903492186112
985989965430607874
985991254566670337
985992661076070400
985993129529692162
985993582501859328
986016293185900544
986018733238968321
986021832842272769
986022419189071873
986028117990039552
986029794746884096
986038713657458688
986054181420191746
986071183853469696
986077782319947776
986089812439568384
986095290179637248
986098192637943808
986105723959611392
986116373830098944
986116765854953472
986125930828574725
986126347742392320
986127827941683200
986129356354400256
986135122679418880
986147126349631489
986148468531048448
986150083728113665
986151619292291072
986154115725012992
986162221217705984
986163743305453568
986165347228225536
986168807260672000
986168921978998784
986171374048825344
986172102968520704
986172302663520256
986173633851723776
986176260148813824
986180643775279104
986181507588022272
986184369462267904
986192114429190144
986193085779542016
986199383862636545
986204690244399106
986204869584457728
986204965902409733
986205194366214145
986208064515780608
986210480053157888
986210913798811648
986213731905531904
986217843980165120
986217968144175104
986218243265384448
986220837882728450
986220859382816768
986223184184795136
986224809938956289
986225264958017542
986230351822454784
986236030889021440
986237813245952003
986237978732187649
986243355674890240
986247038865149953
986251318313570306
986254458941296641
986256074230652929
986259900253835264
986263245236273154
986263260759494657
986265044102012928
986265813018660865
986266442977837057
986268475948609536
986270548341723136
986274842113728513
986276385554685952
986280527438196737
986285311893344257
986285495574499329
986294587592495105
986303287291887616
986309548356096000
986311909652750338
986311932331380737
986312320279334912
986313732715433986
986316086764326913
986319686315986944
986324680893181953
986329201073643520
986329829376249861
986336950897577986
986341512630845440
986353135861059584
986353972624744448
986357878796759040
986360870237241344
986362768088616960
986363998722494464
986381261206941697
986381701596237824
986386017551777792
986397452478672896
986398892362289152
986436083716993025
986460174524141568
986479406163120128
986482580081053696
986486939137306627
986491777745145856
986492092380864512
986512159961214976
986515334562746368
986523352218198016
986523887264464896
986523917673291781
986531034329206784
986532061539422209
986535971863834624
986536993223069696
986538141166125056
986539505581686784
986548681464844294
986550902327791617
986555416372039680
986556706812583941
986558641791815680
986561307137794050
986561318487494656
986564242311667712
986564283445252096
986566818893651968
986567669901127682
986574165644849152
986581437276131328
986585322048884738
986588237522198529
986588594444951552
986590069170503680
986591201628512256
986601095698042880
986601697043800064
986605051044130816
986606576688680961
986611573350334464
986623637099819008
986628470968119296
986628781862506497
986629339197386752
986637341505871872
986638387850481665
986642771460198401
986643238281990151
986644780493963269
986646438519111682
986651912517898241
986654093505716229
986654173239414790
986654738618953729
986661407977562113
986672009106116608
986672998127153152
986675993250328577
986676231902031872
986679683008917505
986680772655382528
986684683026096129
986690993851371521
986691762574983169
986693344247074816
986693762440138752
986697469718351872
986701455615758339
986702363254718464
986702493970259969
986704035544752128
986705903926865920
986706691755569153
986712282808946689
986713668275654656
986713763398139904
986713781853044736
986714978479636481
986715339596627968
986715870599753728
986716218538283008
986717663270498304
986718257171312640
986722159442776065
986722450217029634
986723758424518656
986724948327755779
986728138939031552
986779271304708098
986822857253707776
986824159929032704
986839168104980480
986840985396240385
986841312623235073
986844701771927552
986848808192618496
986849027554766849
986850113518817280
986853107270221825
986855632698576896
986855815226253313
986856288348000257
986856555214786560
986864192115429376
986867716995903488
986867733353689088
986868329792049157
986868494607245312
986868512093335552
986870516702048256
986873693048655872
986876610195480576
986876939121111040
986878904504811521
986882568204124161
986884218767757313
986888912923750401
986891705973641216
986906553751162885
986912721970106368
986915167991721986
986915638940717057
986918674417246210
986920197385867266
986925485140709376
986927755098050560
986931293417074688
986934479460667392
986942596407799808
986943262706622465
986944782235787269
986945510027259904
986946197423316993
986948752199045121
986950176999968769
986961792676003841
986963380207603714
986969109668777986
986980865908596736
986983785534296066
986993094381002752
986995304804372482
986997595603111936
987003142264016896
987005390830428161
987009793733857280
987010255405056000
987010258743816192
987010314960023552
987011835017744384
987014004655710209
987015345176285185
987017495600091136
987022105345638400
987022164334403585
987022384375967745
987023395731722240
987023402014859265
987024921925771264
987024997108670464
987025661222154240
987026224781365248
987026788911079424
987029262153781254
987030377574359040
987030945906790407
987036217798733824
987036338930311169
987036435831312384
987036874551242752
987037577923440640
987037777148698624
987038622724608000
987039912485703680
987041511186554885
987042018428882945
987042127082336256
987043732057939969
987043883199729670
987045945123713025
987046505897840640
987046917787078657
987048088039763968
987052654441398272
987055391988178944
987056192311758848
987056392321273856
987056810640199688
987057735337480193
987058078297280512
987058387530772480
987058962574036992
987059003250348033
987059316569108480
987061270712147970
987061972406624256
987063857339387910
987064938186276866
987064993144295424
987065401405263873
987065520183762945
987080685721739264
987086105190203393
987086171850399744
987086599702892545
987087320707985409
987095934109671424
987097341730553856
987098250154008576
987110304222994433
987111688766763008
987120562651652096
987127042863923200
987137081498578944
987146683120259072
987152309741326336
987152501014134784
987161973426024448
987177917623996416
987198764870983680
987202994964803590
987204056090316802
987206685533069312
987207867093499904
987213604561870848
987226065335660544
987226888258113536
987229787767889921
987230372235800576
987231075062763520
987231129961926656
987231384132575232
987231780506779648
987234409643433984
987234672894767105
987237913409794048
987240079738388480
987244444616404992
987245281963118592
987246056621641729
987250013104373760
987256806211837952
987259007822942208
987259827201159169
987265560152084480
987267380891078656
987280855935614977
987281129823723521
987294673646641153
987296123575521280
987297014928035841
987300647203680262
987301238399217665
987311677845725184
987314685501411328
987314996735627264
987315876016869376
987316369522937856
987317628673896449
987328422698512384
987340681394966529
987341833985560577
987341895641726976
987341952671780864
987342005108961281
987342841872445440
987345412901228545
987345554769416192
987346806332850183
987347781944856577
987350357218070529
987352055923855361
987354233212145664
987354533943791617
987355283604344833
987357504295206913
987357690551853056
987358138092240896
987362076497727488
987365598509371392
987372826981224449
987377461263552512
987379689256882176
987385056254742528
987393880684417027
987399665170739200
987412146056237058
987412957213675521
987415216886550529
987416255622729728
987416919593701376
987419698991108099
987420438606368769
987420635314999296
987421162622930944
987422976139292672
987423203906727936
987424307851747329
987424644650143744
987425844237914112
987435676936359936
987436988491059203
987438245955846144
987438412016730112
987441626976079873
987448203627974656
987455963950182406
987466429128691712
987468007889752064
987566735388823552
987569093132931072
987570689908576257
987572368045412352
987578446413955072
987579921580089349
987584307215683584
987589413915021312
987591438321020928
987597111230455808
987604034696687619
987605585653895169
987607706189090816
987608434399989760
987609152913584128
987612318950445056
987614110996205568
987615631959822338
987623250388832257
987632959799865345
987635441565360129
987637815964913664
987642108411604992
987642536348016640
987643320997502977
987648424626544641
987650934913355776
987660807499640832
987662647054225409
987667968170577921
987671868890140673
987675142745706497
987675213683920896
987679105524142081
987681813769392128
987681883424108544
987683670000627712
987684856250454017
987691078185816064
987691724909752320
987693317088522240
987699360229142528
987705365637881856
987711511123628032
987720011727998979
987721816885080065
987735005077102592
987736681980858369
987737176514449408
987742150875058177
987757804919447553
987760022028464128
987760510266433536
987762345693806593
987763078866653184
987771295508115462
987773213957677063
987773296153415681
987775726408683520
987775766623608832
987776354799292421
987777308432875520
987782078623252480
987788339888689154
987791150504402944
987793986248114177
987796697454727171
987798106854092801
987799530266603524
987804848178499585
987807017526935553
987807383689641984
987808815637811201
987810034913509376
987815144012111874
987816168265277441
987818566551556103
987848748356153344
987857767783436288
987865003788292097
987880328957190144
987894126531239937
987907074402258945
987907100767637504
987932630250385408
987932706146258944
987945127858581504
987946819996053504
987950698020134912
987951773456486400
987952774645272577
987953449928200193
987957569586114560
987963695325163520
987966068990922752
987968038707367936
987969649567510528
987970471248449537
987974437378187264
987995658060738560
987999506565423104
988007076617228289
988011647057965062
988013364717735936
988013465792057346
988014222461239297
988018586219401216
988019688880910336
988020708918939648
988020768025010177
988021410646945794
988025906504568832
988028971286761472
988029474192220160
988036392470097920
988045778731008000
988048323796983809
988051483785682945
988054395073032192
988058715642359813
988063638857580545
988067469389594625
988076086763380736
988076843843670021
988077805169590272
988083764441108480
988086985221951490
988087671003271168
988087766000062464
988088446123237376
988088458265624577
988091737808621569
988093550167511041
988097938646806528
988101634248069120
988102675274219522
988109019171745792
988110119744483328
988110863918870529
988117165944508418
988121906208526336
988122096999059456
988122482480689157
988122534469136385
988124116145397760
988124118649311232
988124122436775936
988124311016935425
988127308014698496
988130108555890689
988138711652163585
988139065055817728
988139364139126784
988143166883811334
988143666635198464
988143938581204999
988147959350091776
988149640989216770
988151241569128448
988154936553803777
988155934135521280
988160577326534657
988171448429760513
988199107452907525
988238871447007232
988265706604105728
988276290091438080
988282334091907072
988286393347723264
988293831090163713
988302217856933888
988308939635937280
988309015754104833
988310428827705345
988311586845708288
988313072916983809
988314055768145920
988316328078594048
988319907942207488
988322587548758016
988323062394310656
988327355344130048
988333601073844224
988334851836252162
988338110374318080
988341050573049856
988348050891595776
988348309898252288
988350531033845760
988351103896080384
988352225050349568
988352306654711808
988354943789580288
988356059898269696
988356417261256704
988356962919297024
988356971739975680
988360847587241985
988362779752058880
988363242220158976
988364944688189440
988367498591563776
988371314288230400
988373217969627137
988376398921265152
988377866869014528
988382621188153344
988384891350941696
988385116367056896
988396892714287106
988397006367395840
988398312070971398
988399165066575872
988400384883511297
988407050484011011
988407628186271744
988410738086686720
988412504765337601
988414021807296512
988422101647454209
988423851976675328
988425998675963904
988427606553919488
988441489486249989
988441606448697344
988442987276447746
988447290707861504
988449453647515648
988454007369818112
988454618068811776
988459174328717312
988461347406077952
988464770117447681
988464779600826368
988465685566246913
988467133096103936
988472403591356417
988476284610150407
988477905020833792
988478532320940032
988479818789515264
988481232609665029
988482017498206209
988484303263760384
988495230101000193
988498875131482112
988500729403990016
988501566582804480
988513579086372866
988518016659984384
988524081975824391
988527945416433665
988536242680860672
988536940948533248
988540877692985344
988552509793878016
988555572055347200
988576266122035200
988577361862983681
988578565229760512
988580385100587008
988580509696561152
988583847511166976
988634137010589696
988639172050202624
988644613757063168
988652251513270273
988658310407774208
988663392486469632
988664080927002624
988665584849170433
988666267694518272
988668170213916672
988671922039902208
988672574677815296
988675365550919681
988677795491536902
988686438102421504
988688117933727744
988694785027399680
988706056955187201
988709746256629760
988727089825230848
988731022715117570
988736287808114688
988736451415281664
988736697188913152
988742440810106881
988749509311258627
988751689959247872
988753000020750337
988753571268255744
988753918648778753
988756303894937600
988762869205520384
988771052141662210
988771946941775872
988772995966566401
988773066430926849
988773349928161280
988774833851858944
988776052741824514
988777609696874496
988779569187614720
988780177852334080
988785849813913601
988785856960958464
988786803586097152
988790291569274880
988790874673942528
988795228713865216
988801619973365760
988803571159388160
988813852136665091
988815291722403840
988820790035533830
988821689722077189
988822609511972865
988828320505753600
988833275237076992
988839646779101185
988839691251314688
988839819584434177
988839861116456960
988840087596257280
988840347680813056
988840781346689024
988841298911223813
988844757551067136
988845019699261440
988845308271562758
988846034716676097
988846570622935040
988846803129860102
988849754229608449
988851668937670657
988860195970473984
988865567158427648
988866626819887106
988867572480299008
988868198241112067
988868940922318848
988869634194632705
988870486258925568
988883848300818434
988885110513717248
988885936468561920
988886073978904576
988886079431471105
988892642674176000
988894543524352005
988896948949266433
988897897285603329
988899299567251459
988900084178980869
988902937157099520
988906744905633792
988912112754814976
988913350800224257
988928701948710912
988947455516528641
988987871389540352
988991517946777600
988994618351026176
989003087498145792
989003893232361473
989005668249165824
989007979310731264
989017154296086528
989019339180388352
989028567878119424
989029137959530496
989032484942774272
989034210085175296
989034395871870976
989036732963344384
989040082526130176
989044242839474176
989056647921393665
989056774861934592
989064378006851584
989065559965884437
989066413523513345
989072976724316167
989074649936990208
989076345627054080
989076465160540160
989078978798542849
989079370131263488
989081341076692992
989091927449620482
989092601075847170
989096534909358081
989098168188096513
989098327814832130
989098751192195072
989100081084358656
989102728214441984
989106352537645056
989107873216172032
989109573318520834
989112335439712256
989113330160848896
989114564565504000
989119750197346304
989122668359188480
989122844108914688
989137738480934913
989140234532216834
989141450444230656
989143501454626816
989148568631078912
989168200477798400
989173067078303745
989176850390888449
989186287965007872
989187300058910722
989192429852155905
989192974977421312
989193429211992065
989193786554122240
989197093557370882
989204662644436992
989205282327740416
989205763808743424
989206127056334849
989207572036153350
989212270000517120
989214472022740997
989218366874443782
989219417388208129
989219558463598592
989219935103672321
989220889748295682
989223375292821505
989224963650588672
989232583736049664
989238709659815937
989244904965640197
989246498893418497
989246653667467264
989246849117839362
989247066068213766
989251189396123648
989252283698417664
989253255506157568
989253596444348416
989258070147596288
989267040077860867
989327383114199040
989343106708525056
989361453114232832
989362842611535872
989363124032692225
989378612339073024
989379837906358272
989381048059473925
989381226241888261
989384739785146368
989391688509648896
989394267985526784
989396198724460545
989416352770347008
989417730884456448
989419400699801600
989424302591303681
989426597571723265
989426981900095488
989430244233891840
989432899039612928
989433340150403073
989433406323937280
989434916688539648
989437819969040384
989438331271438336
989439958820818944
989441550408212480
989449301460910080
989455918319403008
989460401707470849
989461541698330624
989462227903242241
989463815002755074
989465497195438080
989466745579687937
989467728296730624
989468235820142592
989474603574718464
989476113066885120
989478366737821696
989479181674311680
989481416755941377
989487408830959616
989494028306649089
989494200247910401
989494890592702464
989511539899105281
989511976526270466
989517907280515073
989525638859108354
989527866638561280
989531358455353344
989532245487685632
989532300860936197
989548595732013056
989549955894448129
989550855610388480
989552683492237312
989552881803104257
989552977953386496
989553641467056128
989555625389522944
989558584462757888
989562221108789256
989562841287020547
989562973172707328
989563032517869569
989567791907917825
989575655368069120
989577327968489473
989582320465252352
989583105903288320
989585648054165505
989595225092915200
989599595964583937
989603863232729091
989604305756917760
989605418472280065
989605879443083264
989606514477490176
989607131031760896
989609262992318465
989609793722748933
989614676999901184
989617025382277120
989618830245879808
989629278202597376
989633987986501633
989643039709843456
989649501785817088
989652350754271234
989659486876045312
989659743772962816
989664858907037696
989674034353844224
989677783239548928
989682338232782848
989695509618184192
989722523867611139
989725592101638144
989730485512224778
989733033249947649
989743663335981058
989746084548198401
989746505232793600
989749030208004098
989753232472752128
989770532584239104
989775195152973825
989787947087130624
989798267981647872
989800924741763073
989802280651296770
989802953467981824
989804218025377792
989804283028819968
989810408369385472
989815250731053057
989819655849152513
989820535952625664
989823034172329984
989824884208521217
989825324572725249
989831671821275136
989842453720158209
989843760451407872
989852668087676928
989855552518811649
989855963351011328
989856164065234946
989860623944245248
989861722755289088
989864184421679104
989864222166220800
989865003116367874
989865170884349954
989869566107975681
989883444267282433
989883527268388864
989887519008411648
989888875828047878
989889790102392833
989890301081907202
989895306534932481
989904946320506880
989905404346937344
989914055921012736
989914750711730177
989915308768088064
989916418991837184
989917099144425473
989917200390807552
989919504338771969
989930965265977345
989931448462389249
989935144898359297
989935764384382976
989935995637452800
989936491282526210
989946079868276738
989948014935642113
989948739874967558
989949510066589697
989952526924607489
989954967481004032
989955251431239681
989955685667360768
989957111290441728
989959573770555392
989960920150536192
989973715050999808
989975005873270785
989977485554012160
989982361449320450
989986980212682753
990014418917392385
990017529815891970
990022775208382470
990033507618578432
990034602726174720
990036626503032840
990038929599426560
990063050521829376
990063168046055425
990085824409690112
990106949889986560
990107959454846976
990108609982943232
990110054916460544
990128295957139456
990136389265129473
990142555991011333
990149143887777792
990149284682137600
990155492218540037
990156148656558080
990156779047800832
990156907053748230
990158213239713794
990158849368829953
990159271731048448
990163278956507139
990164763744329728
990165016673505280
990171626762330113
990173984909135872
990184031114350593
990186534690156547
990190614846193664
990192061877051392
990194680330706944
990200989515943937
990208777709412352
990211972321988608
990214425562042368
990221319324266496
990232643118813184
990234587157721089
990235698711220224
990247065375588352
990247705669718017
990249368719675397
990255259577614338
990258006490263552
990258276167233536
990258386909433858
990260233456046080
990260426033324036
990260881492709376
990261477662539777
990261978881982465
990263467054641153
990263700333518848
990263939144540160
990264876223299584
990268878541516801
990273676808413191
990274337402970112
990275350482575361
990277338423148544
990278463205662720
990282716393373696
990286305874636800
990288645037936641
990293888731680770
990297310449061888
990301372754079746
990304254542974977
990305137733390336
990308332253609986
990308896379203585
990310689859424256
990311314403856385
990311792537624576
990315295830048768
990317000621789185
990317408303886341
990318875454603266
990319179147497473
990320224347066371
990322878531940353
990322912052895744
990330868186189824
990331173577678848
990331347653840897
990331963373490182
990332107263283200
990333497217830912
990335069674975232
990335593950466050
990340651471527939
990341726878556160
990342214239903745
990349534176964608
990350126806962177
990352238219530241
990368351057797125
990381134881140736
990410339001892865
990419826098221056
990449310360891393
990461512857812992
990466425650335744
990470338902351872
990491889668325376
990493497772961792
990496634088968192
990500623840960513
990512236262297602
990516490934865921
990527448126296064
990540712646234112
990540912706113536
990542644857229312
990543367636508672
990543667109793792
990547527941459968
990555523081633793
990557608544210944
990564869744287744
990570178042834944
990570391507820545
990572542648836097
990575534995275778
990575879779741701
990576381003264000
990578989021396993
990586073205149696
990593544934055937
990596262432002049
990603221176668174
990607200300294148
990607351320399873
990607535848615936
990611994289065984
990613447262994432
990614589472673792
990615021033017344
990616081332166656
990616902572658690
990620583938453505
990621947708018691
990621981052690433
990622335043555328
990622536772870145
990623516172185600
990623734699515905
990624483387019264
990626089780305923
990626999944339456
990631604472119302
990636869162622977
990637549822627842
990638473890721792
990642107345002497
990643941178560512
990644308163342336
990645414603915264
990646589868752896
990651239242305537
990652578496118784
990653100359897088
990653167816802304
990653976180912129
990654103792570368
990654333388820480
990654413068005377
990654492763934720
990654499084754944
990654544370700289
990655559249596416
990655625657921536
990656147421122560
990656785395535872
990658645204656129
990661016160817158
990661185610682368
990661602310582273
990661793818251264
990662251806945286
990662767727316992
990664311646441478
990665601801695232
990665766218366976
990671202480992257
990674871167447041
990676679390564352
990685252527026182
990685784784109568
990686355578589184
990687176030605312
990688580715581441
990688814090850306
990688955258621952
990689508495683590
990694251410395136
990694837606342656
990695594036473856
990695653595590656
990696664821268483
990697591330426880
990699868422328321
990700217803661312
990702960899444741
990704647018110977
990707559110791168
990707791877869568
990707874690150400
990707984765456390
990708819482349569
990709774529462275
990712681630969856
990712851068342272
990713174440796161
990713554872553472
990713676087943168
990714736806449152
990717394321661952
990718624955600898
990723258398867456
990724208836702208
990733157786791936
990737085731692544
990744897660403713
990745835485958144
990750583849209857
990752864296427520
990756074616754178
990768064449871872
990770871299174400
990775257702133761
990777010904498177
990777733159546881
990796220816904193
990818586544562176
990823064559595520
990824597795819520
990826021506166784
990828543809605632
990830884243824640
990830922386890752
990840292361326592
990846409447485442
990846815460384768
990851832695214080
990869281813430272
990872378472390656
990875000738598912
990875184897953793
990885471424217088
990893151308173312
990897067810844673
990897960924872704
990900238322814979
990900356573024256
990901119122640896
990901192082579457
990901737354661888
990908788386430976
990910551671955456
990915284960718850
990922202445991936
990924625252102144
990925105084723200
990931115497095168
990932350321221632
990938444204560385
990943026414538752
990951061098725376
990952688903966720
990953699513126912
990955549855535104
990955850616508417
990958365479243776
990961181975371777
990961573551321089
990965483213082624
990966230512295936
990966776304492544
990967395803127818
990968452360916993
990969396934803457
990976209298317312
990977600876089344
990979677987713029
990980103734792194
990985350381211648
990987275583541249
990991358318985216
990996114240425985
990997944177479682
990999445323034624
990999561509490689
990999786739437569
991000918396145665
991001167944613888
991003825476599811
991011870948511744
991012751748186112
991013764697739267
991023995439939584
991026439578415104
991028491746496512
991029244171112448
991030749125054471
991032155437400065
991033259818614787
991039286001700866
991042627125563397
991042865206882304
991043218761506818
991047133699756034
991047176947208192
991047896052232194
991048308146786306
991048722955014144
991050984104349697
991055827686576132
991058100982566917
991059274133622784
991059354672562176
991063962967044096
991065217076420608
991065300509569024
991065977503801351
991068509588393986
991068812400349185
991069853435006977
991070688965521408
991089058750361606
991095786392911873
