947619900645920768
947620718987980803
947629540846817280
947629852080902144
947630162044170240
947630340285149184
947630635157458944
947633548508270592
947634337071198208
947634534618730497
947636199321153538
947640101693263872
947641960621330432
947644188623065089
947647501720371200
947648436198891520
947649082142666752
947649086722785280
947649606816620544
947663337713733633
947666905355210752
947669066323562497
947670063708098560
947673641042567168
947673971532722176
947676957491302402
947689141101322245
947693470633906177
947704281674555392
947705504729624576
947711260803526657
947712712225693698
947714687352934400
947717643917778944
947718998677798913
947719575365287936
947722070871326720
947730075377643520
947733484109307904
947736886541291520
947740270065569794
947740446532489216
947750784770306048
947753334504611841
947755566268604416
947756402189139968
947760256393928704
947760979433213959
947766034857189376
947767024293257216
947770859988619264
947780028720406529
947783656415858688
947784260777336833
947785114326589441
947785793803898880
947787533605367809
947789377815662593
947789386225037312
947792265174552576
947792642682904576
947799881598545920
947802517320208384
947811064053403649
947815050810621952
947819510542856194
947823359655645184
947826785986650112
947831237326065665
947834321888407554
947839017843937280
947842869418536961
947843885727977477
947845146980372480
947850868011012096
947855254909079552
947857769591435264
947857810997628928
947857957211004928
947858316239298566
947865250690461696
947865873976524802
947869544323874816
947871314311892995
947872084876816384
947873243662356481
947873568821477376
947873603202162688
947875239693901824
947876915884457984
947877986673577984
947879807001464832
947881831625576449
947883057331277830
947883541618135041
947884081852928000
947884113729609728
947884568207659009
947885185781157888
947886057357529088
947886074159910912
947886622711996416
947886877771816961
947887113105805312
947887767794733056
947888425453178881
947889342604873729
947889636348657667
947889714664796160
947889716485087233
947889766393090049
947890217264001030
947890539415986177
947890731489878016
947891210928230400
947891293556011008
947891591351537665
947891597198454785
947891931509678080
947892225085726720
947892298507079681
947892690657607680
947892981339770887
947893133978857472
947893214522085377
947893274072711169
947893331966570496
947893567678185472
947893814332678146
947894167044280325
947894477993201664
947894819275395072
947895382566146054
947896040644055040
947896840904683520
947897349694722048
947897448688701449
947897641224081408
947898296781213696
947898522417946626
947898657424240641
947898834058964992
947898972466794497
947900142270713856
947900505912762371
947901362368536576
947901566828212224
947901783061381120
947902103527313408
947904025336406016
947905611211132928
947906072148348931
947906323395387393
947906345625321472
947906356136177664
947906526844522506
947907314945798151
947908249025642497
947909442712035328
947909551755538432
947910881769349121
947911257168011266
947914290907971584
947914506490933248
947917486971936770
947917921476542469
947918815308013569
947920356286672896
947920954402983936
947921952240480263
947922493280419840
947922843098066945
947923057796157440
947923160195850240
947923176134234117
947923969251803136
947924044774506499
947924324115025920
947924334147985411
947924837481238528
947926041674289152
947926143860137986
947926256405942272
947927513879195651
947928794396024833
947928949589532672
947929508858023937
947929687778648064
947930574022422533
947931904048852994
947932182965882885
947934216351813633
947934289341100032
947934335059091458
947934894595899393
947935592096071681
947936123917099008
947936849972080640
947937586915315712
947938214370795520
947938437620957184
947938686229811201
947939588433117184
947942064762834944
947942066012721154
947942746735693824
947943012251897858
947945392074887168
947946917539049472
947950694929182720
947952721201713153
947953997561913344
947956130361348096
947956790528036864
947957489307389953
947958993372229633
947959160733405184
947959975447597056
947961174825603072
947963333625425920
947964528607801345
947965805366468608
947967476951855110
947967564013064194
947968397857492995
947968560160301056
947968651164094464
947970797007761412
947971161064910848
947971603132010497
947972603469291520
947973430862807043
947973655807610881
947974124336504832
947974450326237185
947975927476248577
947976401436729350
947976445879619585
947977737297424384
947977820336033792
947978941075197952
947979004828700673
947980013541900288
947981747916025856
947981958851657729
947983512451407872
947986708922068992
947986875427573761
947987530179325952
947990003975458816
947993860642185216
947997667392552966
948000249548869632
948001693073014784
948002259299905537
948015693659803648
948019856506605568
948020584214159360
948034019819753472
948040987426861056
948054270783389696
948061211064664064
948065577209384961
948065974976163840
948065987118747649
948066979918827521
948068114075410432
948068182421659649
948068654725435393
948068685754880000
948069992817479680
948070626450849795
948071161660952576
948071284973416448
948071615891251200
948072496191934464
948072731714633729
948075810208002048
948077053148049408
948077532238270466
948078572966686722
948078658551517184
948078770942103552
948078943340498944
948079204209516544
948079422342647808
948079447902650368
948080849244733442
948082245079887874
948086394928410624
948087715291164672
948088474497937408
948088476154695680
948089992210976768
948092467856883712
948093953877962752
948094223173214208
948096762765545473
948097280820891648
948097386131451905
948098885163110400
948099114364997632
948099884233748480
948100263398789120
948101702468734976
948106232761585664
948106449158328320
948106640548605953
948107584988499968
948107873564942336
948109289125826560
948112733895086080
948113165912506369
948114213070876673
948114996311052288
948116016361549825
948116295496716288
948116756656218112
948123164306964480
948130852457783296
948130887266394112
948134716661645312
948135157910982658
948136335692517376
948138689653243906
948143624126070784
948144525477740544
948145913394094080
948148129840484353
948150728870133761
948152927365066752
948152931278352384
948153562101633024
948157456953348096
948157895245533184
948169477824417792
948178193994960896
948178561210441728
948179402638151680
948181082201116672
948181166934364160
948185784447832064
948189386511970307
948190279617646592
948193871057604608
948194301821030400
948196044969529344
948200572297076742
948200987524849675
948203499602329601
948208461376114693
948208832119017472
948210804708569088
948212894293987328
948213135252557824
948214037275447296
948214139645845506
948215024593571841
948218852755824640
948220686492893184
948221035475738626
948221464544776192
948222562072518656
948229088946384898
948235941608673281
948240024310550529
948247069097111552
948248889840357377
948250124202987520
948255763453050881
948257961268400128
948261978560086016
948265206920175616
948266083139584001
948270686472155138
948273149279375360
948273260860452864
948282133864382469
948287436722966529
948288763817549825
948294710912798722
948294770488684544
948294787190444033
948295851343978496
948298562953207809
948301072443076608
948303389758185472
948306608903344129
948314459818295296
948326066271260672
948328536745693185
948328645797535744
948337085152399360
948338017122619392
948342025686077441
948343106491109376
948345173854978048
948347744506191872
948347745412067328
948347974807146498
948348027068145666
948348404719063040
948348689516580865
948348770449854464
948348832127115270
948350050991616000
948359635345592325
948361498904145920
948362345755172866
948363152332349441
948363857394896896
948368435049844736
948370974671503360
948375197945606144
948378006854057984
948386654682742784
948387265801154560
948388147012014080
948388338674810881
948390011812106240
948434585104216065
948442662348247041
948443549212839936
948447223834206208
948448033708085248
948448854130724866
948457980927905792
948477045201256449
948477849316372480
948485273637347328
948485953131352064
948486953510559744
948487356558008320
948487423692103680
948500988469612544
948501235937751040
948503606982037504
948510532218359808
948511135854157824
948511692316729344
948512006256111617
948512988775858176
948513888475189248
948514246677159936
948514369129910272
948514422808547328
948514721032032256
948515504544731136
948518870880571392
948523943014686721
948524435878957056
948534845004812289
948536438726983681
948545282664525824
948546444717449216
948552120814456837
948552887126327298
948553025089613825
948553168132157440
948554431880224768
948557127559401472
948557679106117638
948562627957067776
948562869121114112
948563228031963137
948564256617844736
948565213766475776
948575214727778304
948575345929748486
948576066079256576
948576617219141632
948580036017295367
948583141463207942
948584744089894922
948585138354565120
948587162127216640
948587339579871232
948587993870360576
948588100393095168
948588132705996800
948588582750605312
948590182424440837
948595653738889216
948597926972084225
948598993436708865
948599020590714881
948599884109754369
948601262546870272
948601450007089152
948601569544753157
948605834162032641
948607596776296448
948607988113313793
948613587916021760
948616507986272256
948617535594942464
948621276083494917
948625805323788288
948628468035670017
948628731878412288
948629918593748993
948630903529631744
948631174963965953
948631986226176000
948633784739614720
948634639983263744
948634874851840001
948635648692453377
948637803314909184
948637835174785024
948640989706629123
948643927351091201
948644216804012032
948644798583406592
948647047984570370
948647525719924745
948647620049821696
948647851344781313
948652828574257152
948653487440752640
948653841502752768
948655429030211584
948655470251859968
948655819960344576
948655877250101248
948656372023021569
948656531310030849
948656669730381824
948657738439151616
948658241415741440
948658283245703168
948658950995611653
948659838501969920
948660909735542784
948662152927305728
948662236406599680
948662360960589826
948662441067667456
948662960314085376
948663935078752261
948666228956061696
948667672610340864
948668769840369664
948669960619831296
948672200642473984
948672828269912065
948673157120102400
948674239661518848
948674425020387328
948674492141920256
948674530737782784
948675078497144832
948675995787292678
948680216548904960
948681367012995072
948688241493991426
948689996810080256
948690596998266880
948693801463246848
948694820276510720
948701688210345985
948711391959175169
948712133109403648
948713491635961856
948713580526014464
948714936133410819
948714984363700224
948715702424256512
948716406257971200
948716721258479616
948716966176591873
948728164984930304
948731549779988480
948732019554570241
948733031224836096
948736994397466625
948747637506879488
948748096292474880
948752342861697024
948757807557480448
948767524346318848
948777334785458177
948779034753642496
948780933951512578
948785028904886272
948787792469024769
948791007809884161
948807290517442560
948809422918311936
948818029210689536
948822406810005504
948825987462193153
948828821154926592
948834026999156736
948834178124087296
948839434249584641
948841229156081664
948848448245288960
948849479339380738
948866500672319488
948872975885000704
948875415677911040
948877103440605184
948877953643008001
948879406109478912
948887803995262978
948899930646745089
948905684262932481
948908754501865472
948910023270371328
948910086625349632
948914589630128129
948916394032279553
948917552910077952
948918762950086657
948920654178504704
948926598451023872
948938958100197376
948941930637004802
948945644663787520
948947380128374784
948947604674576384
948947738036723718
948949568879841281
948950552867753984
948951938665676800
948955131500023808
948955966476832768
948956059145850880
948956099394195456
948957046036033536
948964894031990786
948965130091548673
948965617960476672
948965647714869248
948966561653682181
948966851488382976
948971073051217920
948973415993659393
948978042742943747
948980047184125952
948980062283542529
948981036632944640
948982004661571584
948982986975965185
948984228963913730
948984404256395265
948985539239215106
948985830294671360
948988306620108800
948990293981966336
948990430405804032
948991347486285825
948991524922159104
948991533658800128
948992219914080256
948992245490909184
948992446804963328
948992602430492673
948992688287821830
948992725306761216
948993518055383040
948993578021175296
948995525835046912
948995914894659585
948996009857830912
948996079516864512
948997477448941569
948999033128878086
948999568326307840
948999663113383936
948999807552704512
949000093042118657
949000402523119616
949000699945340930
949000801866932225
949001508120604672
949002865871384576
949002895252434944
949002975783120897
949003226614988800
949006412570533888
949006630103941122
949007953176252416
949011380321030146
949011572013391872
949011587951607808
949012181030461445
949012669247475713
949015675292606464
949017221451407360
949018243477458945
949018903241461761
949019429626634241
949019673286279169
949020629616934912
949023548013768705
949027069131816960
949027086328463360
949027152183177216
949027462108798976
949027780452372480
949032628241551360
949035105036701699
949035510089093121
949035712753651714
949036599362408449
949037226033369088
949038340606742533
949040438878588934
949041613287849986
949041918192816128
949042530582253569
949043284709724162
949043348358213632
949045530352652289
949050829859840000
949053711745257472
949058013423288320
949060419662032896
949065186543112192
949072383104770048
949076910046400514
949078626359705600
949089118386053121
949093966154272768
949100959749177344
949111224763006977
949111656054890496
949143656908271617
949169903206051840
949171623277477888
949190190194741248
949191937961201664
949196395248078848
949198650810486784
949203947650248704
949218392719921152
949219222344708096
949226612704333825
949230198859468800
949234319305969664
949235307685310464
949236264221528064
949237468817186822
949240341076561926
949240536103313414
949241462243303424
949242600573276160
949242837551452160
949247215557636096
949248558301110272
949254820682121223
949258804834775040
949260374741790720
949260803412242432
949262083505364993
949263476878397441
949265084555124736
949275444435738624
949275548483760128
949283132745961472
949283291185721344
949283404834582528
949283493535772672
949284202180161536
949286259922436096
949287276173037568
949287731447980034
949289533987844097
949292154567901185
949292475025362944
949294465709232130
949298320228405248
949302026512621568
949302303131127811
949302550997733378
949304825681993728
949307007470833664
949315645681913856
949317589649510400
949318370675085312
949319240552734720
949320668172247040
949324295100125185
949325212419575809
949331034499371013
949333425273569287
949341436813758465
949342582047428608
949342914114719745
949343887541374976
949343955501682693
949345744804306944
949346773222424576
949347898562621440
949350340482162689
949353925764886528
949354819143204865
949356834514710528
949363286352461824
949363580541030401
949363663672172544
949363932556353542
949364151461269505
949364712701091841
949366988513652736
949367483005366274
949367995981279234
949371303215161345
949376484824764416
949376711241748482
949378715376672768
949380286621634560
949387630726254593
949389207000281088
949389859625500672
949391471928627201
949391816532611072
949392793985802246
949393770407219202
949393846747762688
949402455099478016
949405311856730112
949407484082520069
949412518681894913
949413944720003072
949414123674226695
949414467766546432
949420043942727681
949421245614915584
949428378880434177
949429036115251200
949429250041499649
949429294098534400
949430195819343874
949432165489659904
949433743839842307
949437105956106241
949449287070609408
949465675470376962
949468235564568576
949469208726986755
949470254375333889
949472601084133376
949476779365986304
949476904855326722
949490881895305216
949498300830552064
949498849898491905
949503680042209280
949504292620324864
949504686847127552
949507974162272256
949510463074816000
949531764673994757
949544767448215552
949556055729729538
949556265281257472
949571766799695872
949580864047939584
949585034444464128
949586788611448832
949589712783716352
949590474020605952
949592564910510080
949601121991053313
949603372793057280
949603395819769856
949603764532543490
949604621361860608
949608862692372480
949612177471823873
949620721260683266
949622299153522688
949625026709475328
949627488367464448
949629558675865602
949634083054899200
949634838931402759
949637007210438656
949639613597044736
949639819608588288
949640670205136896
949641107671076864
949642339894558722
949647315681316864
949648831704166400
949649128174313477
949649624662466562
949649732124790784
949650196715245568
949651015053258752
949651070804021248
949651110578524161
949651129373208576
949651411830222849
949654625493405701
949655152046297088
949655609447731202
949655842869178369
949656440360374274
949656839242776576
949657258824171520
949658990946017280
949659120654782465
949659403657138176
949660237891559424
949661546094977029
949663766148509698
949664533408288771
949668933539385344
949673294357286915
949673737170903040
949677370792964098
949678301102198784
949680832758927360
949681809599627264
949682885019275264
949685794628931584
949685821451460608
949687882960244744
949690227995627520
949700135189143552
949700370242179072
949700498571104257
949700717522104320
949700888658137088
949702375958302720
949703461980979200
949703693145968641
949704121204002817
949704863629369345
949709278943891457
949709442936950784
949710036846153728
949710038951657472
949710959198785536
949715203402350592
949720798616539136
949732819491684352
949740490009825280
949740747384868864
949741402702966785
949744091981590530
949746550892359680
949747201315606530
949748733721407488
949752648479199232
949753751597928448
949753809890430976
949757408590684162
949758973925842944
949761520929566720
949761731257098241
949763843508588546
949765906674147329
949767533640302593
949774121197436928
949780972626735104
949785147183976449
949790931586371584
949793467848257536
949798169310912512
949798259853332481
949805802033786880
949806965143756800
949810061802639360
949817078059544577
949817465566998528
949823067479474177
949828234044235778
949829160544997378
949834953323417600
949875753847525376
949877582530478080
949878297260896256
949883180219330560
949911047791628288
949911316059353088
949915577908416512
949920059652235264
949926853845938176
949931233974407168
949931415570911232
949938311434506241
949943699617693696
949946987796946946
949952913979428865
949952970548043776
949953467560415233
949956431054286849
949959301396877312
949974304443305985
949974310311129088
949974869403250688
949975706183880704
949983182094512128
949987010650845184
949987645245087744
949987942625406976
950027150983393280
950040766528868353
950041387709366272
950052958946906113
950069593732722688
950069795747221504
950069929121808385
950070025615949824
950070576726597632
950072129466191872
950072689384939521
950075978583281664
950077868947668993
950077978955911170
950083142035091456
950087728435253253
950090645196111874
950091967253417984
950094443557851136
950094923805679617
950107575500099585
950108321670946818
950108384157716482
950109297916153857
950116344107806721
950120394815664128
950126935140720642
950127717403561985
950131223871082496
950135328370778113
950141591741661184
950146489019453440
950148539618873344
950201018750390272
950205814861594625
950208988351795200
950212595306332160
950215773418647552
950245486744817664
950272652635189253
950275444129058817
950283496379084800
950285621196713984
950300278552657920
950300456881983489
950305514784804864
950311190860914688
950312593066950656
950317930746662912
950336317770158081
950342919159914497
950343694695256064
950346392484052992
950346443251945472
950346532146110464
950355562042155008
950356215539912704
950359655275999238
950360021434544129
950360308945752064
950384298074525697
950385537554280449
950388350644613120
950389854751330304
950393267610365954
950394714225762304
950408841472172032
950409691301019648
950413437057884161
950413568863850496
950418381831892992
950420009821638657
950422626052210688
950425877489291264
950428415273897984
950429885411053573
950434695140933632
950446934963245056
950449520755830784
950449819197288448
950454818161782784
950462393276133379
950468928224063489
950469416017383424
950472646457688065
950474068779765760
950475799362199561
950475799555080193
950476352070803456
950476844536664069
950477454401032193
950488957283954689
950489101555453953
950490018866491392
950491496947572737
950491798488735744
950515318895628288
950516216858316800
950517151798038528
950519594166386689
950552870943952896
950578990955290624
950601801652363264
950616864677392384
950617271944339457
950624024438112257
950626271683334144
950628710637486080
950629143510765574
950640189608734720
950641068726456321
950641350604705792
950678213277216768
950679865652662273
950685650382213120
950685757391409152
950686709091590144
950689004617453569
950703423795744768
950707525409796096
950722209332461569
950726255695007745
950726269737603072
950737285263306753
950741067686703105
950741674636075008
950756318595420161
950757561564909568
950763081059258369
950764948778639360
950767916621975555
950768382642712577
950769593982881792
950776167455510529
950780839331336199
950781235244224512
950784960520126465
950791782253477888
950793069925928960
950796158435250176
950798427285270529
950800341557235713
950800973986975744
950804138165788674
950805045498535936
950811597005623297
950812585162690563
950812613373497345
950812625868292096
950818355354722304
950823925293965312
950830830804525057
950830832922583041
950831139098374144
950835476428140546
950837063133356033
950842588680085505
950843282862551040
950843282879401986
950843284104077313
950843284112465920
950850553269112833
950861502071779328
950875665393508353
950876032835510272
950908342406467585
950910067905368071
950967462018928641
950968548280733696
950969902172704768
950975744989126656
950979595217588224
950989627594330112
950992172496670720
950994457750638592
950995316735643648
951003967907037190
951005499679485952
951007372016803840
951007486517051393
951010103829913601
951018937373872133
951022469661495296
951033684110397440
951050174045896704
951051441967435776
951054028166844417
951070807899467777
951076437917921281
951081529366728710
951093017997344769
951096776932642818
951099472968409090
951099678992621568
951100470466088969
951112772363935744
951119442133573632
951119643883786240
951119976466911232
951120211498987520
951120821212336129
951121171038261248
951122070695489539
951122998496563200
951129397565755392
951129849451761666
951131376593481728
951132205820121088
951133249790758913
951136281823711232
951139622167465984
951143453689286656
951143526749868032
951144510633005056
951144782012796930
951146479862894594
951147682789289986
951151946253193217
951152174041575427
951154439603277825
951156297461911557
951156856168345600
951158147984609281
951158167714451456
951158612323459073
951164592150929408
951166759326724096
951169342586138624
951175192382001152
951178476954013701
951182003512193030
951186051887923201
951187113885790210
951187148673298434
951192920450879495
951193494219051009
951193987058053120
951195312902868994
951195516305539074
951196383696117761
951207245282533377
951208508577460224
951213409231613952
951213809783463941
951221605711171584
951231131004829697
951231620870230016
951234685648211968
951234899171782662
951250322885873664
951280989174730752
951307112499613697
951309087702044672
951328671138222080
951339444275154946
951349185588203520
951351681568133121
951353006972424192
951361628892692480
951361821734309888
951362793114087424
951365738274721792
951365966549700609
951378451717554176
951379686239678464
951380355273183233
951389711343476736
951391479246852096
951396549128581120
951409624216952832
951412449093324802
951418798401343490
951423517274370048
951438291840258048
951440233828040704
951444968819822595
951447028575416320
951447432382046208
951449322041806850
951449944057155584
951450689825370112
951456638174720000
951458965153607680
951461397019447301
951467283712442368
951469470651961345
951472998455955463
951480099437760514
951480559536091136
951480741556256768
951480920648929280
951484903966826498
951485815858909186
951488969958604800
951491285214523394
951495151951794176
951497544382722049
951497917797367808
951504117591105536
951504941864161282
951504951129378816
951506205595152384
951506218601852928
951506970644762624
951508382854320128
951508553164099585
951510484628459520
951520061054963714
951520826100154369
951525178110087168
951525187366936577
951525816692822017
951533068862611456
951533245031763969
951536666325463044
951544655635677187
951552177687973888
951569267408896000
951574024588492807
951575042701348864
951576520182632448
951592411578490881
951596719090929665
951596777354006533
951597031587504130
951598420736774144
951599534764974080
951599652197093377
951606160502685696
951639300092776448
951651134317453314
951657869564436481
951667067228475392
951674476906930177
951694279885377536
951694498408681472
951703906043748352
951707210060582912
951720769989627906
951738248350461952
951740487249121280
951772149815050246
951775428338966528
951778562754973696
951781854415347713
951793113634365440
951795737142222848
951797167664050176
951797336434528256
951797832348045313
951811199456464896
951811492222992384
951813457258733568
951814380009787392
951815951166689280
951816693692747776
951817340743688192
951836402190290944
951837311951671297
951837885711470593
951843498130624518
951851223170404353
951852234849079301
951858428888133632
951860982078496769
951864433164345344
951869572424130560
951875686033231872
951880879030394880
951881376508325889
951887998827880448
951889007557914625
951900528082149376
951902995557634048
951909750324817922
951909983721000960
951910237468069891
951911245363507200
951911498636562432
951913109295370240
951913186902597632
951917997354094593
951918492680409088
951919550928474113
951920739598336008
951923626512715776
951924735075651585
951928055697756160
951931988264529921
951938636655874053
951942593998401541
951943180907417601
951943436206268417
951946323124785152
951951908717105155
951954042368024577
951955501973168128
951958339000455168
951970844305186817
951972301821698048
951972396289978368
951983944806912000
951985967027519491
951986100612091909
951990664912359424
952007752829800448
952013580072873989
952021132223373314
952024317096808448
952051509491130368
952066062580961282
952088391360933888
952088397249687553
952088674887454720
952089172780748800
952102865505587201
952104539011928065
952107792948703232
952110251242872834
952116054632878080
952121981016698880
952127299628957696
952127460627435520
952130094918787072
952134393891577856
952135475774607360
952136822582280192
952140453146587140
952142695031541763
952146147350597632
952154652547547136
952158661044002816
952159817656913920
952165416809345029
952170421033586688
952178419575459844
952183491277545473
952184165344202752
952188225011011584
952200482470158337
952208945321512961
952210713631739904
952215331963068416
952217475696951296
952217571834630144
952218774639398912
952222134704721921
952224421787336704
952226409199624197
952227801574330369
952238258834100224
952239020142186496
952239561626832896
952242012782301184
952243180493312000
952243748804669441
952247998062514176
952248688453308422
952257610971000833
952267759571914757
952268501061963777
952272988140957696
952277133354766336
952279484245430272
952279596258463744
952280594074959873
952281681259585536
952283247806963712
952284120628908032
952284923859095552
952287159024693248
952300251477618688
952303288208314370
952303777243004928
952304785314762753
952309148061982721
952318589188665344
952319719914262528
952328082400178176
952338827179384832
952344020424028165
952352188755599360
952353481008001024
952354741413208064
952367278171082752
952368065861300226
952386054845353984
952394637636878336
952397748338413569
952407256611553280
952424109299912704
952455268406882304
952455820280725505
952463651109302273
952466725987024896
952469148612943873
952470140544864256
952471888323928065
952472754854465536
952481015834046464
952484311021834240
952486578458329088
952496814485368833
952501951010394112
952502638452424705
952502861576966144
952503838426230784
952507643502977026
952509299011604480
952509821626052608
952510611375587330
952513642565693440
952517185536253952
952518638451544064
952521443690115073
952521567740858369
952522902787776512
952527465800400896
952536983510929414
952544098312998912
952548358471630848
952559180598136832
952561045209600001
952573175388352513
952573778315415564
952575443655213056
952576573118410752
952579072915312640
952588690441883648
952589429088145409
952593011443150849
952594809537138693
952596816729706496
952608272808325121
952609615858028550
952610691248214017
952615831384489985
952617906646474753
952621212265517056
952621682438569986
952628329991024640
952628775841357825
952633162231963655
952635282897108993
952635621775900672
952642034048946176
952647261070266369
952647693830115328
952649616901791744
952652955186094080
952654714264608769
952657129327988736
952657552965275649
952659248315592705
952661346352553984
952662559710220288
952667451510132736
952667474608173056
952685869969928192
952690462330114048
952691950859243520
952694855444156417
952695900652130305
952714176480202752
952733224924565506
952744739043991552
952775206526947329
952839167045750784
952841341087764480
952845085766545408
952850037142441984
952850603813810176
952852107861864448
952853069166993408
952856206951018497
952857093190639617
952858237837152256
952858853665894400
952859180867768320
952859683425054720
952862378038833152
952862534478024705
952862931494072320
952866767784816640
952867600752619520
952868096557056000
952868496236601344
952870392481239043
952874684818841600
952874731505618944
952880167726313472
952880656438235136
952888499895750661
952889051857727488
952889250521010176
952897068347154433
952900238318161920
952905967347359744
952909887503241216
952910387724288000
952912457961439232
952913824771919873
952919752346923009
952920911195205634
952921602831904768
952921760575426561
952923549282467841
952925772469145600
952928767969845248
952932028625899520
952932203129917440
952932427512545280
952936282073784320
952936956215922689
952936998037319687
952937036226400257
952937067486597120
952938286976241665
952945814468530176
952946792596848640
952948576417734656
952949125443710976
952950396322017288
952952985792974849
952957253174218752
952959599493214210
952962163039199233
952963641510375425
952967214654803968
952968389915488257
952971732339523585
952975537408004096
952976796957339649
952978183174938626
952980454818435073
952986536143974401
952994715758145537
952995391158542336
952999423142965248
952999667641528320
953001183463002112
953004486922039296
953006800588197889
953007085570199552
953007455054811136
953010079183396867
953010549364846594
953013164500807680
953013169328410624
953016229295542272
953016967086133249
953017680096890880
953018992498741249
953019063365787651
953020169013596161
953020498258026497
953020799820156928
953023341568430081
953025468088930304
953026363971301376
953026435706511360
953027417156849671
953033333675524097
953054196407955456
953057726485188612
953062264701153281
953070777498263553
953077574774669312
953082906804662272
953085542698283008
953091034694717442
953094432101949440
953107228051103745
953122315818229761
953136176327622656
953144417724051456
953144769307291648
953144926879043586
953151910403608576
953153766789918720
953157943515602944
953168316436185088
953172149623230465
953179243432816640
953184477504819202
953186834305224704
953190022483795968
953190093262671872
953190133112688640
953193505760972802
953197497765257217
953208262995927040
953209512923680768
953216851638652928
953218719920029697
953218721258106880
953221775252475904
953222102106148864
953226144135962625
953226267863736325
953226520369225734
953226920556101633
953227318104817664
953227744275582976
953228480786911232
953230467624554496
953230617357029376
953230633739972608
953232241366323201
953238863023104000
953239021072867328
953242630267310080
953255994192289792
953256867425345536
953260058015494144
953266096206999553
953267755003899904
953273796047319040
953276929918095361
953277524360007682
953280169468485632
953284427240656896
953287382262001665
953288265565687808
953296793428746241
953301720821567490
953303433930592256
953305858968051713
953307565240274945
953311309499699202
953315374677839872
953316680297537537
953321385966886913
953323058135257089
953330293758398465
953333159864750080
953333405927837696
953333582055006209
953335307197349889
953335713180930054
953336350299820034
953339296873897984
953339329102925824
953340029182644224
953344530417414144
953344795954511872
953345358431596544
953347724426076164
953348515538853889
953349308195188737
953353843923972096
953355321623351296
953358034021044225
953360570341888000
953361688123686913
953372340804612096
953375402646560768
953375492392083457
953377052249468934
953382850212040704
953383735885475840
953391164824215554
953391957572800512
953399512348942337
953416398138691584
953422331619217413
953422496640000000
953433237879230465
953454328538451968
953455183203270657
953456753701720065
953457303147204610
953467232314634240
953481194720645121
953508451493261312
953513906089050112
953537108588879872
953553392948973568
953553502021746690
953554748367622144
953572329640087552
953578628004171776
953580009184223232
953582080331599872
953583973778763776
953589073054175232
953594875454345216
953621130534965250
953625918865584128
953627821737414656
953628569971908609
953629695375020032
953638974395953154
953643485785190405
953643827625119744
953644119942889472
953647937451712513
953647987086983171
953650511663820800
953651313199517697
953653565540786177
953660280785047554
953661399225511937
953663135910645760
953664797043601408
953672951462756352
953676226920624128
953688378767224832
953689519697661952
953691873306140672
953696101227532288
953696814670196737
953697328883519495
953697899799511042
953704191205298177
953704300806594560
953705254016647169
953706130894675969
953706811374256129
953708299949608960
953709553182498816
953710913391071234
953712542454558721
953713340341215234
953713975249653760
953714506764611584
953714885396914176
953719276854300672
953721940644171776
953722516689874944
953724238304894977
953728576863571968
953730265502961664
953731285259816961
953732169284939777
953742064205869057
953744217855217665
953747352275308544
953748774119190534
953751210187771904
953751345005285381
953762185855021056
953768671142469632
953768733566226432
953776194813595649
953776500490190849
953778965570867200
953792050113245184
953800910605447168
953801142521090048
953802025032081408
953802109303975936
953804102869200896
953804402766196736
953805688731402241
953807181060571137
953807361025568768
953833707965763584
953835382315110401
953856094559973377
953858662816276481
953873585302638592
953876448045039616
953879552530493440
953900136509378560
953901250902360065
953911360051712001
953914041872801793
953920945714065408
953924224367853568
953924314558025728
953924346254372864
953927924587155456
953929158547202048
953933824290902016
953934166575468544
953940660066902016
953944271069040640
953946380682301446
953948433899024384
953954581062569984
953962097280454656
953968363558113285
953968482546266112
953975453190164480
953977592993984512
953979322007801856
953980605343158273
953980615547936768
953995098873909250
953996443320274944
953997792044896257
954000172303945729
954001955130695680
954003969491324928
954008465726431237
954009433767587841
954010986427625472
954012318412804107
954014733778210817
954014750475776002
954014867077378048
954015644684611585
954021132952375299
954028222991228929
954033378369646592
954033905031680000
954035903588118528
954039968317542400
954043338788917248
954045318655508481
954045787524169728
954046146908958725
954047999558258689
954051098205179904
954052017290469377
954054073757528064
954059990658158594
954068870838607872
954070118023168000
954070960008777728
954077677593485312
954079877937889281
954084649684389889
954085181652160512
954089456574844928
954092436086804489
954092946701287430
954093570759319555
954094034150154240
954097780473163778
954098291758850048
954099851129769990
954099952736665600
954100057590108160
954101159408611328
954102960014987264
954105738397409282
954105870052360192
954110235895091202
954111275675652098
954114664639721473
954114822345457664
954119356832731137
954119751520878592
954122227825328128
954123036944461824
954126560994480128
954127757012815872
954127877116751872
954140094297989122
954144348177920000
954144725640019968
954152970836463616
954156710024896513
954157860111421440
954162676434862080
954165627538767873
954172829188214785
954173094234554369
954194339671949312
954195442971172864
954228748567613441
954228971624910848
954244219153108992
954262151052455939
954268884433063937
954269274243256320
954274889183170561
954279015963033600
954281571946844160
954282015154515968
954283483865800704
954283641407852544
954296764554792960
954304983876427776
954306908781010944
954306947909533696
954307705417715717
954308851175739392
954308938513731586
954309058902876160
954309351652675585
954309367343534080
954310465261391872
954310806656765952
954311540689207296
954312272297496576
954312786364043267
954313313189580801
954313668023472128
954314644868485120
954314664589983744
954314727089475584
954316973550088192
954317944938532865
954321511795568640
954322676537061376
954330339190636544
954332129256669184
954332482433880064
954333801597030400
954335931540164609
954337833489256450
954341113204264960
954341318574166016
954341906716250112
954342401530875906
954343510513242112
954353990342467586
954354728984547328
954355133755793408
954355265893273602
954358139801030656
954366855136727040
954370071350083585
954374656160681985
954374965268307968
954380951391522816
954383799743385600
954385170752303105
954385653197889537
954389795907784705
954390139534561280
954390271260790785
954392549443227648
954396400665624578
954397117493194754
954397771389382656
954402760702808065
954404014996836352
954413153135222784
954413210177851392
954416453956096001
954420972882464768
954421009502887936
954423460633153538
954423474340102144
954424525164335104
954425048600842243
954428249718829062
954432622251335680
954437233062400000
954444970727010305
954445564221054976
954446007143751681
954446636478029824
954452781330587649
954453816723861504
954454749750972417
954456228926803970
954456428567244801
954457280061337600
954462687458725889
954466054956306433
954469004197982208
954480614341738501
954487020298043392
954487079421009920
954489785174970368
954493129293516800
954496843802554368
954506075444842497
954511814062170113
954514047558471680
954527800240869376
954542116230676480
954543168996945920
954576541694005248
954613183695785984
954613385999634432
954613551955632128
954619092639649792
954623321492082688
954625370250268672
954625610009186304
954625661758509056
954627661388709888
954628563361255424
954630721762680832
954638588582522880
954638851594686465
954648486426939392
954651117396295682
954660758012530688
954666618856071169
954667585466982400
954671159982903297
954672362787622912
954673330853998593
954674376913358850
954679428960923649
954679636574789632
954685029619261440
954686208222879744
954686511462735873
954686967366803463
954688646367543296
954690294276087808
954690853703946241
954703886362832896
954704064616517637
954704731393478656
954705324027596801
954705571512504320
954705705847676929
954705897540014080
954706336675180544
954706623104258048
954706839991717888
954706901622755328
954707263184429058
954707449432322048
954707914580811776
954709030471020545
954709561683914753
954712370600955906
954713139509112832
954713964004323329
954721335099510785
954726569150435328
954726672338735105
954729855689601024
954730183700942849
954730359543025664
954734269036990465
954736276468568066
954736445461327874
954736756271788032
954736848554938371
954736979350089729
954739322351169536
954739948976066562
954740089090961409
954744739554824193
954744948158533633
954745114726928385
954746782520676358
954746960120111106
954749155460702208
954750048826425344
954751117568638976
954751562156531713
954752648330268674
954754692805951489
954755061065961472
954755338946994176
954756040842776577
954759985556271105
954760515049402368
954760810596839424
954760811456684032
954761906824339456
954764021370179587
954765867698589697
954766714100748288
954767803105599488
954768493303549952
954768985102438400
954769712612827137
954769747400372225
954770011654119425
954770574949212160
954771167616872449
954771413818363904
954772279761682433
954772742557044736
954773263099596800
954774457205379073
954775663466164226
954779450100600833
954779622482292736
954780765849554944
954780837983203329
954782400084631553
954783460975153159
954783571218137088
954783854526713857
954784640962875395
954786125385752577
954786535131541510
954786715503398913
954787131108544512
954788026676338689
954789190524383235
954789676640014338
954789941728423936
954790208486236165
954790759215058944
954791673996988418
954791757451014149
954792339603709952
954793280813887488
954793993056944128
954794906266071041
954797258691801088
954798697627422730
954798744377098241
954801009225863170
954801755157680128
954802013757419520
954802397980839938
954805323713384457
954805371725668359
954806369131155456
954806504208580608
954806579286695937
954806592704303104
954809508156657665
954810190301409283
954810914942914560
954812209271656448
954815149092888576
954819068225343488
954820238016679938
954820749965045760
954820853069504512
954821485541187584
954823335497486336
954823451218468865
954823505798926336
954823812411002880
954823963816939520
954824177722290178
954825316505178112
954825377737789442
954825406263250944
954825846237356032
954826078580826112
954826904032473088
954827427045433345
954828392188268546
954828949367992320
954830865812598786
954831155819417601
954832206991642624
954833542357270528
954839065433690112
954839127089958912
954839637532528640
954840983065284609
954841276234551296
954841443599835136
954841553494794241
954842651148333058
954843369188089856
954844160661614592
954844995747500032
954845287650136065
954846053123153921
954847776575229952
954848753831305222
954850704606154752
954851664707706881
954852945643831296
954860060420734976
954863007334588416
954863485514670081
954863756038811648
954865414886051840
954868064419504128
954868774917885955
954869967803092993
954872527175680007
954873586078101504
954873858435289088
954875938394779648
954878418063101952
954879670893367296
954880638091431936
954882531417120768
954885343387553792
954885648216977413
954887054118346752
954887796539277312
954888465522577409
954905186958565376
954930754999365633
954934413678301185
954950067235979264
954956100746522625
954957488222277632
954961448505106432
954961986634227712
954967711020404737
954975239351529472
954976061032484864
954985099350761473
954993339039997953
954993346581327873
954993427963437056
954993471592501248
954995278066671617
954995999092682752
954996199861489665
954997298064515072
954997847849619456
954997992620249089
954998905992818689
954998974095810561
954999307538763776
954999396885848064
954999725287182336
955001525499301889
955001772518625281
955002084159578112
955003389846290432
955008738431205376
955011314916749313
955011548187066368
955012316613038080
955012396711542784
955012488965382144
955012741076586496
955014732506894336
955014831492468736
955015616242634752
955015850192527360
955018009508159488
955021725791588352
955022308271443968
955023060322738176
955023367316426752
955023464217358336
955023688205729793
955024883565645824
955025284620832768
955025396944207872
955026324032278528
955028018795294721
955029274007924736
955029447400402945
955030240123764737
955032708903731201
955033491997110273
955034030189277184
955034061206155264
955034350533402624
955034377964187650
955036113000943622
955036675452915713
955038516299423744
955038671090135040
955039559024300033
955039881146830848
955040047283294208
955040181047963648
955042539924525056
955043994484002816
955044940295344129
955047112550572032
955048326151462913
955048806214721536
955054237192507396
955055175663783936
955062429032919041
955062613838385152
955064091495735296
955067062845693953
955067424965058560
955067819804315648
955068127670427648
955069123838513152
955070023944597504
955071042426408960
955071671874048000
955071947452411904
955072564426170368
955072617316343810
955072764922253312
955073161703448578
955073769042857986
955073830694866944
955074294245134336
955074827634855939
955074931670376448
955074983293865984
955075059604951040
955075903515713537
955077260301697025
955077346360528897
955077679379861504
955079327149887488
955079441801273344
955080556668243968
955081340717883393
955081610289856514
955081984417640449
955086707900190725
955086944601505792
955087349779705857
955092065414729729
955095983309942784
955100815563415552
955102598742315008
955103277884026880
955103380396888064
955104002408038400
955109085489389569
955109167798374400
955111347875966977
955112646465990656
955113125455507459
955113272658878464
955114297759281152
955114924371578881
955117042075602944
955118169928151043
955120762482036736
955122315720843264
955124083477315585
955125419786850304
955125422710231040
955125904291844096
955129062460219392
955129541508333578
955129902281478146
955131726073942017
955132183940825088
955134236696240131
955136132873969664
955136558184706048
955138347051216896
955139508437209088
955139523129872385
955139675374669824
955140245368000513
955141779648544771
955142293446590469
955142565266944001
955142896017182721
955143193988911104
955143210329870336
955143516950335489
955144762138427393
955145437941415936
955145828427096065
955147796390273024
955148195679662080
955150268525670400
955150386809266179
955151952098283520
955154619679854592
955155549162700802
955156366200594433
955159193568382976
955159507742707714
955162832097734656
955163035576004609
955163784645152768
955164048072552448
955164455733784576
955165542918377472
955166906041987073
955167474391101440
955167784350240768
955167883654516737
955167899701956608
955167981079756801
955170326916280321
955171427119960066
955171452273201152
955171581877215232
955172130047582208
955172940412268544
955173316221980672
955173514461327360
955173655109042176
955181938427486210
955183172412739584
955184262097133574
955184529970466819
955184817234161665
955186583203975168
955187049627357184
955187079419518976
955187770619842565
955187922034155521
955188755022864384
955189079687225345
955189100084187136
955189244103979010
955190709556056064
955190966251646977
955193166168141824
955194096791977984
955195188602986497
955196226777092097
955197770272473088
955198325585661953
955198373161852928
955200423756992512
955201276693962752
955203068882243584
955209777017184256
955213786209759232
955214540752457728
955214929598078977
955216866942836736
955218183098716162
955220071378452480
955220991948541954
955222105179721728
955233519575486464
955233539225784320
955233797649428480
955237012923211776
955237732317585411
955240104217387008
955244426426757126
955251869273739264
955252408615137280
955257080247652352
955260449120862208
955264180340363265
955268818833674245
955278356265820160
955279171634253824
955295301673390081
955295815370604544
955297569944547328
955298870199836673
955308180300496898
955309277165621248
955311157828509697
955313489014345728
955314664501587968
955320618903375872
955323297385807872
955325971267309568
955326573548318720
955326984611094528
955327504704835585
955328989501050885
955329075031232513
955329208846311426
955329675261292544
955330289961750528
955331471685939200
955333102003474432
955336533380354048
955336549700337664
955336728801406976
955337145308385281
955338395588456448
955340806524727296
955342682561417216
955345067925016576
955345782231764992
955353959425822721
955358488871559169
955360344888750081
955361424057958401
955364675885125633
955364698521788416
955365063438864384
955365948009181185
955368371482169344
955370290330075136
955370408227885057
955370425848037376
955373934802817024
955374506893299712
955375456517263360
955377078446194688
955377738608766976
955380789147045888
955381814637580288
955382601103151104
955383023125651457
955383144240304128
955383529680134144
955384322441334784
955385416852692992
955385571052085249
955388490665086976
955392560805138437
955393411498041344
955393896359571457
955396201947516928
955396260239958016
955396301792923648
955396442289565696
955397531533529088
955397796798058496
955398123794378752
955400276722307072
955402060987584513
955402455650652160
955403315071930368
955405715052654592
955407230018473989
955407505164832768
955408214148943873
955408346089246721
955409942894252034
955412046572552192
955412147860799488
955416164313763840
955418076941602817
955418354436714498
955419130106142720
955419197206605824
955419450492293123
955427037644316678
955428901173555200
955429538271506433
955429952261951488
955431607317487616
955432507444551681
955439110101053441
955439338501935105
955442957112528896
955449599623335938
955451059924848641
955454821947117569
955455602960027649
955459529658937344
955462831410958336
955464342593527808
955465914220273664
955470968788578304
955472195936976899
955472811753201666
955472989801377793
955473435424997377
955473769732206592
955477275763503106
955477307195473920
955481178232053761
955481962898182145
955482094456770560
955482847887921152
955485305263534081
955489463551045632
955490016360312832
955490309017874432
955490733598871559
955494565313736705
955495631296057345
955496322932625410
955496405535207424
955496557398327297
955500692529086467
955501718883594240
955502784295694337
955503625610170368
955506726895267841
955508455967772674
955509630058352640
955509832529973248
955509939744669696
955510100789284865
955510950966251521
955511320069197824
955512085554835457
955512181159809025
955512384243855360
955514704457281539
955515926706819072
955517604071968768
955517716777054208
955519488895651840
955519943566675973
955521804587675649
955522630454411264
955524464183214080
955524701002100737
955524794270867456
955528512517169153
955529392486256641
955529741045501952
955533062523228160
955535412977721344
955535688551804928
955538201803939840
955538525570715648
955543678193491968
955544412708225024
955544550696566785
955545547259154433
955546571957063680
955547431789309953
955548859329105920
955550144631582722
955550881180725248
955551315291246592
955557319420628993
955561779668668416
955562366862848000
955566649247068160
955567628621402113
955568054427058178
955570447197884416
955572147535122432
955576091867078656
955576353583222784
955579113867304961
955579539165450241
955579651593768960
955584648259784704
955588207944634368
955589728077787136
955592898434781184
955593791272079361
955594093421383681
955594325353693184
955595680520826881
955596887217922048
955600585067286528
955605552511574017
955605708287938560
955606367192211456
955611122161287173
955613244181409797
955619619099807744
955624365395271686
955664199530811393
955672945396977664
955683390136750080
955691039716671488
955695592621182976
955699035729485824
955716709696065536
955718586101829633
955722715004047360
955723192814981121
955724756283781120
955731981970616321
955734724642836480
955738027258793984
955740746426052609
955741338649153536
955758405372796929
955761546780708866
955762355861733376
955762714093281282
955762789561307138
955762948961644544
955763761394147328
955764377554108417
955766439654326274
955767644040306689
955774001355329537
955776543959277569
955776553169903616
955776612385153024
955778317298286594
955782605999308801
955783780383580160
955786767969419265
955791372174413824
955793509352640512
955793706199764999
955794313132367874
955795546257678337
955795650259705856
955796823830093824
955797128756056064
955799514895540224
955809513562689536
955812087011397632
955812141440864256
955820182747910144
955820197847461889
955832178050551808
955834205975531522
955835310335651840
955837891938316296
955840651987439622
955841988112166912
955842923425423360
955843393267040257
955844785562152960
955844977648721920
955845178291572736
955845744497479680
955846090544287744
955846899629731840
955847363926650880
955855209145819137
955855535265517570
955859368158822400
955859721105309697
955860236694360065
955860274413785088
955861504213114880
955862080485249024
955862502423826432
955864078655873026
955864661265715200
955866037517475841
955866187958808577
955867571160518664
955867655562407936
955867763372937216
955868412642779136
955868942379245568
955870226633117701
955870758084980736
955872038597603328
955872740740825088
955872866137985026
955877374595338240
955879513858215936
955880062749945856
955880118915870721
955883283975417857
955885061496279041
955885286134861824
955888330524282881
955892223408779265
955894157259821059
955894274708725760
955895048989741057
955896091668598784
955897407522443266
955897617556426752
955897695587139584
955898223226482693
955900667675148290
955901614329614336
955902562636529664
955904480280825856
955906877736538112
955907194716901380
955908772198866944
955909012658311168
955909353642610693
955909390799921152
955911267524497408
955912850320568320
955913252671700993
955913568511315970
955918339968241664
955922868545769473
955925453407162370
955928417618231297
955930803342598144
955934120579944449
955934920446275584
955935585683886080
955936151759675393
955937208447504385
955938697014337536
955938862668439553
955939812678230016
955944006139117569
955946556020133889
955946682969190402
955946734148046848
955946829358747649
955947475281395713
955947817528451073
955949019200704512
955951018596098048
955951372188479489
955952312534446080
955953298418237440
955953300716703744
955954977683529728
955955101763620865
955959857252880384
955960478869704706
955961365138755584
955964002508705792
955967496791699456
955968284473610241
955969781164736512
955971746015924224
955973380104220672
955991900070215682
956007275977691137
956008419328233473
956009292586504192
956010793325211649
956014003221942272
956014916305121282
956018978073251841
956030512002490368
956044667782664192
956045895879020544
956047100034322433
956054813778829312
956056736846278657
956057873947217920
956059823874985984
956066031465914369
956066333443215360
956067895003500544
956068391181316096
956076690022727681
956078705805266947
956079505063497728
956079724186554368
956081291526594561
956086071833620481
956088091164356613
956093222706610176
956097048742383616
956098391997665280
956098804905857024
956106803351257093
956108023155625984
956109244847329282
956110833339326465
956112197880614912
956112836928950273
956114359503253504
956115520050356225
956115615244308482
956115777568018432
956116111854047233
956117588668567552
956120607317471232
956120743254818816
956121437105831941
956121492726542336
956122035348008968
956123348731297795
956125623306608640
956133295099731970
956137213116452864
956139050091589632
956139840524963840
956140198898913280
956140263499591680
956141536881926144
956142522987831297
956143366026285056
956143526269550592
956144102546071553
956147092619227136
956149143252164608
956154571973447680
956154652499857408
956155805065244678
956156271090192385
956156372973965312
956159959116472320
956161199787429889
956161917034336256
956163063727706113
956163332607799297
956163938269396992
956164534250635269
956164780494123009
956165680583397377
956165927632015360
956168519271448577
956173792228802560
956176193912557568
956176685589848065
956177430514823170
956181350083538945
956185124940500993
956186986380918787
956187384818884608
956188245947232257
956192579049189377
956195348967559168
956197173099663365
956197565254569989
956197974199164933
956198099197812736
956199437591810048
956200305401761793
956204443086852096
956210387111874563
956213114554454018
956214061284413444
956214765667303425
956220278350209026
956220379315490816
956224509178195968
956225434039005186
956225540410748929
956225639001935873
956226208584187904
956228145497169920
956228272181927936
956231683396816896
956233895925702656
956234741858160640
956235287147044865
956235565904646147
956236801278201856
956239261228990466
956240081639133184
956240937306525696
956241451922403328
956244030584705025
956244256699699200
956244429450465280
956244506243928066
956244549608845312
956245146357714944
956245316549963776
956247042111700993
956249540264366080
956250227664719872
956250304869171204
956250595089944577
956254606950006786
956254852316876802
956257183519461377
956258158686670849
956259854007570432
956260158509912064
956260713428897792
956260748442947584
956263461947834373
956266201252028419
956266987684024320
956273489278889985
956273617209348097
956274487514812417
956274508490518528
956275506319646727
956276181241880581
956276778053533696
956277439512170496
956278760248152066
956279682604912640
956280070229905409
956281396800163840
956281776376344577
956283834957488128
956284949811916806
956286017656508426
956287963419348992
956290738773356544
956291858258423809
956292663967444992
956292965936361472
956294469208498177
956295434066153473
956300411564183552
956301427554574337
956304918033428480
956310736795586560
956315080408346625
956316462016225282
956318354305880064
956318548674084864
956319052024172545
956319816196993025
956323760122064897
956351004634689536
956353429894463488
956376380182208514
956398266039533568
956404106641453056
956410429584101379
956415034023956480
956415950508748800
956416521756016640
956418392843538432
956420621294071808
956421996585234432
956423303966707712
956425434664722432
956425540369551360
956441378904576001
956442185859297280
956445055040086016
956449935704150017
956453136327172096
956457682055122944
956458606995673088
956461458266746880
956463219459182593
956463989545893888
956465241117855745
956467177892253696
956474512224243713
956477497511641088
956480163184828416
956483116641718277
956485554954293251
956486294435180544
956486367818731521
956486384046477312
956486719318188032
956488716217999360
956492878632583168
956492923545284609
956493643279462400
956496291554406401
956499669567320065
956502100258820096
956502778880364544
956502997789487105
956503249053511681
956505645276192771
956508272143421440
956508547713552386
956513652017856513
956515159555665921
956515796754329600
956516797905293315
956517976961966086
956518056213340160
956518499534495746
956520777888747520
956522962538127360
956524948071251970
956525307946729472
956526086212476928
956526564065374209
956526672584552448
956527509318852610
956527830208270337
956528511375888385
956529475214290944
956530054875541504
956535681693769728
956536242283470849
956536333329162240
956537166452191232
956538382997512192
956539632975597570
956539717281034240
956539991596916736
956541008535224320
956541177448235008
956541747751989248
956542884592979969
956544164749107200
956545627877466112
956547319473803264
956549207736946688
956550441692692480
956551299834793984
956553649508950016
956554783657156609
956554933087727616
956556168033423360
956557296460599298
956557630310293504
956558789217538054
956563636977324032
956564313094815746
956565008929951744
956565329802661896
956565431300644864
956567271744397312
956568142486097920
956569692147154944
956569745121259521
956578617772953600
956579186096959488
956579780853411841
956580280801943552
956580668837912576
956581459820711943
956582042413740033
956582440033837056
956582874144178176
956583728108720130
956583898380554242
956584044497600512
956587413245190146
956589018375966720
956590282144960513
956591862554521600
956592214431424513
956592792834322433
956592979925495809
956594611698401280
956595518314106882
956598282775617536
956600396407103489
956601259183820801
956601574024982529
956602434687832064
956602574475579392
956603151930490880
956603401189683200
956604060412637184
956604135901745154
956605382763347968
956605619011760129
956606779999309824
956608510556606465
956611380412641280
956611884458811392
956615709383168001
956615825456279557
956615885401280512
956617129847029761
956617693171474436
956618041705541632
956618383985971202
956618526583791617
956619750452338688
956620047849541633
956620079994687493
956621048618856449
956621060790734854
956621225601785857
956622782124699648
956624600753942529
956624898557927424
956625351530156037
956625996626657280
956628609686474758
956630384296517638
956631741548171265
956631831922794496
956631925736853504
956632282613329926
956632494849380352
956632517502783488
956632854636781570
956633319449427969
956635538244567040
956636090215092226
956638136611868674
956639691851251712
956639772814073864
956639973951893506
956640027399872517
956640457982955521
956641151498510337
956644377341911042
956644867228225538
956645922070462468
956645947680935936
956646315496300544
956647936594595840
956648815729238017
956649984694411265
956649998103564293
956650668768587776
956650976236064768
956652190466232325
956652232849657856
956652873303064581
956654671392722944
956655013660626944
956655862428381186
956656473299472384
956662052122255360
956662804110610434
956665720028516352
956665737225080838
956666565176504320
956669297971130369
956669375788044288
956670520933732353
956670671853060097
956676714985291778
956682713007841283
956683691786489856
956691111531212800
956705952648048641
956713302310125569
956715034146672642
956722110780657665
956768714904473601
956770136769335297
956772062185558016
956773121293520898
956773931406553089
956774284550172672
956777437815189504
956780276142825472
956780876322476032
956780912833949696
956780929594351616
956783009138651141
956789731332935680
956789884445974528
956802252085383168
956802468213641216
956805664675942401
956808971377102848
956809497422409728
956810514134220800
956813411974828032
956813524780666881
956814163162140672
956815489820512256
956818676774330369
956819194254974977
956820464701190144
956820537199726593
956824515962552321
956825790611709952
956826026801336320
956826225971875840
956831174894194688
956837002909020160
956837264545472512
956840778566897665
956841856905760768
956843363449344001
956845526812708864
956848756107948034
956849434746343433
956851363727794178
956851437094559744
956854440669085696
956856913198747648
956857656521691136
956862990745251841
956864439873138688
956870434380812288
956870613053988865
956871094136315911
956872599061090304
956876709969657856
956878173165248515
956880370150014977
956880580385361920
956881309795803136
956881397024788481
956884495365541889
956888333166305280
956888599475179520
956889049540845568
956889751675719681
956889871792164864
956894784806969345
956900041691619329
956902542482595845
956903920839921665
956904653874221057
956906362767859712
956909444759158791
956909960247611392
956910291173994496
956910539057324032
956912339248472064
956915141454520323
956915909456748546
956916145164115969
956916314194497536
956917063288795136
956917411856470016
956917512482033664
956917633630310401
956918307323633665
956919089544552449
956919679276212225
956920042502918149
956920626358489091
956921285271048195
956921570085220354
956921570479476736
956924054358888448
956924640311508992
956925581513326592
956927574516666368
956927965534806016
956933147622543367
956938464309719040
956939871930802176
956943032326283264
956947438866194433
956950025984249856
956950151725244416
956953397780992000
956954078847946757
956954654025441280
956955112328585218
956955671865458689
956955894310473734
956958872077467650
956962637560066049
956962890237579264
956964294914125824
956966326630830081
956967942855561216
956968023671402497
956968258527289345
956968572282179584
956969702223466496
956969873795665920
956970196757041153
956970291086979075
956970543202357249
956972662550597634
956972803487617024
956972876732817408
956977523753213952
956978828613648385
956979261038104577
956979956860538882
956980103694766081
956980643501690880
956981335960276994
956981765062692864
956983904145059840
956986362015731713
956986740702670848
956987297760710657
956987324658790400
956990620400340992
956992400131547138
956994217930260480
956994637360754693
956995163318087685
956996238766899202
956998653427814400
957000720556818432
957001019820576769
957002325406748673
957008914779987968
957009233555402753
957012567607660544
957014591745044481
957014901712736256
957018458918653952
957023527319801856
957024510863081472
957030147600928769
957035950827294721
957036657156542464
957041658008399873
957046403884376066
957048105177964550
957059411008245761
957063599255678976
957064020799967232
957090460031422464
957096666749915136
957097048418942976
957111778382622721
957113186838368256
957126004652290048
957126941227696128
957138938187210752
957141669547212800
957141690921439232
957150122718117888
957150848341168130
957151084895768578
957151208619282432
957152565485064192
957153018914406400
957158256731967488
957160114406023168
957160623581908992
957162070193197057
957162846135181312
957164811548286977
957165722618253312
957166830313005056
957169066317361152
957173878828228609
957178642567704576
957179435039502336
957180607762698240
957180833152028672
957180865737617408
957181817815273473
957181923931013121
957183248924372992
957184803731918848
957190115012562944
957190167017742336
957190283623632896
957190385096380417
957191065433407488
957194709851570177
957200755097776133
957207833971429376
957211606630494210
957211742106542080
957213890005348357
957216244662448128
957217594821394433
957218767460806656
957219014601736193
957219790099304448
957221838630871040
957224055312089088
957225574245851137
957226121820561408
957227359178051585
957227667442618369
957231292977905670
957232793796296705
957234492397285376
957234873688784896
957234918135947264
957239856098414594
957246691958280193
957247592596951040
957251796224958464
957251812779839494
957254859518042112
957257300196159488
957261442062999553
957265499208994816
957270135194218496
957270165816795136
957270692621422593
957270807113322496
957270884724723713
957270935945515010
957272812418469889
957273703280148480
957274256496386050
957278107697893376
957278507016564737
957279090020581376
957279253615259648
957280255609393152
957280790295040000
957280790819360770
957281921586806784
957281929153449985
957283083409154049
957284469081300992
957287583498887169
957288241186705408
957289587352719360
957290220038258688
957290641154813952
957293320031612934
957294585469796352
957294646161477632
957294795185147904
957295171389009921
957295556040241152
957297069731041281
957298718935568384
957299775501668352
957299850936070144
957301624329900032
957302075641253888
957302690542911488
957302938002706434
957305218470903808
957305668091879424
957305956207157253
957306069889486849
957309953504612352
957312511480553472
957312602106974209
957312982941356032
957313757218304000
957316148361682944
957316699950370816
957317591219015682
957318871760932864
957319098639282176
957319536532897792
957323400334204928
957327300198109184
957327461783605249
957328352557387776
957329208187019264
957330508433756160
957331406778138624
957333661627674625
957334214910803968
957334290307657728
957334602070315008
957334760610828294
957334908652982273
957334927942483968
957334931306315777
957334950197497861
957335215684415488
957335945489145857
957336507949268992
957338348426850304
957338746873147392
957339862969016320
957340503460188162
957340776060551168
957340934064214017
957341003006005248
957342559092736001
957344190823886848
957344579044478979
957345280671789057
957345990016753664
957348197340508161
957348814058409984
957349010368614400
957349655855149056
957350217048821760
957351404867334144
957356626767499267
957357440818917377
957357737859416064
957358458361319424
957358708807249920
957358770908102656
957359274228842497
957359535957659648
957359640462979079
957359698268782594
957360243087831040
957360584093323265
957362274003574786
957363346898149376
957364843274743814
957364903819563011
957366378092220417
957367319323389952
957367764334899202
957367919519952897
957368218989023233
957369221423476737
957372699768164352
957372954920275968
957376645765222402
957376692338663424
957377699785273344
957379425330434048
957379638380191744
957381173952557056
957381461648211968
957385062835785728
957385117839872001
957386928080420864
957390137175887872
957394417077374977
957395549891776513
957398851895296002
957399333154017281
957400094835388421
957400216927461383
957400980680859649
957401063757238272
957410919096766467
957413305219473408
957416856960339968
957417237815615488
957417967607836674
957418641225428992
957421141865455617
957423892490047488
957426805463502850
957437289512058882
957439084275826692
957448733259640832
957452304730423296
957452307251318784
957463337813426176
957469978667700225
957477319949594624
957486263476588544
957493498969821184
957496587755884545
957510891993526272
957517529504714753
957534329340559360
957534456017047552
957540856520740865
957541326932926464
957541805716799489
957544790383648768
957545428333006848
957546539408338945
957549626571350016
957550366001979392
957550835747164160
957551594790367233
957551934550003712
957559680154439680
957560370943668224
957564457479176192
957566122596945920
957567857382043648
957568614424547328
957570235535691776
957570561290506240
957572352832925696
957572604893818892
957574133742743552
957574251346874368
957575310295425024
957575648272437249
957575837972336640
957576006910513152
957576060379521025
957576731262627841
957578833452027904
957579052793069568
957579317814419457
957579496168837125
957579923144704000
957580186098204673
957580734314811392
957580835393327104
957582266057875456
957582422505328640
957582596153765889
957583001168334848
957584810733637632
957585058205876224
957586442343059456
957586842890723328
957586972494745600
957587310140362752
957587474959814656
957588274817720321
957590224749715456
957591155453190144
957591948600029185
957592193140748291
957593885546512384
957594046716837888
957601634510655488
957602472310312960
957602612840468480
957602643232337920
957606495235067905
957606611081662464
957608108444078082
957609295012605952
957609986137493510
957611213646680064
957611249143107584
957611321251500032
957611848169410560
957613103851737088
957613175997915136
957613261972795393
957613284194209792
957620218238562304
957624508982157313
957628743144615936
957632609026232320
957633184094662656
957634910432452608
957636887270842368
957637016006651909
957637372526649345
957639748994117632
957640615948365825
957640773473898496
957641169172869120
957642462721388544
957642622524444672
957648683687993346
957650875668992001
957651132343562241
957651339953221633
957657936775454720
957658699270643712
957660915540856832
957661139122388992
957664842994847745
957666171117031425
957667686401667072
957668046700797956
957668374691098624
957668814652694528
957669350814732289
957670014273839104
957671470527930370
957672894619897856
957674358708887553
957677222038507521
957677523315449858
957677882368757760
957681026003886081
957682621491822592
957684550871781376
957684667490201600
957685404416823296
957685984086429696
957686280204308480
957686484492013569
957687374917533696
957688060681928705
957688860514947073
957689073195462656
957690220471836674
957691657272659970
957692272593854464
957694460749545472
957702503340093440
957705601684930560
957705711999438848
957705857504038915
957706321842798592
957706330038505472
957706335243694083
957712734489063432
957715381900201984
957716925433475072
957718757098643458
957719012976353283
957719121571000321
957719489445007362
957722042937368576
957722664415694848
957722749673328641
957723165337313280
957727581515780096
957728413665628162
957731905398591489
957733513935155200
957733646718382086
957733904408109056
957743661638455296
957748878413090817
957752727601405952
957753349214015488
957756575481024512
957757787605536768
957760139779624960
957761720633655298
957770573131677696
957782078120189954
957782424104132608
957792878020902912
957793503815356417
957810820821454848
957819537004646400
957831941230940165
957844559731482624
957846285377294336
957856620113027072
957866384444280832
957867851595083777
957870755743707136
957873498868903936
957875992391028737
957876536354508801
957876920124952576
957879057106038784
957883888512258048
957884439652118528
957885864499130368
957886018690142208
957889588164521984
957889649397125120
957891305757138944
957892219477819392
957893624032841728
957893655200718849
957893655796371456
957893915453116417
957902181570576384
957902802306719744
957904480036679680
957907046946533380
957908613863010304
957908936065249280
957908964196405248
957912916904300544
957913484393701376
957915243040137216
957915375999569920
957916569962676224
957917323222028288
957918711750451201
957923026854666240
957923115341893632
957923874498326529
957926092890886144
957930354727366656
957933259677208576
957936273880223744
957936358005276672
957936988094697472
957937761843122176
957939620334981120
957943457309478912
957943527681527809
957944130184908801
957945625739497472
957945887459770369
957946191542673440
957948447042174981
957950735672643584
957951135368794118
957951168105369600
957951857728647169
957952272448872449
957952549696475136
957954022324998144
957954221541920768
957958286376161280
957958587388715008
957959293315289089
957959539084726277
957959703920893953
957961129594060800
957961975425794049
957964825350606849
957965303438290944
957965742040866816
957966337225248768
957966796065333248
957968377762406400
957968791719247872
957968860514197509
957970068884934658
957972163121860608
957972274270924801
957972552323870721
957973460411666432
957976412367085568
957976422429192192
957977093094158337
957977332182118400
957977601024430080
957978276735193088
957979352569917441
957979510292537344
957980801278316544
957982560658886658
957982957695918081
957983408042528768
957983556105658368
957985274100965376
957985274512007174
957985393617629185
957987121519906816
957987572571140101
957988033520955392
957991808822317062
957992375044931590
957993486959173632
957995074901676033
957998699514421248
957999113618018304
958000747718856705
958001703999234048
958001918361485312
958001944282517505
958001980831657985
958002294137729025
958002977675120640
958003746239401984
958005097643913216
958008239567917056
958010108998488065
958014849799344129
958018654465089543
958019858226204674
958024196935897090
958024808339472386
958026579153743872
958028584467288064
958029602018004993
958031836713758720
958031966745645056
958032890780057602
958034912422047745
958035253989437441
958036611547230210
958036880783798274
958036885410123776
958037375728390145
958038191541538817
958039749272522752
958042709192617984
958043226400854017
958043729679601665
958044539184332800
958044947294359553
958044993406386176
958046596922359808
958047145868890112
958047468075143168
958047973497364481
958049500186071041
958049503550099457
958050523864862722
958053860593094656
958054049785327616
958054156283011072
958054374000988160
958055098344792065
958055176761495554
958056286343565312
958057035819618311
958057156925771776
958058262506721281
958058529293832192
958059159265701888
958060777868378112
958062533595877376
958063754964594688
958063799008940032
958066301183946752
958068040503087105
958068371400118272
958068649474117633
958070442803302400
958070988821991426
958071720639950853
958074034356400128
958082654099800064
958085931088646147
958088157014167552
958090299032637440
958097918401036288
958097937304866818
958109222918598657
958114281236631552
958115047104008192
958122587661447168
958122949600595968
958124557285519360
958131239222956037
958140221828235264
958154039472132096
958165159394111488
958165160656539648
958165163580018689
958165164834115585
958166486459265024
958187112368570369
958189498096996353
958193694523510789
958194267452772352
958198822865432576
958205375655874560
958205789134520320
958215277606588416
958215585820758017
958221439395614720
958222368861753344
958224375853010944
958228097861586945
958231277135679490
958232310201180166
958233247204376576
958234598181408770
958238919996461056
958241080905887744
958244096111448064
958247893705674752
958248032113479681
958251925694287872
958253350490988546
958255619227770880
958262874090110978
958263509938311168
958264059400523777
958276242201088001
958282366295961600
958282649826668544
958285486438699008
958289562853355520
958293721090371584
958299459313545216
958306069993828354
958312059866877954
958312779613638656
958313724414218240
958314622578319362
958314854540038150
958315034874085376
958315094861058049
958317258299887616
958319542907932672
958319992117882880
958320963548057600
958324191043911683
958337569204396033
958338015100850177
958338736051445760
958342310005280768
958343180608401409
958343330924040193
958343817865977856
958347594798788608
958347990376374277
958354534316826624
958356969265524736
958357186798866433
958361575714426881
958365176947818497
958366758213246976
958367233989738496
958369623975579651
958370336361336832
958373414540054528
958374446779260928
958374826711928832
958380861220622336
958385353659793410
958386198376050689
958387528947699712
958388575711715328
958390553745371136
958391559107563523
958395608733233154
958396146006872065
958398569068810240
958400395696537601
958402693336387584
958404310647345153
958404518978473984
958409452851482626
958410682201985025
958415029308706816
958415869771702274
958418941629665280
958420087102492672
958420702855618567
958423435411185669
958424060760817665
958426407499173889
958431656226025472
958438119233282048
958439156908208128
958439583355633666
958442702777004034
958445011930107905
958447168058220544
958447523278020609
958447661832654849
958453097944240128
958453115560308736
958453179317936129
958457465183588353
958460329763196928
958462266265006083
958462702908792833
958462841308229632
958463167197274112
958463349255106560
958465116319645696
958468848415522817
958471667382177792
958474914662637568
958479434402729986
958484526161948673
958485302657671169
958486689726500864
958489176109809664
958490775804772352
958492099531374592
958492497319112704
958493470238404613
958494833357836288
958495625238102016
958495924317237250
958498078042021888
958498615772811264
958499314996858885
958499480248004609
958500663885008896
958504283988680704
958504534367666177
958507539607388160
958508928756801536
958514137671315457
958514189647179776
958514879542984704
958515367848050689
958516464654446592
958518142376038400
958530237008089088
958530497943977985
958531355687583744
958535278469304325
958547204293218310
958548044399759361
958567214071930881
958570009990660096
958576470456258562
958576856323842048
958577150369681408
958584588112154624
958586865606643712
958589030299467781
958589164957634560
958589583540842497
958590819178614785
958592699485118464
958598986763526144
958610589466624000
958612242836029440
958616460208852992
958616460233977856
958621653004636160
958623690345865216
958628568770195456
958632494726897665
958632592365977600
958636675516850176
958636934728953856
958639111971262464
958639459746156545
958647616773984256
958653693066231808
958656939982024704
958657409635012608
958657423937589248
958661162261991424
958663441455214592
958664518544035840
958667228483813377
958667671834386432
958670005549305856
958677221404762113
958679308163264513
958682337197240320
958686194795253760
958688576996368386
958690360078819333
958691896011952128
958692735308959745
958694138299473922
958697257192259584
958697932877901824
958703617019695105
958705877334286337
958711403313065984
958712647318425600
958713599459057665
958721223873126401
958721678531616768
958729005150195712
958729469447016448
958732913327165441
958734652763668480
958736333844905984
958737080846376960
958737582069870599
958738018294206464
958738740482060291
958739079008538624
958740206030589954
958740276910190598
958740458112503810
958741757927272450
958741869076369408
958742333108948992
958745277355216897
958745736631341056
958747221855531009
958751808310206464
958753201238528000
958753834561671168
958755024506687489
958758422312255488
958760796711997440
958762751249256449
958763460837478402
958777280330944512
958784603556368384
958787627242663936
958789124592422914
958789495721222145
958791790093578240
958793370071158786
958794200148946945
958794582233419776
958795886653530114
958797917963341832
958798051333869575
958798333581123585
958798710263205889
958800570025848832
958803939327201283
958804348246679553
958806202124832771
958807908380217345
958807985156972545
958810306284740608
958810612867485697
958811529784197122
958811799847129088
958816218571595776
958820628458590208
958821030662897665
958824011110154240
958826966538424322
958832942935171073
958838991104733184
958839804925501441
958843685810163713
958845167242530816
958845309412696065
958849518409265152
