1101335754339426305
1101337497433444352
1101340302584041472
1101348234830798848
1101366904126689280
1101368393930891265
1101370402599772161
1101373901043625985
1101376885697798145
1101381681049751552
1101383188574846976
1101385810786611201
1101387307284860928
1101389437601226757
1101398787518619654
1101411988285128704
1101422330134364160
1101425970408505344
1101426269462429696
1101432438855737344
1101440386206191617
1101452980530819072
1101455313767751680
1101468492782546944
1101470759334096896
1101472022603935746
1101477520065613824
1101482638366392326
1101485677164797952
1101503348606423041
1101503857346203648
1101505806644711425
1101510332038762498
1101510384035524608
1101513726975451138
1101522535856791552
1101540082295730177
1101542622781497345
1101546156079939590
1101548256180559876
1101552784330162176
1101554259915497474
1101556555839950848
1101556940470210566
1101556950523756544
1101569647969796097
1101584402130325504
1101584483738968068
1101584598125953024
1101599495895375872
1101611119561461760
1101723809583898624
1101744935148113925
1101745506311655425
1101750411965419521
1101750898076852224
1101762219765837825
1101769111577726978
1101793360396865536
1101802895735951362
1101802912479617024
1101806507006537728
1101812668468523009
1101822610235637760
1101823441953570816
1101831329333665793
1101833897480998913
1101840315361775616
1101841261428961280
1101841925416591361
1101852297057968128
1101869122089091072
1101875757909987328
1101877819850792961
1101879836459577346
1101880396403392512
1101881821200031746
1101888110349176832
1101888715381706753
1101906820996710400
1101913827510288387
1101922290349080576
1101924578786463745
1101931607508901888
1101931712030875648
1101931723355574272
1101934758383120384
1101943059695222784
1101943506388561920
1101954641007439877
1101961624141877249
1101969233846636544
1101971388460617733
1101972600031465473
1102004672796205057
1102063014709215232
1102075244452478976
1102076107220754433
1102106875796078592
1102119382791188480
1102130234315456512
1102131665831424000
1102134434743152642
1102135401421131776
1102135483335884800
1102136859625435136
1102136863945646081
1102137971959128064
1102138054620446720
1102138237861154817
1102141520344436737
1102143107058094082
1102144703951241217
1102145056973225984
1102145439061684224
1102146724615856128
1102148380128657408
1102149292377194496
1102149958025834497
1102150930915561473
1102153341998645248
1102155660601577472
1102156926857723906
1102163152291225600
1102163237607534592
1102165029007310848
1102166478525292544
1102166957934157825
1102171690820354048
1102176579705294848
1102176835109048322
1102185457348214784
1102185802954498050
1102185970387046400
1102189656257507334
1102192284219703296
1102193093498019841
1102193468473004032
1102194428977037312
1102195183528144896
1102195271616868352
1102200470427312129
1102201466184437762
1102207735821680641
1102213697987055617
1102214760026832896
1102217203200479232
1102217248515723266
1102217870937870336
1102219594385801218
1102222538371973127
1102226040586412032
1102227152941056006
1102231492846071808
1102231861860986881
1102232977969434626
1102234485398093824
1102235781022785537
1102235935801049088
1102239497998221312
1102244956507394048
1102245078968516608
1102245637632868352
1102247348921647105
1102249469968556032
1102251880015712262
1102252272204029952
1102252692452360194
1102254021639835648
1102259202876194819
1102261026962264064
1102261059686146048
1102261412821458944
1102262963489177600
1102263792271007745
1102267395593232384
1102269397400465409
1102272652725678085
1102273102355009539
1102273130062598144
1102281324897943554
1102286469752909829
1102286527932125190
1102287962774163456
1102294286098411520
1102299072256335872
1102299384513998849
1102310029133266945
1102310878370824192
1102310961392877570
1102311531008716800
1102312463373135875
1102315706849378304
1102317416044994561
1102318277525684226
1102319292568297474
1102324051845017601
1102324553055961088
1102327636691480576
1102328133301211136
1102335893178863616
1102336248029605888
1102337935406518276
1102345808958156800
1102346108439805957
1102351385276964864
1102362976248623104
1102438238982209536
1102439779411656704
1102443014474088448
1102453109735989248
1102461685393252352
1102462577542660096
1102468986833391616
1102469004873158656
1102476771063197696
1102477650617094144
1102484868150247424
1102487037863702528
1102492773998051328
1102495602502443008
1102495869822210049
1102496175603810304
1102497877216161792
1102500510802890752
1102504307910496257
1102509989934129152
1102513410405814272
1102515077217959936
1102517515782053889
1102530243401842689
1102532133804011522
1102534080338542598
1102535392761470976
1102541420815093765
1102545816852533253
1102545827334160384
1102547664447647744
1102547680784535552
1102550026662883328
1102555313188814850
1102560225964556290
1102560789662191617
1102568229543788544
1102573357495652353
1102577224631361536
1102583398227423232
1102584490302554112
1102584982432825344
1102585473560662016
1102587968328470528
1102588134028656640
1102604840352563202
1102605818447437825
1102606324708372481
1102608035984359424
1102608867706445825
1102613930680160257
1102620420078034949
1102620458258579456
1102627052128256006
1102632983725568005
1102634593050595330
1102638534861692931
1102649154441003008
1102652954140704768
1102653475404611584
1102654522223153153
1102655267202842624
1102656020940247040
1102656585917173760
1102656647149862913
1102658823574208512
1102659076486561792
1102662895823925249
1102665669924016128
1102673001554817035
1102673297282605057
1102675091584888832
1102675732080328704
1102676945454682117
1102705707927900160
1102722903982989312
1102729034943905799
1102729439480344577
1102730656893661184
1102732200401924097
1102761020299259904
1102793637258158080
1102805529817174017
1102808089265356800
1102809973703278593
1102825572751814656
1102827414860808192
1102832403565953024
1102837013001191424
1102837285756768257
1102851350495457280
1102859487025745920
1102862912094388224
1102866924671782914
1102867023355207680
1102867353858134016
1102869601837371393
1102870215157866496
1102875699294228480
1102876514792718336
1102876680740392961
1102885522350002176
1102887027656323073
1102894427679289344
1102898200464318466
1102900257363505152
1102902306679459840
1102904991872897025
1102906017816477697
1102908024765771776
1102909546459217920
1102911258200862722
1102912819241123840
1102918391831162882
1102918654323232769
1102918870921371649
1102919264275779585
1102926250212057089
1102929476952956930
1102931166267654145
1102938360493031426
1102940307484753920
1102945240829345792
1102945515661156353
1102951955096391680
1102954136520310784
1102961976362311682
1102964694858518538
1102967627528527874
1102968885379239936
1102969025477464064
1102972059850805251
1102972646403260416
1102972810836803584
1102974757434281985
1102975370184323078
1102975513633660928
1102978649295413249
1102980113958871042
1102981278738120709
1102981433486909440
1102982923706384385
1102986094625386507
1102986925110185984
1102990119471067136
1102991876884520960
1102999045792980992
1102999871655763968
1103007268319252480
1103012328960942080
1103014299415597056
1103015934158139392
1103017226825797633
1103022375950475264
1103027624115404800
1103028450779193344
1103028915000561664
1103031832650633216
1103032618248036352
1103038664341368834
1103047813800357888
1103052129315549186
1103063100780089349
1103138147360215040
1103164010738917383
1103164129827790848
1103166841420165121
1103171202212941824
1103175240534810625
1103175779511427074
1103189347225030657
1103189841758601216
1103191362168479744
1103192961477693440
1103196594575499264
1103198220723855360
1103201284625219584
1103205201710862337
1103207939677057024
1103207957100138497
1103215273077886977
1103217999991975937
1103219925374693377
1103221355640745984
1103225919882309632
1103229164612710400
1103235446006579201
1103241734090301441
1103244592080654338
1103246270242713605
1103246708115423232
1103257201659981826
1103262724501499905
1103263768883183617
1103264466383319040
1103265087551406080
1103267086560911360
1103269036492816384
1103269740724801537
1103271906315251712
1103280488641376257
1103282333275353089
1103282448610279426
1103287727133548544
1103290735728738305
1103292465040232448
1103294230292807680
1103297108558393345
1103308834989314048
1103310117590781952
1103317156496838661
1103320700658638848
1103324938168160256
1103333366940749824
1103333643022422016
1103342849037352965
1103343841086791681
1103344666945208322
1103349020632772609
1103387141147639808
1103399857245478912
1103401368985972736
1103408615363362817
1103415955424755713
1103432510640394248
1103439837351297024
1103445276130455552
1103466397798203392
1103477263142510592
1103530410758176769
1103531245932331008
1103542252620570624
1103542438419943426
1103561311626113024
1103561882361831425
1103565252338302977
1103575541838503936
1103575622062915587
1103576490283843584
1103576771843317766
1103577299021119488
1103577970885779456
1103583514916737024
1103590648178008064
1103608629998088192
1103611263190425600
1103613660495265792
1103613793588912128
1103617429215817728
1103620729730461696
1103625159750156288
1103629534002380800
1103635167372025857
1103640807033262082
1103648992624328704
1103650766097731584
1103653315290845185
1103662161111461888
1103662503718985731
1103665662864560132
1103683377960534019
1103703307162435586
1103705550645329926
1103705998668242944
1103706923520720897
1103717653393350657
1103727506828521476
1103740996360245253
1103741177956876295
1103749893309558791
1103755075388887048
1103768106655047681
1103773728691900422
1103777329015390214
1103780563742281728
1103794703479250944
1103803828674150400
1103889475011207169
1103892174163206145
1103893642614202369
1103933225494208514
1103933683529003009
1103935713555374085
1103936003524288523
1103936483621138433
1103937006650875904
1103937912222101505
1103942311627579392
1103947829217759232
1103957721483829248
1103961267792949248
1103961508600602624
1103965148509884416
1103967013154758656
1103967503460503553
1103972181342670848
1103987661692383232
1104000940884017152
1104002061170024448
1104003363576926210
1104006826327183366
1104009399419445248
1104019512423256064
1104019740387958784
1104021331941748738
1104021533067018241
1104021984537661440
1104022982345875457
1104029812761477120
1104030077422104578
1104046205791805441
1104048694494662657
1104049069960368128
1104062290528219137
1104064240862879746
1104064695269498883
1104069693059551233
1104074796692840448
1104082461770858496
1104083164308430848
1104087905583198208
1104101401548996608
1104104382046617600
1104109282667184128
1104111604654899206
1104128425877557251
1104132638984552451
1104132693179224065
1104133398648496128
1104136083003052032
1104137559398141953
1104141731501617153
1104142132867186694
1104148356375474177
1104151388454641665
1104152257925431296
1104156947887153153
1104173779922477056
1104173909342064647
1104174406786523136
1104181789604495360
1104192050956775424
1104224180998950913
1104236964901982208
1104237081847574528
1104237151909228544
1104247538880835584
1104248285680881665
1104251316547866624
1104252646502944770
1104253928294760449
1104268444768395264
1104274420816850944
1104277801002242048
1104286529743130624
1104300098337542145
1104308153913655296
1104311292112842753
1104325526314012672
1104332891100725248
1104360403608498177
1104363546408898561
1104366123804438529
1104374147499655169
1104375065213317120
1104375215382056961
1104376529453268992
1104386620038569984
1104388346925776897
1104394164417056768
1104411479485251584
1104412745619918848
1104417248960307201
1104419999576399873
1104423006972112896
1104446576020336642
1104447121682509826
1104448728553975809
1104454301508952064
1104456332369895425
1104456344323661824
1104460382742200320
1104466548889128966
1104475920214249474
1104496531850383361
1104497048563388416
1104503220523728897
1104503929331683329
1104508387885109248
1104513946189352960
1104516004758147073
1104542744259805184
1104566858592804865
1104586656525533184
1104611349747957765
1104617322344521729
1104617403734994944
1104627450783371264
1104630725259771905
1104630897658208258
1104638230945820672
1104643490733088768
1104648332276834305
1104656799985291264
1104658635131707392
1104659929351237632
1104661345776082944
1104669220577730560
1104670108096610305
1104670358056157184
1104674710493843456
1104674897572388864
1104678051592441856
1104681856769904641
1104690925266182145
1104692473002164225
1104702258275667973
1104709014053683201
1104710730337665024
1104712820350955520
1104712833776930816
1104739618547736578
1104741386522370048
1104743108619714560
1104748115427577856
1104756377803730946
1104756954918862848
1104757239095676929
1104762025425670149
1104768641533468672
1104774674188328963
1104775909838598144
1104778366253703169
1104781701287497729
1104787018452819968
1104790785751420928
1104804370691080195
1104812756367216641
1104819239440011272
1104819708870701056
1104825232769118210
1104830559098933248
1104834934580133888
1104839007245123592
1104840834736885760
1104850160738320384
1104854799558852608
1104856531483398144
1104863357708861440
1104867754199404545
1104871639362297858
1104876865045651456
1104877910270373888
1104881912907264000
1104884667285733376
1104886558937829376
1104953762177671170
1104973728931287040
1104979398640443392
1104989757254369280
1105008362352267265
1105010825675395072
1105011084090580992
1105018220635963392
1105018403096616960
1105026058947084289
1105030470125932544
1105058558947872769
1105060456039878662
1105068172296814592
1105081132377227264
1105083993198940161
1105084502408339458
1105102009848483841
1105103917828825100
1105105267975426048
1105118570642636803
1105122286380687361
1105135443463540737
1105144564845891584
1105147587672399873
1105154952211636224
1105156323971395584
1105158154806087680
1105159956737806336
1105161868350578689
1105163054055022592
1105164170264281091
1105173130975367168
1105174585710919680
1105178264262402048
1105180935736229890
1105192569577881600
1105193911725801472
1105194297110999040
1105194947626651648
1105196213081649152
1105200161167429632
1105203437757702144
1105205369230512130
1105206721063108609
1105207314569670656
1105208786330050565
1105213283039174656
1105214837016195072
1105216448195112960
1105217005890822144
1105217077617528832
1105217124186902528
1105220617224237056
1105223875351232513
1105235569473396737
1105238738437922821
1105238830960050176
1105244346390069252
1105273126554927104
1105335916111966208
1105355893170978816
1105359644954894336
1105367533627031552
1105378182528561153
1105380970495074305
1105388373890478080
1105389620156661760
1105390124567654400
1105398786078228480
1105399447238991872
1105400479872368640
1105403395744165889
1105403885450080262
1105404753872371717
1105407980961443840
1105408264328626176
1105423673530507264
1105431478714941440
1105440067370319877
1105448968530653184
1105451320562061318
1105455403847114752
1105460010572804097
1105464676215853056
1105471713809186816
1105471988863254528
1105472460831580160
1105473222953324544
1105473678454730754
1105475135560212481
1105484971173691394
1105489244049629187
1105496186344083456
1105500260678406146
1105507048320585728
1105519543152267267
1105524753320820745
1105524890222936065
1105529702167601152
1105533864615788544
1105547234781863939
1105556178736685062
1105564998921646080
1105571360850485248
1105607225077321728
1105645609770536960
1105690585606688768
1105705556986220545
1105711295423238144
1105716228730114048
1105724901321859074
1105727466138730496
1105728489053933568
1105728813785366529
1105734316678631424
1105738371744321536
1105740768189263872
1105741791779794945
1105742520321871872
1105744920302796801
1105744933724606464
1105760763938041856
1105762575386624000
1105762786372669440
1105782010545688576
1105788349820923905
1105788683242881024
1105791672129077250
1105798336441810949
1105801051133956099
1105808642257965057
1105813709404934145
1105820420719210496
1105822262425542656
1105834110092828674
1105835702233825281
1105836141394255872
1105847954211045376
1105850545049350144
1105858469821906944
1105870933548503040
1105881652952207360
1105885381260660739
1105890703392034816
1105898345430687744
1105920113042247680
1105923142789271552
1105924468382334977
1105932308970962944
1105933091242156032
1106061567613911040
1106067369204596736
1106081191927734272
1106084066284236800
1106084079232004096
1106092284578332673
1106100145123459074
1106109789514403841
1106109963745796097
1106112437391110144
1106123986826682368
1106124024143319041
1106124395330891776
1106128768316379136
1106131018069741568
1106132907675009025
1106136908223205377
1106144251619012609
1106158840238796800
1106166788440494080
1106173981227393029
1106175630855540741
1106200564331880448
1106212043722502145
1106217755508985856
1106220036346261504
1106228133085237249
1106236676865703936
1106245334337052672
1106248247708913665
1106248625611526144
1106252429715230720
1106265143971737600
1106266991403372544
1106267398464778241
1106278942451908614
1106291526617964544
1106306406871941120
1106312365178605569
1106317294932840448
1106319101667041285
1106341323500597248
1106347936634540033
1106349552733470725
1106352528541798400
1106352634703896576
1106354352237801472
1106362111528194048
1106372297596784643
1106387923874836482
1106391721397637120
1106409200316497920
1106425103603122176
1106427755942555648
1106437469732519936
1106452285889105920
1106455052040966144
1106458641094361088
1106459189721862144
1106459468206870528
1106477258787733505
1106488157669859329
1106491579798376449
1106493512965607424
1106494979516571648
1106502326498615297
1106504690475417600
1106505689453809664
1106510179888189440
1106511756501925889
1106514302880661504
1106514865324285952
1106537892913074176
1106542770028793856
1106557807732641792
1106561654496600064
1106562945058852864
1106563812445044737
1106564557143724032
1106566152006844417
1106567406124707842
1106572128911007744
1106577334457561089
1106582098352242689
1106591426903769089
1106592836831592455
1106595240364904448
1106595797381058560
1106599967324626946
1106600786476351491
1106603018294886401
1106607132454076416
1106611747056771072
1106615276546646016
1106617234347171840
1106619305184104448
1106620784930406400
1106624077886828544
1106627382583148544
1106630564780670976
1106631619673247744
1106633115785678849
1106643189631348736
1106650279296921600
1106652373496270848
1106661637182885888
1106665539672461312
1106667941901283328
1106677464233897985
1106687173926047744
1106687686591549440
1106688654221758465
1106689948604948487
1106692313336766464
1106698629954355201
1106704726798815234
1106711329375686656
1106727538372558849
1106729880857858050
1106734222390116353
1106751306230915072
1106751778505269248
1106773819107074048
1106776311815651328
1106777141872599040
1106787557159903233
1106791975095885824
1106795250343968768
1106795329641476096
1106796436119793664
1106803221220200448
1106812199266406400
1106830162061131776
1106830360883679235
1106836138126462976
1106844952863100928
1106846453991964672
1106847936682573824
1106848845177253888
1106849662248669184
1106849663888560128
1106851383159017472
1106852148632010753
1106854525938421760
1106857930060693504
1106860462560423938
1106864054562422784
1106875853990957056
1106876123244306432
1106876556520157184
1106881193344147456
1106884818879635458
1106885287819517952
1106885944639193093
1106887184882323457
1106892089705594880
1106892264104701952
1106893666268921862
1106896256331407361
1106897534771970048
1106899928465444873
1106900610023149569
1106903583390351361
1106905636468637698
1106910787900227584
1106914867720667136
1106915342511759365
1106917030500794368
1106920600071798785
1106922418709368833
1106922644379701253
1106926994284048384
1106927844238725120
1106928019371950083
1106930984765845506
1106931406712852480
1106931888676048896
1106932131937374208
1106932172563329025
1106932510628421632
1106937162560425984
1106938240458805249
1106939301449949184
1106940159361204224
1106940921495674881
1106941616881836033
1106945340996022272
1106947978399567873
1106951366147215360
1106951973037850630
1106952824926162945
1106959298813411328
1106960951797006336
1106965778014920704
1106966032781135872
1106971366257917952
1106972212781817857
1106974260734627841
1106974565236920321
1106978822556184576
1106980560184979456
1106981445589962758
1106981915343679488
1106982284882780160
1106986391513239552
1106996819396046854
1107006864724766732
1107012265767780354
1107023818109923334
1107029588222320640
1107030179191422978
1107031816664506369
1107036258394693633
1107037200053665792
1107038367307452417
1107046543260041223
1107056751776550913
1107067964858212352
1107080382523064322
1107089911557980160
1107140122502258693
1107153970072600576
1107156585451847680
1107163044277374976
1107170136413347840
1107181738688765952
1107185122519015425
1107199970074083328
1107202425411248128
1107203548922679296
1107203804917874688
1107204652196597760
1107208088589950976
1107214185845317632
1107214619100282880
1107215968407818240
1107218869603782656
1107221226395701248
1107224949050224640
1107226045638422530
1107237102260051968
1107246946685730816
1107247526762168320
1107248521646886914
1107251888439865350
1107254566905696257
1107269726248538114
1107273251716239361
1107277401535451136
1107279739885158400
1107281296974323712
1107288287436169216
1107290234000162819
1107290404741877760
1107292613676355584
1107296156378370048
1107305183783124992
1107307265609076737
1107308555173007360
1107311917331374080
1107318144614498305
1107322720180752384
1107328816135852032
1107335787941646339
1107338151859810304
1107360954185105409
1107362189810257921
1107367703273226240
1107374369242796040
1107380376325013505
1107385763057074176
1107392808254619648
1107396698475769856
1107408185801900033
1107413944329748483
1107419672738185219
1107423820909039622
1107425777149186050
1107445194256015361
1107465212821680128
1107486104658300928
1107514012307210240
1107521170738462720
1107532585104752640
1107534437665984513
1107534771176001536
1107538635799306247
1107546791615086592
1107551272809451521
1107557323248148480
1107561000054730753
1107561593309708290
1107562329443569664
1107575797773205505
1107581079639281666
1107588737188409345
1107590714370732032
1107600472863662080
1107609737636524032
1107610486311473152
1107615185630564352
1107621290851078144
1107624208811638785
1107627885139890177
1107637150596677632
1107637690034503683
1107637867310809088
1107638290382028808
1107639618709716998
1107639879180140545
1107640598062944258
1107644359934119936
1107646332943114245
1107650418216263683
1107650787298234371
1107651406390063108
1107658091674386432
1107658678545645572
1107659432580825089
1107660365817618432
1107671798919938048
1107674969985740801
1107675349549305859
1107676749180080129
1107680366360489985
1107685362187542528
1107685839084105729
1107687668660477952
1107690318206590976
1107690540508897281
1107702406693953537
1107705340932603905
1107707712807137280
1107716604740145152
1107723376607535105
1107724290798075909
1107724647326466048
1107724962599710730
1107726739424239616
1107727671507726336
1107727885740228614
1107731697947369474
1107739611311362049
1107744290489405441
1107746457686368256
1107755575008546816
1107756715225829382
1107757430417620999
1107757514312085505
1107760017460084736
1107770470491926529
1107778777273298944
1107802167707160576
1107845476831813633
1107873786282401793
1107874150763450368
1107878146248982530
1107890429285072901
1107894374434783232
1107897459383173120
1107898771764113408
1107898804274122752
1107899007873871872
1107899416839512065
1107900923848941568
1107901318079938562
1107904093463461888
1107904116116852737
1107904601427189760
1107906287499689984
1107927909145010176
1107930305363611649
1107938162532368384
1107943780819369985
1107975047032070144
1107978285248581632
1107985417259966469
1107988377134157826
1107988942983450624
1108001861028728837
1108011894240092160
1108015950115135494
1108019538904276992
1108022464720916482
1108023507605250048
1108024772363984898
1108025016929714178
1108025103755984896
1108033330069430272
1108038354833231877
1108039234802208768
1108040811856289798
1108048085610102784
1108049438440857603
1108050110603235329
1108051067118473216
1108053829948461056
1108061381536960515
1108063386443485184
1108067040106086401
1108074816324730883
1108074920578297856
1108075828246650881
1108076023449636864
1108077627770724352
1108080814624047104
1108086321321525248
1108101830997880832
1108103957098962945
1108106638500814852
1108107419928924160
1108107539500150789
1108108487345737728
1108109256581148673
1108116211173388288
1108121994300665856
1108167302841860097
1108192714846285824
1108220275454369792
1108220752946479104
1108254259949248512
1108255543838203904
1108257135190790144
1108262995447214081
1108264639618412545
1108265859343138816
1108270018825994240
1108273056106074113
1108275390865465344
1108284679168450560
1108289029102071810
1108293986765164544
1108294574810824704
1108297364006191104
1108300484140548097
1108306751265390592
1108312161946877953
1108312783567888390
1108317273939423232
1108325782944911360
1108327676966785025
1108328432071524352
1108334806990012416
1108339091836493829
1108351314612944901
1108352491035320322
1108358944668311553
1108359792022691843
1108361100263936000
1108362046045908992
1108365607857205248
1108368829908946945
1108374678463303681
1108379205434265600
1108379367686590465
1108380004776329216
1108382216458063873
1108384344144572417
1108385554738106368
1108389681882906626
1108389803094089731
1108390409200386048
1108392089858043904
1108392328060956674
1108396217669685249
1108396585917054978
1108397934192848896
1108398439581261826
1108400112445911041
1108400434421645312
1108401526052139008
1108401627520733185
1108402897723764736
1108405261654523904
1108406410566610946
1108406565655199744
1108406570394796033
1108407479250096128
1108408331859886080
1108409666499956736
1108409730521808896
1108410062870065152
1108410085066330112
1108410130394165248
1108410925604835328
1108411284217913346
1108415501728923649
1108417711154126854
1108419929953456128
1108420153501499398
1108420814527967232
1108423578154872834
1108426648989454338
1108427521199144966
1108430105674739713
1108431118246862851
1108432914281320453
1108440205030289409
1108440717939101698
1108443703348215809
1108445041251532801
1108445637664821254
1108450168444276736
1108452959250235392
1108457850664157184
1108458150561284103
1108462666568347660
1108464176505200640
1108465715328307202
1108465933964795904
1108466382356836354
1108467162010787840
1108470954068533249
1108471751401459718
1108471865914331141
1108471912559185922
1108474450444472322
1108475588807933953
1108475861831962625
1108477209705136133
1108481382395858944
1108481970827415552
1108483937112858631
1108485324521508870
1108485951674818565
1108488616735662080
1108488821807689728
1108489273127383042
1108490346705625089
1108491732235309057
1108494403105107970
1108495093571289088
1108496857678909440
1108501704188796929
1108503941669638144
1108505474465521665
1108508987597701121
1108513792193904640
1108517173218168833
1108517441657860097
1108517458124652549
1108517538944696327
1108518931478786049
1108525420062769152
1108529592300683265
1108530821839929344
1108541743857831936
1108548160744550400
1108548566740623360
1108567118562263040
1108582918526550017
1108590795823542272
1108595435818622976
1108596011461738497
1108602286132072449
1108603214213967872
1108605566916665344
1108605617227382784
1108606720337682432
1108607598205591553
1108608169356328961
1108609245732392961
1108610973357748224
1108611815989112833
1108611912915451905
1108616724084129793
1108616829054799872
1108617228738539520
1108617269012254721
1108617697267539970
1108618468176347136
1108618911526866944
1108619359864283141
1108619468094296064
1108619572352032768
1108620196229644288
1108621249272598529
1108622627655090176
1108622657870798848
1108624028544180224
1108627307680407552
1108627535431196672
1108628651120214016
1108629006373605376
1108629755044286465
1108631418278723584
1108631493516115968
1108634731183116289
1108634930693722112
1108637550586019841
1108638951890452480
1108639494625001473
1108639693451771904
1108641047784185857
1108641200867819521
1108641249534377984
1108641552786747392
1108641707137085441
1108642751506190336
1108643207305404416
1108643958215700480
1108644824071241728
1108645173314113537
1108645191416795136
1108645880448671744
1108646069645307904
1108647194960252928
1108647298140172288
1108647901109067776
1108649397800194048
1108649493862461440
1108651987812388869
1108652753251942400
1108657165030563840
1108659212492652546
1108660228772511744
1108661081453391872
1108662149352734722
1108663808011239424
1108664771203813379
1108668039397031938
1108668057847848961
1108668165641375744
1108669312368291841
1108671342621134848
1108671672930975746
1108671982042796032
1108673283954622470
1108674999412498433
1108676039927103489
1108676350007803912
1108676721199509509
1108676887277117440
1108677481182187520
1108679408460677120
1108681419218477056
1108683039478030343
1108685890350649345
1108686004876181504
1108686832806645760
1108688897243004929
1108690514562478081
1108691308967804928
1108695097686790144
1108698810493140993
1108699325985669120
1108699796557234177
1108702205417267206
1108703407018307585
1108706343689560066
1108707272488878085
1108711773128085504
1108711780963020801
1108716778040057857
1108716949155037187
1108717779648163840
1108720601152307201
1108721066711699457
1108725805461450753
1108725832690909185
1108726115844218881
1108726851080458245
1108727520910868482
1108730884335783936
1108734682697478144
1108738927345713155
1108741573456613376
1108745498142363649
1108746060149809155
1108746461628559361
1108747691742248961
1108751000616214528
1108753630457405440
1108754624943738881
1108754916422635520
1108756231584432129
1108760257046691842
1108761844586565632
1108763678772473857
1108765859789578240
1108768373859667968
1108768612909809671
1108768885581451264
1108772144966705154
1108773886433390592
1108774248833826816
1108774752141930498
1108774759268057088
1108782989754810368
1108783756867973122
1108792108167688194
1108795610000510976
1108796011638599680
1108796850658775040
1108797236572495874
1108797526382166017
1108798059058774017
1108798540984270855
1108799263641788417
1108799441081905154
1108800825206497284
1108804117303054339
1108808771999092736
1108811757622124544
1108812930370408449
1108816906994233344
1108817116277456901
1108820250265563136
1108821302616440832
1108825329169297408
1108832430088220672
1108832755155111947
1108837316058058761
1108837896948191240
1108838887676350481
1108843486302867462
1108844432093315072
1108845243275886593
1108848196485332992
1108848646978789376
1108855235076857859
1108859447294812162
1108861594350555137
1108864925882044419
1108869212901175296
1108872657670426624
1108877362014404613
1108883751193460736
1108885885687341058
1108889405102665738
1108905689089495042
1108909937495822337
1108919567592480768
1108936135105867776
1108937717616775168
1108939393249607681
1108939823174172672
1108940730402131971
1108949843756486664
1108958976031363073
1108965574086791168
1108981006197940225
1108984898939949058
1108990629206507520
1109006381741498368
1109017090197995522
1109018485231968256
1109020947888177154
1109021875496202246
1109022520739618816
1109022535683883008
1109024662086995968
1109025340276514816
1109025950652604417
1109026305511702528
1109026680503521280
1109029751543484416
1109030930365247488
1109033507119136768
1109037926682451968
1109037935498809344
1109039749501800448
1109043200612843520
1109049705525403648
1109054000685637633
1109056225570930688
1109056849687519232
1109057078402969600
1109057810199953408
1109063799225622528
1109066706461310976
1109066935340290048
1109067125761683456
1109069155356020736
1109069771105013760
1109078915950088193
1109090171776057344
1109093991944015874
1109103978577645568
1109108740375175170
1109109062069878784
1109109781808193537
1109109860782800896
1109110361880449029
1109114587243339776
1109116174770601990
1109117530793279493
1109122170947555330
1109123969452568576
1109125128426872833
1109133349203804160
1109135310007472128
1109135531496091648
1109142774220292096
1109143116454526977
1109144331116523521
1109146502939721733
1109149885633384448
1109155526573785088
1109160223619641344
1109160389466619904
1109161020256382976
1109165489291489280
1109167384848404480
1109167979445522434
1109168119975600128
1109168491985289216
1109169542662635521
1109175761984839682
1109185829883260929
1109187081174163456
1109187123519909898
1109189960521928706
1109192978353016832
1109204530313388032
1109204566388690945
1109208197787729920
1109211091031261184
1109214367134949377
1109218951140200449
1109218957033197573
1109224648695336967
1109225008579182592
1109236139435659264
1109246364712488961
1109351635875172354
1109355955156709376
1109364323221233664
1109373980186689536
1109379677313998849
1109384542215913472
1109386004849455104
1109387419554627585
1109391298476363782
1109392187224137728
1109393259535785985
1109396103923941376
1109402728793587712
1109403531977596929
1109404117506670593
1109405048214380549
1109406673930579968
1109406880735158275
1109409513508098048
1109411843003551744
1109413110543237120
1109414625085407232
1109414713186766848
1109416169277190144
1109417009962471424
1109418601306640384
1109426656047960064
1109431021873909760
1109434925692997638
1109435337829302273
1109436562557808645
1109437199664246784
1109440303918972928
1109440860465319936
1109442602363961344
1109443038974300161
1109445987158974464
1109446533655810048
1109447947563995136
1109454739320815616
1109461802184859655
1109470973458350083
1109474135149826048
1109474211041558534
1109475037181083649
1109479641050435585
1109479804972265472
1109480046916526082
1109480402664738816
1109502751187206144
1109506347375050752
1109510440097320961
1109512631495340033
1109515159196893185
1109516755561385984
1109518952126910472
1109520352819007488
1109525682302914561
1109527477469229057
1109527959814184960
1109530816546304000
1109530875157467136
1109530921399574528
1109531061048893440
1109537948930838528
1109539255473356802
1109542023286136832
1109550031911219200
1109552965390618624
1109554435615850497
1109558555718414336
1109565849881448448
1109570971122524160
1109574502738997254
1109574958219431936
1109576662797164544
1109582401070686208
1109588577149767681
1109615898820784128
1109629607077007366
1109640069336317957
1109668191741964288
1109685875775029248
1109710687578869760
1109712877429116928
1109718369517924354
1109724426847821824
1109739671200894977
1109740978431242242
1109751332922183680
1109754572627677184
1109756231839817728
1109756850529075201
1109763974516609024
1109770167804936193
1109771766308761600
1109783297708707842
1109783374053412869
1109787049102442498
1109789231382257664
1109790016438497280
1109790963608838144
1109791436730482688
1109793796886327301
1109794041405849601
1109798470586646528
1109798529097183233
1109798916449619968
1109801505174028289
1109804441539096576
1109806745961021440
1109810136212819968
1109813530243543040
1109816379006484480
1109828496346365952
1109830596442894338
1109831109041377280
1109835988631801857
1109838635686350848
1109842157211435009
1109842606824046592
1109846680126586881
1109847867731132422
1109848628577869824
1109851261770366977
1109871599942074372
1109873125850783750
1109881613859590146
1109886020693180416
1109887162957422592
1109888771460345857
1109888891409043456
1109890523827970048
1109895020939829248
1109895925961539584
1109897142427095040
1109898131045535745
1109902670112927757
1109904396480073730
1109909465703333888
1109918475508699136
1109919180567048195
1109919188523630599
1109919336192532481
1109927580935831555
1109928363144163338
1109937647659696135
1109939353244045312
1109944315332169729
1109951839095738368
1109957564719083521
1109969984489431040
1109977347158142976
1109981267184050176
1109985446786973696
1109992923146452994
1110009134525616128
1110015648711639040
1110016530358722561
1110036265393508353
1110045238268252160
1110046616537436160
1110049984131592192
1110053911682052096
1110072191280992256
1110088364118597632
1110088757955330048
1110097383101263874
1110119166663688193
1110127838328442880
1110129967147503616
1110137643831123969
1110140048006152193
1110148563261186048
1110151453996474369
1110154540169551872
1110155704067940352
1110157537230442497
1110159179879247877
1110159507047493632
1110160106430390274
1110160366879805441
1110160494793510913
1110170299012734976
1110175601846075392
1110177832389488640
1110179560031731714
1110181159294652416
1110182493116866561
1110185689587564545
1110189755537522688
1110194680057249792
1110196041519976449
1110201903097565184
1110204672583839745
1110213336745021441
1110213463413088256
1110224757843206145
1110229255395381248
1110232417057550337
1110236005301436417
1110242314377744384
1110243913246359556
1110243923278979073
1110246746477735937
1110249319674859521
1110251371117379589
1110255362853298176
1110266867170664448
1110267530533310465
1110271827820101633
1110272264614875141
1110283018000838658
1110285874305077248
1110286149015273474
1110286542470295554
1110296939785084928
1110297324339765250
1110301556379959297
1110301605025497090
1110310658040651777
1110323098337923073
1110335356191285248
1110342105677922305
1110356842750849024
1110375850929721351
1110376355525521408
1110377180935139329
1110381496886542337
1110388369236742144
1110394440093519873
1110429199133822976
1110430201861804032
1110438432562647041
1110438520559157249
1110438725224411136
1110440553953542144
1110448117529354240
1110451298892242944
1110452757251661824
1110461349291851776
1110461486017794048
1110464531103444992
1110469799140909057
1110474500720807936
1110475910233255936
1110476324630659072
1110491599316893696
1110495500145352705
1110495563512987648
1110501634768097280
1110513601507483648
1110524468533710851
1110538503253831680
1110550218653741057
1110550347636977664
1110550624217772032
1110552217650638849
1110552930271285250
1110559992606846978
1110567463106826241
1110574204347449344
1110574358962032640
1110574580010090498
1110586687053328389
1110591524553875457
1110594432477396997
1110599834334101504
1110601992282480640
1110604070136483846
1110605115789062145
1110606927044726784
1110611973035737088
1110615378412138496
1110617113604034560
1110620338801512455
1110621279198040064
1110623046426157063
1110625492112195588
1110631106192334848
1110634341695188994
1110634688975118338
1110639269566181376
1110662639816970240
1110676843001196545
1110682136640741377
1110704037194813441
1110753504690388992
1110771155814764544
1110794442036912128
1110800140833619968
1110806340857925632
1110813540808560641
1110828350044602368
1110851021943779328
1110854183043952640
1110862613255196674
1110866922638331908
1110868273967566850
1110868364157730817
1110868427902717952
1110868828035133440
1110869512956661761
1110878089456820224
1110880018023022592
1110889478258860033
1110889679610699776
1110894447267663873
1110900272954527744
1110901041531228162
1110906852739612672
1110907910966689793
1110924404677099520
1110931581097701376
1110949374593515520
1110956113179172865
1110958896104042497
1110969232139808768
1110980183887101952
1110988943858765831
1110990070863949824
1110992882121560064
1110992885896413185
1110993375367495681
1110994321208197121
1110997658603323393
1111006133181968389
1111006859639615492
1111011761640140802
1111012647833649152
1111024325153513472
1111029682533732357
1111040690056650752
1111042712147394560
1111058728495841281
1111133416337166336
1111141695163387905
1111141976647389184
1111159030238625792
1111164970224492544
1111176114016272384
1111179739627175936
1111181910192148480
1111209298967908353
1111221641965654017
1111222483364048896
1111227308923408385
1111227697710153729
1111233375904456704
1111234846922280961
1111237701548892161
1111239336920535040
1111241816148504576
1111249667482890240
1111255866647416832
1111260667581992960
1111262712594612237
1111263600100954113
1111265849086750721
1111266146903179264
1111266637414584320
1111281248490659840
1111289137288675328
1111310819613134848
1111324065619431425
1111327091805642753
1111330585656639488
1111335170060226560
1111339371880505344
1111343856035999745
1111345236788371456
1111352751315914752
1111361153320521729
1111361712857456641
1111366980085469184
1111369616649928704
1111372391962140678
1111386118266642432
1111387952423161856
1111388797176963072
1111391040684998657
1111395102465896450
1111405848264212485
1111443661173080064
1111502623226499072
1111502812607766528
1111511254479392768
1111511863903305728
1111525187537780738
1111528788331057152
1111530733234016256
1111547089358589952
1111555207022944256
1111561131464626176
1111570888665776129
1111571090839621633
1111592651252482048
1111593589514096642
1111602369136078848
1111604155813105664
1111609201548234753
1111620808844238849
1111621539630338052
1111621949795590145
1111624852740272129
1111624957858144259
1111627612001091584
1111632520163012608
1111636423415918593
1111644348985364480
1111650863528009729
1111651842512044032
1111652622635859969
1111662458714755072
1111663021192036352
1111668490124099584
1111669875070717952
1111673235152818176
1111673725181677573
1111678806031511554
1111701603357208576
1111705493909790720
1111712181786234881
1111717648625266688
1111719381707509761
1111720184333635584
1111720819938476032
1111725610932600832
1111728249737015303
1111732951333654531
1111734493382090754
1111736332592795648
1111738776278233091
1111740094455734272
1111741801931657223
1111746378689118208
1111752185799499776
1111767146860810240
1111826344021622784
1111829490567655424
1111845600050495488
1111847916145123328
1111881170978070528
1111893859825565697
1111908749726400518
1111909691565719554
1111909767449116672
1111910184803319808
1111910691483643904
1111910793392635904
1111911107717849088
1111912426637799425
1111913450127716352
1111921249805058048
1111932288693161984
1111932987967442944
1111933298769571840
1111937508160532481
1111944179695919104
1111949911380148225
1111950633844817922
1111951300705615875
1111954345317277696
1111955940440338432
1111961867856039937
1111970888130408449
1111972383722594304
1111973175263268864
1111974179400749058
1111978649681608704
1111981449807360001
1111984336298041344
1111986217476898816
1111990757693382656
1111991461178982403
1111991680952164352
1112000784684728321
1112001431047933953
1112003674556063744
1112006993936556033
1112009056284217347
1112009775620022272
1112016330469851138
1112017410901635072
1112018574837800961
1112026110718554114
1112027958775033861
1112030914492678145
1112032627840696320
1112040985859682304
1112049116916445184
1112049889935060997
1112057621715042304
1112060136183554048
1112060332091035649
1112060699491086336
1112065268782632961
1112066691050147841
1112074572172537859
1112077472084963328
1112083168373493760
1112086438672244737
1112088785528020992
1112088825654857729
1112089265654120450
1112089274848083970
1112089717015760897
1112091747394469888
1112092144368578560
1112092575358431232
1112093354681122817
1112095087339671552
1112097082570096641
1112098305213898753
1112105580951465984
1112105606230482944
1112108711256969218
1112108722602545154
1112111134746775553
1112121086550990852
1112125001522704385
1112143221587501056
1112171750014570496
1112185061871419394
1112205135805992960
1112222261568856064
1112228465774862336
1112228764434468865
1112245747972493312
1112246375041953793
1112259411790032896
1112266425085972480
1112275736017149953
1112278337907556352
1112283036631093248
1112284194640744448
1112289411536965633
1112289779801034752
1112292996681207808
1112294793663705089
1112295921512001537
1112296784292921344
1112296875732946945
1112297215895183361
1112299448414232576
1112300517315743745
1112308003217305600
1112312608961503232
1112313131869618181
1112314942240317440
1112318342604509184
1112319836594601985
1112324188587638784
1112324943981748224
1112325485063737344
1112329696966893568
1112331655300169728
1112335199914917889
1112335611782787074
1112342966075564032
1112350427939594240
1112351289244114944
1112353390607110145
1112355381223870464
1112360413931495424
1112361332089614336
1112371877899628544
1112373948170338304
1112384724163530752
1112385352482934792
1112386629795221505
1112386989091930112
1112387981472608257
1112389938027393024
1112394440696578049
1112408311654158338
1112410928375582720
1112414253741301760
1112414375514648577
1112414609410007043
1112419518431793152
1112419538971303942
1112420023849676801
1112421421395988484
1112423557559214081
1112425823712231426
1112425890842099713
1112425915991162881
1112433523628093440
1112449161234915329
1112460773593399297
1112463725125087240
1112469127392911361
1112469699936301057
1112477147321585667
1112484932389990400
