1035679252694413312
1035724996264509440
1035737770004639744
1035747548194111488
1035763567298076672
1035765009501114368
1035785171163901952
1035785252055277568
1035785280144453632
1035790491164524545
1035793667389358080
1035794424977149952
1035798813074751489
1035804407408091137
1035805060507361280
1035805653997158400
1035805802446118912
1035814568977747968
1035820716577509378
1035839151667642373
1035856222191280130
1035858680489627648
1035865840602759168
1035887939929161729
1035900334932197376
1035900817306513408
1035901175042924544
1035908490341109760
1035911533744640001
1035911975828631552
1035912311763095554
1035914444298174465
1035916913505787910
1035930728138264580
1035941109640437760
1035942039316324354
1035950952237477889
1035956268912050177
1035957071286558722
1035960067063988224
1035967021001986048
1035970444694888449
1035973447996850176
1035975355960573952
1035979322497134592
1035982722412564480
1035983797819506689
1035984112824266752
1035988899879903234
1036001152175931393
1036003487132397569
1036003614626656257
1036004656110071810
1036007160524759040
1036010712664027137
1036011896284082176
1036015650706219008
1036015690061414401
1036017586306076673
1036018413422960641
1036030303834460161
1036033644173910016
1036035107998588929
1036035722053074944
1036036110022045696
1036036505960148993
1036048002551611392
1036048537753018369
1036057169597280256
1036088569431961603
1036129119526952965
1036140606047830017
1036149242144976898
1036151005380071424
1036154714461794304
1036156870325661696
1036157367354896385
1036178913888792577
1036181525677662208
1036182408188633088
1036184265292218374
1036194674405531648
1036194719326502912
1036195489786552321
1036195965005451264
1036197766056353794
1036198707237142528
1036199892564070401
1036203664594100224
1036204065468936193
1036206396667318272
1036209219329044480
1036217204126101507
1036217550118576128
1036219301261398016
1036221761644318720
1036223075950440448
1036224201496166400
1036227028452823041
1036228685605548032
1036229112485040128
1036231012290846720
1036233883203907584
1036234094156238850
1036240112143740933
1036244902449954816
1036248637511229440
1036249732631486465
1036258738624188417
1036265940684615680
1036266675094650880
1036270823668166656
1036273271182970880
1036274262611570688
1036278122180698113
1036280769436700672
1036285636087558144
1036287674716512258
1036293100459700225
1036311572170371072
1036317021410082816
1036317086866395143
1036329011281121280
1036330027338682368
1036333491217158144
1036335139570237451
1036335211154419713
1036337323519213575
1036339104659763200
1036340137066745858
1036340338414301184
1036341225907998720
1036346957009223682
1036348296263028737
1036348990818869248
1036349889377193985
1036350049066930177
1036353317276925953
1036376575107911680
1036388132500004864
1036411696095670273
1036442537643241472
1036474601851760641
1036493797943857152
1036494943382982656
1036506377483632640
1036514245981155328
1036514249353383936
1036514517772120065
1036524116860448774
1036524324067397638
1036528282706096128
1036532242506571777
1036534798599249920
1036541346247532544
1036553623688364033
1036571397588508672
1036590857619730433
1036591577228034049
1036595340336656384
1036596950529978370
1036610041799954435
1036616767362289664
1036624725236240385
1036626615571296256
1036629186692169729
1036629212709437441
1036645141828657153
1036645510126493696
1036647755517710336
1036648150415667200
1036654084227588096
1036658004924489728
1036666546184232961
1036676237551460354
1036676993532788736
1036680530027315200
1036681829003276288
1036688437020123136
1036691238920048640
1036692537904377856
1036693411997339648
1036694352679133185
1036695464266145801
1036702309416349697
1036702532075237377
1036707050183643136
1036718642715676672
1036721242861195265
1036721805921275905
1036729430557839360
1036739110084534272
1036739195308527617
1036741217822941184
1036779673307365376
1036789697278660608
1036791025187135488
1036797084287074305
1036832585282985984
1036832714026930176
1036854625914314752
1036869021612867586
1036875049238753285
1036882669794144257
1036896872621920256
1036898902254018560
1036899706721394689
1036931639757164546
1036933409212387328
1036934243874758657
1036938157583941632
1036939491800436736
1036942278085017600
1036944436037648384
1036964217642012672
1036964414346469377
1036965450352078849
1036966575688097792
1036968594796625920
1036971019959975937
1036971129443897345
1036973835185283077
1036974086424027136
1036974460954464256
1036976472974602240
1036985969302491139
1036989778997194752
1037003183837642752
1037005888899428352
1037006944173735938
1037022364540624896
1037025585736892416
1037029706774839296
1037030347144396810
1037034374489944064
1037036082070806528
1037036989248352258
1037040233123115008
1037040892874551296
1037044283520561153
1037045355181957121
1037046801378029569
1037048458119729153
1037062963499331584
1037069921216352256
1037084063176245249
1037085323132657664
1037091824303857664
1037109208749985793
1037115028456071170
1037116988865298432
1037134078141714432
1037175252613132288
1037188249243078663
1037226561500602368
1037237058807332865
1037243223561986049
1037257496358989825
1037258738170769409
1037263668977827840
1037292699987140610
1037294997660422145
1037296653034815490
1037301668268916736
1037315837886169088
1037317874061377538
1037322198690799616
1037326905815588864
1037329664652525570
1037333867529678848
1037334879170641921
1037335265466097664
1037351086409957378
1037352999335677952
1037355382195281921
1037358787554959360
1037360180076457985
1037362413132283904
1037363411338842113
1037371884290101250
1037372154801795072
1037376648990085127
1037384543093837825
1037393829740113920
1037401338362163200
1037403005988032512
1037407938518888450
1037410522600271873
1037417607652159488
1037426356534091776
1037437728168837120
1037439597528133633
1037440054057213957
1037441013952995328
1037447528533422089
1037449122331209729
1037464504140013568
1037485509235363840
1037486196660822016
1037486239014957056
1037498908333813760
1037578788467564544
1037623394458640384
1037628351412953089
1037633144025964544
1037633420258680837
1037635685409333248
1037635797837668352
1037642000386940928
1037646299275902977
1037646436681375744
1037654192821821440
1037658541442641920
1037664704838225921
1037666533290520582
1037666690870460416
1037667630524583936
1037669172363309057
1037673944604704769
1037678804561485825
1037687958650986496
1037688199785705472
1037693144882667521
1037696690650836992
1037696742349844482
1037697786312056832
1037714410427621376
1037715269001654272
1037721671019507713
1037725260265779200
1037735649133125632
1037736204026953730
1037742896525582337
1037744234441461761
1037745851777474561
1037749072160014337
1037749903475318784
1037750340941225986
1037751410899726336
1037755504536313856
1037755587172487168
1037755671071084544
1037758236705935362
1037758790379159553
1037760394440450048
1037760957127294978
1037761258269892609
1037774542079385600
1037775525199196161
1037775941303324672
1037781683305676800
1037787115755642881
1037795917938733056
1037796474925531136
1037813850647584770
1037815089653538816
1037815235191758850
1037857408104771584
1037939677280526336
1037944077415841792
1037950415508303874
1037964960956133376
1037966905859039232
1037972219186610176
1037974274416553984
1037976421451350016
1037985511300898817
1037986118296383489
1038013331351760896
1038018319641702400
1038020460401831938
1038022284848586754
1038026568600354816
1038030771662020608
1038032664576569344
1038040650065817601
1038043111165964288
1038043708590104576
1038044117975150593
1038048772390100997
1038059901573111808
1038066234531700737
1038086524464771072
1038088764244021253
1038091950061219840
1038094531814670336
1038095275049537536
1038095672245932034
1038115656842010624
1038117771391979522
1038117870197190656
1038120472305717248
1038121435326283776
1038121444566335488
1038123302655537152
1038136989508423680
1038137328798236672
1038141906054795264
1038153352700485632
1038161343583596546
1038167140648591360
1038167920373846017
1038168797826490372
1038180429046603776
1038183159152746496
1038194408271872000
1038200130950836224
1038246658386145282
1038254442607509504
1038294829535584256
1038302084188307457
1038308895545024513
1038323470785019904
1038326223481528320
1038329924107595777
1038333146612355074
1038335037811433472
1038336707559673858
1038339566388895745
1038342475100901378
1038343827818471425
1038344230400413696
1038346278130864128
1038347780538945542
1038347837996769280
1038348540525862913
1038353430258089986
1038353517382184961
1038354304359378944
1038355785791750149
1038356448911269888
1038356825496846336
1038358135407169536
1038358566611165184
1038358870693949445
1038359832443674624
1038360915912077312
1038362013913808896
1038362099364360192
1038362800333180933
1038364824101634049
1038365662522032128
1038366463621582848
1038367141844672512
1038368903892807681
1038369439501230080
1038371672141770752
1038371685949497350
1038374362569691136
1038375218425856000
1038377071473557504
1038378906519265281
1038379005429334016
1038380366904614912
1038384648332759040
1038384918143873025
1038385735517261825
1038386445503922177
1038386650588610561
1038386798467182592
1038388144012292098
1038389066901938176
1038389544490549248
1038389783138054144
1038390689522798592
1038390924395667456
1038391033040719875
1038391556494028801
1038392836171939841
1038396697033015296
1038398313211547648
1038399772376399874
1038401861043281920
1038403025407078400
1038403842856181761
1038404802248626177
1038404997137014784
1038405021442957312
1038406359828451328
1038406538136825857
1038406872821387264
1038406889619574784
1038408493504651264
1038408781250617345
1038408997668311040
1038409100001009664
1038409234218672128
1038409314308907009
1038410026925338624
1038410237055778818
1038410706817675264
1038412460888338434
1038412786542551040
1038414702764810245
1038415056734748672
1038415508486406144
1038416630437621761
1038420040830332928
1038420335618600960
1038421344210362368
1038421830980300800
1038422675713011712
1038423495707910147
1038425208783360003
1038425301741707264
1038426331875299330
1038426467762429952
1038429009183432704
1038432514275246080
1038432686677938176
1038433046528237568
1038434612270297089
1038435211212742657
1038435811417640960
1038437422978289665
1038438249985916929
1038438283120914432
1038438528449949696
1038441167556358145
1038443424930775045
1038443490781356033
1038443595794210816
1038443773909446656
1038443799045910528
1038443914443845633
1038444003329564678
1038444241544990720
1038444898368868352
1038445578701692928
1038445841281773571
1038446247286382592
1038446298851172353
1038446386092621824
1038447554625720320
1038448378806456323
1038448528903696384
1038448661506785282
1038448668209238018
1038449423620218880
1038449598535229441
1038450449542787077
1038450622343860224
1038450851378069504
1038451079527247873
1038451207684218880
1038451302265769985
1038451738938929152
1038451926466215936
1038452360048205825
1038452799191711744
1038453464844652544
1038453531144081409
1038453547443077120
1038453739554828288
1038454104480247809
1038454728995352576
1038454779335401472
1038455064535490569
1038455601842593793
1038455958337409024
1038456118576603138
1038456176881659904
1038456371056988161
1038456997287362560
1038457308496441345
1038457332416446465
1038457731273961472
1038457805634711553
1038458389347614720
1038458880081231872
1038459197615042562
1038459327634395136
1038460637918240779
1038460650111074304
1038461512845873154
1038462212480880641
1038463765455495168
1038464631315021825
1038464918641684482
1038464939009171458
1038465349472186369
1038469435647057923
1038470643140972544
1038471483566317571
1038473110889095169
1038475233689124865
1038476312044888065
1038476355241836544
1038476737754144768
1038477664301051905
1038478253990858755
1038478677644857345
1038479776946839552
1038479936166785024
1038480549143367681
1038480743754870784
1038481575476912128
1038481718938951681
1038485135564435456
1038485284059537408
1038485320130613248
1038485472404799489
1038485577262346240
1038485739560947712
1038486057912819714
1038486593558863872
1038487635810037761
1038489031703769088
1038490157006118912
1038490330256031745
1038493322053079040
1038493535123726336
1038494187753283585
1038494595011805184
1038494675978661888
1038496170102927360
1038496232883281920
1038497450896621568
1038498713398849536
1038499304367898624
1038500500575059968
1038500939756462080
1038502790262390785
1038502797820538880
1038503498692743168
1038503608571113475
1038505019534979072
1038505972636033024
1038507044968558592
1038507114992414721
1038507217757122561
1038507747917144064
1038508860670201856
1038509478931456000
1038510506540118017
1038510886120390656
1038511296721899520
1038511889393668096
1038512767253147648
1038513716013264896
1038513968069976065
1038514591368704000
1038515562350034949
1038517999664353280
1038519286057324544
1038519598944079872
1038519869887721472
1038520535091765251
1038520596974460931
1038521046410965000
1038521224660496384
1038522078184521729
1038524125831213056
1038525155981455361
1038526588768477186
1038527482952134656
1038531797217357825
1038537988429557766
1038538561786716160
1038540876627300352
1038542496492658688
1038552615234224128
1038553525540868101
1038564132780486657
1038565787039150080
1038572405231419394
1038574349689778179
1038577534873595905
1038587672510386176
1038588459743694848
1038596982577750016
1038600227731718144
1038606118182891520
1038614794528538624
1038623312333570048
1038624803043721216
1038626961386483712
1038627874905841664
1038658785047445504
1038659933624061952
1038662765215461376
1038665558680588288
1038673938065383425
1038674592313823232
1038676576441970689
1038677033662996480
1038677714989920262
1038677881889673218
1038680313344471040
1038680634221187072
1038681825810546688
1038684648572940289
1038685232231317504
1038686642545025024
1038688625175740416
1038689585394589696
1038692330021310464
1038693841019326464
1038696945429049345
1038697068347445248
1038702580921249792
1038705899030933504
1038709403317415936
1038709955308781568
1038710061034557440
1038710612141002752
1038712674551586816
1038715686430887936
1038718210554687488
1038718334995443712
1038719397978759168
1038719502211592192
1038722023579627520
1038722586773999616
1038723226115997696
1038723957166358529
1038726039223054336
1038727781134344195
1038732927964782592
1038733889395675136
1038734551156228096
1038736463339372544
1038736598802804736
1038736837454561280
1038737972869439488
1038740263349510149
1038740427770404864
1038744156225630208
1038754480806944770
1038755914159931392
1038756204221292545
1038760334776041474
1038760655115964416
1038761608456101888
1038763857911668737
1038764839898939392
1038769810702835712
1038770712238907397
1038771209796820992
1038771776006901761
1038772289075126272
1038772479810883584
1038772708841058305
1038773231451295745
1038774289670053889
1038774859030032386
1038774975681970181
1038775472035979264
1038776981985349632
1038777148495020032
1038778188695044096
1038778901315637248
1038779322004393984
1038779572404281344
1038779670945325058
1038782823287676928
1038783229816385536
1038783295255965697
1038783402625912832
1038788485295923201
1038792672016826368
1038793061684400128
1038793225874677760
1038793611981324288
1038793936637190145
1038795975891066880
1038796011957891072
1038797541201068033
1038799582564638722
1038799693285924864
1038800556469485569
1038803383556157442
1038803757994270721
1038811652509106178
1038812062737199104
1038812724166369280
1038814054582833152
1038815774230626304
1038817248989855744
1038820177452904448
1038824929179959296
1038827314065432576
1038829994817011712
1038833121305812994
1038836074703998976
1038836153967955968
1038836509217046528
1038838307306852352
1038839056833110018
1038839158331113474
1038839571046432770
1038839711983431681
1038839744719990784
1038840326037929985
1038840740451889153
1038841259681562624
1038843513306341377
1038849495625330690
1038851353290989569
1038856339043352576
1038858294452994048
1038858319589502976
1038863789817511936
1038865342968340481
1038865362664742914
1038869751827759105
1038872912000901121
1038872922088038400
1038874067120672768
1038876924276363264
1038878971520344064
1038882041738289152
1038882055172567040
1038882657483083776
1038883757233778689
1038885135050072064
1038885335533531136
1038891694505246727
1038894563019182080
1038895153967235072
1038895669870817281
1038897196341624832
1038898502305083392
1038898721671573504
1038900596491735040
1038902491918856192
1038908025447309313
1038909890243252224
1038910106266755073
1038912327158910977
1038916880050872320
1038919100519657473
1038920876387909632
1038921076867325952
1038926821381812225
1038935793417383937
1038966951228260354
1038967351809531904
1038973254810198016
1038974242203811841
1038975583127003136
1038990928835497985
1038994907288035329
1038995888990035968
1039000974189318145
1039008289047031809
1039015222818816000
1039016726703296512
1039019263418195968
1039026494830460928
1039032458279366656
1039038259865837568
1039045300000763904
1039045335245631488
1039046547395276800
1039049083938324480
1039050181336031232
1039059693434560512
1039062951171432448
1039063868197294081
1039065275352657920
1039070677221998592
1039072501333143552
1039074909278937088
1039074977209827328
1039075923449073665
1039079709567418368
1039081061060358144
1039081960331722752
1039083296616075264
1039083992291717120
1039084036503756800
1039084063766790144
1039084407255166976
1039087165865644032
1039088732857683969
1039093771475070976
1039096082121281536
1039096591720898560
1039100163183267840
1039102524559581184
1039104235001077760
1039105651614601217
1039108941857411072
1039111340152037376
1039119494461968384
1039122462980669442
1039124488233865217
1039126609096257537
1039131295824179200
1039135104679993346
1039137488693067776
1039143034003369984
1039146534204518400
1039150923887595520
1039156629424488448
1039159698820349953
1039159965548728320
1039162415861125130
1039163674982854656
1039168422934966272
1039168986263572487
1039172060365430784
1039173225450807296
1039174219916079104
1039176741418348546
1039194857439412224
1039197559120691202
1039202377511985153
1039204946095353856
1039211963702829056
1039213327409455111
1039213680741765120
1039214344503021570
1039218362868527107
1039219651299954690
1039223860766429184
1039224144213237762
1039225211730751488
1039226226760736769
1039228513084231680
1039229032741707776
1039230400521031683
1039231967085191171
1039232688069193733
1039235288529285120
1039237386734116864
1039243649878515713
1039247211496910848
1039249018608668672
1039249037571051522
1039249239640104960
1039249484159565825
1039250168263061507
1039253595839979527
1039254813882626050
1039257475155943425
1039258966046466054
1039267473021906945
1039267591812984838
1039269391978967041
1039269504851869702
1039270692724895746
1039271052545851392
1039272249600233472
1039273785952628736
1039282656930947072
1039286556681416706
1039302437268606976
1039309752109477888
1039314554172465154
1039316069771632643
1039321926081171457
1039338977629806598
1039344457479585792
1039375664783212544
1039381575463567360
1039383539886772224
1039386585475805184
1039390224416169986
1039390411108884480
1039390670715146240
1039400170847444993
1039400224517750785
1039405168750747648
1039408538907561984
1039410111335329793
1039413262989905920
1039413710471684097
1039432711914639360
1039433087338381313
1039433559172435968
1039435896645406720
1039436721677586432
1039440290191470592
1039444588946178048
1039444629207142400
1039444970011287553
1039445551522242560
1039449445103022080
1039450420287102976
1039451358557024256
1039452389915455488
1039459279080587264
1039466073836249088
1039466753988943872
1039468007658016769
1039468277951606786
1039468724648964099
1039468813987860481
1039469107563950080
1039469402008240128
1039470434222260225
1039470504686575616
1039470600752979969
1039470807959982080
1039471226962489344
1039471415265845248
1039471797815705602
1039472289786589189
1039472639188852736
1039479988859400192
1039481186333204480
1039484152964374528
1039484429356417024
1039484636978704384
1039485529971216384
1039485849971445760
1039486145678266369
1039486206072037376
1039491757656956929
1039494246573793280
1039494713802477568
1039503615801479170
1039507951843569669
1039512409155633152
1039512553024454658
1039520295298596864
1039528508563836929
1039542728923721728
1039545364213379072
1039548646671441920
1039549815204368384
1039550779848372225
1039558781581938688
1039563089362870273
1039563443442016256
1039566556773183488
1039567590232915968
1039573360773148672
1039579331574620160
1039579465163202560
1039581728011108354
1039581787863834625
1039582618004664322
1039582849567993856
1039583088605577217
1039585170687442946
1039587437704560640
1039590293178380289
1039591212389474304
1039592786343993345
1039594220326141957
1039594946762821632
1039598384410189824
1039599401545740288
1039599921576460288
1039600626706067456
1039603547162193922
1039611089812631552
1039614865495810050
1039625887313027073
1039634598865641476
1039637338157006848
1039639023021641728
1039639282309386241
1039639799806734336
1039643280642912263
1039643294500900865
1039645804359766016
1039649298244231168
1039658039169695744
1039662753139617794
1039665937857830913
1039708896775098368
1039743923999129600
1039746277372817408
1039746642159828994
1039751075950153729
1039752943485026314
1039756610099404802
1039763277620891649
1039767987404697601
1039768925234454528
1039770206409818112
1039770597255987201
1039774718491017217
1039776215782055936
1039778262573039616
1039778351240634370
1039778618254217216
1039779834610642944
1039781029572235270
1039784372243767296
1039784626619928578
1039787057713999872
1039791724644773888
1039794051267133440
1039795272572915714
1039796850067419136
1039796934385516545
1039798706042744832
1039803364664659968
1039803678377398272
1039806200056082432
1039806215524626432
1039806584644423681
1039807837894070273
1039808118035832832
1039808374353944576
1039808822251061248
1039810153309249537
1039811341085757440
1039814703114018816
1039816778904469504
1039818357631942656
1039818373419462656
1039818410463555584
1039818797451038720
1039819108810932225
1039819999689551872
1039820388509929472
1039824099638497280
1039824389016043520
1039824711167995904
1039824855011667968
1039825443388567557
1039825953084633088
1039827370759389184
1039830959393304576
1039832583062933505
1039832740714242048
1039832888378839041
1039837424694845441
1039838213450477573
1039840648260726784
1039843315917746176
1039843462424797184
1039844205395435521
1039844329165127682
1039844891625435136
1039844972839804929
1039845707778351104
1039846062238978048
1039847444547350530
1039847909850841088
1039848248326979585
1039849222668005377
1039849570367352832
1039850443621498880
1039850483295256576
1039850633636048896
1039851063950692353
1039851541694492673
1039851739783020546
1039851967411974145
1039852107917086721
1039854565389156352
1039854736059629568
1039855837488074752
1039856260726837249
1039858503836426240
1039860491064156160
1039860677970677765
1039863171681542145
1039863874625982465
1039865693267742720
1039865767758585856
1039868580655976454
1039869066318671872
1039869306685730822
1039869595245576192
1039870972151717889
1039871892893704192
1039874465654616064
1039874907344175104
1039876282211692545
1039876763294281728
1039877722963632129
1039878022420148224
1039881928990543872
1039883379402047488
1039884213615554566
1039885911486541825
1039889103360335872
1039890870001180673
1039891484475092992
1039892141718138880
1039892978897223683
1039894309774995456
1039894377265614849
1039897220588470273
1039899603406135298
1039900053446512646
1039900128507768833
1039904109401452544
1039905935114858497
1039906366301687808
1039906449735016448
1039907443218829312
1039907523485229057
1039912386365456387
1039915954447306753
1039915958641541120
1039916803395395584
1039919246153850881
1039919973878169600
1039924777161564160
1039926971201929216
1039927807130959872
1039927838072365061
1039927919139807233
1039930691146919936
1039932120569982976
1039933631345700867
1039935818289356801
1039936622727495681
1039936930497081347
1039936940253097985
1039937316901605377
1039939791536746497
1039941219286241280
1039942326154682369
1039942686038470656
1039945670696808449
1039946810276683777
1039946881156214784
1039949727406727169
1039949861825781760
1039952220685512704
1039952658835156992
1039954065998929920
1039954461089652736
1039954575615242240
1039954689293475840
1039954789948448771
1039955255377707008
1039955446751277056
1039955859055550467
1039956231153246208
1039957116537061376
1039958904552284160
1039959775705001984
1039960612892303360
1039961666484674560
1039962021767393281
1039963019579719685
1039965558811320320
1039965711920193538
1039966566270599168
1039967061760507904
1039967369903390721
1039967374936625152
1039967980719759360
1039968031768801280
1039968536754618370
1039969194849300488
1039969434360840193
1039970679234412548
1039974096342331393
1039975141952970753
1039976581463252998
1039976736237211649
1039977236160565250
1039977702156132353
1039978490702045185
1039978851806404610
1039980048458178560
1039980186811424768
1039983134194843648
1039983574630449154
1039984857655459840
1039985755244908544
1039987195128492033
1039988150028914690
1039991548400861189
1039992295007776769
1039994098520748033
1039996184776134658
1040003816723238912
1040004364088303616
1040004416940765188
1040005790143311874
1040006278779744256
1040009388017283083
1040009911902515200
1040013892313800705
1040027681914466305
1040035615843213312
1040083148653113344
1040094615041392640
1040102437418233856
1040102640628195328
1040104062862209024
1040106690035806209
1040119241050079232
1040122606559682561
1040122853599920128
1040124969202733056
1040129442847358976
1040132383088013312
1040133372465557507
1040134042350436352
1040139606497419264
1040144762119118849
1040147614275170306
1040148427118657537
1040148496303710208
1040149630472859648
1040150904253702144
1040154114188034048
1040156126422212609
1040156664744366080
1040160351185190917
1040166109478117378
1040176970628325376
1040179149984489472
1040181727392608256
1040189053986058241
1040190234611331073
1040191397213679616
1040192121108668416
1040193205910888448
1040199270907953152
1040203509650534401
1040203535655362563
1040205529459695616
1040208527829204998
1040211126947115008
1040212338245345280
1040212817637457920
1040213280843689985
1040213793245151232
1040215543326892033
1040219450392371202
1040219977314455558
1040224307933310976
1040226899618869248
1040230918584246273
1040236904082550784
1040239460724731906
1040248497767960577
1040252171130990592
1040253803554070528
1040257211006705664
1040264286810071044
1040272841088880640
1040280153832742913
1040283883852451841
1040285157230604288
1040289379623886848
1040292671330414598
1040295278824382464
1040308267447197696
1040309460709920768
1040316448852385792
1040321923656245248
1040324274588987393
1040325313484521473
1040326918229372928
1040328051001909248
1040328944518619137
1040333142165401600
1040335677622288384
1040337877127897088
1040339654237724673
1040340768685211650
1040342996993159169
1040343448396734470
1040343646812479489
1040352137333620736
1040356402508775424
1040361937341755392
1040365978125828096
1040376700004118529
1040377069543325696
1040398591766851586
1040417503888007168
1040440533548781568
1040472416529645568
1040472643881918465
1040475240156082177
1040478475138879488
1040488735337598976
1040490506340507649
1040497474996252673
1040501593387393024
1040504173312311296
1040507092115906561
1040510662731071488
1040510959679414272
1040514980045615104
1040517108537458695
1040518514887610369
1040520415330926593
1040526464431652864
1040527772127506434
1040527992068419584
1040533210894086146
1040535771923603461
1040537674053038080
1040539985928183808
1040540263364616192
1040553511757537280
1040559996969332736
1040561524530720769
1040572285881446400
1040572400805588993
1040576309569757184
1040578768593727489
1040579538219134976
1040587380309336065
1040591491146702849
1040593137838837760
1040593214179368960
1040594046153052160
1040601447191269376
1040602398878773249
1040613855200608257
1040622509278875648
1040622855308947456
1040634953808134145
1040646091547570181
1040646625696407552
1040654297502048257
1040654767679258624
1040657362699337729
1040658757729042432
1040670141510549505
1040671878749347840
1040678993584971781
1040679019572813825
1040679910455627776
1040680074847166465
1040680204459552769
1040680416829730816
1040684392065249280
1040687376711016449
1040689442057596928
1040689592167538688
1040692865398132736
1040695593356730368
1040705911973662720
1040710459228409856
1040715054084173826
1040725932389158912
1040728418835460097
1040728611777667072
1040736936602812416
1040737489017692160
1040746333907378178
1040752009257857024
1040779243725225984
1040782218774425600
1040791830823088129
1040805313434120193
1040841615122812928
1040847394458480641
1040847469553373184
1040862938276552704
1040863154991980544
1040866579209175040
1040869357075750912
1040869717790085121
1040869768977412096
1040872310301962240
1040879692809756673
1040879771951886337
1040880732040769537
1040882843835088896
1040886395009675265
1040887096901165056
1040894566520553477
1040910780047269894
1040910894128132096
1040919161088737280
1040926283448963072
1040934491454361600
1040936383765008384
1040938024979374085
1040938448532774917
1040940260006551552
1040941686178951168
1040942098504200192
1040946590171709441
1040946939112685570
1040950072702390274
1040951044090601473
1040952048642998273
1040952384942473216
1040952614068862976
1040952752006934528
1040954302666301440
1040959643693051904
1040960940576071680
1040962451775397888
1040962754155372546
1040966811754409984
1040966830217674752
1040969873155874816
1040977991235457026
1040977995421364231
1040988050451558401
1040994314220916738
1040996561516470272
1040996928878796800
1041000506678812672
1041012105204453377
1041013528335925248
1041015484550922240
1041035795057008640
1041037112055934976
1041037997049892873
1041044590915203072
1041045320711499777
1041045323643346946
1041049734130098176
1041053325884616704
1041054568757559296
1041056582069612544
1041060462568325120
1041062450274156545
1041067022040412160
1041067178072698880
1041067653715161088
1041076986054144006
1041103666017718273
1041122765821173760
1041129565840699393
1041142147926421504
1041156120289660928
1041188669892308993
1041196183685873664
1041196355102752768
1041207350470705152
1041208970508001280
1041220710989848576
1041232393825411072
1041234087887888384
1041246554923958272
1041252419928248320
1041255232624357376
1041256964028854272
1041275323357310976
1041279094854479874
1041285092319129600
1041296640496295936
1041301034017193984
1041301291950112768
1041303563203428352
1041303565275414528
1041309900616466432
1041311822601748482
1041312124193189889
1041315457737936897
1041318184853352449
1041320915009720322
1041324353529503744
1041342624316252162
1041345572085673985
1041348195480207360
1041350677807673344
1041351161390026753
1041353474993270785
1041354886766579712
1041360020619911173
1041362530499735554
1041363359709519880
1041363805945688064
1041366624144711682
1041370259314364416
1041373605123293184
1041375502194368513
1041381287817302017
1041381867470168070
1041384683102195712
1041386510161866752
1041386734142021633
1041387997453791233
1041390370616238080
1041390914185424896
1041391648180260864
1041393888378986496
1041395139971829760
1041403536947511298
1041412031222493184
1041413058835501056
1041420100241448960
1041420812077727744
1041424171320975360
1041436743680094209
1041446914854666241
1041451625037135877
1041452692097429504
1041453540168884225
1041467016459243520
1041473088565600256
1041475861831024641
1041485148456407041
1041509659117584386
1041542659062542338
1041558923139006464
1041564529841393664
1041565811637452800
1041575784828293120
1041585226550599681
1041593567305756672
1041594505261187073
1041597350689603584
1041599543471730689
1041604249485041664
1041605542995812352
1041605620162592769
1041605751029022720
1041606484214394880
1041607630085611520
1041615909234925574
1041618643069620224
1041623753187356674
1041627518661525506
1041627520532131841
1041637911295401985
1041639862057820160
1041643482580959232
1041647337158926336
1041651056671944704
1041651865719582720
1041656540690870273
1041658448688173057
1041662367862587393
1041665667102121984
1041666235015081985
1041667831564259329
1041676834427957248
1041682585640988672
1041685745663127552
1041692851640385536
1041694512983138304
1041696898149769218
1041696990562869248
1041699164554518528
1041699703438671872
1041701594646159361
1041718759025598464
1041732150578630657
1041733332537630721
1041738576243974146
1041744876537294848
1041750009929236480
1041754503710687233
1041763357458657282
1041770049495814145
1041776074181492737
1041790566340677637
1041808098120347650
1041811776944435201
1041816329718824961
1041830174835257345
1041859754723889152
1041873582538743809
1041920840042995713
1041921986459586561
1041924781128474624
1041931714723905536
1041947166565126146
1041957601947406337
1041961654081208321
1041962367209365504
1041963849400950784
1041964790183280640
1041969176561295360
1041976729278005248
1041979738259107840
1041979992421400578
1041989068048027648
1041989967763988481
1042008041409921025
1042012743644139520
1042020618043097089
1042022226143444992
1042022974000324608
1042031488622096386
1042031766909931520
1042043373811650561
1042044560803811331
1042048687999012867
1042055742830927873
1042068775363899399
1042075294159593472
1042078662194065408
1042081369604665346
1042084963938717696
1042087373746708480
1042090028724310017
1042103207672066048
1042104751989641218
1042105210037039105
1042108188802330624
1042109634591502336
1042112610878087168
1042123280755425281
1042124766512066561
1042132177230675969
1042142380802101254
1042142645429174273
1042142916821622784
1042147593030197248
1042159914649571328
1042171120189882373
1042172115443740673
1042211977295101952
1042229394570469376
1042268366759780352
1042279241021382656
1042281225015185408
1042318009291997184
1042321661767372800
1042322234654777344
1042323861608574977
1042329247111684096
1042330194160312321
1042330910555865088
1042332884827353088
1042336600544473088
1042337673858506753
1042344638462521345
1042346202153578497
1042356602362363904
1042356693793943553
1042357787655909376
1042364807628959744
1042366330211577859
1042368291916980224
1042371643950149632
1042375811007885312
1042387450180579330
1042390955784069120
1042391360135933952
1042394814132756480
1042395503512743936
1042396609311596544
1042397264872984576
1042398919915974656
1042406512470237184
1042406656666202112
1042413506891603973
1042414614196224003
1042415289894412290
1042419490879938560
1042424331106770945
1042430148627312641
1042439210429493250
1042444657140088832
1042445467483877378
1042449791840673792
1042451832348573699
1042452739576537088
1042466706185236480
1042467840337629184
1042468546230607873
1042471470071513088
1042472020800360448
1042474900185903104
1042479248831930368
1042481582530064384
1042482801390641153
1042483951913365505
1042484191408128002
1042494458200293376
1042505431359344641
1042507360714076160
1042517176245215232
1042527296685527040
1042537151618064389
1042537809259716610
1042543037061193730
1042560893479989249
1042569623839944704
1042575758928105472
1042617933074231296
1042623651584135168
1042632526299377664
1042654207067729920
1042673293675954176
1042676363071815680
1042690367559282688
1042693408303861760
1042693941395705856
1042698289643175937
1042701821360390145
1042702221991919617
1042703717064167424
1042703878117122048
1042704518591508480
1042709477944897537
1042713091325222912
1042720615084507136
1042733275565961216
1042738297016131586
1042738580974649345
1042741911226736640
1042742054261071877
1042742860817358848
1042763105460211712
1042776071320547328
1042782186196410368
1042783885325680641
1042794087957626880
1042796421475454976
1042812643545948161
1042835525583953922
1042837060275630080
1042845240850350080
1042845549546876928
1042847629481263106
1042849130652082177
1042854339151364096
1042867674102067200
1042874677750841345
1042879676098772992
1042885878996234241
1042895586779914240
1042949291462086656
1043008561167589378
1043009085484892162
1043019541997969408
1043021111363944448
1043022008110313472
1043023314224959489
1043023752101949441
1043025109823324160
1043037919622000642
1043040388825731072
1043042460400640000
1043056358612983808
1043059986711150594
1043061234910875648
1043071129726935040
1043079600543285249
1043079956207726592
1043080518647078912
1043082549537464321
1043090874815664128
1043093656905900032
1043097719068405761
1043111310714724352
1043126507105935361
1043129321085460480
1043130060948033536
1043132083428704258
1043133402558472192
1043136954592882688
1043151264811548672
1043151909077565441
1043163173233278978
1043166844134346754
1043171927756558338
1043176987718819841
1043179762192138240
1043188239702679552
1043189569297043456
1043190722180960257
1043190781450772480
1043193084559929345
1043194198998962176
1043194458177593344
1043194604995190790
1043194719910617088
1043199947708002304
1043205643501547521
1043211525647941637
1043213606425436162
1043213790475706368
1043216173377105920
1043217534001004544
1043224401548853248
1043234807545831424
1043235560536588288
1043261939516932096
1043264290873135106
1043265091947429893
1043280168943529984
1043292216511352834
1043303503815311360
1043305566968397825
1043310304266997760
1043322892405096448
1043356403791011842
1043356695546814465
1043359031123996673
1043359599678631936
1043363358190301184
1043371060203274245
1043372449788829698
1043380244063940609
1043396958252158976
1043397417641631745
1043401642136268800
1043420426737790981
1043426183004778496
1043434505745453056
1043436932179677184
1043438414790578176
1043438481953964032
1043439862739886081
1043439993597902848
1043440630712725504
1043442932102168576
1043448984424075264
1043454372477366272
1043475247968727040
1043477105621766149
1043480448918261760
1043480903987744768
1043494446116028416
1043496228305215491
1043516423451095040
1043518818822295553
1043519935350222849
1043521707020099594
1043526343823183873
1043527982097346562
1043537778875752448
1043539768964001794
1043542343813480448
1043546520015003650
1043547229766778881
1043554525766930432
1043569324508819463
1043579400908943361
1043579618605891587
1043587013167984640
1043590178189848576
1043598885606903810
1043599522675359744
1043607673038688256
1043609969449467910
1043610576755339265
1043629564814086144
1043637131342753794
1043641342822416384
1043642106600980480
1043642953439297536
1043643448358776833
1043683425947975680
1043704939359424513
1043716542914088960
1043722292910587905
1043725557333135360
1043731800139423745
1043739650198843392
1043753444392280064
1043764402799792128
1043765921041403904
1043766214378442752
1043772073666072576
1043774071568261120
1043775515675570176
1043777565410910208
1043778982704009218
1043781297091555329
1043784087562006529
1043809305844215808
1043809399351869440
1043819963142803457
1043823897681039361
1043833987616116736
1043838466688266240
1043840050855923717
1043842053686403077
1043852923808239617
1043884752971935744
1043886901307101184
1043889886271610880
1043893637346668544
1043895872466112512
1043904786230386690
1043905185091907590
1043905378856177666
1043906213136797697
1043915973261217792
1043916196423389184
1043917780603596800
1043923017162792965
1043926534959108097
1043934512500158465
1043935008292040704
1043938382185926666
1043939262977245185
1043965220702556160
1043970746664583168
1043973174336114693
1043974832818462720
1043978574913515520
1043982484457902081
1043987070069477377
1043996524445933569
1043999974697127937
1044005050048229378
1044031615704403969
1044097702395547648
1044099064718135296
1044100135687475200
1044100930734501888
1044108034232987648
1044113344272244736
1044113569871093760
1044113608354013184
1044113785450110976
1044125571435892736
1044132123962208256
1044137524795461632
1044161475529437185
1044162739340537856
1044165068370432002
1044175515551256577
1044185416633659392
1044196434621411328
1044197615015997447
1044199482626383872
1044202591020875776
1044206093285707776
1044210315263651844
1044210512500862977
1044214925206458369
1044216552604790784
1044216730871103490
1044228193006354433
1044228450192642048
1044228628018606080
1044233285780590593
1044236072904011777
1044240960941686784
1044241044634775552
1044241191196389376
1044246274697031680
1044258138298486789
1044259157937934336
1044272739933204480
1044280410480549888
1044286973484158976
1044287318910283776
1044289658077761537
1044296600053440514
1044298578104119297
1044311740757012480
1044313916229263360
1044319730138599424
1044322578331041792
1044323859678351367
1044325353106403328
1044327776625586176
1044334440963612672
1044335085313495041
1044340514026336258
1044343244098809858
1044345008206344192
1044349675208404992
1044351979537993729
1044359654728495104
1044368730346729474
1044374635498942464
1044382544303718400
1044384257194545153
1044385846466506762
1044398586262376453
1044400322700095488
1044418669634301952
1044434465781665793
1044442503976488960
1044444603775176704
1044456979702448128
1044457626971623424
1044458647852634112
1044458765058109441
1044459171725406208
1044459230424707072
1044459260179099648
1044460366229581826
1044467016739024896
1044478238431608832
1044484145022423040
1044485702786977793
1044491476225466368
1044492308811567104
1044494551149420545
1044496461285793792
1044496529527115777
1044498354456203265
1044502173915246593
1044502926247559168
1044503484094140416
1044503916954746880
1044508144595070976
1044509474411753473
1044511537606660101
1044514101987348481
1044522643272216576
1044524311745351680
1044524311745359872
1044524311749566464
1044524311749578752
1044524311753748480
1044524311753756673
1044524311757955073
1044524311762079746
1044524311762141184
1044524311762145281
1044524311770468352
1044524311770476545
1044524311770484736
1044524311774720000
1044524311778873345
1044524311778918401
1044524311783124992
1044524313007861761
1044524313037230081
1044524313041424385
1044528708097363968
1044531202575781889
1044534730425815040
1044539403622928384
1044546641825607680
1044552618708676608
1044555495992971265
1044558200496951296
1044558339722661889
1044562601982799872
1044563025058033664
1044564542288809985
1044567752604884993
1044571588295897088
1044571825697689602
1044575184903131142
1044576226768228352
1044579064130940928
1044579177456906240
1044585126250733568
1044595107440336896
1044595206807588865
1044602434449027073
1044603238903947264
1044616460616847360
1044620149091946497
1044621748585594884
1044635717496967168
1044646716249522176
1044648801850585089
1044651063641616385
1044651402537193472
1044652377301823488
1044657853791981570
1044659214952669187
1044663863252328449
1044664404460150789
1044664697511923713
1044664797055389697
1044667374845276161
1044669950995107842
1044672225163530240
1044673077005754370
1044674589488553984
1044676391340560384
1044685766897684480
1044700576813076480
1044700727560605696
1044700926341238784
1044715023422099457
1044721969910943744
1044740663194120193
1044768862737190912
1044815766380589061
1044819953180966912
1044820313438113793
1044828917603819520
1044834982613725184
1044850625668935680
1044888491975421952
1044896936661319681
1044901856898666501
1044924577464422400
1044926656253693955
1044941783388565506
1044954473691586560
1044954484605165569
1044954709021380608
1044954834435264512
1044955364180070402
1044955380927877120
1044955764731916288
1044957450003206144
1044960670805102593
1044961802017284097
1044972134244773888
1044976060553662464
1044980808904306688
1044984851785494529
1044988423013117952
1044995483947667458
1044996897910468608
1044998451212234753
1045001854646718464
1045023814382505990
1045024079433125889
1045026734876360710
1045046723180204033
1045060461249552384
1045067711930347521
1045083971812569089
1045100954318589953
1045105500130562049
1045105671644024832
1045125791732912128
1045158804269215746
1045170520638009344
1045186509324906497
1045193025989816321
1045196538337800193
1045196982497804289
1045201056727277568
1045205052019888128
1045205065341030400
1045207243422150656
1045211016651517953
1045221070402277376
1045221446488911872
1045222126528032768
1045224449321119744
1045225282716749824
1045225288169390081
1045227750641061888
1045227761567223808
1045230283241525249
1045230286123016192
1045231201727000576
1045232821550415872
1045235169492422656
1045235669088514048
1045239949782646785
1045243171012300801
1045263069201534976
1045267636383338496
1045267652749545473
1045275463319539714
1045277690146803712
1045278717306638337
1045279688732692480
1045280620283342849
1045280654668300288
1045283105836158977
1045284079317454848
1045288700605857792
1045290580081807361
1045290637942304768
1045291083784224768
1045316194578964480
1045320798783733761
1045335856721072129
1045345905732460544
1045346105117102086
1045353979893477442
1045356152119349249
1045359534443761665
1045361560259100673
1045361991450267648
1045362418002669568
1045363902308003840
1045372186956124161
1045374665814945793
1045381739487604740
1045388312427593728
1045388949517144066
1045390607785455616
1045400700698669056
1045402911386275840
1045403919827042304
1045404182780547072
1045404573274447875
1045405041346183170
1045408949216976897
1045414042750382080
1045425258323476480
1045432450594328577
1045438375170174977
1045439324928561152
1045442377392037888
1045443572332466176
1045450948011790337
1045462719749591040
1045478859427237888
1045505333890883585
1045540617907064833
1045541906938318848
1045545118101622784
1045551287515983872
1045555056081326081
1045561915316072448
1045563796209717249
1045566817878577152
1045568795786395648
1045569973962371073
1045570738588184576
1045570999494889472
1045571774174416896
1045578581525565440
1045580761817116672
1045583384314105856
1045585296191102976
1045585812530835457
1045587856763375616
1045588030898229248
1045588665492295682
1045588736354996224
1045590866235191296
1045591010775126016
1045602029882806272
1045602204273520641
1045612322184712192
1045613508753346560
1045617161371357184
1045622427101917185
1045623297419948032
1045623491209424896
1045628511787134976
1045639147581517824
1045640304089608192
1045647290537529344
1045648497238773760
1045650007905456129
1045652572990787585
1045652739093663745
1045664824791904256
1045674252748435457
1045689173599023104
1045689443703771136
1045689784541356032
1045692392307855360
1045694631613267969
1045695940932325376
1045697936762523649
1045699073389613058
1045700059067604993
1045705409745616896
1045705668508995592
1045714797290049537
1045715450062098433
1045720817089368065
1045722300627255301
1045728193594953728
1045729667989348352
1045735122585178115
1045735299203108865
1045738408855965697
1045741721097826304
1045742185814134785
1045744566509490182
1045744923415367687
1045745095813853184
1045745662061629441
1045745777950298113
1045752671586652160
1045752931197374465
1045753991530000384
1045756432166133761
1045756805056466945
1045757931768164353
1045758193782190082
1045762453928374272
1045767183035486208
1045768522264195075
1045784529389191174
1045791015955812352
1045791434492792832
1045798657918787584
1045800123828195330
1045826039581216768
1045837049260113920
1045861376625967106
1045863029592731649
1045869488678326273
1045876578868244480
1045878734295891975
1045878803518545920
1045896953123397632
1045913886376046592
1045917257333964801
1045920930705416192
1045932815269986305
1045934041231511552
1045935120035852288
1045937381591912448
1045939890410725376
1045944403712512000
1045960142829887488
1045960188816216064
1045962252665442305
1045965235528630272
1045968283864887301
1045968428257832962
1045975561917616129
1045976958193086464
1045982527826128896
1045985839212302336
1045989620876488704
1045992085810270209
1045997434361597952
1045999282384457728
1046000342708744193
1046001131229523968
1046002666755829760
1046016624141250560
1046017809451536384
1046020073989820417
1046025726305218560
1046028224323637248
1046029180633255937
1046031341131829248
1046038396366467072
1046046870961893376
1046047502196248577
1046054946272137218
1046060010034409474
1046075413204799488
1046077452458627072
1046080443530059778
1046081279769419776
1046081407691444226
1046081967652057089
1046082788548644865
1046084497236774914
1046087957101367296
1046089526609883136
1046090060565762050
1046092761257168897
1046105206184964097
1046117293200211969
1046118535678824448
1046123469841289216
1046125726435627008
1046125768345038849
1046127832353689600
1046135842836803584
1046138248911892480
1046139128876867585
1046141960443101185
1046147931332648960
1046149566381219840
1046153940201603074
1046157020498415617
1046159154136719360
1046162414293708801
1046162762525790208
1046194790629625856
1046203861080379393
1046204260558540801
1046270429831286784
1046272214964858881
1046273127238520832
1046273839704018944
1046275415864750080
1046283187561861120
1046284325589856256
1046285863225839616
1046286785557516288
1046287478058086400
1046287819050815488
1046288301370601473
1046289401435828224
1046289597007884288
1046290415736025088
1046293903710834690
1046298126116622338
1046298591675977728
1046304838794072064
1046306298361524225
1046307358618603520
1046307581340389376
1046308356447703040
1046308585876140032
1046308649231142912
1046311102039166976
1046311363252039680
1046314163893673984
1046315988847857665
1046321006682525696
1046321175918514176
1046326581554302976
1046330434450337792
1046334194199273474
1046334834237476864
1046335222667780097
1046337589484146688
1046339273920851969
1046339383417327616
1046342521062920193
1046343136056946688
1046344139015671810
1046347943131967488
1046349145227882497
1046349222981894149
1046349556248707073
1046351692852334592
1046353375179296770
1046353498072383491
1046354784889053184
1046355666963771392
1046359872135147520
1046362337983287301
1046364795434389504
1046366343950454786
1046368626738114560
1046378317035839488
1046383596825710594
1046387223896236032
1046388336791834626
1046390468345565185
1046396296335183874
1046400714606628864
1046403020639154177
1046404911850815490
1046407900720246784
1046410403889238017
1046410506611888128
1046412954835591168
1046413478142124032
1046413768387940352
1046414648944275457
1046415573788348417
1046417227598237696
1046417772828332033
1046418150747770881
1046418381585420288
1046419544078782465
1046420145994964992
1046420302421528577
1046420467786092547
1046421008486486017
1046421110680637440
1046421350997463043
1046422218400559105
1046424335546798085
1046425319652159490
1046427137459331072
1046428282286166017
1046430495008059392
1046430517221101569
1046431417733967875
1046432664721469440
1046433837465702401
1046436935357489152
1046437738134867970
1046438026711367680
1046440066841743361
1046444564905701419
1046444624783560705
1046445135633031169
1046445362419027979
1046445585698439170
1046445910337703937
1046446025945305088
1046448163916316673
1046452411085336576
1046453257067999233
1046454972945231872
1046459829555007488
1046460608433016834
1046461015381233666
1046466245980246018
1046467492942663680
1046467677919817728
1046467780692840448
1046472965033021441
1046473428755238919
1046477287934316545
1046478189286051845
1046480108079513600
1046481397517615104
1046482272432648193
1046487017033469952
1046489866656206848
1046498046375337984
1046499694313189377
1046508723827625984
1046511213113483264
1046513485188927489
1046514620985495553
1046515408679907328
1046517498697404416
1046518297326497794
1046520523637673985
1046522976060035072
1046523465539313665
1046543626296283136
1046547406416896001
1046549608640335873
