1046554689037357058
1046601688033964032
1046616397869142016
1046619035272663041
1046620403865722880
1046622555124232192
1046642588793655297
1046648716252385281
1046649228855005184
1046651613677580288
1046654825696559104
1046655600774598656
1046656727360425984
1046661033262297088
1046663048189087745
1046664154650693632
1046669358012002304
1046674535532105728
1046677809199042560
1046685216344035328
1046685764115927041
1046686795939942400
1046686852646932480
1046688576925257728
1046691513688887296
1046692841609678848
1046694347452944384
1046694636230770689
1046695815769739264
1046695887064453121
1046696983472336897
1046699084818657282
1046700096866344962
1046700255847358464
1046707851501219841
1046717802319630336
1046718388637249537
1046721607794872321
1046724316086325248
1046732794859335680
1046743963019997185
1046744532631597056
1046773312670617601
1046779989155287042
1046782489384161280
1046789333850771456
1046791112881582080
1046798752554651648
1046802349421936640
1046809422683676672
1046813328021053440
1046816124917219328
1046817677984043008
1046818765890097154
1046819816164786177
1046824967172689922
1046826718751801345
1046830270492680192
1046832453208461313
1046843633117401088
1046843688314388487
1046843831487016960
1046844275256971264
1046844574717661184
1046844967719751684
1046844984098476032
1046845164860440582
1046846575010615298
1046848745554530304
1046853094221500416
1046853537966252038
1046854384792027137
1046865793319940097
1046865946399444992
1046866474848215040
1046867350564298752
1046867360534212610
1046872007172919296
1046879809840791552
1046890944015085570
1046895001609940993
1046918368488579077
1046960018753564672
1046979740639399936
1046987759863369733
1046988392364421121
1046988776986349568
1046992026309414912
1047008536356638722
1047011164113256449
1047048437219364866
1047059076881010688
1047067788056113153
1047073059860111361
1047074561051774978
1047074987163697157
1047075510604447744
1047090011982782464
1047096322648608768
1047099001651302400
1047100351374118913
1047108625464840193
1047110620800307201
1047111864306552833
1047125197172760578
1047125742016966658
1047129052971245568
1047146234119692289
1047150034159120385
1047151055891509248
1047152990694584321
1047158492371542018
1047174542257471488
1047177475392851968
1047177637691625474
1047177856214880257
1047179760454041601
1047182372238708736
1047183714424442881
1047189327648894977
1047192719595134977
1047194107691634689
1047197960772173824
1047205272710725634
1047205906897879040
1047209383535562754
1047213499401850882
1047219305627222016
1047219436858564610
1047220552350539776
1047220867539918848
1047226582283276288
1047227096949542912
1047229345503358977
1047229450771869696
1047230683658289156
1047238646317940738
1047239254127128579
1047239575847034880
1047240027988799490
1047249121655099392
1047251440392175616
1047258742541041664
1047262439413301251
1047328976983797760
1047339429629759488
1047348708856279040
1047351675319668737
1047352687388512258
1047362046969479168
1047363527998992384
1047386862577303553
1047387844883439618
1047395296513282048
1047397758569779200
1047406525122314240
1047406830396342272
1047421294759895041
1047423787543748608
1047437210604249089
1047438704585916417
1047441508906033153
1047460760371322881
1047467442283450373
1047468756098801664
1047469190058262529
1047478147183259650
1047489050528104448
1047489128508678149
1047526466215464960
1047526641545740290
1047526845292470273
1047528014324617216
1047528015578763264
1047529251673710592
1047530693222383616
1047531885797285890
1047550102708076546
1047557110089826307
1047560867057950720
1047563488904851456
1047565180031389696
1047567529571491840
1047568191562665984
1047569641558749184
1047570760162861062
1047572571816964096
1047573125737721858
1047573185716215808
1047573548125052928
1047574447958511616
1047576907359932422
1047578556958744577
1047578761229717504
1047584157633851393
1047585585349742592
1047586664124694528
1047589670610243584
1047590328293896192
1047590666765840384
1047591281654939648
1047592997087600646
1047593140977328134
1047593368308654083
1047593737419939840
1047607903006408705
1047610496604688385
1047611878623436800
1047628585777938433
1047628777457704960
1047630024860491776
1047631007581724673
1047632335909339136
1047638163483754497
1047685665964613632
1047707269683662848
1047712920631562242
1047720950228287488
1047728435399815169
1047731901136551936
1047741464988536832
1047757876461166592
1047763158784462849
1047773637774888965
1047774247232438272
1047782679482195968
1047796940098789377
1047798913548386305
1047799483197739008
1047808403047944193
1047809393423802368
1047811435189825538
1047812546709864448
1047816905904545792
1047817295479951360
1047824256791457792
1047825299071819776
1047828858144247808
1047829836046192640
1047830356962025473
1047831362781233152
1047831608143876097
1047833064385208320
1047836938689007617
1047837098466844673
1047840727387054080
1047844137758859264
1047844716572762112
1047857063777452034
1047857852738678784
1047859507379036160
1047860911204122627
1047861489187602432
1047861794973409280
1047866441817608192
1047873502102147074
1047889644438900737
1047889657722298368
1047889777691951107
1047898553853468672
1047900885861502976
1047903175523614720
1047906631655280641
1047920438024855552
1047929854258290693
1047936820552650752
1047937571026866176
1047939021740097537
1047939744842305539
1047940507782074369
1047941045470863361
1047948789435289600
1047948989931409408
1047951614311587840
1047974448438108160
1047976143444434944
1048037592510423042
1048045781448622080
1048124039481446401
1048134579398348801
1048136329769504769
1048141349524975616
1048141816124645376
1048143576281038849
1048145199451582464
1048154251179053056
1048156320652615680
1048161651625623552
1048163022315900928
1048163374205480960
1048166266853384192
1048167925851611142
1048169838068293632
1048171746896109568
1048173594474401793
1048176336722956288
1048179544937644032
1048197008778055684
1048203402973466624
1048203817370734592
1048208919334735872
1048211328534495234
1048215766095593472
1048215990092406784
1048216372600340480
1048216633909624833
1048218191674015744
1048246135826124802
1048247252341465088
1048257093902520320
1048258166348288000
1048259432650592257
1048259814504255488
1048260265568034816
1048260808751427585
1048260838094790658
1048263154210418688
1048266003405316096
1048267481893285888
1048269541976018944
1048271928660824069
1048276653590401029
1048277546540965889
1048280689341341696
1048290910822457344
1048306967469596672
1048308078536531969
1048319229525741569
1048321467178471424
1048334849113772033
1048336078669840384
1048340602851606530
1048447816404795393
1048480153213517824
1048484105216774149
1048491229649014784
1048491545358491649
1048496582730158085
1048497596514410496
1048499879436333056
1048502982831198208
1048522444775067648
1048522590346780672
1048537632815370242
1048539317617008641
1048539681577689088
1048541311203196929
1048544448953679872
1048547374057103360
1048547403031351296
1048549935954763776
1048557261327622144
1048559290083168263
1048560820161077248
1048579315280084993
1048584929469186049
1048585563635437568
1048589236578992128
1048593521467375616
1048595603528339461
1048597504802152448
1048600853974847493
1048605896794890241
1048609930004111360
1048616129634213888
1048618064022065153
1048618480960983040
1048627065841487874
1048630745768636418
1048632947530711040
1048633698302775296
1048640299701026817
1048642846499262466
1048649630831992832
1048652500520370178
1048653986994249728
1048667640703713280
1048674140604043268
1048674730751004673
1048674881318076417
1048674967389437954
1048680907710914560
1048694176387358720
1048710671314182144
1048740703537221632
1048742150442307584
1048766378394583040
1048777632802791425
1048790164535820289
1048791508977995776
1048792120528592899
1048799314997379072
1048804180842885120
1048806724193402881
1048808414539862017
1048829884422922240
1048833462927548416
1048838712937906176
1048841676205244421
1048849276435148800
1048854505356517376
1048860032539025408
1048860463361142784
1048864952080105472
1048872273657118725
1048872378548322304
1048874069658144769
1048884254682361857
1048892404642791424
1048892977727332353
1048893977498406912
1048896507506819072
1048913380755615744
1048921199789658112
1048926721142079489
1048928110744424449
1048928130046545920
1048934441224212481
1048945543131619328
1048947388486963202
1048949413643780097
1048954043341701120
1048959618800652288
1048963251550244864
1048967287536062464
1048972062885208064
1048978911747604480
1048989197674188802
1048990040100098053
1048990265606848512
1048999321235066880
1049001232579403776
1049001578190049281
1049011741814870017
1049012098359951361
1049035246275121152
1049036584266424321
1049036625806811137
1049052044915630081
1049052679924797441
1049057990706417664
1049066787466346498
1049090308259151874
1049124864710270976
1049144735238115328
1049163794151366656
1049172512418881537
1049176099391987712
1049187566623318017
1049195510232489984
1049209814776274945
1049213944592785410
1049216052687716352
1049223937702461440
1049239273180946432
1049241059107192832
1049245794119966720
1049251548642136065
1049254102033686533
1049254666255720450
1049256113735127040
1049261542007615490
1049275311479775232
1049276727053246465
1049281199842230273
1049294541600083973
1049296232240336897
1049299576794931200
1049300405975433216
1049302507606958081
1049322117370667008
1049323322431946754
1049326145588662279
1049327645048164359
1049341383079804928
1049344742738329600
1049345303080525825
1049346720554012672
1049348909775179776
1049352093243461633
1049354273820237825
1049355690677035010
1049357596216500224
1049358662379233281
1049362213688029185
1049367116418146310
1049367378973347840
1049368486273830912
1049373127661244417
1049373551583801345
1049375232803426305
1049376739795898368
1049377517428195329
1049382493563080704
1049384964410810368
1049402929885708297
1049408740682817543
1049409994758737920
1049410139898478592
1049420673066643456
1049447917990363136
1049448277857501184
1049472492828590080
1049483055780360192
1049538987873001472
1049539995755864064
1049541347793883137
1049543132055052288
1049546264126345216
1049564633307074560
1049564900069179392
1049576269132812289
1049578664529195008
1049582735940116480
1049592715862843393
1049593547576541184
1049596033964171264
1049597180279959552
1049601392908877825
1049602495713107968
1049606934104559616
1049618025522053120
1049626755542200320
1049633908936060928
1049640200585039872
1049645770025123840
1049647042623090688
1049653779027648513
1049655468518457344
1049656095961214976
1049670799102218240
1049672764129517568
1049675204807528448
1049682988156538880
1049685322383147008
1049689035957051399
1049689699072311298
1049699327944417282
1049701529089912832
1049702183401398272
1049703474496180224
1049704696645120006
1049705265803743232
1049705345906606080
1049717995348602881
1049720119927169025
1049722415910141958
1049727927099813893
1049730367035445248
1049731153064689664
1049737381727924225
1049739111307849728
1049745158818947072
1049745368810967041
1049747249125838848
1049750719069339648
1049753505324560384
1049754237243019264
1049781553495232512
1049788193476923394
1049799991219421184
1049807081707106304
1049870639664906240
1049882186168619009
1049934068429848578
1049937424305000448
1049948790730428416
1049957041920503808
1049957229393309696
1049961149796687872
1049963499756097536
1049968088848977920
1049970565904326656
1049974247362310150
1049980626840035328
1049980675963703296
1049997993817051137
1050007969864343552
1050009722378698752
1050011263366033408
1050017903335092224
1050020938652233729
1050024921672413185
1050030304419819520
1050032972240482304
1050035211566809089
1050041447221813249
1050047379238473729
1050049861415043072
1050050955729915909
1050052258048737280
1050058440058564608
1050061812681633794
1050062459015495681
1050074219864829952
1050079971224506369
1050081415164022785
1050091432453857280
1050093852978282497
1050094336556392450
1050099841584517121
1050100437586780160
1050101403132284929
1050102999492816896
1050103990501945349
1050106346950025217
1050112547720970240
1050113974124113920
1050116147352403969
1050118917451067392
1050121016956133377
1050122153880895492
1050126253964050446
1050126285412941826
1050140869440008193
1050141422244884480
1050149985352855553
1050150083499560960
1050167049874538497
1050178165610598401
1050179803909746688
1050183162184310784
1050192190532653056
1050196217475620864
1050198422404440064
1050200844216479744
1050215416486920192
1050224670790701056
1050245682139947008
1050260474628059136
1050261323991474176
1050261809733795840
1050262009747517446
1050265234752065536
1050274702969589760
1050274853528510464
1050276383618990080
1050283009801416704
1050303121476464640
1050305523973808128
1050320168784723968
1050323853744967681
1050327106201243649
1050339403456045056
1050344574600777728
1050352150352711680
1050355551547338757
1050355689506435073
1050355998639185921
1050357376073814016
1050357671751286784
1050359017716019201
1050361165203816448
1050362935598608384
1050366309488369664
1050366681976057857
1050367054006669313
1050367077075300353
1050369121777577985
1050369653221015552
1050370170378686464
1050370281510977536
1050370884563800066
1050371287477047297
1050371371027578881
1050371432843276288
1050372129500385281
1050372945732927493
1050373645741301761
1050374247204511745
1050374542068203521
1050374938014539781
1050375702632108032
1050376161904263168
1050377051956490245
1050378559817244673
1050378695268081664
1050383053057593344
1050383315293884416
1050393829180891136
1050404941548937218
1050405933942263808
1050410242331295744
1050411201300185088
1050413634688438274
1050414510035623938
1050416197399977984
1050417860449849346
1050419412417880066
1050420884102664192
1050420949122764801
1050421650838212609
1050429014349889536
1050436794741923840
1050439906516979713
1050444786182819840
1050448662680219648
1050452084292800512
1050458260107653120
1050458514576076800
1050463905523388416
1050475835965284352
1050481801431588864
1050484537699037185
1050486227739308034
1050487278362091520
1050489381717508096
1050492387347304449
1050493887243046913
1050503100333780994
1050503595802718208
1050508791693893632
1050509677124091904
1050513072371183618
1050523780454514694
1050528196641415168
1050531081496211458
1050539695048937472
1050540775367499776
1050548928196878336
1050570084299739136
1050629843895734272
1050639808320528384
1050642586510057472
1050669032221827074
1050672221885067269
1050673783042789378
1050674624109768705
1050680116857229312
1050689143871823877
1050689937379610624
1050690525421072384
1050697941378355200
1050699072179462144
1050701382796398592
1050704304636653569
1050704921115398145
1050717035506921473
1050718740109819904
1050723872671232001
1050731705101897729
1050735332319223808
1050738727209844736
1050742295727890433
1050746200616525826
1050750032113225729
1050753121629233152
1050754705847177216
1050758070496874497
1050765681053114371
1050767169183723520
1050768594441818112
1050768775866445826
1050776327706615808
1050778198529777664
1050785809094336513
1050785884088492032
1050789297157275650
1050813856019345408
1050821691386007554
1050823896344211456
1050829002456408064
1050831201144061953
1050833739079651329
1050834507912409089
1050841568008183809
1050850579231203328
1050852423869317123
1050853363422777344
1050858243306737664
1050860368728342535
1050870483300872192
1050885611740164103
1050898431970107393
1050912509450969088
1050914857346719744
1050932086708871169
1050980183417782272
1050986692381949952
1050989464502308865
1051007912011866113
1051011970579746816
1051013508211593216
1051017222683054080
1051028128716546049
1051039338023215105
1051039833794199552
1051055336331890688
1051056152568623104
1051057349178347520
1051057867338539008
1051060884435587073
1051065568755937280
1051074502619222016
1051081334310010881
1051084540146577409
1051095192726630400
1051096663249625089
1051096691334701056
1051096754274361344
1051103413151432706
1051116983717191680
1051129482420080640
1051130768066572288
1051133328408109057
1051135909758947328
1051139692173975562
1051143306430881792
1051145289682350080
1051147325677154306
1051149624898146304
1051150053795094530
1051160954350817280
1051164416757157893
1051166033292218368
1051166209851289601
1051166687989510145
1051181857939890177
1051183497686200321
1051186114336305152
1051192850808037376
1051196713741025280
1051202409618448384
1051211851340673025
1051221704264044546
1051223025469808640
1051224133999255552
1051224935010619392
1051225225768169472
1051233435287789568
1051234647873646592
1051236638469312512
1051268290398556161
1051268542455255040
1051300938848370688
1051302794005803009
1051305670841167872
1051326856773980160
1051346383284899840
1051348207832317952
1051358649925414913
1051367687002226688
1051370773586370560
1051373401825300480
1051376285975490560
1051377121661210624
1051377678262161408
1051377692099190785
1051378586748379136
1051380060853297153
1051380583824326656
1051383974612873217
1051384927667843072
1051389147158581253
1051390941880291328
1051396993174700032
1051402586945925120
1051403047925153792
1051404508377636864
1051412141163597824
1051418216218722304
1051418223751643136
1051418275320647680
1051418957763239936
1051424477463105536
1051436682476707840
1051438931873533953
1051439091676528641
1051446000899039232
1051447710136569856
1051448866132910080
1051454581249593345
1051459080039133184
1051461009414782978
1051463198854012928
1051464892505616384
1051468950926708738
1051475946606403584
1051476491027050496
1051476600917843968
1051484495730417664
1051497361044856832
1051498805982650373
1051501356098445317
1051515081954131968
1051521770619117568
1051522664865681413
1051538958369378304
1051541143706587137
1051550757038841856
1051558511820361728
1051561890822975491
1051562154221031424
1051567630736388097
1051576348991475712
1051593511429124097
1051593858147074048
1051595630974562305
1051596995880804357
1051598395956191233
1051607443057385478
1051610089247911936
1051661758023249922
1051673858175045632
1051685448723116037
1051702963738173440
1051708995986165760
1051714680522252288
1051727800732930048
1051728047005683712
1051739355172270080
1051739443676229632
1051746555022200833
1051751698597900288
1051758160346796032
1051762025834172416
1051767598558404610
1051771642500792321
1051783019546234880
1051794202504425473
1051795078191243264
1051801283257098241
1051816885250068480
1051817548742705158
1051821200752726017
1051846815694360577
1051853469173334018
1051853691072983041
1051870362970087425
1051872521971265538
1051874234786439169
1051877249895542791
1051877391889514496
1051878610276163585
1051878710083764226
1051885803511656448
1051886753911660544
1051887179239186435
1051887256175284224
1051888202662010890
1051893333600202752
1051894404749901824
1051895838803410944
1051896041375756289
1051898311744122882
1051898835218378752
1051899820879818752
1051900674819145728
1051904702600892416
1051913509414600704
1051915082345648129
1051917254470881281
1051919013578764288
1051920328908136448
1051926296589201408
1051929494322405381
1051930060943450113
1051932241994149888
1051935910743420928
1052005628053528577
1052033415338450944
1052061921904656387
1052067398977814528
1052079962453348352
1052080743004934144
1052086162217730048
1052087468323954688
1052089575370358789
1052097846948884480
1052098776435961856
1052103220703711233
1052106452414988288
1052106803075567616
1052114330139938816
1052116152145440768
1052117758169833473
1052120708510289920
1052121643332620288
1052124098199990272
1052124311744651266
1052140888397373440
1052141808317284352
1052162872518877184
1052170374669066240
1052174489042046977
1052176135759585280
1052177205294448640
1052179893428080640
1052180094305923074
1052191910507376640
1052197895364055040
1052199782406475776
1052199992927109122
1052201246218567683
1052209454450700288
1052209866738212864
1052212713844338688
1052216459785633793
1052222657293217792
1052223514822856704
1052223740245893120
1052224130286665729
1052228034365800448
1052234382046416897
1052248493161627648
1052252582393962496
1052259746236039170
1052260013031522310
1052262842089406464
1052265327617179654
1052268669617795073
1052272320776163329
1052285285868830720
1052286296779935744
1052286621691727872
1052301921183248385
1052307815056982018
1052311861306253314
1052319723143225344
1052395417365880832
1052437789835448321
1052445982984687616
1052451060500041729
1052466318543347712
1052466463804518400
1052468072534151168
1052468924984557568
1052478475645407233
1052485021888598016
1052485630918180864
1052505318129840128
1052509534261002240
1052515004035952641
1052516181373083648
1052520247771766789
1052522820142604288
1052525514970357761
1052526644899061761
1052529351919468546
1052539053768404992
1052548570224750593
1052561576471842816
1052566837412724736
1052567200928813056
1052590397099270144
1052591220747198465
1052593742018953216
1052594685351477249
1052597944086683648
1052603223687778309
1052607421414301697
1052609088591400960
1052610728484634624
1052614227872108545
1052616466598584321
1052620253681905664
1052620476097343489
1052622295179628544
1052623119767166976
1052624537890816000
1052628155884699648
1052628251338792969
1052629909959401472
1052631841818198016
1052634110097797120
1052637727278153728
1052640524216066048
1052641342365429760
1052642287329538048
1052644389519024128
1052647680365682688
1052650146624823296
1052655517007527938
1052656745808625664
1052658218969825280
1052658458460282880
1052673130995441664
1052687443625951232
1052688261045411840
1052689703084990465
1052690636338589696
1052690697164349440
1052691208424828931
1052695822180253698
1052699062267518976
1052704139040497665
1052797812541407232
1052823957718671360
1052830476518531073
1052847322529452032
1052851110002794496
1052857090635640832
1052866340334305281
1052866880401272837
1052871485503737857
1052872393159528448
1052873945203003392
1052874122466713600
1052876150417055745
1052883026592448512
1052883050428846080
1052883154032320512
1052893545873514496
1052894333123403776
1052899947601891328
1052902560686854149
1052911611000881153
1052912470539546624
1052912488646356992
1052931171691229184
1052931211969081344
1052965161705852929
1052969215928479744
1052969801675677696
1052970535640952832
1052970775580413952
1052972982182838272
1052976718502342656
1052985675853762562
1052985724507688960
1052988696167899136
1052998056591990785
1052998865685803014
1053005209411223552
1053007846105845760
1053008315423318018
1053013053720207361
1053017954361765889
1053024060991516672
1053040726513254404
1053041830454026243
1053052815730532352
1053061833597313024
1053084467676487687
1053085007428886528
1053087615879208960
1053155709934882817
1053155735977238528
1053167908938018816
1053168279882219520
1053170273258749952
1053171717550604288
1053171745669242880
1053177913791651841
1053184456058683392
1053184595741626368
1053186583850074113
1053187984718262272
1053191297815773184
1053194730035646464
1053195160371245057
1053196643456172033
1053198801866051584
1053199787506483200
1053202416936648704
1053219319532961792
1053228410288422918
1053239867008802816
1053243302575775744
1053243825802657792
1053244201415122944
1053250528094969856
1053260132640063488
1053264550852812800
1053267079237959680
1053272356934819842
1053272556994736132
1053281427528278017
1053281496738512897
1053283061624958988
1053287008049729538
1053288269276839936
1053301323624562690
1053304350683082753
1053305600153714689
1053309688333434881
1053317753191481344
1053326700031950848
1053326722249179138
1053326776372473861
1053327855545921539
1053330965622374400
1053345516921282560
1053347330559279104
1053355858422366209
1053356323973283840
1053377275348037634
1053377985384984576
1053385364910628864
1053390776804237312
1053396490708770817
1053399717412028422
1053415013615046656
1053418993996980225
1053439064588906496
1053485743815847936
1053516960330383362
1053554472138477568
1053564333777657856
1053565475504971776
1053570839529037826
1053574933207547905
1053575281733177344
1053575959960526848
1053576193566478337
1053576721214173184
1053576847462711296
1053576883558891520
1053577214883782656
1053577858721955840
1053580228059168768
1053580466333368320
1053581493082177536
1053582494690430976
1053583190076596224
1053583437976739841
1053585443684540416
1053585566166597632
1053585628682743808
1053585803581014016
1053585941552553984
1053587727093059584
1053587763981963264
1053587823117418496
1053588654839554050
1053589303291535360
1053593595167588353
1053598678819225600
1053603891491815426
1053604066423726080
1053606800245866498
1053607765262909441
1053609150339579905
1053609188952301568
1053612848440598534
1053612976803069952
1053618322007355392
1053619820623732737
1053627090636103680
1053629633214771200
1053630010689495040
1053630633107488768
1053640407513477121
1053646412506939392
1053646872001294336
1053647462743883776
1053654452195024901
1053664287644938243
1053669807105683456
1053684660386099201
1053694692725084163
1053695813040439297
1053701464785383424
1053701510486544385
1053719761652211714
1053721987170926597
1053729390964760580
1053730122006704128
1053733159110619137
1053734539795808262
1053735264655474688
1053738092442591232
1053738141956231168
1053740988211052544
1053744086946115586
1053745977742389249
1053747748149886977
1053750596111683584
1053752013350150144
1053755722381574144
1053761999518265345
1053762454168072193
1053770611749765120
1053771899480743937
1053778833625833474
1053779246118830080
1053782546360741888
1053788142229172229
1053797319500578816
1053798203957694464
1053801063646724096
1053840657868046336
1053841057178419201
1053872185599803392
1053872632876163072
1053881067868950528
1053891482812321792
1053897243651125248
1053908327091093506
1053908517944467456
1053909399591403520
1053913631639961600
1053913634542403586
1053916929159847937
1053918564116131840
1053935308394414080
1053944507513929729
1053951218861723648
1053952477190610944
1053957045601398784
1053963606075813889
1053965919096070144
1053966806917021697
1053968151698911233
1053970809641988096
1053971170335309824
1053981495877136384
1053985001363173376
1053989242345570308
1053991341993222144
1053997024029347840
1054002634577924097
1054003035561754625
1054004015502110720
1054004657666867202
1054006484558856192
1054010798115340293
1054014430382571525
1054015070047494145
1054020836779311104
1054028476553019392
1054030147714777089
1054031972660592640
1054043293061910528
1054043624869163009
1054044038813401088
1054047862366093313
1054048750300291072
1054052550738092033
1054054587064295424
1054061873430069248
1054062089873035264
1054062214846603265
1054065563138441217
1054071998467530754
1054081947381702659
1054083611203436550
1054085821651918848
1054090452155187202
1054092001115746304
1054099541107052544
1054102107270324224
1054107093895168001
1054110211106136065
1054110743342313473
1054111830518521863
1054112392983035905
1054113357685506050
1054113881948332033
1054118705397972992
1054131771930038272
1054143245435977728
1054157144101175296
1054173273720844288
1054188356035403777
1054206008589991936
1054242140811939841
1054244778668408832
1054245720251875328
1054248139530485760
1054254815528792065
1054282591120097281
1054286249433972736
1054286550148808704
1054291461234155520
1054306603929911296
1054308428460494849
1054324658651185152
1054324799613349889
1054326310024200192
1054327049920413701
1054328416827269120
1054332239117463556
1054335677167493121
1054338643039535106
1054341575223009285
1054343498667909120
1054346764835266560
1054353488724025344
1054358061320671232
1054370323804680192
1054393146547802113
1054394899745923078
1054405626414186497
1054415220049956865
1054420109886930944
1054420916770349056
1054422932531920897
1054427772360314881
1054428246685683713
1054430562381955072
1054431876033798144
1054432196935778307
1054434639689981952
1054434946302046208
1054437135711920128
1054449582711758851
1054455635100745728
1054456437911535616
1054460509414715393
1054461067148124161
1054474869184827392
1054485270454849539
1054492595311665154
1054494114073505792
1054503586468712448
1054508218263707648
1054576072879206401
1054613697107320833
1054619387431411712
1054620899054403586
1054621330157527040
1054624991461949440
1054637765642608640
1054642278264987649
1054652477549801472
1054667007474442240
1054676263468744705
1054686068484775936
1054686437185077248
1054720462641643521
1054726278857871360
1054735760010760194
1054755939272798210
1054758082935488512
1054766029975576576
1054768159738265600
1054768717828157440
1054774032443363335
1054781622699077633
1054782134844616704
1054790985639546880
1054791761590132736
1054800828010319872
1054802968795627520
1054805618748518406
1054805754987900928
1054807440330551297
1054809291948019712
1054811601071681536
1054814208259485696
1054816611574546432
1054821703052918784
1054823321618001926
1054828005837684742
1054828855133986816
1054828985195159560
1054831637668790272
1054832558750527492
1054850228099145729
1054856108911853568
1054859504230244352
1054882495307698177
1054894184409300992
1054989143162474497
1054991383604461569
1054992118052196355
1054992843792629760
1054994370393489408
1054998521076686848
1055005343946813440
1055020695946706945
1055028042253381633
1055033228501884928
1055039043237527553
1055039126968455169
1055041917900255232
1055043034243575808
1055059358172749829
1055060274603024384
1055069541460574208
1055072001067372544
1055093551846080512
1055095912807194629
1055097229814521856
1055099446105686016
1055099671746613248
1055099824817795072
1055100234190209030
1055104400807493632
1055106767246540800
1055111957718749186
1055116443971452937
1055142031713075200
1055147396622098432
1055147823191203840
1055149515194486785
1055149636799860736
1055150459747553280
1055150974371856384
1055152069517049856
1055157960807251970
1055160375052828672
1055160817547730946
1055179166822346752
1055200271721218048
1055202536628674560
1055248894462976001
1055249988043845632
1055268329328381952
1055274479830454272
1055274536474558465
1055347902384619521
1055348824993136640
1055350188699672577
1055376650559541248
1055381947155910657
1055390866783825920
1055398061269229571
1055400893657550848
1055405134518329344
1055409493641740288
1055414062912323584
1055427260713496576
1055428947733872640
1055436409144819716
1055436985232515078
1055444234675896320
1055455190160154625
1055462172451581953
1055463126651625472
1055471055966474240
1055472367340793856
1055474291045752834
1055474925862088704
1055483393524273154
1055486094035292163
1055486355952680960
1055491162633584641
1055502535082078211
1055503030840262656
1055504499257815041
1055506483998269445
1055511360291909632
1055518101385560064
1055518491044913152
1055522256674324480
1055524505244844032
1055528525288087553
1055529128022171648
1055530439757180929
1055531370888552450
1055534465445969920
1055540796340998145
1055540931389243392
1055541162080112641
1055541206950789120
1055543533782921217
1055544725640564736
1055545133670764544
1055545446138023937
1055548262206312450
1055555006588485633
1055562487196725249
1055568079453896704
1055570264245841920
1055570284835680256
1055570779331530753
1055587039813476352
1055589334911352832
1055600410399047680
1055604447005601792
1055606882214338561
1055612419135979521
1055622067264147458
1055639889717485569
1055646067499257857
1055646473495437313
1055653169722728448
1055678816620810240
1055686974139379712
1055689131269984257
1055690065731637248
1055715419477213184
1055726597704171520
1055728678498373633
1055737072017915904
1055738229373177856
1055743637491982336
1055744497311772673
1055745227158421505
1055751644971962368
1055752943574630400
1055761177324732418
1055764235706396672
1055766454568656896
1055766868076716032
1055769495254515712
1055770407243038720
1055772639871033344
1055780008806006785
1055781528851095552
1055783355537649665
1055788515693355008
1055805353324134401
1055810127293571072
1055837251450605573
1055842290474930180
1055851392122974209
1055861133800849413
1055862623600689152
1055866647360233474
1055868090976747525
1055871493316456451
1055875740045053954
1055889660113637376
1055889844231057409
1055890409178591232
1055890961153302528
1055902324365893633
1055928278907797516
1055937523388637185
1055963848929304576
1055995141398372354
1055997032584896512
1056009019930828801
1056055242255749121
1056055947473367040
1056056604150452224
1056061831662452739
1056066491936919553
1056067652295237637
1056079448557211648
1056087654297673728
1056095415160967168
1056096062216142849
1056098463656669184
1056104418515566592
1056120389556977667
1056124679537201152
1056124865764302848
1056132079140921350
1056134576412770305
1056135098456772610
1056135987775107072
1056137410482970624
1056137717539573760
1056138019076489217
1056140598586040321
1056140681226477569
1056142362722869248
1056151951715446785
1056156394355941377
1056161553752449024
1056165215866417153
1056169850069024768
1056172265174454273
1056174200434634754
1056175447401287681
1056179357327286272
1056183846046179328
1056199595259322371
1056201013777100800
1056204059672227840
1056208603353374722
1056217627838869505
1056220111290408960
1056221828841177088
1056232449225777153
1056232562895585286
1056241963161346048
1056243719752613888
1056254715632193539
1056263025693523968
1056263701244841986
1056264099049496576
1056273271975489536
1056273574078619649
1056282431064563712
1056285558341881856
1056286127118868480
1056295471168282630
1056297308676128776
1056308998654357505
1056309788005535744
1056313371212083206
1056333266029109248
1056356569598717952
1056383301194256385
1056409930796855296
1056413351671148544
1056418711412920320
1056423434358525953
1056428811208871937
1056437084129554432
1056437227302109186
1056448009192595456
1056462919939096582
1056466323612549120
1056466564558569474
1056469977690267648
1056470008723841024
1056475486925344769
1056477185249345537
1056477278325170176
1056480882440261633
1056481674765221888
1056481717618380800
1056483336137269248
1056484879221710849
1056486159755370496
1056486240273514496
1056491330493394944
1056493570654384128
1056517406359609344
1056522387640987648
1056525844225687552
1056532850307227648
1056535012919701505
1056537284521197569
1056538240843481088
1056539180782632961
1056539250416594945
1056543566355488768
1056543789484048385
1056545736920387584
1056551035781685249
1056552074492723200
1056555658097635330
1056555917754417153
1056567897005408256
1056570196826177537
1056570657792802817
1056570821353848833
1056577567904489474
1056581720684814336
1056585079881916417
1056593950545530880
1056596812604366848
1056596839414333440
1056601119340855296
1056602888087240704
1056610414748934144
1056612347496816640
1056613506366296064
1056615054005714944
1056624573867847680
1056625271397326848
1056626186569297939
1056628251429425152
1056638732609224704
1056638983378214912
1056644989650944001
1056648227649396738
1056653260382179328
1056653676490694658
1056654706607640576
1056655928622235648
1056658025149353984
1056661268021551111
1056671232144347136
1056687228380999681
1056693662875299841
1056725683035082752
1056726707242037248
1056755481056854016
1056779959849680896
1056781709709058048
1056785556313661440
1056787182445346817
1056787373709819904
1056792515901304833
1056797783540285440
1056800078243852294
1056803767528636418
1056808324656758785
1056814559913263104
1056814958300876800
1056820477920993280
1056822305517694978
1056828287450841088
1056829452204810241
1056833296276033537
1056841375822548992
1056842097196703744
1056844787406520320
1056845159864958981
1056847877232910336
1056849318546685952
1056849506015346693
1056851149310050305
1056852143087468544
1056854036216012800
1056854366798393344
1056859754910412801
1056863045228617728
1056863657995444225
1056864872695259143
1056867257970814981
1056869547649703936
1056882484158390272
1056883960637198336
1056897234263072769
1056907724640935936
1056919817238859776
1056921143037345792
1056922669784989697
1056927054908801027
1056941987490906114
1056944331419017216
1056951565406388224
1056953820004188162
1056957641891700736
1056964060422594560
1056967899620040704
1056970968453865472
1056974654374600709
1056975696247963648
1056978475846905856
1056979443854532609
1056980428685377536
1056985430841802753
1056990394746105856
1056995252144390149
1056995970691596289
1057001128443940865
1057003339244859397
1057003525878751233
1057003906327293957
1057005341186162689
1057006515155095552
1057007396801966080
1057009756538372096
1057010094574055424
1057010981694529541
1057013426105581570
1057014965020868609
1057022504269725697
1057027321033646081
1057028661919014920
1057031386551463936
1057051201718624262
1057130393919471617
1057145347452088320
1057146446372331520
1057170876108562432
1057182908291735552
1057184117048201217
1057195967236227073
1057196479373328384
1057198137406840833
1057203300184084480
1057209880195547137
1057209966606630912
1057216324747907072
1057221761408872448
1057233307052720129
1057233381832957952
1057260251249029121
1057262398351032322
1057272308614787072
1057280607749918722
1057280725349744640
1057282389674811392
1057289994350538753
1057291608318722049
1057291612479520768
1057304254115913731
1057309811107397632
1057309832041168896
1057310266663321600
1057311129419108352
1057322253426352128
1057325283525693440
1057330057503539200
1057334933650325505
1057335276878618626
1057342199598383104
1057347292288729088
1057348801420234754
1057349329906585600
1057349598342201345
1057364927239872514
1057373169881964544
1057381109217062912
1057517281583030272
1057518709324087296
1057526366449664000
1057544300026826753
1057552827457904640
1057560364991148032
1057561537764909056
1057568287247265792
1057570843256078337
1057589352304467974
1057589400127922176
1057590803940470784
1057596306464616449
1057598880525836288
1057599009248985088
1057599860172558338
1057600536827047936
1057604654786375680
1057604723166064640
1057605441230983168
1057613200269733888
1057649906305982470
1057651420458086404
1057651625148538880
1057655221718016000
1057657719023378432
1057657916180848641
1057659245779390464
1057660290156974082
1057660600518623232
1057667342744854528
1057685698382348288
1057688432246484994
1057692056133476355
1057693072824434691
1057693667983536129
1057694151838482433
1057694703989202953
1057694788693057536
1057697514588114946
1057697905061085193
1057698316975329280
1057714111440662528
1057716664094113792
1057737488423419905
1057747301450612743
1057749399793737728
