1112508595776704512
1112525279468183554
1112579913645780993
1112580694633603073
1112599361383485445
1112601243099238400
1112602395534462976
1112610747639582721
1112641589619421185
1112644510977347584
1112677286912888833
1112678322075586560
1112678534038867969
1112688631779610624
1112690888982044672
1112693284416176128
1112697041250148354
1112697049244413953
1112699891715837952
1112701988435910659
1112705977625776128
1112720017668431872
1112733290967023618
1112755786269237249
1112778338618273793
1112793111045070855
1112793352951484417
1112793624335577089
1112876301625581569
1112966806300512256
1112971886026264576
1112977949312126976
1112977949324709890
1112985832095449088
1112997974198685696
1112998040858750976
1112998369302142977
1113005185016758275
1113017744881041408
1113024623065661440
1113025714905927680
1113032380049252352
1113039329604112384
1113045299369558017
1113055911793319936
1113083988032225280
1113091252516540416
1113096182530740225
1113099235174633473
1113100485907615744
1113100698156138496
1113105830046400513
1113107222794588160
1113108646047563776
1113112819346665472
1113115571132993542
1113115573238595586
1113115777933152256
1113115995852419072
1113117117145141248
1113119369436057601
1113122614212472832
1113123600733745154
1113125242388516865
1113126268571185152
1113126287151915011
1113130399549534208
1113130420642643968
1113131150892044288
1113133228309741568
1113135213079609345
1113135859073601537
1113136554158026757
1113137077858832389
1113137419270918144
1113137970826088449
1113141049847885825
1113143070986506240
1113144021252276230
1113144516037545985
1113147397541126146
1113147616458629122
1113153032559230976
1113156430394163201
1113158132853825537
1113158396679794688
1113158617706975232
1113160080273354752
1113163540964229121
1113164712190070784
1113166595256451073
1113169051025649664
1113173754115489792
1113175014675820545
1113175444814266369
1113176131862183936
1113179678569848838
1113185186513080326
1113185379463696387
1113186485480640513
1113187385582530560
1113192074810155008
1113199477240631296
1113199606119030784
1113202730460434435
1113208511050264576
1113209232063639552
1113216133769957376
1113216544404905989
1113217210447740934
1113231198027956224
1113233904390033411
1113235349155844096
1113241387699507202
1113243867761897472
1113274996237963264
1113277417173528577
1113278685539442693
1113301286622060544
1113311774378471425
1113317817967894528
1113321350414909441
1113328047850184704
1113328554530439169
1113331547585880064
1113332135631388674
1113334401411297281
1113334917310689282
1113336435208261632
1113337545016975360
1113337759798890496
1113337924198834176
1113340292877430784
1113343182580912128
1113350705065201669
1113350932010549248
1113353740101275648
1113359069274943488
1113361130875912192
1113362163073212416
1113363279206866945
1113365700570243073
1113370342796427264
1113374328651964416
1113379322352549888
1113387027330928640
1113388480237854721
1113389515517906944
1113393998150946816
1113395324712890368
1113395955754328064
1113398122539941888
1113398145600430081
1113400689848475649
1113401002353360896
1113403687110574080
1113406074940477440
1113406605079584769
1113407454438670341
1113408727154069504
1113408942145716224
1113413094510944259
1113413479988379650
1113422284646244352
1113422500258562052
1113424095037751297
1113425534820782080
1113425873733074944
1113426829241491458
1113426960066207745
1113429116777324544
1113430124366508033
1113431200897667072
1113435099926814720
1113438797218426881
1113438993914396672
1113439993844961281
1113442891689594881
1113443510366167040
1113447462860152833
1113447500806086656
1113451024029761536
1113457281520361477
1113460589970505728
1113462086074396673
1113462462320455682
1113465483230089219
1113482264468426752
1113483240269066240
1113483492753661953
1113491192472395779
1113492609274720256
1113498462425890817
1113503550573879298
1113509244735766529
1113511922383691777
1113519169318858758
1113521365099982848
1113522375478345728
1113525256491286528
1113525963651002368
1113526739202990086
1113532799934455810
1113533071750586368
1113533081825284101
1113535607639244801
1113539741536878600
1113541042123563008
1113547318949814272
1113548224508375040
1113549065051099136
1113561598608777217
1113561944911482881
1113563076522074112
1113567375700439040
1113568283674935296
1113572537647214599
1113601079466504192
1113601593679781888
1113628135235497984
1113648456227119104
1113648548917207041
1113660496794619904
1113674016823422976
1113675846672375808
1113677499672797184
1113677530966515712
1113678169083609089
1113683924067258369
1113694736416628736
1113704915325652993
1113709882220457984
1113728723038162945
1113735287933370368
1113750561499774976
1113751204499161093
1113767852933287936
1113768034861223939
1113770919829344259
1113772759023259650
1113774911531753472
1113775378827550726
1113788931538132992
1113795802512674822
1113797219789017098
1113800666160308229
1113800896490680320
1113800977897938944
1113801210652450816
1113805488020512768
1113808377472327686
1113815952792199168
1113816356707762181
1113822472426729472
1113822829764579329
1113826191952285696
1113829322148724743
1113834865743548416
1113840582168854529
1113843736713338880
1113845222490824704
1113846252033257472
1113848950115770373
1113857620123820037
1113858374008037377
1113860103189483521
1113860186366722048
1113862913847115776
1113865622176321536
1113865840259153920
1113873332145881088
1113875728754532352
1113877499581169665
1113879629880791040
1113885868488646658
1113886325206331393
1113888127947550725
1113893162710446081
1113893337717669888
1113897710002819077
1113900430692691968
1113901313602015235
1113902326107054081
1113905538943934464
1113907079943737348
1113940007738388481
1113955295137619968
1114031456970362880
1114043106641555456
1114052127775756293
1114068178953560064
1114095195715526656
1114108031531401216
1114112952490188800
1114115226448932867
1114117928117571585
1114120286054559744
1114123922927169537
1114131965911945216
1114141973940768768
1114145984974606336
1114150146982514688
1114150373449785344
1114151107469742080
1114153819070509056
1114166551735930880
1114167022848487426
1114167224921743362
1114171266976628736
1114173511319392262
1114175796816560128
1114175971303751689
1114179278470635521
1114181564412379136
1114185309942624256
1114188356739641344
1114191818600665090
1114191830101430273
1114193043375165440
1114196394003378177
1114205621274984448
1114211765057933312
1114221269367521280
1114224943162589184
1114226164522991616
1114226427522703360
1114233156876546049
1114236855388639233
1114242542873251840
1114246188134432768
1114247739183894528
1114250038094499846
1114258569715748864
1114259727410552833
1114260421089865728
1114263564741685248
1114266692828450820
1114269182152073216
1114273537529929729
1114274516497313792
1114280505535619072
1114295513585782784
1114300767790424066
1114302352813694976
1114304742329651200
1114397274929532928
1114406215067611136
1114407840821710848
1114428423542382592
1114436467797966848
1114444554676125697
1114444958314844160
1114459605680177152
1114460722585526272
1114461321565810688
1114467338290593794
1114468428839100417
1114476590900154368
1114482988471816192
1114484084053618688
1114487266540437505
1114487931907997697
1114515216266559489
1114524507916722176
1114529687374528512
1114534899309002752
1114535179069083650
1114538478698627072
1114538965267308544
1114540746139475968
1114541192434397184
1114554485487984640
1114560081465696257
1114561236597915649
1114562123240235008
1114581391885459456
1114585486356635648
1114601106796154880
1114604059254829057
1114605257491910657
1114606132423688194
1114608789502738434
1114629586535485442
1114631832178393088
1114638921567232011
1114647801617633280
1114653299448246273
1114653978082598913
1114689974870396928
1114757302681264128
1114781396000739329
1114794543906344960
1114802301422714881
1114802780672352256
1114803254871900163
1114811326998687744
1114818076040736768
1114819774310158341
1114821418577952768
1114836283740839937
1114839919149637632
1114840728633475072
1114843338744782848
1114844898182742017
1114845845294391296
1114847082173620224
1114847897412091904
1114856198489161729
1114862349444362245
1114863155170115584
1114868190419533824
1114873242458755073
1114873744957353985
1114877551430782976
1114900443795214336
1114901647124258817
1114906109125509121
1114912611047493632
1114913725830459394
1114918945721655297
1114920749662449664
1114921653606203392
1114921788604071937
1114922614030520320
1114924584506208257
1114924632774270979
1114925534109106177
1114925588513341441
1114928198339325954
1114931084511281153
1114934589628329984
1114936819311943685
1114939453041250305
1114939561958871042
1114942591936626688
1114943945006563329
1114954122472636417
1114955973012140032
1114959560375193601
1114961789249134592
1114964923245826048
1114970026023378944
1114984379342884864
1114999183772143616
1115011386080362512
1115011618432266241
1115011888553664514
1115012217391517697
1115021477546528768
1115031504466399233
1115097024511262725
1115110020167999489
1115122269209149441
1115126337520275456
1115146666217066496
1115165227497271296
1115174103902822401
1115179724878303232
1115180768039510016
1115183053889052672
1115195353270190081
1115201292404690944
1115210912460357638
1115217389711429632
1115217443335626758
1115220515742978049
1115222143149707264
1115224011829592064
1115227814259843072
1115229740305195008
1115230373611544578
1115231789608513536
1115231825675345921
1115231919199936519
1115231960308310016
1115232956895891458
1115243303392309248
1115248189630754818
1115248416232300545
1115249338152824832
1115249837711163392
1115259683424559104
1115259925997998081
1115261835094233089
1115277147252371456
1115278441971101696
1115279070328180737
1115282750397976576
1115290499814952960
1115293213101703168
1115298023972724737
1115301070287323137
1115301203229933573
1115304618228162560
1115315067497668614
1115325385506480130
1115337709206294528
1115363382943780864
1115381647074050048
1115385379170004993
1115413003309133824
1115416893488234501
1115435941051555840
1115474870098259968
1115483800170057728
1115500456166301696
1115511315211194369
1115532084997775361
1115542816321499136
1115545008923394048
1115546086842740736
1115571738677600257
1115572643065925632
1115585955375796224
1115588738258821122
1115589651815960576
1115592725397692418
1115601939016773634
1115602435785891841
1115602732184793088
1115604318982270976
1115606200014364672
1115613563228491776
1115615574107787264
1115615867071619072
1115618201176559616
1115619369315385344
1115620385154904066
1115626409005916162
1115634160419463168
1115639238131843072
1115639782581907456
1115646537495977984
1115663216963670017
1115683360553275392
1115686821244092416
1115721941023907840
1115724086817304576
1115725041000255489
1115728709791694848
1115755538141339650
1115763479737188353
1115781433434476546
1115811093887299589
1115832388779675648
1115844951059910656
1115850402069659650
1115852335195013120
1115854516237340677
1115858185838051328
1115872286840643585
1115879751271448576
1115879760083791878
1115887361437700096
1115893613039427584
1115895782337593344
1115905017175773187
1115907832963129345
1115916884728217600
1115918815769038849
1115921459862495233
1115927129697525760
1115928096916504576
1115930608482623489
1115931280410066944
1115941866476843009
1115948875075002369
1115966653496528896
1115967245291872256
1115967991039053824
1115980811772280833
1115981588137947136
1115985129472692227
1115986986202955783
1115997156119404545
1115998788311601152
1116000233089949696
1116014243327938562
1116018824321687552
1116019317575909377
1116030158014701568
1116032262041214976
1116036894775595008
1116044085784141825
1116047475612233728
1116053234529865728
1116060202107908096
1116061182190915588
1116064199975870470
1116070195754303488
1116071962399379456
1116073605736083456
1116074034373058560
1116076931387203586
1116080201669201921
1116086565388918787
1116091220965646337
1116093309703925761
1116095971430150144
1116096690338054146
1116111665685307392
1116125452756713472
1116208676346433536
1116213009691680768
1116215974229884928
1116221894502567936
1116224433314762752
1116239654452330496
1116243099234328576
1116243214124638208
1116252390880174080
1116289307436822529
1116291107078451200
1116293466303152129
1116295558199640065
1116299693376593920
1116316741439823873
1116330717821243393
1116351965305409537
1116353801156354050
1116357746339794945
1116361554751053824
1116373014860509188
1116386717660004355
1116387702440697856
1116396006365593607
1116399597512007680
1116406867490758659
1116429710496608268
1116435894616174592
1116451654579179520
1116451829188124672
1116464388301565952
1116464790820540417
1116490628177780737
1116494120342650880
1116494374102343681
1116495306089271296
1116496267411185665
1116569440533958656
1116604318956707840
1116606564800983041
1116607150950764544
1116619839647277056
1116625758569414659
1116634575441154054
1116637902778322944
1116644648896880640
1116655021410721793
1116695219620257793
1116701251033608192
1116714419562713088
1116714965988184064
1116740699683209216
1116762970489364480
1116766164993085440
1116769995663585281
1116770660871622657
1116773829899182083
1116780055697526784
1116783249236398080
1116788114230513664
1116803413369483264
1116805532734689280
1116806309393911808
1116810393047961601
1116881994477178881
1116907732412575746
1116915637274591233
1116919000724922368
1116925140556746752
1116931809244270593
1116938028277207040
1116954499325857792
1116968267967602688
1116968275106308097
1116972697970511872
1116979049430122496
1116979328946982912
1116979354968502272
1116980941887614978
1116980964117417984
1116983203036897280
1116984140463792128
1116988466955472896
1116988482432458752
1116989043181535232
1116992497622880257
1116994093954097152
1117006903379410944
1117011736534630400
1117017931152592896
1117019037484109824
1117026816408133633
1117033959580246016
1117036113745653760
1117040291708657666
1117046407582625795
1117047655631339520
1117049440320151552
1117051080729346049
1117051461127561218
1117064031460831233
1117064122745655296
1117064317197852673
1117065679419650048
1117071327058374656
1117076734514429952
1117076881537478656
1117077212505808896
1117082013285089280
1117086517376294914
1117088201544359936
1117105474967674882
1117105922978058246
1117108514567204866
1117112942577815552
1117113579214446592
1117118239484600320
1117128606969421824
1117129567460892678
1117130035960397824
1117132571417169920
1117141856788340738
1117142177640058881
1117142860883742720
1117143604902932482
1117144411543166976
1117150990711521280
1117152045172129792
1117162319128289280
1117169028731166720
1117187510520696832
1117188538775298056
1117193243282821121
1117201946891431938
1117203748336668672
1117235735634034688
1117259757675589633
1117275030537347072
1117289216092844033
1117290931147952134
1117291036848611328
1117297307194728449
1117301761675538433
1117307564486811650
1117314143688822784
1117314987582795777
1117326126827876355
1117334435161157633
1117339033103892480
1117341396795559936
1117342142131855360
1117344145138442240
1117346201580572672
1117352230833795072
1117355121195622400
1117359590239350789
1117360700454780929
1117361082555883520
1117361114860478464
1117364371305443329
1117364603770626051
1117364822197374978
1117365945855545345
1117366998005157890
1117370521023283200
1117373660464132096
1117379586558500864
1117382488102526977
1117383422245257216
1117388235326537728
1117389216206528512
1117390826894528513
1117391672885882880
1117391758021861378
1117392099677286400
1117392342728814596
1117393821183225857
1117394144161423361
1117394665102368769
1117395865067507712
1117396356224700416
1117398160224260096
1117399584588869633
1117405527083028480
1117410289715171329
1117414094800412678
1117416661294956555
1117416787539320833
1117417308450897920
1117418595259224072
1117419372904099840
1117420900062830592
1117424752199704581
1117428986253123584
1117429233691832320
1117432617664679936
1117434242110304256
1117437859286474752
1117437991818092544
1117440231593132033
1117440256343781376
1117441009636532224
1117443324904972288
1117447988954193921
1117448756515999750
1117449160888811520
1117454263205212160
1117461225749790720
1117465286301704194
1117467345256103941
1117467435697881088
1117467453007831040
1117468353998872577
1117468458420199424
1117468496164737024
1117469170608816128
1117472393105219584
1117477669946449920
1117482247483994112
1117483195518398465
1117486562286215168
1117487317684555776
1117487451478478848
1117501853460307968
1117502284231872512
1117502507377410048
1117502675573256193
1117502743508217857
1117503255636926464
1117509889746722816
1117516387637968897
1117518999787573248
1117520886809149441
1117533100928577537
1117572287983685632
1117572669254373381
1117573654789931009
1117635676529463304
1117660354132226048
1117685203714158592
1117690089633722369
1117694099203686401
1117694618227879936
1117698589801762816
1117702632691372032
1117705752414650369
1117708274466467840
1117711387885805568
1117714650236366849
1117715624535494656
1117716273654370306
1117725022330789888
1117727506600214528
1117730653603270657
1117742956105089024
1117746790240063488
1117747466462531584
1117761806372569089
1117762265623748608
1117763049576906752
1117770887468605446
1117778042506575872
1117791824586969088
1117800294811951105
1117800298754531328
1117802616090693633
1117819874401640449
1117842857975603206
1117884640327610373
1117885580287840259
1117899916825616386
1117916801000566784
1117926298997882880
1117933230106107904
1117945619203678209
1118018895145836544
1118023700375273472
1118031047113859072
1118046149561155584
1118068818935525382
1118072289306775552
1118085100133081088
1118088297719398401
1118088313653559299
1118091668262092801
1118096897267335169
1118121920644485120
1118122518466973698
1118131923073810433
1118134447252082688
1118140906417401866
1118158170197721088
1118172478029824001
1118174305697828864
1118176419199188992
1118186876580573192
1118201366483103744
1118202074481737728
1118206296484909056
1118215787746078722
1118221594642538502
1118222611618652160
1118223675591921664
1118225859574468608
1118227502441349121
1118227557407756294
1118259258796204032
1118261349631561728
1118292463398027265
1118340208871780352
1118406875903660032
1118411126574858240
1118420005924818944
1118427038090715137
1118430954735964160
1118441518979846144
1118441789856333831
1118442665706651649
1118452021026336768
1118452943362113536
1118454315323207680
1118497449956585472
1118501420704182273
1118507744896720898
1118509358424514561
1118518131079688194
1118530551751876609
1118539432720773120
1118542930480906243
1118543632611586049
1118545707487641600
1118546331235233792
1118546972934275074
1118551584689074177
1118559747836456960
1118562917534900224
1118563350009532416
1118570480355749888
1118570859923431426
1118572615256477696
1118575020245245953
1118581746663141376
1118582288990781440
1118594324349038593
1118597868321955841
1118627602401517569
1118634830181339137
1118652109472313344
1118656327662866432
1118743833439817730
1118758573482418177
1118768733634420736
1118772184401551360
1118772876495196160
1118773858797010944
1118786455130841089
1118788181929934850
1118794581670354945
1118802752103178240
1118819410997915649
1118834017787351040
1118845684973752320
1118847173104418821
1118857325438070784
1118877004856745986
1118881841988214785
1118884688251314178
1118885979497140230
1118897000467107841
1118900398004363264
1118901043646144513
1118903548773666816
1118907767807467522
1118909173780164608
1118910636308750336
1118910995752054784
1118911223100248064
1118913666273951744
1118915564179734528
1118915823811399680
1118919234090881024
1118924357944913921
1118929066080526336
1118931764687384576
1118932865419567105
1118933729706151938
1118935433138851840
1118935557600620545
1118936265611722752
1118949674352644096
1118952125936041984
1118957087357378560
1118957784056385536
1118965720841252864
1118967055158583297
1118969286083657729
1118971216327524353
1118976777966235650
1118978146685128704
1118982635416621056
1118989329831989269
1118990865379332096
1118993771998453762
1118994199821598725
1118995264352788482
1118999368038846464
1119001460170285058
1119002846391828480
1119011798118612992
1119020563987599361
1119023540659990528
1119026467873132545
1119032492164624385
1119056950401089536
1119092758860324865
1119107101257658372
1119163288577667078
1119170616022786048
1119175702849388545
1119182436833943554
1119188434290184192
1119189860651282434
1119190421530402818
1119190591391268864
1119201638173036546
1119213768666431488
1119213901667811328
1119216755891507210
1119218871934779392
1119218906743414784
1119219762620506112
1119220998874763265
1119223083808841733
1119223636664246273
1119223942009499653
1119223964218396673
1119226813404844032
1119227013909372928
1119228932795129859
1119229969224404992
1119233591395979265
1119235453411106816
1119237859976843264
1119256215891185664
1119256451204222978
1119258914938392583
1119259402320527360
1119260713451548673
1119262116043730944
1119263883112386565
1119266079254224896
1119266632033951744
1119268369725886464
1119269069759352833
1119269315990249474
1119270621190545408
1119271387980496896
1119285038338777093
1119285320619630594
1119285687608594432
1119297810006970369
1119301319859363840
1119304429860212736
1119304857272250369
1119306022437494789
1119309897148006402
1119312883068887041
1119313957645426688
1119318130986291202
1119324052479520780
1119324299524038656
1119330827542908929
1119333370557865984
1119334960186437632
1119344009414094854
1119344023225950208
1119346718833815554
1119363656343486464
1119382326457270277
1119382451028144133
1119386752253419521
1119390498240831488
1119393167466430464
1119412182071107584
1119465717441728512
1119469424552099840
1119481787657412613
1119485424546787328
1119498912191131648
1119519564918865920
1119523460676505600
1119537407098015744
1119539170375086081
1119556497896292353
1119568700804345856
1119569910433222656
1119578962148122629
1119582772165787648
1119583514641539072
1119591546263830530
1119592794132287488
1119605521210859520
1119608133540773889
1119617824459247616
1119618068303491072
1119625703455117312
1119627502039764993
1119627701638311938
1119635549617381376
1119638181744467968
1119643674583994368
1119644489356861441
1119650827763888133
1119651349971525633
1119654987259314176
1119654990635773953
1119655175994654721
1119669535639068672
1119691519869509633
1119703030499356673
1119724892499382273
1119728919412912128
1119737498161299456
1119738453485346816
1119760493722439682
1119774472909860864
1119840646435692545
1119849090609819648
1119855214549438465
1119865876038201344
1119866076089729024
1119874740678791168
1119881326600052741
1119895033719742466
1119895174514192385
1119907458301009921
1119907961256730624
1119915388517724160
1119917016742338560
1119917116994596865
1119919716196388864
1119927872448356353
1119931516908384256
1119933515490000896
1119937064714297345
1119937564230733824
1119941922917879809
1119948486223499264
1119965393043509249
1119966035602497536
1119967635280732160
1119981921713389571
1119988752359788546
1119995444900315137
1119998981499760647
1120000400801845248
1120003596844707841
1120015110645395456
1120017560240521216
1120017758056587264
1120017964017881088
1120025926463631360
1120041264613863424
1120045233264369664
1120050269784629248
1120052938645307392
1120055177778692097
1120063968406659072
1120067712657559557
1120072817519804418
1120081910800289792
1120096616436903942
1120103528045973504
1120106813398110213
1120129005259194369
1120144728866082817
1120157013802143744
1120157154521096192
1120160771260989441
1120170762931822592
1120192249449652224
1120223502693539841
1120226146627522561
1120232081152466944
1120252662564433921
1120254523086450688
1120256795665227779
1120257926416015360
1120257976785362944
1120263811024478208
1120268736840310784
1120268973386366976
1120269351288885248
1120274366711963650
1120274972931440641
1120277092808241152
1120277471071543297
1120281825560100864
1120299322363478016
1120302210188025856
1120303487479361536
1120304959252238341
1120316045665947649
1120316346473091074
1120320707370602497
1120323394061438977
1120325334753263617
1120326716789088256
1120334000206360577
1120334563933396992
1120339532757569536
1120348413072150529
1120352188998537216
1120352571749695495
1120352684987621378
1120352898058158080
1120356537468321792
1120357446365646849
1120365646632632324
1120368587682787329
1120371447363506177
1120376458977742851
1120383062771212290
1120384138496937985
1120389833510273025
1120394876762435585
1120403014894923777
1120406388453314562
1120409847474925575
1120410312216387586
1120415296706183169
1120415407142318080
1120415945149829120
1120417368759525377
1120420757710962688
1120429748189057024
1120429945346514944
1120450528436264961
1120464341571133441
1120473064452632577
1120498154795884546
1120505854673997826
1120557280850788352
1120563994039857152
1120566895244120065
1120571902811045888
1120572089885503488
1120579139227070464
1120590805700313088
1120598063536594944
1120601428018565120
1120602180661256194
1120604730001100800
1120605192574128129
1120607038487314433
1120615757195501568
1120620750061342720
1120629784206303233
1120630957365768192
1120653406920695808
1120656103468040193
1120680093599379456
1120680315918475266
1120697207739637765
1120698852695166977
1120699504871845888
1120706841967833089
1120711710346813446
1120717602802761729
1120722694738198528
1120723758006919168
1120725081708273664
1120726555972571137
1120742118157430789
1120743212451278848
1120749213648814080
1120751411883589632
1120753657509744646
1120759210776702976
1120760845712134144
1120763370687299589
1120767742427258881
1120777862976503808
1120782229704146946
1120792136071487488
1120797767339847680
1120807670070558726
1120808637289639936
1120811819084525568
1120812183569477632
1120815518460588033
1120906439353090053
1120914428948439040
1120914501619068928
1120919936522686466
1120922684832002049
1120930929134981120
1120940888732131328
1120950095644692481
1120952191714504704
1120954303789899776
1120963628658769921
1120963797185961985
1120970952655896576
1120971049502429184
1120971331833663488
1120984134309023744
1120985927373991937
1120988976419147776
1120998646366052352
1120999817860255744
1121002784495755265
1121004637119758336
1121018806321799169
1121023153793376261
1121024323928637440
1121024742075584512
1121027864395165697
1121036244060737536
1121036716003999744
1121037435742322688
1121040363450449920
1121041313380618241
1121061679226396672
1121064322917122048
1121067491688615937
1121068984437280768
1121076522863996935
1121078711443427328
1121092110218874880
1121093363011391493
1121094568479547394
1121103521628262401
1121107052812587008
1121112409496854531
1121114733837471746
1121119254038839296
1121121757182791680
1121128658092089346
1121140714207887360
1121141764444819456
1121148451394220032
1121152706117292037
1121153469149323269
1121156866845712384
1121159313391853568
1121164857825533952
1121168736030007296
1121170493728526337
1121171296103141376
1121173509877764101
1121188719661285382
1121197908135694336
1121257873256980482
1121271641474990081
1121276676741246976
1121304664924983296
1121308417250013184
1121308768053157888
1121310444646555648
1121315227935625216
1121317454595149826
1121327727280308224
1121340617169227776
1121343268845838336
1121347312180178944
1121351316893249536
1121387938737160192
1121392739856343041
1121394957376421895
1121396287457374209
1121397234032099329
1121398825833332736
1121401614974246915
1121429242871537664
1121430105308520449
1121436871870099456
1121447554166796289
1121447561905287169
1121449263974768643
1121461017219883010
1121464152483037188
1121470959016452096
1121478054080020480
1121480398037504000
1121481540075229189
1121481827691180033
1121482716879446019
1121485549288685569
1121492037075963904
1121497716561989637
1121520734080241665
1121529878053044225
1121530119254945793
1121531126307278853
1121560729277087744
1121560735992225792
1121562185099042821
1121571682710368257
1121609448634478593
1121616478258618373
1121641148756283395
1121648748843507712
1121652568176771074
1121655208889569285
1121656849298669569
1121670111671144450
1121672017562836992
1121672472674234368
1121684232630198274
1121707143248449541
1121717968696684549
1121721853616295938
1121736218096619520
1121744133612294144
1121747923140739073
1121749429332193280
1121752471452422146
1121767326855176192
1121773023533703169
1121775441096978433
1121787243088101376
1121798892763279360
1121799936977149953
1121801850137694208
1121804631145947141
1121811998281490433
1121812088886894595
1121815954755936257
1121824950640357376
1121830372684308481
1121830817871933440
1121832203896401921
1121833543167033344
1121835037996011526
1121841155048710144
1121841933880582144
1121845332147691522
1121846498952658947
1121846720403578881
1121847801283956736
1121848433344765953
1121850886131781638
1121862753977810946
1121866642290556932
1121869611237019649
1121869752996114433
1121871347666309120
1121874795833044994
1121876033538527232
1121876612805464070
1121876675690627072
1121909416259985413
1121913608139694080
1121914535156375557
1122006710820986881
1122013092911697920
1122017372628348928
1122027294439235584
1122046358376992769
1122048163605569537
1122049367345704960
1122051969101828097
1122055086304301056
1122055347160719360
1122068776877473793
1122097907212193792
1122100451053309952
1122100974510837761
1122102557000777734
1122103445379538944
1122107893019492353
1122110399514652672
1122110408423297024
1122112131334397957
1122117512655720448
1122121176787165185
1122122702658183168
1122137724151058432
1122140062907547650
1122140653041983494
1122165272771727367
1122169827756584960
1122193569622765570
1122201768220418048
1122210433664995329
1122213684657438735
1122214631756505088
1122224654855307264
1122227197417279489
1122228276636934144
1122230944658853890
1122233750211969025
1122233937307193344
1122242117039009793
1122257268928602113
1122272760179326977
1122278476172660737
1122353723269840896
1122354794751057927
1122367213871206401
1122367416816816128
1122374964890435584
1122379342481436673
1122385345746735104
1122400428514213888
1122409336372891648
1122416612513132544
1122417461930938368
1122417551768600577
1122421759918186496
1122431380812632064
1122444720762970113
1122445629689561089
1122450736254717952
1122470363080871936
1122472181710163968
1122474813220691968
1122479910994567168
1122481245181628416
1122505431212019712
1122513272962416640
1122523626115407873
1122526128034414597
1122534493158506497
1122546024126402561
1122552667044306945
1122562610371670017
1122562656626409475
1122567102999728128
1122574102043287552
1122587298187681792
1122587754087501825
1122594108936159232
1122598181143969800
1122599576584773632
1122605063367688192
1122614218912600065
1122620381146357760
1122656601087909888
1122661536508588034
1122689343930421248
1122729693046804480
1122749020064157696
1122787756525203456
1122790299112280065
1122793179496030208
1122793429765959680
1122793970424274944
1122794334460551169
1122797674405793792
1122800963989966851
1122804090134773761
1122807112420216832
1122807613199147008
1122815586164203521
1122817671597314048
1122837878881570816
1122843563514040321
1122844816285544449
1122844911047446530
1122847154601590786
1122849607862636550
1122858401212452864
1122864822239006721
1122876769722425344
1122880285811593217
1122884444493422592
1122888809065136129
1122890604101480452
1122894608135020548
1122897041661861888
1122911066978160646
1122915135868284929
1122919037896466432
1122919370848600069
1122922005290995713
1122932054033870849
1122934281607745536
1122940977411448832
1122941039055122442
1122942367378628610
1122950130221633538
1122962508690722817
1122976337034084352
1122977344103305216
1122977358783369216
1122981515594555392
1122996274255548422
1123007125779886080
1123014906633183232
1123023485230637057
1123077168987287553
1123079308908613632
1123103861516984320
1123110361433985024
1123121243136364544
1123124483248807936
1123124576337182720
1123125713849192448
1123127434772197376
1123128119295193088
1123133938048864256
1123155280752201728
1123163168581279744
1123165261920653312
1123166601031954432
1123171185964003328
1123186832840118272
1123189424479703040
1123201706236502017
1123204672045473792
1123210167405780993
1123212801865023488
1123226878402277377
1123227912684081153
1123235282483056641
1123252674584035329
1123261171010867200
1123279929603444736
1123281540862095361
1123281744051036161
1123284650699501571
1123291941737836556
1123293538035412993
1123298547271704576
1123298610949578752
1123299271216857089
1123300057653157888
1123303753657012225
1123326183456804870
1123328298736467968
1123332547960766464
1123333634289819650
1123334113287704577
1123334213548367872
1123335047216496640
1123335240741732353
1123335642107265025
1123344573462405120
1123346465106087936
