1059225229002788864
1060942371481882624
1060943740204957697
1062017156135641088
1062645759483502592
1062772560654467072
1062932987451445248
1062933157727604736
1063089680109973505
1063709057419227136
1064157996849274885
1064375480306946048
1064500208027889664
1064555379504308225
1064555665958432769
1064556866724745216
1064557588174462976
1064557964831289347
1064559825835589633
1064561704334323714
1064563078962933761
1064563283632386049
1064563336052858880
1064564138913853440
1064564520947871746
1064565723022815268
1064566219989106688
1064566483458519041
1064566780411006976
1064566802003283969
1064566981762867200
1064567672132628481
1064569111622037505
1064569332250726400
1064569938310918144
1064570079256371200
1064570083035344897
1064570230674845696
1064571238536761344
1064571460855881728
1064572696900493312
1064574184620085248
1064575432865996801
1064577243115020289
1064577281698353153
1064579344465567744
1064581002473824256
1064584336937119745
1064585206017880064
1064591038596018177
1064591914773540869
1064594503506358275
1064594923347800070
1064598998151884802
1064604426835394560
1064606257653276672
1064632283720609792
1064633156546916352
1064638436030726145
1064639158164119553
1064639479032545282
1064645022669201409
1064646772079779841
1064647190675509248
1064647200326610944
1064649031131947008
1064649370035937281
1064651033928884224
1064653985053761536
1064655769734270976
1064659707732811776
1064662361489866753
1064664266555437062
1064665947619770368
1064668690254155776
1064669628549361664
1064678868571774982
1064679506940755969
1064680869678456832
1064683839237238784
1064685465796718593
1064685703223640065
1064689969648680965
1064690297219747840
1064690325317279744
1064690372293492736
1064690669694812160
1064696177654812674
1064696977957412864
1064697003903336448
1064697304651714560
1064697705207816193
1064698976505458689
1064699209708843008
1064699798995918848
1064701010717761536
1064701014106750976
1064701173054095366
1064701201566953473
1064701476730105856
1064701640714838016
1064702143607656448
1064704460117573633
1064706682264051712
1064708107157164032
1064708135582031873
1064710779260174336
1064711193665789953
1064717281685471235
1064717651623071744
1064718477926133761
1064718620104679424
1064718756016869376
1064719484148011008
1064719509297086464
1064719813396783104
1064720057073197056
1064720707601424384
1064723462009192449
1064725133422616576
1064728038007435264
1064730032797413376
1064735240021663744
1064735583124185089
1064740373866532865
1064744800966955008
1064748474736898048
1064750278711234561
1064753381221122048
1064760035517976576
1064761625561845760
1064762296973606912
1064762653166448640
1064764638309474305
1064764988554788864
1064765502373879808
1064765999394643968
1064767829373726720
1064768326377689088
1064770350137757697
1064773937110822912
1064777948941606912
1064785310389755905
1064789938367979520
1064792006180913152
1064801769224495104
1064805344059092992
1064806803253280768
1064813983478120449
1064818185344442368
1064818205460320256
1064820815567319040
1064821360013131777
1064824411759489026
1064824508245266433
1064841300543856641
1064842483366998016
1064848206469652481
1064849801995476992
1064849950884823040
1064852952764964865
1064856727202328577
1064869240912543744
1064874284147978240
1064881018518159362
1064881135115595778
1064887152280973312
1064891369238470657
1064914174474543105
1064924235586551809
1064924403136430081
1064929848202797057
1064935093989306368
1064939515616337921
1064939757652926464
1064942215514984450
1065014552570454016
1065079332781969408
1065090880523116545
1065101031984504832
1065104740617543680
1065114314921652224
1065122623863042049
1065123503391657984
1065151244543696896
1065162071698956288
1065221620342521856
1065225532780867584
1065243371998859264
1065442555712626688
1065552455293968385
1068134492752080897
