1013210583494209536
1013210688351637504
1013210842689691650
1013214311374827520
1013214570847096834
1013214709430906881
1013214964033753089
1013216201332289537
1013216725637128192
1013217023424417795
1013217380359655425
1013218244801585152
1013219894853173248
1013220723215798272
1013222017573769218
1013222227301449728
1013222564108349446
1013222743213518848
1013223624415645696
1013226275224219648
1013226521421545472
1013226666120790017
1013228363148713984
1013229824880476160
1013231507186552832
1013231509283602432
1013231632193675264
1013233379532263424
1013235935566225408
1013238158509596672
1013239462543937537
1013239583771852800
1013240255279853569
1013240729651384320
1013243302848745473
1013243924419366912
1013244062017601536
1013289550028865536
1013414435921317888
1013479623869521920
1013494413392302080
1013501222542667777
1013503730182848512
1013545712750092294
1013571481857675264
1013571784791162880
1013575023888601088
1013577573497036800
1013578387707842560
1013579448845766657
1013580086392565760
1013584396190769154
1013595152328388615
1013600248415936512
1013600609134661632
1013602366548070401
1013604107188342784
1013614578788458496
1013615711111950337
1013618153908154368
1013623904273920000
1013628123772940288
1013628773881864193
1013628861966213121
1013633161123672064
1013647388207144960
1013648768141414401
1013656770840027136
1013657509062537216
1013658456279040000
1013661279729303552
1013669760624680961
1013671173467656193
1013722386565386241
1013722478823333888
1013725364525207552
1013726551509065728
1013740619179659264
1013746914821537792
1013750916200054785
1013751927018946560
1013765902439837696
1013768087701721088
1013772432979656706
1013778103678722048
1013791261202010112
1013803107397046273
1013803286305099776
1013821875439448069
1013823434063835143
1013833023920340992
1013839134983671808
1013847569750003717
1013856654599876608
1013867457566605312
1013869728274608129
1013871829608525824
1013878704060223488
1013880251754004480
1013887935727521792
1013888401307832320
1013894483879124997
1013895405786955776
1013899998528827392
1013900610859667459
1013901936305889282
1013902158624935937
1013903504996478976
1013904616461828096
1013906654914543616
1013909112776732673
1013916582836391937
1013921074935975936
1013921964136828929
1013925889426579457
1013926905014341633
1013931703302160384
1013950427451265024
1013952465870508032
1013952930674806785
1013961768077438976
1013965798799335424
1013970701924163584
1013983268050538497
1013986887764271109
1013996270397149184
1014000502466490371
1014000783472365568
1014014062626246656
1014023734728880129
1014026033203474433
1014026181690060806
1014026758784454656
1014028855969918976
1014043884152815619
1014071805450096640
1014074990461902848
1014090889696829441
1014097193760952320
1014097420228202496
1014105276180582401
1014110376437469184
1014111689254539265
1014113275389227009
1014117506280128513
1014129896724066304
1014131444417998848
1014144686586580992
1014147059832840192
1014156358583832577
1014163606374633472
1014172510873583617
1014174426290515968
1014177200118124545
1014180937226178564
1014181804658561024
1014183437039742976
1014188092708749312
1014197798361845760
1014199077117091840
1014200109393903617
1014202261193420800
1014207557446131712
1014208925833531393
1014217208220692480
1014217859680161794
1014221034772402176
1014224440526286849
1014224836602859520
1014225413621600256
1014241486190325761
1014258877624455168
1014259386577977344
1014259601397542914
1014259800526458880
1014290429544628224
1014293314491723776
1014293613021487104
1014301741549047813
1014309966599950336
1014317400836136960
1014358322747564035
1014359652321153024
1014362699990327298
1014363062302720000
1014367054533668864
1014368806993477633
1014385552160784389
1014403472568012800
1014403801581871106
1014405202462453761
1014405831620620294
1014407329972813826
1014409400952467456
1014430120826662913
1014464715429326851
1014475243149316096
1014480215127388160
1014491663849287682
1014509301690445824
1014512465030201344
1014514659221630977
1014515567204630530
1014516104067026944
1014516552836804609
1014518403363729414
1014534873548316677
1014539806087319552
1014545694890348545
1014547972397420544
1014557245978365952
1014558617524203520
1014560416897339392
1014563664601509899
1014568390260912128
1014568784504516622
1014572194502881280
1014572425575624706
1014583393256902656
1014596789402570752
1014598702495948800
1014602856043671552
1014621349262716928
1014624894242340864
1014634960873971712
1014636556072648704
1014666058807042048
1014676154484027392
1014679811933929473
1014689999906844674
1014691937650126848
1014695807323291648
1014698115750772737
1014703698507902977
1014704298280833029
1014736441702846464
1014741162014302208
1014744659954987008
1014747650623770624
1014757037455101952
1014763010148233216
1014768983776452608
1014771176466288646
1014787329981124608
1014789555910660096
1014790902290710528
1014791614324137986
1014805338602680321
1014807394268803072
1014810678400634886
1014824691570282496
1014825115203325952
1014831293413056515
1014847785433067520
1014858241149489152
1014861780231675904
1014869054757187588
1014886138119708672
1014887157339574274
1014895414095613954
1014898091885985792
1014901733410000896
1014902193927815169
1014903582263562241
1014904639211241474
1014907575228358657
1014914277738729481
1014919206050193409
1014919294113722369
1014925431236112384
1014928307668729856
1014931239474585600
1014933718329245696
1014955590370643968
1014956107511541764
1014964592576000001
1014975352916103169
1014975850205335552
1014984692435582976
1014985417328922625
1014992270804901888
1015001825425182720
1015007697446547457
1015020884329836544
1015028027229696006
1015030098892935168
1015059669079986176
1015064807115018241
1015076144297709573
1015092128781946881
1015104229353062401
1015116220889223168
1015133524754608128
1015135082649128960
1015146621179518977
1015150181107544064
1015150882592362496
1015153776217341953
1015156993705721856
1015165854118379526
1015176669177499649
1015186827790225408
1015206700406792192
1015211384831991810
1015214350817284097
1015214573111136258
1015222258229547010
1015226611162116096
1015244063250042880
1015256696497664001
1015283858395287552
1015285482018795520
1015286513796464640
1015301889485955073
1015307107845861376
1015307271407095808
1015307376294023173
1015310505232228352
1015311310559547392
1015317111244091392
1015325638264344576
1015338116352233474
1015347226351161345
1015362162263408641
1015369703622172672
1015371595286605824
1015442034411425792
1015455229691682816
1015467978652094464
1015470056577200131
1015473307154448384
1015486296486080512
1015488075290603520
1015488167560994816
1015497310296592387
1015498351331151873
1015502321600684033
1015518630807683072
1015524406360248321
1015524624451473409
1015541644924411904
1015541997250084866
1015543683364470784
1015545193003667457
1015545984066248704
1015550658517327873
1015553682593779712
1015554517268561920
1015558145349955584
1015570073912795136
1015578001159880705
1015584036754993152
1015587161524002817
1015593918543507457
1015594614571524096
1015601897896542209
1015608829294153728
1015610733369802753
1015615028471271424
1015617893172514816
1015626848284413952
1015628177614430208
1015629213506863105
1015634523613089793
1015637342185455617
1015650600384679936
1015661977899798530
1015662872893034496
1015679221497286663
1015680626232524806
1015682590345453568
1015688252655898625
1015689301219250176
1015692019128258561
1015712210503569410
1015714559317794816
1015717476187897857
1015718174807949317
1015719315650301952
1015720863344267270
1015724168451588096
1015728736057126912
1015739079022055425
1015746679310434305
1015750101850054656
1015751444022976512
1015755604755992577
1015764454758207489
1015769774050160640
1015781219404075011
1015783220074434560
1015805747676917760
1015806192273113088
1015812240446930944
1015813624571424768
1015817676265066496
1015817919555604480
1015819681158983681
1015821585385775104
1015822134831079424
1015831194527764480
1015837070739243008
1015839516030988289
1015848303072706560
1015850568009461761
1015856235080552448
1015857505384222720
1015867135783038977
1015870193141198849
1015870449673211904
1015871120237629441
1015871669544652800
1015877004246372352
1015888048330981377
1015890929809543170
1015899934980222976
1015920717731434496
1015926593955516416
1015927319570014208
1015932151433396225
1015951105459568642
1015951206160756736
1015953844357029889
1015961956304506880
1015966175593787396
1015975213597708288
1015980474014060545
1015981286152863750
1015984747988779008
1015985955952611329
1015991832285761537
1015992901724229633
1015993809367281664
1015994197772554241
1016000170465644544
1016009737257783296
1016015337052102658
1016015788824645632
1016016939267907584
1016024564139220992
1016024737217155074
1016024912648179713
1016031485139275776
1016031837443981318
1016032621757857792
1016033762633711618
1016034217141075968
1016035939469144065
1016042964945133568
1016045280192495618
1016046957901570048
1016050283829452801
1016050622691328000
1016053317787668480
1016061960952143872
1016066209773694976
1016070549192232961
1016071479413207041
1016071704320323585
1016074086676615169
1016078612313903104
1016081242167447552
1016083700017229829
1016084870240481280
1016086079546576897
1016088605641625602
1016096052213141506
1016098803688996864
1016100628232310785
1016125198070943744
1016135499671592960
1016135864571842561
1016143645014048768
1016144173500682243
1016146157410533376
1016146258044571649
1016158245394796544
1016167263127433217
1016167799989854209
1016175098074521602
1016183561265692674
1016191359387078657
1016192378623971329
1016213580826497025
1016224571169615873
1016226306332250113
1016227891800150018
1016239014712692736
1016239635826118656
1016241179363405826
1016243799939375105
1016245218444791809
1016247550511337472
1016253506406109184
1016266022364631041
1016271642585190401
1016272720512811010
1016274914142285824
1016276952548761601
1016281696319094784
1016288785884172288
1016294434437095425
1016318061291495424
1016318128064737280
1016321739335364608
1016324377544192001
1016326462130008064
1016334527772405760
1016335422601998337
1016348343637856257
1016355222489313280
1016369524436697088
1016369942789312513
1016371001427406848
1016378630782537729
1016388680456564738
1016390588856438784
1016399557096366082
1016402584574332928
1016404118817198081
1016411781919576064
1016420813019508737
1016425577719484418
1016427238676422656
1016432825480990720
1016438030599708675
1016439092815585282
1016439653832982529
1016440102615121922
1016444630957740034
1016462345004957698
1016467105552785408
1016469815068889088
1016474680436420608
1016480285226164231
1016517449003536386
1016520863938592769
1016541311166533633
1016544733731041280
1016565179620868096
1016565470860840960
1016568498632339457
1016585405871689728
1016589356918820864
1016611238594265088
1016622714231099392
1016623536297861121
1016625427945623552
1016632956721532928
1016651499080953856
1016652086908538880
1016653294872203264
1016654205057105920
1016659484364681216
1016669723990294530
1016670449571278848
1016676946565058560
1016680230721933312
1016683653265489922
1016684789921910785
1016691186231197696
1016698945689436161
1016699964888637446
1016702468519014402
1016708164228657153
1016708810675838977
1016713711417950208
1016716253644324864
1016719128688758784
1016724672006836224
1016731275049172993
1016737709447139329
1016743656961794048
1016744147682816001
1016763043026522113
1016765819655786497
1016781044974931968
1016783066663038976
1016784647903174657
1016787172886700032
1016792080197115905
1016793087539073027
1016793201552887808
1016793766324125696
1016794580019175424
1016796001888157696
1016796039620149248
1016804600211333120
1016804642129432576
1016808836458397696
1016812137363144706
1016812263179776001
1016819171236163584
1016820907644370944
1016823009007546372
1016824388530855936
1016826079246364672
1016842067908050944
1016849847138172929
1016862108301058048
1016864780068577280
1016878612862025728
1016884505871872000
1016893062285549568
1016928940328288257
1016943316431036416
1016958665369243648
1016963863370174469
1016982681957961728
1016982887504023552
1016982916855836672
1016983969621946373
1016987492816322560
1017015399781548034
1017018954315808768
1017022292977684481
1017031072666800128
1017032121465167876
1017036918528364544
1017043256117547008
1017049038149992449
1017049279121281024
1017049677408165888
1017050944272502784
1017058223239651329
1017062335993827329
1017071531078443009
1017075669698863104
1017078727325384704
1017082284112072704
1017085626972295169
1017097605883617280
1017104400655921153
1017111883298590728
1017116262147731458
1017121282729627650
1017127864527998977
1017131315525660673
1017136864581640194
1017139593244577792
1017149346826027008
1017153876674441219
1017165499099037696
1017166459577856000
1017174048550408192
1017184398624555008
1017189293377441794
1017198931888017409
1017219597206867968
1017232041744785408
1017248114279899137
1017249388391948289
1017249825576738816
1017261347325784064
1017262437853224960
1017280464963321856
1017292020275130369
1017330300987330560
1017338403359248384
1017351557808082944
1017357044548923397
1017363931604582400
1017365974230548480
1017372647108300800
1017392656706691073
1017404719172485120
1017410169620164608
1017420735072034816
1017427890563158016
1017435946504146950
1017440121128448000
1017442332822724609
1017442389915512833
1017445783447195648
1017447155009753088
1017452569843716097
1017452646666506241
1017453135235870722
1017461705046155264
1017463298852302848
1017465442179407872
1017473134495182858
1017474426366021633
1017477001668628480
1017478993954639873
1017487579699130369
1017508089388589062
1017512737151311874
1017515442473259008
1017525022238396416
1017529925371355140
1017532392058204166
1017532555208413186
1017534409115762688
1017538007799422977
1017541774284337157
1017544256133746688
1017544529975566336
1017545716942581761
1017546903922315267
1017548174787895296
1017560503923757056
1017562319914721281
1017563953776513025
1017566814555996160
1017568269723668485
1017571373500289025
1017574682793521152
1017579196745478144
1017591984293367810
1017598837794443264
1017604118439972864
1017619754784305153
1017634036389498880
1017639234285461504
1017643686908309505
1017668768607100930
1017677254522834944
1017681926964953089
1017689787111788544
1017691602515611649
1017694220486770689
1017711387777302528
1017712998377541634
1017726466283499520
1017728265635713024
1017729401386094593
1017739938396160001
1017744967358349314
1017745885927821313
1017747504929083393
1017755714419412994
1017760525101551618
1017760758921383937
1017766131833004032
1017768954599596033
1017771977623339010
1017781021608161281
1017785626937217025
1017785635330027521
1017787673740623873
1017796922214703104
1017813246428971008
1017820037028155392
1017823193502044161
1017842322984394752
1017842329745412096
1017842635933929472
1017850444838850561
1017851282676224003
1017852458976960512
1017864003891220480
1017868263123013632
1017886181197938688
1017891470181888001
1017902622869614592
1017917516809719808
1017921755145490434
1017933883017388032
1017951901747499008
1017951922685280256
1017952329557934080
1017952446990041088
1017952496264892416
1017952933533515776
1017953495574462464
1017954648991232000
1017955840186187776
1017959749285900288
1017962056153161728
1017963880302235649
1017967777167048704
1017974777468932096
1017984030082510848
1018027927672377344
1018034973583036416
1018045193059172352
1018050342037147648
1018072646376968197
1018076724234465280
1018077131056742400
1018087798174355456
1018090951288545281
1018099096631107585
1018099289581637633
1018099767740588032
1018108883032772608
1018117434274930688
1018121531971592192
1018123265531711488
1018124346366275584
1018126407862538240
1018129840438824960
1018130067392684033
1018146223826628608
1018149377951633409
1018177664329437184
1018189332878852096
1018189446158737408
1018190633138130944
1018192239560986624
1018192830932533248
1018198333867864067
1018206028222132224
1018224405669974016
1018225919801151489
1018231196252233728
1018258270488748032
1018266155784470529
1018271943898722304
1018275274176245760
1018292093330939904
1018293708163182596
1018299796010958856
1018300377471574016
1018305909368373248
1018318366480654336
1018323210893488128
1018337295345291266
1018351208681967616
1018364456823291904
1018368098338889729
1018373710317793280
1018394589563117568
1018397835950247936
1018399916329070592
1018413468112674817
1018427103786815489
1018430538946875393
1018436918449725446
1018437103028498432
1018442415856898053
1018453271298564096
1018459567699759105
1018465682999128064
1018476848240619521
1018477606545469449
1018479448725901312
1018480639006466048
1018486558033371136
1018494795868721160
1018498545446539264
1018500789323681792
1018501053585805312
1018503020701732864
1018504249611837441
1018510504166350848
1018514824177864705
1018515217742024704
1018516098549874693
1018522587679293442
1018523325331591172
1018526932412100608
1018528522053324800
1018530434664353793
1018536292261359616
1018540699505942528
1018541398587592704
1018544842098421760
1018551431392038913
1018553222309478403
1018560100997349376
1018585996290478080
1018588274120675328
1018590518089998336
1018600681630887937
1018601149841076224
1018601214672502784
1018614227785809920
1018614404647194625
1018622914633928704
1018642183249973248
1018643324377485312
1018683090565193728
1018694008321773573
1018698244577259520
1018699079235375105
1018701084125212672
1018709946827866112
1018713071429120001
1018715269261295621
1018717722916503553
1018721954990313472
1018735099917942785
1018737493527617539
1018739835060871168
1018740019828346880
1018745090741817344
1018755257214484481
1018767979083960320
1018771590383742976
1018777286227701762
1018777883483955200
1018792123095711746
1018796848453177344
1018801200228196354
1018801768963231744
1018804129785962496
1018809264423383040
1018812301980430337
1018814158370951168
1018817757083766784
1018838669866631168
1018839838819340289
1018840932509028352
1018841664608088064
1018852557232406528
1018872450787012609
1018874606654914561
1018879275137732609
1018881288181182465
1018892872874110976
1018893879481896960
1018895892772982784
1018906249365106688
1018907234175102976
1018907263514435585
1018914234456051712
1018916629420367874
1018918189651017728
1018922740500369408
1018932639061958656
1018936426518310912
1018943975636340736
1018947682088423424
1018966638769688582
1018973451258859520
1018976536626716672
1018989059648245762
1019005035840245760
1019010074315018240
1019014145411371008
1019026755045097472
1019027489052491776
1019033180739792896
1019034610972483584
1019061253182898177
1019064541538410497
1019085802469515266
1019091447981563904
1019094430127566849
1019115952057679873
1019119510513569792
1019121648572588032
1019122431330357249
1019122584351199232
1019122947233943552
1019123693811687424
1019124507502522368
1019129087695245313
1019129570010820608
1019132136950063104
1019141003696005120
1019150637991424002
1019155875104206848
1019177326003683330
1019178628368568320
1019179983380664320
1019192613809852416
1019198087879954432
1019198633416093696
1019198646024146944
1019200319547326464
1019202899027615744
1019207803964153858
1019213062782451713
1019215777159761922
1019220930357354496
1019223476274688000
1019227360535564288
1019227469285675009
1019230911181787136
1019234192738127877
1019249514547310592
1019249669732478976
1019250835748876288
1019251160748830720
1019253624961142787
1019258368698011648
1019271251402076166
1019274525152817158
1019276957878505473
1019290828416651264
1019292968111525889
1019301632948006917
1019321258092171264
1019321719490859008
1019324798105681921
1019336848316010496
1019357354293248000
1019360107321126912
1019360126719922176
1019361102507827200
1019363230504775680
1019364622997098497
1019370465675108353
1019374060210413569
1019386416604725248
1019392758421876736
1019392770979479552
1019396331960487937
1019406201149255680
1019411657930362880
1019416686838075392
1019422588286709761
1019429815063965696
1019434038723899392
1019435737417207808
1019443710801559554
1019470124426956800
1019471728773193729
1019477546247680001
1019482302617808896
1019483485382164480
1019489495840780288
1019492215234670593
1019495732770816000
1019502586267762690
1019508739315990528
1019521246692872193
1019524803475079168
1019535320042409984
1019538720528183296
1019544919348834304
1019550392915578881
1019552687052947456
1019554939549470720
1019567497320771585
1019568831105323008
1019570106173571072
1019575114139041792
1019577568222052352
1019578691884593152
1019586749159432192
1019604067356532736
1019607674537873408
1019611859413069825
1019616780359094273
1019627820203507717
1019628180490027008
1019630223137046528
1019630315403345920
1019633659731697666
1019636409701994497
1019638749452386304
1019646851748941824
1019647189063172097
1019650214469275648
1019654071928721408
1019659230926663680
1019659348358950918
1019659643256262657
1019660669585690624
1019665701173415936
1019668777145810944
1019671901910831106
1019700377049010177
1019701803112386562
1019703568922652672
1019704697169629184
1019708743406235654
1019710401427238914
1019717313631784960
1019722728474062855
1019725362505297920
1019741732890730496
1019756849153888257
1019757151152164864
1019763425818406913
1019767909541789696
1019778839881375745
1019782656710586368
1019784039996231680
1019784175061291008
1019809630287953921
1019810100041543681
1019813459666620418
1019861329287438337
1019867482314760193
1019872020564242432
1019873897213284353
1019876198069882881
1019877003384590337
1019877003388784640
1019887185699500033
1019891280787189760
1019899690358321153
1019900973815336961
1019910889145847809
1019919034509332481
1019919076444033025
1019930015209803781
1019933324477804544
1019934603698692096
1019937787234177025
1019938684802686977
1019943550191095809
1019945987085881344
1019946083575844864
1019953252845023233
1019962593996365824
1019990346045026307
1019998634002219009
1020008570295857152
1020019011617247234
1020027906058268672
1020029839607238656
1020037816774995968
1020085447572238336
1020085640661102592
1020094037653708802
1020098366145998851
1020122927998619648
1020124219861078018
1020140145989824513
1020141318222344193
1020165097531092992
1020167119181266944
1020168578832764928
1020198404524146688
1020205677434810370
1020224803452596230
1020247691782172674
1020259582617063424
1020261663012896768
1020274740848742401
1020274765997707264
1020287835478417409
1020292619258220545
1020299885713637377
1020307812306391041
1020308064606597120
1020308597258022913
1020310614504329216
1020310874752290816
1020313500399407105
1020317753411063808
1020337058961690624
1020338515236794368
1020340159412350976
1020343597902761990
1020344601167777792
1020356324243263488
1020361366698307584
1020368382888202245
1020374204586315777
1020388800764268544
1020389794789187584
1020391335495315456
1020397164168646656
1020406739772923904
1020409554180411392
1020411977288601601
1020415161931370496
1020422019651899392
1020426033579765760
1020428604705050626
1020434174711300097
1020442542930767872
1020458284258476032
1020468232493387783
1020468387678339073
1020483390188015618
1020497740793434113
1020513698711040000
1020528039065612288
1020561828374384640
1020562944042692608
1020575757653848064
1020576760088363008
1020576944017035270
1020586344068927488
1020591845913645056
1020607122663452679
1020618272306184192
1020620519262081024
1020629876750143489
1020631374485643266
1020640949700001792
1020643344685428737
1020652989428584448
1020653125777199104
1020654824457719808
1020657379065511936
1020673048742105089
1020674711288721409
1020675292682235904
1020676673325346818
1020678748805517312
1020683601602646017
1020690081781252098
1020692300576456704
1020710222829154306
1020715414232461313
1020728479829000192
1020733618660888582
1020735363508187136
1020739750725025792
1020745519579222016
1020752765671395328
1020764694284562433
1020764832662876160
1020770025215578118
1020781001709170690
1020782792710545409
1020795228821884928
1020813497364459521
1020842552486920192
1020855643555749888
1020858235627147264
1020870187275321344
1020871897733640193
1020872957143310337
1020873410618982400
1020873683261255680
1020873741973086208
1020892717029756928
1020898144454946818
1020899629230108672
1020900212221435904
1020904700156055552
1020914197272526849
1020914896471379968
1020918407108186112
1020923608061960193
1020948456653799426
1020951422932738048
1020970632572538880
1020992327551049735
1020995028687171584
1020997385873494016
1021000300914765825
1021002574235721728
1021004881073704960
1021006893563727873
1021009925064089600
1021032113901129730
1021032114794315777
1021034861014863872
1021036418066460674
1021045393868697600
1021050309613776896
1021052893296713730
1021052914238918656
1021055451830673408
1021057116944195584
1021060386957791232
1021075890648899585
1021076756521013248
1021076830160289795
1021084094728491014
1021088888461328385
1021103078144204800
1021105969860755456
1021114541407494144
1021120060868505601
1021121065680973824
1021124477722284032
1021124678788804609
1021129644173508608
1021130458560712704
1021144478562889730
1021144821296070657
1021146182981226496
1021150918383886336
1021151229609750528
1021152646412062720
1021154070311055360
1021159833989345280
1021160019998453760
1021165700709220354
1021169016797302784
1021171864729767943
1021173609568645121
1021174631917662209
1021174814718005249
1021175994433114112
1021177241810743297
1021181608072794114
1021190693681758208
1021196242024480768
1021198306062622721
1021212372990681090
1021215623899164673
1021220246252736512
1021224905881288704
1021227556672946176
1021231881025671173
1021238520587857920
1021243981580066824
1021244795296124929
1021251980138668032
1021271060015005702
1021280639025176576
1021304673611939840
1021338990937542658
1021339866980896768
1021345453592522756
1021346121271128064
1021347568306085889
1021360256062853121
1021360918792290306
1021386553849982977
1021397681862668288
1021402429810774016
1021403434677747713
1021407152341209088
1021411829246038017
1021412530999234560
1021416539407319050
1021421761370513408
1021426563848564737
1021434864346648577
1021443173279838209
1021443613681639424
1021447702612185089
1021448393111949313
1021453254427750400
1021456830982230018
1021457882716483584
1021459740763869190
1021466284557561857
1021471164432928773
1021473381261168643
1021478128617709568
1021482884631285764
1021486454302801920
1021489448670846976
1021493050474942464
1021501117572763655
1021506360461221889
1021515165102170113
1021521506088566785
1021526014952910849
1021528799987417089
1021548685191249920
1021551356941934594
1021558344648032257
1021574344550637569
1021575973311983617
1021577156126756872
1021584689100926976
1021588019373985792
1021590099723792384
1021592628914139136
1021595418390454273
1021598556292100097
1021603802539933696
1021611910104530944
1021631059862142977
1021631153571282944
1021639931725328385
1021646070550605824
1021648902842449920
1021656225786683392
1021658928285999104
1021659440049737728
1021663596533698560
1021666524162142208
1021691253774143489
1021693378038181895
1021701051680997376
1021702351885938688
1021705648633987072
1021713324944158720
1021714393732530177
1021714852551831553
1021714871904358400
1021721670875262977
1021722195167522816
1021724934031077376
1021725441030324224
1021725771856003072
1021727786162159616
1021730365898207232
1021738544568655872
1021739089610108928
1021739273492602880
1021753094579867648
1021771901851652098
1021774505700716544
1021774573606522880
1021778533230800897
1021783123468660736
1021785596249944064
1021786149919055872
1021789604498702337
1021789677303394304
1021791984179134464
1021797218687373313
1021798049125781504
1021799826411859968
1021799889829875714
1021800250628079616
1021801169474076672
1021802569918820352
1021804164450607105
1021808618792992776
1021808882551873538
1021809236253204480
1021830534018654208
1021858864860409856
1021863132292112384
1021869901747638272
1021884548282544128
1021886884497248256
1021894115477413888
1021895130519724032
1021912917094985734
1021914646603878400
1021916240447791104
1021922917779746818
1021925496379068417
1021925501542297600
1021932426258460673
1021938084361826304
1021947608082866176
1021959008628944898
1021962075801706496
1021964325236432898
1021974339929993216
1021975327512424448
1021979635658227714
1021979893209423874
1021990953563897856
1022002588563243009
1022006698993745920
1022011136579915776
1022011342088220672
1022013699282923521
1022015494449254403
1022023872642772992
1022026896501035008
1022027056530505728
1022050869209194496
1022058424044007424
1022065879239020545
1022066480911974400
1022077813422215173
1022078414231138304
1022079818626748418
1022091877070385152
1022091877116456960
1022095303657312257
1022099915563040768
1022105470662848513
1022105886813290496
1022111837595332609
1022114213865631746
1022114589054566402
1022120307472183296
1022123524922728448
1022123615880396800
1022127131831291905
1022128617931845632
1022129016810160128
1022129103225253889
1022129129213321216
1022129494537261056
1022129646798888962
1022129907688767488
1022130193371021313
1022130571240202241
1022130628270206978
1022130746973204485
1022130771702607872
1022131155053830144
1022131587096436736
1022132108897046530
1022132862173106176
1022133247596285954
1022133447278645248
1022133487925489666
1022133505348788224
1022133868793671680
1022134382667214848
1022134759668047873
1022135162740637696
1022135391300800513
1022135418932748288
1022135739021242374
1022136028860219392
1022136106454790148
1022137785417965573
1022139683365642241
1022139850722557954
1022140390911172608
1022140440437379073
1022140583022940161
1022140772337033216
1022142029638168577
1022142777163952129
1022144234609156098
1022144466109353986
1022144494635020289
1022145010114994176
1022145017744424960
1022145050891837440
1022145245398675462
1022145659795910657
1022146319908065281
1022147798903545857
1022149905689788416
1022149952682827781
1022150918228332544
1022151778467500033
1022151783072915456
1022152155116064769
1022152827735629825
1022152877157048320
1022152917657296897
1022155965649629184
1022156362405564417
1022157135315128320
1022157180710084608
1022157916835590146
1022158064038944768
1022158651975507970
1022159126481305602
1022159334489378816
1022159357583216641
1022160973623259136
1022161147292569600
1022161798219354113
1022161865785450497
1022162634215436288
1022162865858519040
1022162953464934401
1022163405476638720
1022163710410780672
1022164912519426053
1022165748872032256
1022166263160823809
1022167840533749761
1022167953339568128
1022169530456522752
1022169945654870019
1022171084865581057
1022173116628234241
1022174121101328385
1022174439046299648
1022175953949081600
1022176517349093376
1022176788271845376
1022178067115139072
1022178930663612416
1022179004537884678
1022179594676449280
1022179993978327042
1022180830750416901
1022182198085124097
1022183310393585664
1022183568766685185
1022183904843689984
1022185224275460096
1022187617318658048
1022188803275083776
1022191884406611968
1022192526113951745
1022193506775953411
1022194868272148481
1022194969396871168
1022195095410552833
1022195244865994752
1022197330617950208
1022199161947607041
1022200250361106434
1022200553621733376
1022200650476728322
1022201387445309440
1022203581674520576
1022203806698942464
1022203872566231041
1022203920376946688
1022204065797877760
1022204460611854343
1022204658570260480
1022204876695076864
1022205796476542977
1022206176061140992
1022206842540355584
1022207589977911296
1022208183044071424
1022208558429925376
1022209907725090817
1022211950879617024
1022212056496435200
1022212973643943937
1022213193542893569
1022213588658913282
1022214078121619456
1022214287018913793
1022214306715262977
1022214418711699456
1022214835612934144
1022214859533025282
1022215797807230976
1022216395906416640
1022216425077964801
1022217646232817664
1022219250138861568
1022219520688177153
1022219846992519169
1022220177075851270
1022220342323019786
1022220359104229376
1022220900169666560
1022221642162995203
1022222182800392192
1022222466310070272
1022222850961199104
1022223417599295506
1022223559358382083
1022223976280588297
1022224891045498880
1022225225835065344
1022225325995032576
1022228400864460808
1022229574006886400
1022230315966889987
1022230410774937611
1022230543314776064
1022231061281955840
1022231731557097472
1022233058630500352
1022233238964723713
1022233314835476480
1022233905875759104
1022234037157384193
1022235033317330954
1022235869212762113
1022237410212474880
1022237996144386048
1022240348322635779
1022240830243958784
1022241196406726662
1022241214870040577
1022241730366726144
1022241995027369985
1022243190202675207
1022243416955125760
1022243580017078272
1022243866504847360
1022244103885471745
1022244350099476480
1022244384090337281
1022244512834445312
1022244579523878912
1022244679511932930
1022245303037161472
1022245391012638721
1022245933059387392
1022245998041726988
1022246127645741056
1022247285701390341
1022247680133812224
1022248541480079360
1022248862323421184
1022249137050402817
1022249238577668097
1022249520149626880
1022251901126172673
1022252039118774273
1022252224930402304
1022253222725963776
1022253337259978755
1022254744419487744
1022255742240342017
1022256186429792257
1022256706963685377
1022256998031781889
1022257599511584768
1022257635570188290
1022260313641693184
1022261017026355200
1022261766124974080
1022262779233886208
1022264406032318465
1022267333644046341
1022267378825129984
1022268414491013120
1022268573891346435
1022269184586203137
1022269538157645824
1022270848877645826
1022271769548341249
1022271864331071489
1022275146348986369
1022276609766617088
1022276757473447936
1022277351319777280
1022278075650859009
1022279090273808385
1022279741238177792
1022281475566264321
1022281622798782465
1022282696322703362
1022283022421426176
1022283267326627840
1022284344906285056
1022285531038801920
1022286645104717824
1022287872718790657
1022289407003557889
1022290788603056138
1022290937093873665
1022291416901451778
1022295437938573312
1022296801964175360
1022297184518062080
1022297849730686976
1022298194892320768
1022298839166988294
1022298968342978561
1022299858374459393
1022300182157950977
1022301841420312576
1022303004098220033
1022303027573796864
1022303216762019841
1022303509528473601
1022303905449881600
1022304534595493889
1022304616397066240
1022304880202051586
1022305602868076544
1022305674208923648
1022309297202634752
1022309787969585152
1022310201922387968
1022310461553995776
1022314259517038593
1022314977162665984
1022315620975747073
1022315653691256833
1022315671730962432
1022316099533123585
1022316516904251392
1022316750069788678
1022317378812690443
1022317732396580864
1022317967294558209
1022319338437701632
1022320380684525570
1022320474649489410
1022321021586735106
1022323307473981440
1022323918986727424
1022323986955288576
1022326559326261248
1022327548322217985
1022328190453174272
1022328359928430592
1022333148997201920
1022333397681799168
1022333959743520768
1022336163854647296
1022337203593195520
1022338999208292353
1022342462000558080
1022343888932139009
1022347055207993344
1022347157532237824
1022348390242426880
1022348930887999489
1022349204788834304
1022350218551939072
1022350572970754049
1022351452499521536
1022359770240442368
1022360978846097408
1022362389138886656
1022363848785969154
1022364262793207808
1022364287904489472
1022367422316204032
1022368265803386881
1022368891174117376
1022371398126317568
1022371728591409153
1022372042354483200
1022375043240808448
1022375329413955584
1022376050230218753
1022377236224266241
1022378437397438464
1022380039604711424
1022381061362405377
1022381306896834560
1022382405192044544
1022382721467789312
1022383370322501632
1022383535154376704
1022384029662887936
1022384439010066432
1022385191883612162
1022385496004091904
1022387949231460352
1022388073378664448
1022388861912186882
1022389132021190656
1022389353920774144
1022391563039600641
1022392649972633600
1022393775136690176
1022395498999828480
1022396054300327936
1022396348929400833
1022396702731452416
1022396858356977664
1022396863390134272
1022397601340182530
1022397951375622144
1022399036035190784
1022399101051305984
1022399671484993536
1022399899386765314
1022400587093164033
1022400616893702145
1022401092108267520
1022401264879947776
1022402778629435392
1022402851190915072
1022403190510170113
1022403424116240384
1022404867367858177
1022406603423723520
1022407419194945536
1022407641920937986
1022409742021537797
1022412279986282496
1022412419212238848
1022413625930276864
1022413781790547968
1022414033205387264
1022414758820102144
1022415676932325377
1022417527480020992
1022417608845352960
1022418038346272768
1022418389829132288
1022419347787186176
1022422152514023424
1022422232239202304
1022423352877752320
1022423562647416832
1022423734194503680
1022423860434690053
1022426890819325952
1022427998782468097
1022431644236447746
1022432234777796608
1022433124393738241
1022433625206390784
1022433828613152768
1022434640727093248
1022435372125626368
1022435751731060736
1022435876188512257
1022435979469234176
1022436166543581185
1022436551572287488
1022436608195354631
1022437801571180546
1022438148780056576
1022438190278307842
1022439506123915265
1022440843188346883
1022443299368361985
1022444233536544768
1022445224570900480
1022447402228363264
1022448239822262272
1022448245715263488
1022450630550585344
1022450919546531840
1022451133472624641
1022451411571765248
1022451783237619713
1022455102999674881
1022455396584353792
1022455692693782529
1022455859614367744
1022457060481531909
1022457411523764224
1022461409937055744
1022462211502030848
1022462831399239680
1022463618678484993
1022464057436188673
1022464583359844352
1022464679409541120
1022464841129357312
1022465092552740864
1022465338334748672
1022465559793950721
1022465620603035648
1022466009850990593
1022466571376181248
1022466780340609026
1022467414586478592
1022467446802997248
1022470783396990977
1022470787599671297
1022471028314988545
1022472025338732544
1022472204359876609
1022472344936169473
1022472450192359427
1022472474942889984
1022472487945232385
1022473136829284352
1022473196388401152
1022473307109638145
1022476027111469056
1022476085831892995
1022478679182659585
1022479847690387456
1022480560734851072
1022481962873679872
1022481968347242496
1022485731879600128
1022485924838563840
1022486130778943488
1022486527232753669
1022486691959820288
1022488157047201794
1022489351333134336
1022489699280150533
1022490195055136770
1022490255016873984
1022490468951752704
1022491234797989888
1022491595088646144
1022492151698083841
1022494745447354368
1022495062603821057
1022495689601900550
1022496019693621248
1022496053231157248
1022497869188751360
1022498621810339841
1022499562597089281
1022500153599479808
1022500530642460672
1022501907800240128
1022501909729488898
1022502579383586817
1022503122311077889
1022503778711465984
1022504870077579264
1022504907813912577
1022506502739898370
1022509233391259649
1022509332796039168
1022511369864839169
1022514672996700161
1022514984239214592
1022516141980151809
1022516587872563201
1022516741207977986
1022518267091533824
1022519300568113158
1022519568479203329
1022520115512979458
1022520283725549570
1022520847872000004
1022521362513113088
1022521899786690567
1022522332890517504
1022522843085590529
1022523921432756224
1022524228044816387
1022524615573299206
1022524930175451137
1022525238049955840
1022525273693151238
1022527406064590848
1022528499935002624
1022529400024313856
1022530781212815363
1022531758317883393
1022532064258785280
1022532283637669888
1022532711431397377
1022532802477219840
1022532831338287107
1022533397636435968
1022533564158468097
1022533687038988288
1022533787287257088
1022534340092338176
1022536042551947265
1022536861309267968
1022537258061180928
1022537419533557760
1022540147940892673
1022541116409667584
1022541393229692928
1022542335283027968
1022542394485624832
1022542636832436224
1022542799567114240
1022542911144177664
1022543087753547776
1022543308759818240
1022545910071521280
1022548627582066689
1022548906901757958
1022549375850098688
1022549639638147072
1022549706998784000
1022550832934539266
1022552278350405633
1022553132683931649
1022553343628075009
1022553986203672576
1022555853797261312
1022555904271503360
1022556629043236864
1022557212240224257
1022557383921266688
1022558282433658881
1022558943061524480
1022560559521091585
1022560976447713280
1022561790541131776
1022562162164867072
1022563352919203840
1022563395713658880
1022565389685940226
1022566420222230528
1022568011792900096
1022568367947964424
1022569297506394121
1022569920360603648
1022570065496039431
1022570776451399681
1022571044073299970
1022571795243663360
1022571911417487360
1022573358456729600
1022574867365945344
1022576089758162944
1022576412736335872
1022576620341747722
1022577117807210496
1022577233985236994
1022578829934710784
1022579660381671424
1022580430900408320
1022581147618959368
1022581900156653568
1022583166001917953
1022583539806679043
1022583566553763840
1022586097812099073
1022586180423110659
1022587057057787905
1022590172163203072
1022590895663849472
1022591247830188033
1022592969763971075
1022593140035936256
1022593224404336640
1022594260871393280
1022595153431879680
1022595815599218689
1022595963234541570
1022596089046814725
1022596526537953280
1022596616694505472
1022597017661399040
1022597127443107842
1022598739029106694
1022599245524860929
1022600034200768513
1022600969555791872
1022601204029898752
1022601984170516481
1022602360785391622
1022602680836022272
1022602799505387525
1022603241190842369
1022603934077267968
1022604775060381696
1022604952861073408
1022605090883084288
1022605165935947776
1022607455212064769
1022607820963893248
1022610003679764480
1022610692795457536
1022610941937152000
1022611485506195469
1022611912889131008
1022612028660305922
1022618516405465088
1022618764720844800
1022618793158340609
1022619449227141121
1022621565270274049
1022624671156658176
1022624840359006208
1022625442275180545
1022625826259361792
1022627135733813248
1022627365573152768
1022627430136143872
1022627999324295169
1022628004344651776
1022628110800506881
1022628151560753152
1022628590708568064
1022630933848104960
1022631249507241984
1022631318696468481
1022631825099902981
1022632677084745730
1022632797192822785
1022633526984945665
1022633586959077376
1022635054147809282
1022635530612289542
1022636437852835841
1022638209115803649
1022638877251719168
1022639596591624192
1022639746315632641
1022640193826897920
1022640367055892481
1022642440740724736
1022645459372924929
1022645932079206401
1022646691248439298
1022648756083326982
1022649503525089285
1022651866608324608
1022651994505441285
1022652678621618177
1022654641530699776
1022657619914190848
1022658296468172801
1022660304705146880
1022661534043054082
1022661618747015168
1022662447541481473
1022662533545713665
1022662898881978368
1022666143587287040
1022666937132883969
1022667093181906944
1022667147829555200
1022667421566423040
1022667424104148995
1022668231486726144
1022668287723925504
1022668970124398592
1022669724931502080
1022669789573996545
1022671182611533825
1022673775538708482
1022679875964948480
1022680605551542273
1022681906180173824
1022682022379053056
1022682253585997830
1022682824321593344
1022682967808782336
1022683393073598464
1022684535190900736
1022685538225188865
1022686150006267904
1022686308949479424
1022688494588715008
1022691413832527873
1022692342896230400
1022693300040478720
1022693596959367168
1022695809039527936
1022696106835161090
1022697393245106179
1022698295448223744
1022699420029214722
1022699724430659584
1022699982892064768
1022700099820875776
1022700270550048768
1022700934491762693
1022701802297278464
1022708364407660549
1022708561845997568
1022708806365708289
1022709406134349824
1022710797519089664
1022711720555335680
1022713114758762496
1022713401221378048
1022713605899395072
1022713888167657472
1022715739701170176
1022716342259134465
1022718176449253377
1022719728345726976
1022723516192501760
1022723737244844033
1022724022877016066
1022724349181145088
1022724446082281477
1022724827570950149
1022725338613342209
1022727170332884993
1022727223172685824
1022727274729099264
1022728833756217344
1022730182233190400
1022730331940478976
1022731035757473792
1022731076005847042
1022731524184174592
1022732441704910848
1022734129488523264
1022735587424518144
1022735878068699136
1022735884360269825
1022736029088866305
1022737899303968768
1022738174882152448
1022738398027698177
1022738420244852738
1022740036733861889
1022742081893224448
1022742239901110272
1022743472284098560
1022743650340618240
1022744009557635072
1022744180064505856
1022746305116889088
1022746664984084480
1022746707359088640
1022747278484938752
1022747815888470016
1022749112796499968
1022750157580976128
1022750628169310208
1022750813154766848
1022751814737776641
1022751969537126400
1022752056334016512
1022752752588316672
1022752962718756864
1022753217774530560
1022754915603501057
1022754945819463680
1022755297297936390
1022755946555211777
1022756760669564928
1022757643172106240
1022758298737618945
1022758778985476096
1022760591348379648
1022761024615862272
1022761155050188800
1022762922538356736
1022763946346917888
1022764902224674817
1022766089657188352
1022767723758149632
1022767758994485248
1022768569757532161
1022768717875302400
1022769783589269504
1022770715110457345
1022770939958833153
1022773892752990213
1022775489495089152
1022776345963753472
1022776434069139456
1022777559803682816
1022777621489307649
1022778232989470720
1022778417136070661
1022785042454654977
1022788907090567168
1022790623412158464
1022791234522427392
1022791731929067520
1022791946283057152
1022791980231925761
1022792765019774978
1022793280474427393
1022793785074376704
1022793835804598272
1022794962000179200
1022796901006172160
1022797350300012545
1022797830879158272
1022798241933545472
1022799158376378369
1022800649031954432
1022801149836095488
1022802861959393280
1022803053639024640
1022803490685505536
1022803696202264576
1022804312337141761
1022805889823199232
1022806435229577216
1022806658626543616
1022806671238864896
1022806679610634240
1022807336434380812
1022807870780448769
1022807927852158976
1022809540528459776
1022809583344017408
1022809598418403328
1022810129861947392
1022812099087687681
1022812152317587456
1022812451396440064
1022812527300771840
1022812974245924865
1022813334708645888
1022814221564829696
1022815784165429248
1022816338597822464
1022817213588361216
1022817704342896640
1022817888065990656
1022818092936613889
1022819662969622530
1022820147499855872
1022821316879998976
1022821729608114177
1022822657824313346
1022824508325941249
1022824971796709380
1022825101010640896
1022825442838020099
1022826307707658242
1022826545516367873
1022826946898608128
1022828383024160768
1022829262036905984
1022830265876398081
1022831785439186944
1022832816373956608
1022833284005281797
1022833580609871872
1022835534308237312
1022835889670520832
1022836326624899072
1022836426868772866
1022836507403530241
1022836609593565184
1022836746478866432
1022837505626972161
1022838800400232449
1022839116415651840
1022839583942365185
1022839894714998789
1022840423725912067
1022842277935362048
1022843309390286849
1022843896076935169
1022844113786298373
1022844228697767939
1022845669445394439
1022845676798050304
1022845689993281536
1022846979326533632
1022847056501600256
1022847973775081472
1022848269507022848
1022848802993012736
1022849829364367360
1022849950571524096
1022850502965506049
1022850996219723776
1022852618131886081
1022852769143824384
1022852912177762304
1022853025000382464
1022853032978075649
1022853127760834560
1022853184337977349
1022853571937746947
1022854151993262083
1022854431329722369
1022854733751562241
1022855733270929408
1022856937443082241
1022859436816297986
1022860062627262465
1022860274833997824
1022860459412803584
1022860883440164864
1022862054057754624
1022863036812611585
1022863148359942144
1022863920053268485
1022864461265358849
1022864636520087555
1022866368754941952
1022866455581286400
1022869452399013888
1022870100439982080
1022870566825598976
1022870685125943298
1022870732936699904
1022870832346001409
1022871971753684992
1022872411073642497
1022872610428702722
1022872661070888960
1022873016655663109
1022873349733732352
1022873728303222786
1022874543885627392
1022875170917236736
1022875487604035584
1022875708216016898
1022877250025345024
1022877725667803136
1022877843099803648
1022877866579480576
1022878158297751555
1022878802639310848
1022878807357902848
1022880261967699970
1022881808826937344
1022881863365537792
1022883138425372672
1022883635446218752
1022883866820919296
1022884292286980096
1022885688562393088
1022887422906970112
1022887708950126592
1022887972256063490
1022888005575426049
1022888456358440962
1022889551499603968
1022889648807456768
1022889694760071169
1022890422673104897
1022891047632990209
1022891069019762688
1022891651310571520
1022893766796083201
1022894328837025792
1022895595915235329
1022896457421139969
1022896655396491264
1022896996078813184
1022897009831936001
1022897185984266241
1022897575198842880
1022898725302296578
1022899668571840512
1022899845986693123
1022900046067576834
1022900585480286209
1022901406276173824
1022901996016332801
1022901999778635778
1022902679683719168
1022904722603298817
1022907440201969665
1022907535861284864
1022908601617338368
1022909648104513536
1022910525112504322
1022910568305446912
1022911980120752128
1022913452329684992
1022913461133762560
1022913855402459136
1022914101171941378
1022914329774043142
1022914463006121985
1022914642660737024
1022914986585325570
1022916424816312321
1022918721751400449
1022919282005499904
1022920892622544897
1022921641741967360
1022923154174472192
1022923324895023104
1022925241264291841
1022926435370131458
1022927857247510529
1022928739724873729
1022929110916628481
1022930031994171393
1022931150602416128
1022932652578537473
1022934588690231297
1022935170419240961
1022935571403091968
1022935654018310144
1022939135714058240
1022941098644320256
1022941864134107136
1022942264597917696
1022943665155727360
1022943762874597376
1022943826636414977
1022943960837382145
1022944727568662528
1022945963231588352
1022947839343816706
1022948423186702336
1022948603952881665
1022949508295081985
1022949566524649472
1022949804261994496
1022951144094683136
1022953286712918022
1022954223045095426
1022955838300975104
1022956647453548544
1022957971079417857
1022958762561290240
1022959724747214849
1022959963789041664
1022961306394128384
1022961421724921861
1022962068515897344
1022962377187311617
1022963592306601984
1022964272626839552
1022964379996831744
1022964477313122305
1022964871984373761
1022967485874823169
1022967937597091840
1022969395533033479
1022971174630957056
1022971264087019521
1022971778589552641
1022973921589702656
1022974917497765889
1022978261431857152
1022978303836053505
1022979499187752962
1022980453811331072
1022980538951335937
1022980893806395393
1022982538485276674
1022982660426215426
1022982729212678144
1022982740206080002
1022983456958173185
1022985815830364160
1022987150877450242
1022987288014413825
1022987538435325952
1022987946931249154
1022989563415986176
1022991651772362752
1022991654305890304
1022995210215673856
1022997427345870848
1022998925257715712
1023000134324506624
1023001021000425478
1023001308305928193
1023002598893219840
1023002871103668224
1023003642448801792
1023005217862963200
1023005525674360832
1023006161111580672
1023011390171303936
1023011606182019072
1023013588817137664
1023013593858629632
1023014925113978880
1023017092856012800
1023017440865869824
1023017708043075584
1023019367624335360
1023023518844243970
1023024747762790400
1023025303919243264
1023026287932133376
1023026434699231234
1023027073072484352
1023027188008812544
1023027309656195073
1023027319693180930
1023028819605811203
1023028865638260738
1023028923628761089
1023029431982608384
1023029507647791106
1023030145068818439
1023030236861030400
1023031443964878848
1023031564765147136
1023033598155390978
1023033741176963074
1023035249041780736
1023037236319846400
1023037620505464832
1023037930061881344
1023038305854779392
1023038482854293504
1023038709245984768
1023039885421289475
1023040393406029825
1023040470123986944
1023040690308218882
1023041286343802881
1023041676040790016
1023041792596471808
1023043465284923392
1023044550338572288
1023044575928180736
1023045246148587520
1023045483059658752
1023046633628553216
1023046695305662464
1023047811829563393
1023048488349655041
1023050589226328065
1023052042179411968
1023053122225094656
1023053150750695424
1023053276563038208
1023054596149862402
1023055295520620545
1023055492002852865
1023055773448851456
1023056485654454272
1023059396492853249
1023060559556694016
1023062500735164417
1023062596541407232
1023063712582619136
1023065463985598465
1023066241592909829
1023068259900252160
1023072002033086465
1023072077543288833
1023072316631072769
1023075058758111232
1023075827662184449
1023076369599803392
1023077168606326784
1023077431228346369
1023079610525745152
1023080414137659393
1023082403919798272
1023083421461958657
1023086800389033984
1023086851555504128
1023087781847998464
1023088503276462084
1023088670637735936
1023089683549417473
1023091784900075520
1023094847417274368
1023095251504902145
1023095928893235200
1023096192719192064
1023097138534744064
1023098559464263682
1023098819175534592
1023099465937215489
1023099918066434049
1023101671298228224
1023102840242360320
1023103213552119809
1023103468150509568
1023103493719056384
1023103534814744576
1023104081748025344
1023104330063273984
1023104796478164992
1023105311534592000
1023105757372456960
1023108937938132992
1023109048785297408
1023110867183779840
1023112574248931328
1023113038717771781
1023114076787011584
1023115239888314369
1023115985304346629
1023119747079131137
1023121742313807873
1023124548294778880
1023124706436755457
1023127858032590854
1023129300810133504
1023131100636426241
1023131111545823232
1023131205485645824
1023131717614227457
1023132761144614912
1023133410854748160
1023136702909624320
1023137952442998784
1023139476271497217
1023140929144803328
1023140997952413696
1023141157755412480
1023141813304131589
1023141981478969345
1023142022603894784
1023143840847298560
1023145588609757184
1023146355756281857
1023146603622883328
1023147568719527936
1023147635849408512
1023147826258341888
1023149569843109888
1023149622276104192
1023151396881948673
1023151913594806272
1023152441657835520
1023153105213513729
1023153389155352576
1023153835848560640
1023156002202558464
1023157434582528000
1023158956666093568
1023159344664334336
1023159501631803392
1023160038813257728
1023160760216825856
1023161007680700416
1023161114253611008
1023161378343931904
1023161761418104832
1023162457248870402
1023162566313488384
1023162971902681088
1023163333015478274
1023166325663752192
1023168978557042688
1023169804428103680
1023169834618515456
1023170517010808833
1023170668861353984
1023170720883466240
1023173030271492096
1023175473826816000
1023176355515641856
1023176384552857600
1023177831491219456
1023178013066780673
1023178371709259777
1023180846344204288
1023181535028105217
1023182115658055681
1023182431803920387
1023182639417774080
1023182854132523009
1023183153639370753
1023183427082874882
1023185564948881408
1023185697463627776
1023189577274671105
1023189701384056833
1023189858649554944
1023189921153069056
1023189990346383360
1023190921465278465
1023191394335318016
1023191445358956544
1023192994701340672
1023193592410427393
1023193674627334144
1023194085664993280
1023196904631332866
1023197918004699136
1023198274583314437
1023198327288942593
1023200481563226112
1023200688757768192
1023201009991122944
1023201580890247170
1023202981796356097
1023203131075780611
1023204803642445824
1023206142191824898
1023206175326724097
1023206634586349569
1023206726013739014
1023206759148732416
1023206977101590530
1023208158397906944
1023208285883658240
1023209162489180160
1023209992151871488
1023210103707717632
1023210617942028288
1023211005831196672
1023211038596988928
1023211384652406785
1023211658523623425
1023212181062668289
1023212409769652225
1023213158402613250
1023213382688591872
1023214064401494020
1023214809305763840
1023215690499555328
1023216248346370048
1023216373789589505
1023216809972064256
1023217374550482944
1023217637088813058
1023217679874891777
1023219532930998272
1023219636098215936
1023219970375921664
1023220029997821954
1023220081441030144
1023220617129148417
1023220720338448385
1023221110416977921
1023221359105794049
1023221820152000512
1023222202190258176
1023222812046188545
1023223563661324289
1023223581248049153
1023224271651393537
1023224487645519872
1023226136438816769
1023226678137503744
1023228093094346752
1023228173201432576
1023228245733515264
1023228477711863809
1023228564504600576
1023230123938668544
1023230649501720576
1023231211525861376
1023232640525197315
1023233142595805184
1023233300306059264
1023233957566062593
1023234245295263746
1023234969521598464
1023236699353174016
1023237072675659777
1023239013778350080
1023239203776339970
1023239461092646912
1023239765821476865
1023241121017651200
1023241589102141440
1023241758530973696
1023242290356215808
1023242680447455232
1023242966490435584
1023243246237958145
1023243651433017344
1023243895948361728
1023243943448784896
1023244040672825344
1023244774667681793
1023245677705474048
1023245777110540288
1023245834157211651
1023246326551592961
1023247040015257600
1023247534934958080
1023248425490546689
1023249343086829568
1023249551426301958
1023249695412563968
1023250280534695936
1023250936934805504
1023251484295737351
1023252452773167106
1023252971176386560
1023253873014788097
1023254055404150785
1023256314015825920
1023256368546029569
1023257618465337345
1023258254724542464
1023259481583636481
1023260525948530693
1023262248557531136
1023262717040386049
1023262863824232450
1023263352053747712
1023263742149230593
1023264008080711680
1023264860329529345
1023265149317275655
1023265736947589120
1023266889563348992
1023267041489367040
1023267656655413248
1023268394483765249
1023269384138174465
1023270091067076608
1023270277072003073
1023270613215899649
1023270796549128192
1023271483164876800
1023271913500626944
1023271962993418240
1023272234775965697
1023272417647575041
1023272648766316545
1023273453208649728
1023273767491911680
1023274436999426049
1023274497179373568
1023274498848706560
1023274824758509568
1023275326816899072
1023275847757783040
1023275881735831558
1023276799428583425
1023277455413366785
1023278342101917696
1023280107912228864
1023280239168892928
1023280293111717889
1023282156393713664
1023282181148475392
1023282881584685057
1023282905500528640
1023283259906646016
1023283511980044288
1023283644956258305
1023283663201607685
1023284454876426240
1023285259213971458
1023285466135756800
1023285579369205760
1023286130924371968
1023286437112946688
1023286447170699269
1023286476128378885
1023286703438659585
1023287476855533568
1023287987306733568
1023288881527971841
1023288938583142400
1023289530877652994
1023290011956011008
1023290136312860672
1023291041615683584
1023291517664997376
1023291681221750785
1023291798280536064
1023292551564951552
1023293111072698375
1023293187396456448
1023293893721444354
1023294422635692036
1023294556429799425
1023294757341224961
1023295392845246464
1023295805929730048
1023296174604869633
1023296651090440192
1023298044505219074
1023299122776891392
1023299832465612801
1023303594735493121
1023304797250711552
1023304998988337152
1023305148313952256
1023305775379300352
1023306090786648065
1023306936350064640
1023307441742573568
1023308125435305985
1023308400980111360
1023308734016233474
1023309200007589893
1023309817459306497
1023309979330273281
1023310139120603136
1023313458908065793
1023313509663301632
1023313634238316544
1023315415542517760
1023315859715047425
1023316143698845696
1023318130943320065
1023318286975610881
1023318767630204929
1023319271936602112
1023319511695597568
1023320485629587456
1023320671441637376
1023321874766487552
1023322017402171392
1023323757195259904
1023325664756228097
1023326749826998273
1023326960364138497
1023326994778517505
1023327512774885377
1023328196446642178
1023330819136475138
1023332701942640641
1023333968634994688
1023334437357010944
1023334818195668994
1023335102783180800
1023338398369636352
1023339028211556353
1023339929999306752
1023340267217268736
1023340557869801472
1023340658977923074
1023340798635659265
1023341188307464194
1023341403773054978
1023342272103043072
1023342310669606914
1023342438201602048
1023343850411229184
1023345006810001408
1023345047482327041
1023351333452038144
1023351739473264640
1023351773447249920
1023352486885769218
1023353374824124421
1023353678772744192
1023354042980818944
1023354363861860353
1023354428873572352
1023355168308359168
1023355795419746304
1023357558218784768
1023357762061967360
1023358464645652481
1023358955374997504
1023359549263294469
1023360053162795008
1023360205671817216
1023360350387879936
1023361227433631744
1023363571596570624
1023364258652803072
1023364950293655552
1023366091140214784
1023368379133042691
1023368775049957376
1023369075362340864
1023370019936366593
1023373806126215169
1023374095138873344
1023375277907300352
1023375351739817986
1023376446008438784
1023378503750701057
1023378729811075073
1023379594290679808
1023379723337035776
1023380634033639424
1023381283303550977
1023381491366031360
1023381524060622849
1023381870099091456
1023382570959077376
1023384234021580800
1023384275524218881
1023384298605273090
1023385475959144449
1023385823666995202
1023386912491372545
1023387005177290752
1023387501380005889
1023387700068536321
1023389949167632385
1023390161827188736
1023390862686994432
1023390936930209792
1023393003023552515
1023395234401669120
1023395690330783745
1023396907534770176
1023397558054400000
1023398043771707393
1023398874222751744
1023399567956488193
1023402810396876800
1023403014013497350
1023403493845942274
1023403534094462977
1023403656559783937
1023403860822511616
1023403989189025792
1023405051577069570
1023405340585611265
1023406251592413184
1023412655854219265
1023412753183072257
1023412935690006529
1023414766428213249
1023415987960532992
1023417542243766273
1023418510695903235
1023419115120349184
1023421569597493249
1023422268364320770
1023422577501384704
1023422605603168256
1023423491008167936
1023423870173241345
1023424540422987776
1023424948105371648
1023425121338286081
1023425675812904960
1023427204930306048
1023428924741640192
1023429323624132608
1023430297122160640
1023430484167208961
1023433260376961024
1023433822443118592
1023434085832654849
1023436151087083520
1023437273080127488
1023437861561876480
1023437981065986048
1023438010421923840
1023440251036094464
1023440453537083392
1023441029511426048
1023443157264945152
1023446659529957377
1023448136348590081
1023451257732849664
1023452462349512705
1023453558707040257
1023454226461151232
1023455080836554754
1023457741686431745
1023458188836982784
1023459455936036864
1023461389053177857
1023461489942847488
1023461727978053632
1023463349437259776
1023463557931954176
1023465040215764992
1023465679226396677
1023467772037103617
1023468377212370944
1023470075385245697
1023471101450452992
1023471610999713792
1023472537093660672
1023473242592296960
1023473343687806976
1023473932970614784
1023475491175636993
1023475563703541760
1023476595430834181
1023477238086467584
1023478165031673856
1023478836938203136
1023478844924289025
1023479800390987776
1023479819684732928
1023481449171697664
1023481509972533248
1023484051318087680
1023484492558860288
1023484540382150658
1023484721135841285
1023484980763287553
1023485815157141505
1023486428632834048
1023486667733135362
1023486678189527040
1023487332085891073
1023489113176072192
1023490010597793793
1023490209386643456
1023491209334071296
1023491329253359617
1023491689594253312
1023493566516092929
1023494639825956864
1023499152066576384
1023500263619932166
1023500281995190272
1023500869201850370
1023500961061462016
1023506791097761797
1023507692936159233
1023507859034624000
1023508145513975811
1023509055225004033
1023509432716521473
1023516015148322816
1023518170706059264
1023518918722211841
1023519790575443968
1023520105534115841
1023521021578694656
1023523808483921920
1023526100733972481
1023526612610904067
1023526640716935168
1023527095350292480
1023527478713872389
1023528637608259589
1023529539371237376
1023539938749554688
1023540056601124864
1023540067502116864
1023540069171224577
1023540916450156544
1023542498772353026
1023543969865592833
1023543992934432768
1023544013100642304
1023544453053788161
1023544901030629378
1023545175321264129
1023546954113077249
1023548730841083904
1023549543785406464
1023550401419735047
1023550504608190470
1023551780083380225
1023551977219747840
1023553108016877571
1023554543307698176
1023554565071876096
1023555451387039744
1023556799440592897
1023556963823693824
1023557002855940097
1023557604310704129
1023559336294014976
1023559784921030657
1023560551777984512
1023561319784624128
1023562739380375553
1023563395273039873
1023563994337030144
1023564266945871872
1023565571789602816
1023565668690608130
1023566131309826049
1023566285248946176
1023568100958994433
1023568275861630976
1023568409265504256
1023568450352898053
1023568610583867392
1023568662572224512
1023569814265053185
1023570028468289537
1023570892297842690
1023570940989304837
1023571589357555715
1023572214753488897
1023572357581959169
1023572387537682432
1023572456760664069
1023572546933936130
1023573395026399232
1023575237995180032
1023576571385442304
1023577463480233984
1023578544138543104
1023578688653152258
1023580693337657344
1023581031595757568
1023581228300226560
1023581613706248208
1023583264634630144
1023583807809761280
1023583844702867457
1023583933903003649
1023584012063916032
1023584104149921792
1023584140409692160
1023584181522186240
1023584703016849408
1023585068592361472
1023585575264313344
1023585878936117249
1023587242047156224
1023587312972820481
1023587652736634881
1023587682918785025
1023587734521171973
1023588666063683584
1023588801136996352
1023589236891701249
1023589431532371968
1023590283399843841
1023592286159085569
1023592424998940672
1023595386613768194
1023595958289027075
1023596345821724672
1023597777769644033
1023598755902369794
1023599293582716929
1023599861071937536
1023602217037783041
1023602929960411136
1023603011002626049
1023603691759304706
1023604337648525315
1023604854403604485
1023605148810137600
1023605714659565568
1023605812378460160
1023606232668618753
1023606630280294401
1023608727004475397
1023609994925592576
1023610671072722944
1023611383689216001
1023611411358998529
1023611467982024704
1023612509016612864
1023612847056539648
1023614173824131073
1023614445921230849
1023616656256524288
1023616861865472001
1023617828660830210
1023617862202785793
1023617959938469888
1023619471955644418
1023619556714065922
1023620133837778944
1023620434854662146
1023620814552424448
1023620848530468864
1023622586650034176
1023622666786299904
1023622768276000771
1023622860563251201
1023623437284196357
1023624292054040578
1023624612914102278
1023625177484210178
1023625566283595776
1023625707208011779
1023627162207879168
1023627361470869504
1023627574117683201
1023628027530489856
1023630476546912256
1023631424908341248
1023632368194732038
1023633282557071360
1023633391156060160
1023635607044739072
1023635855745982464
1023636606958358530
1023638545486032896
1023638548518449154
1023639089147523072
1023639683492917248
1023639884408545280
1023641621248663552
1023642354849214464
1023643495259615233
1023644247721893888
1023644355498786816
1023648671857090561
1023653026396033025
1023653614429130753
1023654187387645952
1023654443647201280
1023654706235822080
1023656360867704832
1023656383923871744
1023656419193696256
1023656983742869504
1023657728642834433
1023657804140306432
1023657843541471232
1023658034835464192
1023658731916222465
1023658844319297537
1023659163933650945
1023660554345480192
1023661460294184962
1023662411390373890
1023662823447121921
1023663397672550401
1023663619136016384
1023663815836266496
1023664680693374976
1023665488503734272
1023665510926503937
1023665645819506691
1023665750672850950
1023666433086115842
1023667032875626496
1023667222852632576
1023668981553668097
1023669365328293891
1023669655641235462
1023669915205750785
1023670270844968960
1023672399206797314
1023673104097308672
1023674566290427904
1023675188695711744
1023675682759614464
1023676219651497984
1023677647367417858
1023678032404508674
1023678054655307776
1023680518372700161
1023680611503038467
1023681914669080578
1023683055121252354
1023684289903374338
1023684383847342080
1023685183986262016
1023685290991472642
1023686241932521473
1023687142088749056
1023687588295712769
1023688159991803904
1023688354624200704
1023688458349498370
1023688508546854912
1023689767253303296
1023689843228991489
1023690361577918465
1023690478812897281
1023690914458415104
1023691573329047552
1023692104751566848
1023693198328254465
1023693363453865984
1023693790425612289
1023694479130337281
1023695653548040192
1023696766720454667
1023697518326992896
1023698142003449856
1023700564230557696
1023701244530053121
1023701543588175878
1023701905141387264
1023702330431221762
1023704817334661121
1023705343644389381
1023705424749416448
1023707516801347584
1023708290146922497
1023708444069511168
1023710023631953921
1023710666207703040
1023710806318477312
1023711583506235393
1023712713036517376
1023712832137977856
1023713484767469569
1023714758992842754
1023715350389698560
1023715378067849216
1023715506845560832
1023716440916910080
1023716459359268864
1023716936692183041
1023719059857305600
1023719976736358402
1023722993694822400
1023725475053498368
1023725973320024064
1023727220718817281
1023727404177608704
1023728134225625088
1023728245794107394
1023728549457526790
1023728792722960384
1023729616064663554
1023732650476011520
1023733678466387969
1023734967917051905
1023735226378412033
1023735699890208774
1023735775412858880
1023737086950760448
1023737142332272640
1023737461527199745
1023737727844536322
1023739951266050053
1023740210864119809
1023740494831017985
1023744606935179265
1023745010431406080
1023745196238884865
1023745203348361216
1023746579012833280
1023747270750044160
1023749042818478083
1023749045758488576
1023750745299017728
1023751376977911808
1023751643303575553
1023754390333796352
1023754997467676672
1023756003676839936
1023756153010810880
1023756816566501376
1023757434383257601
1023757658363318272
1023757666743504896
1023758381457190912
1023759284046319616
1023759731662315520
1023759785697525761
1023760039859736576
1023760435416313861
1023760795677679616
1023761030151892992
1023764666894495744
1023766161475989504
1023766574602313728
1023768168022659072
1023768666318491651
1023770003458416642
1023771958469709829
1023772666841391104
1023774599148957696
1023777310321926144
1023780154936647680
1023781391799132161
1023781435008794624
1023784222128066561
1023785129792221185
1023785713211518977
1023788012528910336
1023788100596785152
1023797627111006208
1023798722692407296
1023805371486359552
1023807149028376581
1023807510589796352
1023807573932179458
1023812768150052865
1023813281520275456
1023813769762357248
1023814457594503168
1023818203133300741
1023818440539299840
1023819161116368898
1023822663347855360
1023822969943060480
1023823248050610176
1023825756240191494
1023828584857829376
1023829296136183808
1023831374934028288
1023831591402000384
1023833366393774080
1023834807531450368
1023835054143823873
1023835383837216768
1023835661089103872
1023835884645429248
1023837171025948672
1023843339588853765
1023845337440694272
1023848005341007872
1023848277551325185
1023849030005215232
1023851852331282432
1023853197469700096
1023853337970712576
1023853982505164801
1023857060415324160
1023859194913546240
1023860479196913664
1023860731291348992
1023864806862974981
1023864825242443777
1023864938153033729
1023864985963900929
1023865097553424385
1023865340399366144
1023865349610065920
1023865371017859072
1023865452391550976
1023865529138929664
1023865715273748480
1023865811411394560
1023865942273662977
1023865952331550721
1023866011475496960
1023866025320824832
1023866034980315136
1023866208603582465
1023866455241240577
1023866701136453632
1023866971153199104
1023867090657259520
1023867357004017665
1023867416978370560
1023867431272493057
1023867511064993792
1023867593139134465
1023867629235314688
1023867693831806976
1023867723611291648
1023867968118312961
1023867996937306112
1023868007150510081
1023868126235115520
1023868231952609280
1023868381244661760
1023868398479056896
1023868581338120193
1023868963015585792
1023869160982491137
1023869239013396482
1023869506614177792
1023869534707609600
1023869625732345856
1023869698679730177
1023869886198685697
1023869947418746880
1023869965890465792
1023870017476149249
1023870043896066049
1023870111013384192
1023870174343114752
1023870317364764672
1023870354274615296
1023870498135068672
1023870573628334080
1023870613033766913
1023870641974521856
1023870938524381184
1023870974188564481
1023871000168083456
1023871020703334400
1023871172985987072
1023871181819207680
1023871320231211008
1023871374723637249
1023871551308025856
1023871658711502848
1023871681322864640
1023871871773810688
1023871890199388161
1023871937594974208
1023872093627277312
1023872175001006081
1023872284484935681
1023872309235539969
1023872434657583105
1023872447647567873
1023873510907752448
1023875508222783488
1023878352132820992
1023880150914617345
1023880160532152320
1023880225996722176
1023881455334637569
1023881695156731904
1023882104172503040
1023883125493968896
1023883741683437569
1023883817126223873
1023883877553590272
1023883901029179393
1023884904302440448
1023885019239071745
1023885390409883648
1023885390434824192
1023885418121445376
1023885931055525889
1023885945341267970
1023885963410460672
1023886612210626560
1023887123492077568
1023887420889157633
1023888182583218176
1023888307133005827
1023889806227656704
1023890451705737216
1023891928486699009
1023893272371109889
1023894340651888640
1023895489886994432
1023895855638573056
1023895920633630720
1023896127857254401
1023897258612408320
1023897752709812224
1023898839466631168
1023899034933702657
1023899553748197376
1023899620039114753
1023899890534019074
1023900018468696064
1023901056550535168
1023901275925217280
1023902392872357888
1023903561422446592
1023903751395049472
1023905314524024832
1023905509244645376
1023905518451081218
1023906145117720576
1023906206740430848
1023906819964583936
1023907031370149888
1023908062313103360
1023909275708612608
1023909758573658112
1023910068440322049
1023910163256889344
1023910527297351680
1023911588040912896
1023911730202771456
1023911876596514816
1023912016283615235
1023912137079574534
1023912254922792963
1023913597133627394
1023914394021978113
1023915592770830336
1023916434580221953
1023917212195868672
1023918534240428032
1023919268650352640
1023919590798249984
1023920588585353221
1023920864184741888
1023921120427352064
1023921910642401281
1023923613517398017
1023925449385291776
1023925943889477632
1023926257195671552
1023927067950424064
1023929761209503744
1023930057247649792
1023930406645784577
1023930534957920256
1023930937220976641
1023931235415011329
1023931583990919169
1023931844855648256
1023932065920757760
1023933314112086019
1023934419734806528
1023935518655086592
1023936646507417600
1023937050700066816
1023938324652810247
1023939261245140992
1023939704385941504
1023940109618446337
1023940507351674880
1023940931391643649
1023942216966909953
1023942561285558274
1023942914877976578
1023943174518132737
1023944168572366849
1023944205461270528
1023945079986315266
1023945614357352448
1023946214126116864
1023946290034565120
1023947056979820545
1023949045444661248
1023949230228955136
1023949901334556672
1023950961243553792
1023951176474157056
1023951879787700225
1023953448881012737
1023953633958920192
1023956393718513664
1023956872360017921
1023957905320509441
1023959171153240064
1023959322647293952
1023959978615431168
1023960179895881729
1023960619874172929
1023960859800944640
1023961857604968448
1023966385368641541
1023967174744887296
1023967826548121600
1023968810938888194
1023969602408259589
1023969612449435648
1023971008762470400
1023972139110748160
1023973257727365120
1023973403278159878
1023975220657324032
1023975270162857984
1023975422831353857
1023975849832448004
1023977347291258880
1023977725084631041
1023978123971493890
1023978613870223361
1023979114351472640
1023979438269071360
1023979476202520576
1023981069622763520
1023981190825435138
1023981556157829120
1023982154286551042
1023982562794975232
1023985579828998145
1023985687148855296
1023985725744640000
1023985896415264769
1023988184441647110
1023989392799674369
1023989766524551168
1023991362469785600
1023991893724680192
1023993467582726151
1023993975915593729
1023994267428106240
1023994819964821504
1023995010096787458
1023995109656985600
1023995351190130688
1023995690559696896
1023995715717160961
1023995893572194304
1023996369617473536
1023996532364849159
1023997689158090752
1023998198753447936
1023998360666218498
1023998917250174976
1023999999364030464
1024000598327414784
1024002458060763139
1024002521394802688
1024003590933938176
1024003955414716416
1024004545159081985
1024005492627177473
1024006785760411648
1024007575099109376
1024008409799184385
1024009824512745474
1024009845308104704
1024010120211177472
1024010884014845953
1024011799606296581
1024012263504662529
1024012319716663297
1024013633804689411
1024014221074485249
1024014385109495812
1024014619436695554
1024014783866122240
1024015862208978944
1024016308478922753
1024016677183348736
1024017406132477954
1024017444300574725
1024018179583082498
1024018442142326784
1024019015096619009
1024020029279363072
1024021389072916486
1024021437303214081
1024021455342907392
1024021945237561344
1024022016926670848
1024022490488733696
1024022858736041984
1024022860849864705
1024022901505380357
1024025166718877696
1024025280959180800
1024025361707925506
1024025447061966853
1024025590054182912
1024025686112067585
1024026517440004096
1024026680166367234
1024027683028643840
1024028061774241792
1024028322664198147
1024028327688978432
1024029340634439681
1024029370397220865
1024029624131637249
1024030489420681216
1024030616541704192
1024031782100979712
1024031838761709568
1024032034635894784
1024032071579103232
1024032201539825666
1024032251481403393
1024033258525184000
1024033961054547968
1024034739097755648
1024036030536544256
1024036833741570048
1024038987525226497
1024038988754178053
1024043007346135040
1024044561331642368
1024044764344156160
1024046549863747585
1024046868605612032
1024047365655851019
1024047955370815496
1024048795477319680
1024049609579094022
1024049669138259970
1024051317910601728
1024053418434940935
1024054858771587072
1024055191081893889
1024055330605432832
1024055635527262219
1024056871596916737
1024057533466595328
1024057749909504007
1024057943711469570
1024058480112689152
1024058510311546880
1024059459931435016
1024059477534945280
1024060340726845440
1024060544129622017
1024060699763531781
1024061198046650368
1024061728840208386
1024062259616776192
1024062460511301638
1024063682320334848
1024063826201903105
1024064087477501954
1024066252577353728
1024067093480665088
1024067388411662336
1024068379504721922
1024069561463631872
1024070692260728832
1024072228642729984
1024072829673852928
1024072951291944961
1024073670208053248
1024074084618043393
1024075137962860544
1024075314400559104
1024075961963347974
1024076576017797122
1024078546111619073
1024078549567848449
1024078760809717760
1024078824173006848
1024079425648906240
1024079611435646976
1024080203662991362
1024082143113306112
1024082444264382464
1024082505534787584
1024082915725127682
1024083527657246720
1024083748722274304
1024083895937949696
1024084137529884672
1024084326701510656
1024084903955066880
1024084999438565378
1024085797606019072
1024086703177379841
1024086912452030464
1024087094967160832
1024088218994704385
1024089725995548672
1024089755384991744
1024091369768345600
1024091616787615744
1024091975396425728
1024093484091887616
1024093679965937664
1024095858923589633
1024097690978738176
1024097927965356032
1024098401099685889
1024099952581140481
1024099953831038976
1024099955089309696
1024101647461638144
1024102410015461378
1024102666694213632
1024103447686250496
1024103921202196486
1024104114983239680
1024104248974299137
1024105714711769088
1024109026957643776
1024112044314750976
1024112852137922560
1024113465349287938
1024114344051847168
1024114488331591682
1024114488360882182
1024115017262792705
1024116188245356546
1024118926328913920
1024118969937129473
1024119800434487303
1024120011001159681
1024120017363787776
1024120517635305472
1024123827364622336
1024125698451984385
1024128028761358337
1024129127320903680
1024130547923267584
1024130567204470785
1024130847379611648
1024131809150423041
1024132291491229696
1024132808657313792
1024133306491854848
1024133417649270785
1024134570675826688
1024134858807771136
1024135618241212416
1024137783080898560
1024138890787995651
1024139387758473216
1024139431433908225
1024139723781144577
1024140165034532864
1024141153648750592
1024141889312903168
1024141945935867904
1024142185858572288
1024144273334128640
1024144833278029825
1024145015755485184
1024146972368887808
1024147653641351169
1024149453723189248
1024150336234291200
1024150410033078273
1024151951045525505
1024152379703402497
1024153311228952576
1024156042161057792
1024156197757153280
1024156582358077440
1024158045339824128
1024158345257738240
1024158910624616448
1024159528462385152
1024159788089786368
1024160011646382080
1024160225010438144
1024160540174835712
1024161407091318784
1024162066016419840
1024162332333621256
1024163285707485184
1024163784846450688
1024164096051236864
1024164389644066816
1024167224594989059
1024167783913992192
1024167818072387584
1024167933424148481
1024170518373523463
1024170947866112000
1024171718787493888
1024172656634081280
1024172933277790208
1024172969902460928
1024173567200714752
1024173891432996864
1024174881749917696
1024175118270914560
1024176057769967617
1024176144793444352
1024176250296905728
1024176789294379008
1024176813273243649
1024177841204682753
1024178096637759493
1024178481268248577
1024179076851007488
1024180750365675520
1024181072085561349
1024182661294764032
1024183061443883009
1024183067747934208
1024184494201262081
1024184779015696384
1024189380150194176
1024190423990972416
1024192335901614081
1024192345129070592
1024197259590885376
1024198239384289281
1024198412575690752
1024198445739986944
1024199242242564096
1024199954410229760
1024201453936828416
1024201818375512065
1024202589288767488
1024203007435657217
1024206199334625281
1024207525975973888
1024208040176824320
1024208914185891840
1024211841491390464
1024212569152610305
1024213073316536325
1024214075365105664
1024216218251669504
1024216685086162944
1024217148107812865
1024217262616731648
1024217652720357376
1024219906722746368
1024220075350351872
1024221963617746944
1024222041216622592
1024222873341198336
1024223053289598977
1024224473493528576
1024225735140028416
1024227539940651008
1024228658574180353
1024229664774971393
1024229708228173829
1024230155072548864
1024230443212828672
1024231088753987584
1024233206864723968
1024235788031197184
1024239294788067329
1024239393031237633
1024240246567956480
1024240303069442049
1024240332593147905
1024240491506950146
1024240528446160896
1024241285073260544
1024242890577530880
1024242929668431872
1024243102486286336
1024243516522807296
1024245362297643009
1024246232959606784
1024247804732964864
1024248008106541056
1024248256447037440
1024248503919206401
1024248564313206784
1024248879716261888
1024249318004416512
1024249388921749504
1024252865995362306
1024254286170087425
1024256624918052864
1024256632065282048
1024256866489065473
1024257718771544065
1024258371875033088
1024258733126242305
1024261122520694784
1024261400066240513
1024261576306712576
1024262166013243394
1024262572852301831
1024263714126667776
1024263843294453760
1024264002296340480
1024264090120802304
1024264174262734849
1024266200916742145
1024268094661971969
1024268307296337920
1024268431443415040
1024268438376730624
1024270489194250240
1024271190838337536
1024271377136799744
1024272025144176641
1024272565378994176
1024273999822512128
1024274309785763843
1024275211569508353
1024276754641248256
1024276984925433856
1024277127091367936
1024277252903788545
1024277757084217344
1024277895500378118
1024279189426462720
1024279704491237381
1024279903313842177
1024280308055764992
1024280648222093312
1024280763552935936
1024283877320404992
1024284347174739968
1024285899062960129
1024286419974537222
1024287242083360768
1024288739558862849
1024289492327428096
1024289556508622849
1024292273545273344
1024293355684093953
1024293708022390785
1024293895864233985
1024294314501922816
1024294430789038080
1024294813196279809
1024294974777700352
1024295131975958528
1024295443621076993
1024296029561278464
1024296121013690368
1024296186440638464
1024296321904078848
1024296365956816897
1024296891067129861
1024297207728619520
1024297489611022337
1024297556271157254
1024297728246001666
1024298637541568512
1024298651416453120
1024298673214287872
1024298835533864961
1024299484401020929
1024299959200489481
1024300934808129537
1024302566803263488
1024302619223715840
1024302862082486272
1024302870466887680
1024303424664428544
1024303804559306753
1024304120776335361
1024304611933474816
1024304744897171461
1024305147579707393
1024305397535006720
1024305500312092673
1024305536785936384
1024305885777223683
1024305931495137281
1024306655419412480
1024306769085034496
1024307339493396485
1024307722450362370
1024307878482436097
1024308708615106560
1024309232819044354
1024309894671949824
1024310063719243783
1024310446197751813
1024310917264228352
1024311071190990848
1024311739343675392
1024311773292310530
1024312251434631175
1024313367555502081
1024313477295468545
1024314302868668417
1024314512185470976
1024315156849778688
1024316691919130625
1024316733337686016
1024316886140502016
1024316936082083842
1024317227141660672
1024317267834748928
1024317735495495680
1024318068544102401
1024322360147681280
1024323060919410689
1024323356697346049
1024323399487639552
1024323950636093440
1024324170400845824
1024324799127056385
1024325044196069382
1024328355892678656
1024330460594425857
1024330559999422464
1024331755371810817
1024332870649704448
1024333071552634880
1024333228436586497
1024333592082739205
1024333850460205056
1024333869401563136
1024334415009329152
1024334426321211392
1024335222379372545
1024335232030277632
1024335430861316096
1024335857493454850
1024335913625833472
1024336947085500416
1024336976886079489
1024337857698246656
1024338773293846528
1024338886129078272
1024339068589629440
1024339327244017665
1024339453605826562
1024339602096762880
1024339960717926400
1024341019779846147
1024341125887348736
1024341419249393664
1024341531879268352
1024341736972271616
1024343328328806400
1024343542653767680
1024343936003973120
1024344482999926785
1024345891027734531
1024346183949606912
1024346526049611776
1024347192524500994
1024347603977338880
1024347761284734976
1024348012074688512
1024348705422331904
1024349408777793536
1024349898278199296
1024350749797625857
1024353418947649541
1024353574996852736
1024355519056605184
1024355975833243648
1024356006845968384
1024356106678755328
1024356695563227141
1024357780617129984
1024358126231924736
1024358140928819200
1024358524275572740
1024358636666142722
1024358636691304448
1024358991105806336
1024359246534721542
1024360143713124353
1024360566918467584
1024362185487777798
1024362400210796545
1024362490413674497
1024363726760239104
1024364068554006528
1024364117799432192
1024365629086814210
1024367420805398528
1024368543612194816
1024368674507907072
1024371358002827265
1024372376803266560
1024373887151349760
1024375454302658560
1024375985578434561
1024376510701084672
1024377147413200897
1024377533708550144
1024377735018237952
1024377801695158272
1024378392702054407
1024379163166339072
1024383036207636484
1024384052495876097
1024384276870193153
1024385304487112704
1024385600235954181
1024386365654556672
1024386404233748480
1024386758379749379
1024387121036120064
1024387147447463936
1024387995561091073
1024388096211804162
1024388530745667584
1024390916050759680
1024392788475957248
1024393855007768577
1024393971576041472
1024394166623723520
1024395452584607744
1024395991133380613
1024396653430808576
1024398603375259652
1024399303845076992
1024399409499578375
1024399613338562561
1024400096534974464
1024401976425996288
1024402297726676992
1024406175331352579
1024406511739654144
1024407105640558592
1024407190789079042
1024407216353411072
1024408895350087682
1024410776906461190
1024410997954686977
1024414480472702976
1024414682667470848
1024414705723551744
1024415912429068288
1024416454320500736
1024416473194881025
1024417074238681088
1024417173652078599
1024417699626213376
1024418019202789376
1024418486871883777
1024418815378157575
1024421156554715136
1024422430788464641
1024424001966415872
1024424466275696640
1024425236366864385
1024427044938178560
1024428178645966855
1024429108111933440
1024429179016634369
1024430014941618177
1024431305096941569
1024431970711887872
1024432016039718912
1024433271395024896
1024435554312769536
1024436021163974657
1024439111539601408
1024439565778472960
1024440408401539073
1024441419245793280
1024442924157820935
1024443823420792833
1024444179571728384
1024444292348006400
1024444413567803392
