959128531891613696
960367579633037314
960407418990546945
960407852916473856
960460685636448256
960561306536501248
960957612484386822
962165322047397894
962199789789040640
962300734325837825
962984610421407744
963394586172444677
964269296934440960
964461005148446720
964514797109817346
964557213791653888
964605457812873218
965663241983680513
966748018182508544
967468886114357250
967470167054721024
967470854463541248
967476499187208192
967492387219132416
967504179894788096
967533007795118080
967567794068959232
967924692018348032
968343961407574017
968510821251895296
