1002445403755667457
1002446524725452800
1002491524138110976
1002559590997913600
1004299422837235712
1004378519705550850
1004617903319212032
1005465591032045573
1005850114462609409
1005850202404777986
1006993322982834176
1007043925658488832
1007086633739485184
1008205385877147648
1008339952608956416
1008385020824825862
1008443378273435648
1008443667500097536
1008444696534790144
1008476841236205569
1008480621155545088
1008936796900610048
1008937392613437443
1009036989272911872
1009676326947598337
1009907726372212739
1010474009861877760
1011253924840370176
1011324724188573696
1011403430475137025
1011939821361745920
1012434879672475648
1012785676386013185
1013038354039017473
