903418296745287680
904081061365161984
905764543858651136
905764850063859713
905989310758912000
906173450334732289
906238420527321090
906307695573176320
906318900417220608
906426938654302209
906508631436390400
906673167250358272
906889769493438465
907190504026251264
908091358115753985
908390686151593984
908829290770333697
909144052737695745
909178650989416448
909179241975205893
909179279853932544
909180325468819457
910206947227467778
910214753250820096
910877667179634688
911267992079671297
911298852476645377
912005352815841280
912124523889221633
912262009818714112
913615422368317440
913685539844493312
913686320786141185
913700975772409856
913704760645054466
913710144432852992
913825448374697985
914064565213724672
914150120203128832
914198207068098560
