1047689053800423424
1047786256581705729
1047817001891246080
1047824810011766785
1048672463922626560
1048682562351239168
1049631149209862145
1049669305078571008
1049812005207474176
1049813237682720768
1049815552175177728
1049815630105509888
1049956242448404480
1050871432891183104
1051184410161278984
1052132188408426496
1052314121205633024
1052594443507838976
1052628755263426560
1052673410764025857
1052738850697531393
1053290915543072768
1053444215198363648
1053534775661670401
1053711271147630592
1053934360292966400
1054736256997998592
1054737037247569921
1054868687654658049
1055564911923941376
1055858555151106048
1055909604054499328
1055914573411303425
1056346399741263872
1056618377215651840
1056915184571351040
1056941302976266244
1057399411146481666
1057575261422665729
1057599848537563136
1057599910197874689
1057645814154227712
1057719416341831685
1057725662163861504
1057763170134212609
