1047373985669898240
1047561362824605696
1047738465205542912
1047740168516620288
1047915743038173184
1047936244272050180
1048000487151292421
1048217098638393344
1048332748203720706
1048731320304599040
1048859901034881024
1049087520720539650
1049230097301950464
1049284456727629825
1049389395684384768
1049558649281032193
1049628098159960064
1049756498405089280
1049757187491450880
1049949904041336833
1050152446993940481
1050227854460387329
1050228262331281408
1050228696899117056
1050400249372704774
1050485262252273664
1050491377749028866
1050497974168621056
1050554408092803072
1050663208774557697
1051106165004763137
1051362269639176192
1051426020941811712
1051460324900122625
1051703248535478274
1051824444187009025
1051925337766998016
1052334463588290560
1052375907925540865
1052492343918649344
1052764134377447424
1052965590569242624
1053406933686894592
1053598266921644032
1053776911996866560
1053996423841308673
1054404601959591937
1054407294061035521
1054597251857674240
1054606272270622722
1054677656380325888
1055023506524700672
1055105025356238849
1055502155073970182
1055537912769601541
1055741422886887424
1055796158986100736
1055933749794205696
1056419159112769536
1056507761268158464
1056520594177564672
1056581393084571648
1056599193719054338
1056806496867094528
1056920332303589376
1056933736426684427
1057029484845531136
1057280029099548673
1057381962611089409
1057389533124157440
1057573307392897024
1057694430529028097
