1013217528439427072
1014489277277790208
1014554435782168576
1014674652948357122
1014746948816039936
1014752033667076098
1014763362456965125
1014766118135894016
1015673364151717888
1015673731971198979
1015980713064054784
1016084010370387968
1016456397494484992
1016985978676940800
1017135853770981376
1017197598116065282
1017911007279136768
1018063853194801153
1018067177985933312
1018343821707378688
1018482074343362561
1018482720261976064
1018752221054455808
1019997186954702848
1020231279462080512
1020578605590503424
1020805030889250817
1021176543836434432
1021311644092239873
1021319038650077185
1021544948045295616
1021612862228201472
1021727790339698690
1021961719269060608
1022129492876320769
1022186600002797568
1022194051158687744
1022260596744511488
1022262169625219072
1022284791989686272
1022312344397991937
1022337631416332294
1022360317181870083
1022390505659715584
1022406203245133824
1022428224620388353
1022431840886550528
1022462175431077889
1022481044782698496
1022481873530970112
1022504912012410880
1022510101217734658
1022521172498546688
1022527854993653760
1022528228559409152
1022530122719682560
1022536327345176578
1022555400632188928
1022616968283582465
1022617607508303873
1022639126808473600
1022642828357369858
1022647173152878592
1022659852978540544
1022663915967135744
1022739093858541568
1022749233995304961
1022780961828818944
1022784147100774400
1022793298094829568
1022795061824774145
1022798352222707712
1022817317628129281
1022835929428316161
1022866076835532800
1023003485141446657
1023145477024477184
1023210488749015041
1023227905835520002
1023230673820241920
1023287075477626881
1023288793451778048
1023294766136680448
1023462553832239104
1023486428972560385
1023510916883795968
1023511200208961536
1023628655816134656
1023635539491213312
1023641163226603521
1023642621187645441
1023687596675883009
1023689045807775744
1023697615442141184
1023702246146494465
1023702521703882753
1023703604685930496
1023705903995006976
1023718631170039808
1023719273317822464
1023782669413502976
1023798564567298048
1023831382487969794
1023847589257523200
1023848445747052544
1023850261889077248
1023876019923705856
1023898030368481280
1023923608505204736
1023945092997033984
1024001085684543494
1024096740159381504
1024142062529130496
1024158329516552193
1024158520160251904
1024190553293029376
1024217292408799232
1024218123602292736
1024221748210950145
1024257616036474881
1024300598412201987
1024317045977038848
1024367339855327233
