980862283592089601
980913903910772736
980914075713593349
981074464212439040
981097113848336385
981624172630740992
981899448971296769
981946243587993600
982656258703593473
983118289827192833
983118332177068032
983330123138072577
983692398055346176
983703622566334465
983779621245202432
984004033714294785
984116002333118469
984867234047766528
985223310081478657
985474627983106048
985531470025510912
987289624556064768
987673462935314432
988075554917289985
988157876937125889
988300817542283264
988362522062401537
988479825399701504
988524016225914886
988539832086360064
988624305759006720
988671380961964032
988896233807851521
989473758082666498
989601679837421568
989699100365946881
990149077890314241
990651810955300865
990969954357972992
990987209292615680
991022294645473282
