1005901303711707136
1006613026206724096
1006613780917202944
1006620548397350912
1006625861628411909
1006627364154028032
1006627845244768256
1006628636730875904
1006629491945291776
1006630653771694080
1006630683530481666
1006631257319485440
1006687104875851777
1006691989562253312
1006701301789491200
1006706493478105088
1006710919710175232
1006728769581678593
1006729900630261760
1006729971111473155
1006732967941570560
1006734968192561152
1006744972039577600
1006761599925964800
1006767036154941442
1006822770091708417
1006822897984339968
1006835787520884736
1006891841860571136
1006915423491616773
1006922152023547904
1006924275175993344
1010110051237924864
1012702096297082884
1012702798817849345
1012738980134162432
