959038666390765569
959483717302579201
959553048707178496
959755454095163392
959915445733109760
960062145357647872
960928525414010881
960976110631649283
961164399238139904
961225616363270145
961330640514965505
961331140018786305
961402485549207552
961405477325295618
961733548263735296
961918145844989952
962390211853455360
962969573162135552
963892895479713798
964016162551095296
964046316832731136
964060955389837313
964101122947518464
964992975842390016
965508613115609088
965595212461563904
965605889506971648
965642189534629888
966343986754539521
966594680518512640
966595443672174592
966973097139232768
967383391913086977
967886789338910721
968097934389731329
968524562936811520
968528191106310144
968578813453131776
