926038749930143745
927878561700118529
928392320696901634
928504211309867008
928982675272200193
929568474854318080
929569505789038592
931315868859998208
932226965209305088
932975151867711489
933387695723831296
933390158950535168
933390158967201792
933390158967255040
933390158971404290
933390159789379586
933390159818690560
933394701801181190
933399714430676993
933416559581847553
933473640292773889
933687006642819079
934029177954631680
934148834749534208
934462424824123392
934749696039489536
935272097869262848
935994596512874501
