969018807556517888
969019056388018177
970767903728504832
971142883335135232
972236343836270592
972495321979932673
972774971398385665
972802849200640000
973257167808720896
973532573757509633
973567111770595328
974776816027172865
974777613909741568
974835184930566145
975078026307428352
975320997447585792
975377294956072960
975412831607771136
975631679896334337
975735541768613888
975833834439749632
976148485677486080
976209386388512769
976352280634167297
976541823735881728
976541910969061376
977071234637860864
977218539517071360
977220167280324608
977645861873356800
977980089810997248
978028007813083136
978257226539421698
978307507037843457
979031784640929792
979040078298275840
979393409394855937
979475963376381952
979681069447327744
