870486479666954240
870909380161490944
871391507433091072
871450403023589377
872547018912276480
873585301251403776
873838074765115392
874033924837605381
874377696297459712
875103877514674176
875646350364258304
876041907218124806
876673092906610688
877871483938377729
877934009271148544
877934234123546624
877942342979682304
877945054584819712
878015412381728768
878023371488755712
878043139260293120
878192472400252928
878217454941593601
878217929736597506
878299609600274434
878372488593330177
878525584858632192
878526875873624064
878595428400353281
878885403712946176
879187657431166976
879679692076232704
