881702642824736768
881704718413824005
881705867229503498
881709391690448896
881712283663118337
881713020589809664
881716719143854081
881719836346392577
881735984013910016
881743808886525952
881747430257160192
881779752390062080
881790115688927232
881857901517840385
881861179777339392
881863236257292288
881872511968915456
881894415114960896
881896631712440320
881898128697196544
881912729447133184
881927244700168197
881980278725627904
881980537086386178
883072329739259905
883072486392332292
883425261760524288
883759111552106496
884574865113714688
884816636536115201
884819244969578497
884821178128494592
884824972727918592
885228411890921477
885263112215166977
885266807002718208
885272061610008576
885319978605346817
885983603074621440
886021027565883392
886115157826523136
886115643950587904
886124094219051008
886124136996667392
886160350206455808
886160389200859140
886160429470318592
886160496579235840
886160515038359553
886161664688570368
887374736874848256
887541061786226689
887891734549712896
891815458550231041
