1046587424883671041
1046614529768116224
1046625083878453248
1046632735937159169
1046640294941212672
1046653828031033345
1046657635452358656
1046663034763010048
1046693122615304197
1046702178105200640
1046712061319925760
1046713143286738944
1046715898512445440
1046716818742751234
1046721429117521920
1046724499788492800
1046732116627730432
1046745498571460608
1046752347433693184
1046753541572849665
1046761108495785986
1046761641189273600
1046766360087449600
1046771713797754880
1046787892473778182
1046791274794115073
1046809811491467264
1046821261119086592
1046831597985693697
1046832575254343680
1046836544336584704
1046844149192949762
1046847366878449664
1046858764463353856
1046978905704411138
1047026892241547265
1047030117728509952
1047062058909470720
1047066269273509888
1047083519879438338
1047119124906856448
1047142492926353410
1047142638745473026
1047168350240100352
1047168737797763072
1047169205471236096
1047185842597482496
1047229146705756165
1047229400427782144
1047324377526755328
1047358509367660544
1047366219899260928
1047379738984165377
1047388205593448450
1047391881909293056
1047436499220881410
1047523557905813504
1047531131132755968
1047553745553260544
1047567750774718464
1047901039398019072
1047974175053246464
1048000364673486849
1048036978048917509
1048038001010327552
1048150233048215552
1048162103759056896
1048177071120297986
1048203087138107395
1048217932050960384
1048233763879116800
1048331411034271749
1048565475418890241
1048572551235076097
1048597215822770177
1048618291361501185
1048648484499349504
1048671112773550080
1048778412687409152
1048804579276554240
1048822141678841856
1048927861636120576
1049003299523899393
1049036584266424321
1049048599256952832
1049095237015150592
1049101483998818305
1049136737945964544
1049180340525420544
1049188624418426880
1049207200571305989
1049217642723266560
1049282682549456901
1049339787553988608
1049343062483197963
1049354746996379648
1049381307828948993
1049382390806630400
1049454816378974208
1049456314995302400
1049522798950010880
1049531841416388608
1049535344910069760
1049569591800651776
1049584678288539648
1049613310709178370
1049635007449321472
1049675281567342593
1049682780156653568
1049694652935413761
1049712977849462785
1049758058010824704
1049797772432551936
1049801162264735745
1049803639001214976
1049913581842681856
1049924415234830337
1049994773036195840
1050018685954318341
1050028938162913280
1050038062447702016
1050052762610749440
1050117776600371200
1050127328536223744
1050173584184733696
1050316997068615680
1050392750506438656
1050395404116942848
1050448112702156800
1050464047781568512
1050498149469450240
1050513255246909440
1050526712709218309
1050532373320884224
1050555147942854656
1050559593531695104
1050571167264718848
1050573688041422848
1050573882682294272
1050578194431016960
1050586304939847683
1050604926819135488
1050611439726092289
1050631565682737152
1050649200218714112
1050650756292866050
1050664293408993282
1050694473523445760
1050717159242919936
1050720510932381696
1050762439271182337
1050762562617397248
1050774849029853184
1050779461875113985
1050868202140520448
1050879614296436736
1050901013618614272
1050923761883537413
1050937650046152704
1050958740680146944
1051011581796970496
1051041771977764864
1051056158440448001
1051057162124836864
1051066063054663680
1051100062321758208
1051107664917348352
1051126067413639168
1051132333703610368
1051133930458370048
1051194331782991872
1051257377641521152
1051268255552139264
1051275810768736256
1051295982430736385
1051411720055341056
1051461334213124099
1051462510581182464
1051494719446908928
1051559350748078080
1051562704501071872
1051579644887986176
1051607989151363072
1051608133011795968
1051624922424860673
1051632148774440962
1051638202417606656
1051668403482583041
1051789192756260864
1051796765127536641
1051800321079631872
1051872207650115585
1051879779224305664
1051917503213973504
1051919102938308608
1051932601034784768
1051970381236432897
1051977969986490368
1052091181776007168
1052095590840991744
1052121918478856192
1052128857560629248
1052148258309517314
1052167739182383104
1052242770218356736
1052264793678041089
1052272366489821189
1052371295441219585
1052403070666244098
1052484632669753344
1052513974355292162
1052530954164678657
1052544176267571202
1052687509908381696
1052748020284964864
1052762943211757569
1052778205864554496
1052815961298952192
1052822416739581952
1052837486878236672
1052883935439466498
1052885475587907585
1052929330194599943
1052951865560682496
1052952339101835265
1052953689227452416
1053049967818944512
1053185796130230273
1053267272398241792
1053267361531420674
1053284065334374401
1053359528429838336
1053368661086371840
1053389733684891650
1053427521864130560
1053450144241217536
1053489456227876864
1053533178885922816
1053599162627960832
1053609211131650048
1053691720628457472
1053752123224076288
1053789905099272192
1053797455278436352
1053937493429702656
1053948435550810112
1053959393161760768
1054023544382898177
1054023927566032896
1054033727951638528
1054036548650483717
1054064343447465985
1054099415374282752
1054242879474814976
1054273069647163392
1054322226059714560
1054454221188194305
1054529405698170881
1054544372732059648
1054552422037606400
1054575313269805056
1054576622748069890
1054620340381343745
1054635454576812032
1054647162972200960
1054658110923530240
1054665653561384960
1054673738073948160
1054687178297470976
1054696370525822976
1054730243750150145
1054749088313434113
1054801504949854208
1054816593128181761
1054881278124642305
1054937441088430080
1054952560325550081
1054975253586305024
1054998379284049920
1054999413192622080
1055020521455341568
1055028032203681792
1055059803188293633
1055141263303823361
1055154462338269185
1055224287454318592
1055269620347691008
1055299826013822978
1055396881793114113
1055406099707367425
1055465920888397826
1055473467686965248
1055503652830367746
1055514737113477123
1055662210125426688
1055767899439153152
1055802616561758210
1055810667691819011
1055827242134237184
1055877972157116416
1055878462999879683
1055881377588174850
1055893711371018240
1055896239290540032
1055908023590301696
1055911353863421952
1055911450340925440
1055934695874220032
1055934849956147201
1055956631786123264
1055972343309393920
1055977092041576453
1055986846310821888
1055994414106075136
1055994549582082054
1056037328945332225
1056050655113216001
1056139138963918848
1056146967661707264
1056148150837276672
1056159818556301312
1056186842045997064
1056198456904167425
1056210024815443968
1056243496288428032
1056248765479301120
1056251824418811904
1056260220559781888
1056268823509241856
1056283095043723264
1056288007005843458
1056291681602076673
1056349228727861248
1056364349617405952
1056459662244110336
1056462482493952000
1056481672726827008
1056496556151582721
1056504247691427842
1056512386067251200
1056515717430939648
1056545014657007616
1056545542707175425
1056552436880556034
1056566689964417025
1056598343533572096
1056607930475266053
1056610422290309121
1056613438846197761
1056633749348278272
1056636128361508865
1056636589311475713
1056711622050295809
1056825064107184128
1056826285928792064
1056849036676816896
1056885259516600320
1057049330920632322
1057096663775436800
1057164605636538368
1057186157216391168
1057203603423793152
1057309890035748864
1057311460769087488
1057315583354531840
1057334008533544960
1057336549006815232
1057353314474516480
1057406181172367360
1057406496991035392
1057489265725190146
1057533487102783488
1057542103029313536
1057566558355099648
1057599431841927168
1057603632663687171
1057604690018553861
1057620474052526080
1057670403869405184
1057691099806994432
1057727237103988737
1057760996620550144
