892204713252462592
892235303754321920
892324032636387328
892325797536555008
892336764571996160
892337148585586689
892339218483171328
892339700010070016
892339883699601408
892345527131492352
892358817626935296
892360202158211072
892368381466128384
892389764036345856
892419699224354817
892435872041361411
892445169131376641
892524666715348992
892573667498053632
892624770495258624
892701393680818176
892810385216098304
892944604621938689
893018631969267715
893030079512629249
893321357659848705
893325277945888768
893340734828421120
893494918424875008
893504152885764096
893589413002756096
893738215563083778
893794089157763072
893818888843960320
894360576075366401
894360961078972416
894360961099980801
894360961104084993
894360961104084994
894360961104171012
894360961108389888
894360961112473601
894361002384527360
894361030721028096
894361469462102016
894361955158310912
894362197584990213
894362580533248001
894363426494885888
894365920016990208
894370981283643392
894371921239957506
894374087589470208
894438593472679938
894631853994504194
894860744273125376
894861290400735232
894865001495773184
894881079936602112
894885535981780992
894919721241411584
894934254320324609
894940625241387008
895387683085856769
895387685627592705
895414002779512833
895678831553597440
895720065319944192
895947123988058112
896061591552012290
896063059499794432
896065006973861891
896177025102295040
896303095847690240
896312997286522880
896369987845226496
896402421982932993
896738391164956672
897056357593088002
897251894770446336
897397458430570496
897397556648353792
897399609760329729
897401366334685184
897402066380791808
897517575818620930
897539362312916994
897541203583000576
897607640108466176
897824696573546496
897824827905642498
898056445219848193
898099712087273473
898238398443520000
898394779779710977
898397029537153024
898559458019876864
898614363250057220
898627179776401409
898650522781188096
898714718268923904
898875753957392384
899310664702939136
899336364881215488
899562988151033860
899563445745364993
899566138924781568
899567948326510592
899570180958932992
899576418304053250
899593439204921344
899653408528908290
899696407359102978
899717939183603712
899734459271925760
899734786415132672
899734831713599488
899734882036961280
899735506996547585
899735783837487104
899737014035206144
899742762752278529
899747635656916992
899751593435942912
899752863022194692
899765690902753285
899766411492503553
899771962238619648
899775809660964865
899784755264331776
899806407087861760
899826525939187712
899914526203817984
899934175368753153
899941840761348096
899942447236689920
899942578522640384
899960718480617472
899980442182369281
899981823391838208
899990418368204800
899994225936277505
899998072951853059
899999313610260480
900032384464244737
900035051189977088
900036414343196673
900048252766228480
900108563904950272
900125104155140096
900178135676665856
900372721187512320
900384648970330112
900601317051289601
900708288173666304
900895123860594688
901536530216480768
901539487632719876
901750963181985792
902038869025148929
902067620156850177
902071503025348608
902127032041164801
902461544696565761
902470887366160385
902471456973574144
902472054628388864
902473731930558465
902475098443194369
902475853011013632
902496075008716800
902502013317128192
902517783480688640
902538644656754690
902540744753385472
902890453653045248
902890664219762688
902910629928951812
902994540373704705
903177860374036480
903177860378226689
903310543846608898
