1002343644312035328
1002380575565463552
1002558625037127680
1002567850425573377
1002604657062109185
1002803039705673728
1002804290442887168
1003108564964139008
1003144133924524033
1003702639903891459
1003812334366871553
1003841850648682496
1004160889027747848
1004252620691685376
1004253661583892480
1004611657136390144
1004776752932098049
1004840111677161472
1004871831432585216
1004916530226876421
1004917126656942080
1005022957880606720
1005023645608087554
1005586807675932672
1005598459427053569
1006155436582727680
1006305294060740608
1006597141689700352
1006829184436588544
1006990870032158720
1006991748503990272
1006994689973719040
1006994812027965441
1006996012874027008
1007007865960386561
1007017816111792129
1007021001287221248
1007036165759827969
1007045329072640000
1007057242556911617
1007194370720743424
1007311308348219392
1007352576952754177
1007387827946995712
1007561732603174912
1007961324360519682
1007967269387997184
1008066217649860608
1008633426860232704
1008636200066994178
1008860190970703874
1009692109530689536
1009767999027531778
1009777252492632064
1009785099632586752
1009866947679354880
1010188128169144320
1010629346296565760
1010653886334394369
1010776745891463168
1010856323565719553
1010856450606936065
1010856515257823233
1010863362052378624
1010863576368762880
1010872293008916480
1010873436783050754
1011175045413179398
1011261580351234048
1011615221650280448
1011851523553419265
1011876832575148033
1011976830662991873
1012277842854506496
1012388556969394176
1012642255549747200
1012852940233560064
1012877501218086914
1013003371870064640
