880941105071755265
881106206718177280
881106720105283584
881107806870421504
881112365638352897
881114441835851776
881172271209041920
881215195745402882
881292203154436096
881538710361321472
881597537169416192
881619262397452290
881619436440084480
881620828558905345
881621914460008448
881839803108474880
881978905569222656
881979154228543488
881990143309225985
882000915112349697
882050196078817280
882072743814057984
882101265081278464
882262141817978880
882465421294657536
882839337594888194
882899732544335872
882904128267186177
882949299247751172
882959673435066369
882980985566056448
882986769896972288
883196741377560576
883285850334806017
883286315789197312
883288883131146242
883295392237879296
883308533445533702
883322509667512320
883328499590758400
883352242283315200
883361942575824896
883362291416051712
883384665092050944
883390999753482242
883551893657616386
883565051600412672
883641883280519168
883724507315417088
883943920970809344
884272918418530304
884314197911359488
884662240418254848
884760463359135747
885028981933789184
885075853314580480
885154551057178624
885178381070938113
885269854575632384
885284158809026561
885300980908146688
885657779872169984
885861451176570881
885881517364457472
885883446853283840
885888682619801602
885935748695945217
885955691223109632
885960244983103488
885960433299050496
885961116148391937
885995157111406593
886078292889030656
886117292739895296
886150692402073600
886208881646612480
886436654671646720
886444025221455872
886481424559243264
886534272580022272
886539846604521472
886620180142477312
886620548398071809
886631646950240258
886894559325597696
886978853918453761
887082863321128960
887083416654688256
887202715272597504
887298442262978560
887348788767096832
887431189644025856
887576995651047425
888043276837814274
888077707904417792
888155762232406017
888176935079223300
888294182225182722
888361440817623041
888675111015940096
890670286252552193
890671239815200768
890718629167288320
891056435081170944
891355568203366401
891562229534908416
891652706951204865
892031126742728705
