980679875387318272
981109842512400389
981122231437676547
981260145488465921
981260452637192192
981359541831974912
981396056607993856
981396687418789888
981480667035983872
981508445466710017
982159645719449601
982160624112222209
982318640782389248
982334090887286784
982452965364690945
982506937312055297
982550598728941569
982883800559452160
983006578491174912
983039112281194496
983162721527971841
983162842563018753
983711287380094982
983711775433539584
983712193215541248
984685888285433857
984936405456556032
984936533605212160
985766273073037314
985875905758113792
985876948982185984
986578740439339008
986617651744165890
986906187974266881
987711077008969728
988123561251475457
988539832086360064
988699709278736384
988738548521058305
988796347330547713
988950672534994944
989034362359427073
989041998899372032
989145773735473154
989146206797352960
989492888663937025
989512688312225794
989568927192711169
990585103460921344
990746344661843968
990854465430286336
990891817410420736
