1035743495250763776
1036654402864668672
1037475760884383747
1037580968650059776
1037590089587666945
1037733013424099329
1038341833208852480
1038346171612377088
1038544638917791744
1039117341769052160
1039469290431438848
1039514004664737793
1039622646370131968
1040526075837734912
1040527084269924353
1040529806788636672
1040531992041934848
1040539176851013633
1040575177011159040
1040575829628121088
1040584228306595842
1040622214431887360
1040640337188999168
1040755535002394626
1040904424397459456
1040925606047830016
1041025940527046661
1041311001831002113
1041319423531986944
1041610412591144961
1041999972017864704
1042172629690580993
1042237448644972546
1042237699703365632
1042289320256851968
1042293259563872256
1042725581970911233
1042855881254297601
1042876329891442689
1043624190203449344
1043727377233260544
1044729683340914689
1045088309339467776
1045211635705556993
1045541422504583168
1045774619087695878
1045952097265553408
1045952735215079424
1046179264146665473
1046197645281251328
