969155679150886912
969433174727122944
969575958897405952
970062429781741569
970102286134530048
970117034565550080
970196618556399616
970320728011649024
970320798886936578
970336403006439425
970336722172239872
970338682996748288
970520764448260096
970536828624228353
970538866204487688
970542227968716800
970553647368228864
970599175262912512
970642607306039296
970673433771089920
970711714344812544
970714202808532992
970849847241789440
971098851573731329
971144380693168129
971259000108015617
971270571773386753
971273035104833537
971286919094132737
971357983157309441
971554248491024384
972036215565443072
972236343836270592
972596108999450625
972736944500178945
973960689717948417
973987524052955155
974284753821081601
974288617630851072
974689345625055232
974833495473315840
974892052117893120
975596209938272256
975606961616994304
975624533255360512
975663433306771456
976073910943866881
976077725264887808
976078444562866177
976078883282829313
976079436104675328
976079498167795717
976083360715067392
976092474924875777
976102555532058624
976107369770967041
976118608798601217
976377003095023616
976476716595122176
976479837379616773
976482585042997250
976513356147445760
976790949467754497
977228560883593216
977806107489001472
977879066341654528
977892052380868608
977909567794372608
978028007813083136
978047210611970048
978284037377871874
978300330978004992
978406242791014401
978406956884021249
978408297806966784
978409582530826245
978416318599892998
978416395330490369
978420369043415044
978471626370158593
978482319328731136
978488325148262405
978490290192334848
978496639940939777
978506209664946176
978518220880646144
978536767694557184
978539992673697793
978546852453801984
978575253776420865
978590250493792257
978605147013177345
978654585677058048
978682511357132802
978822297438978049
978921691534577665
978939917903519744
978952331336257537
979021107867996160
979022856477708288
979163634529177606
979175990923579397
979187804596031489
979232908052283392
979334854801285120
979452109916602369
979475963376381952
979896939662790656
979945589080076288
980027109987950592
