1091160729707794432
1091466607279423491
1092198653677060096
1092307682285907968
1092583629702815744
1093127324348887040
1093187941680201728
1093391825551777792
1093957262488424448
1094124686957514752
1094148438571302912
1094216400980328448
1094234887765348352
1094242580987080704
1094247007311548417
1094253200952184832
1094842676833406977
1096045974957498370
1096057345174577153
1096297493510410240
1097679488442351617
1098126883982434305
1098468703384027136
1098798498089062401
1098911002802835457
1099246655356977153
1099591625104330754
1099698554690588672
1100790840367218688
1101129152906723329
