892231939075092480
892234289810620416
892234905324736512
892328901745156097
892345428150190080
892511806530494465
892857092490633216
892858869243756546
892928115525140480
893154678418153472
893326681791905792
893333637642375172
893386582794706944
893389781761105920
893438689833078784
893542715706691584
893564495909445632
893690386106925056
893692377382043648
893694104508391426
893694759117574145
893696108123303936
893699212751257600
893699227003506688
893705000064569345
893707291836403712
893708282946142208
893720517315772416
893733241567420416
893741830646358020
893752849930256384
893774346984050689
893774534918230016
893775336021819392
893781056616148992
893783142854676480
893897058326728705
893910703404236800
893975148461670400
894016084440891392
894069185277444100
894069972862775296
894070337515671552
894074071557656576
894074664598855680
894094850479357952
894455289537220608
894456617713803264
894516369689120768
894535100204851200
894536259078471680
894559731674619904
894562789754191874
894591620556791808
894607558069157888
894625905208770560
894703566505484288
895150579235737600
895151122297479168
895151942233710592
895153720614281217
895154174035460097
895157617953255424
895159163147472897
895161471281360896
895167038813081600
895171102229581825
895190300829687808
895194517791440896
895210793771380737
895212329314516992
895231835323727873
895231949421391872
895298963095429120
895508588776505344
895511749343850496
895529061337899009
895535814163144706
895551525610676224
895553635328835584
895663628250206209
895675460578824193
895766285706973184
895865324968345602
895868913191231488
895872290176475136
895881758251429888
895881863524343812
896058416484896768
896073512632279040
896162252767744000
896235452344147968
896236798539698176
896238285353123840
896238568967884800
896241355248214018
896244264828493824
896245852791951360
896266774391382016
896292091218632704
896298061823070208
896329115598442496
896346695616925696
896403718421192704
896425600088395777
896559749478481921
896617104069218304
896617225699852289
896617494533689346
896620682234126336
896628023071461378
896674122284924928
896718365472956416
896761456066256896
896784088966868992
896807366917844992
896833023492202499
896874422090555392
896921967445651456
896930431991332864
896936850937569280
897067797125095424
897362775814557696
897363104224296960
897370854031593474
898627351759728641
898671581521526784
899211625835761664
899540400934854656
899687077893128192
900096563590180864
900122507465953281
900370406774788096
900393458686459906
901002558843572225
901427886955081728
901430522555052033
901436720918528003
901450243342045186
901893511628378112
902880941424521216
903392652774838278
