1101272611126939649
1101285592904679424
1101319321836384257
1101323667529596929
1101356493960548352
1101361646147035136
1101362028248162304
1101364415620800512
1101364680591736832
1101364744043225088
1101365508228624384
1101365806883987456
1101366108022439936
1101366829031710720
1101368131379912704
1101369113262284800
1101369783344234496
1101373323500445696
1101373434657832960
1101375442458619904
1101375613581942784
1101376017095057408
1101376536333103104
1101378755119833088
1101381721327575041
1101383978118930432
1101384382617534464
1101384450569465856
1101384517242122240
1101384984508563456
1101386109928407041
1101386466754584576
1101386633679495170
1101386708375941120
1101387123997855744
1101388019817373696
1101388730420457473
1101388886880600064
1101389085250220033
1101389674130530304
1101392696164249600
1101393394482335744
1101394430076960769
1101395615399829504
1101395616230342656
1101397444921778176
1101397740653703168
1101401283141890053
1101402150469619713
1101402281793118209
1101402621112344576
1101403302720241664
1101405195760631813
1101406705139609600
1101407946649493504
1101408187800932352
1101409269503721473
1101409424692830208
1101410711253614592
1101410886852333568
1101411846936907776
1101413369045671938
1101415296328323072
1101415694367748097
1101417803846832129
1101419057335562241
1101422508417331201
1101423324641411072
1101424442394107904
1101425467792355328
1101425793400336385
1101426746748940288
1101427139100925952
1101427837653811201
1101428771763060736
1101428967632920576
1101430772450250753
1101431287082938368
1101432735808184320
1101434584661557248
1101435449120186368
1101436012385968128
1101436124378017792
1101439166515052544
1101439619067834368
1101440749445365760
1101440802734161920
1101441616835821568
1101442756302450689
1101442832043171840
1101443125082374144
1101443984088420352
1101446414280736768
1101447407252889601
1101448553791012864
1101448612511244289
1101448659483340800
1101448716961996800
1101449469005053952
1101450420658946048
1101453397788569600
1101453444747911169
1101453554651291648
1101453733756461057
1101453846142844928
1101454148992552960
1101455263851339779
1101456363576745984
1101456818646085633
1101457513570922498
1101457607628271617
1101457765334040576
1101457998122110987
1101458127717785600
1101458593256103938
1101459456473231360
1101459480384925697
1101460035282952192
1101460257157525505
1101460851469385728
1101461093484904448
1101461252046446592
1101461974964088832
1101462107260772357
1101462680215334912
1101462744388132865
1101463081773756416
1101464436361977862
1101465722335592448
1101467572862509056
1101467623206744064
1101467796834156544
1101468281955790848
1101468401740869633
1101468517818200065
1101468582028894210
1101469216195010562
1101469594101772288
1101470692598403073
1101470720259846144
1101470867056320512
1101470945502355456
1101471388773289985
1101471504192008192
1101472026772926464
1101472444966043648
1101472486674161664
1101473077454487557
1101473228478865408
1101473254059855873
1101473466715271168
1101473593794355200
1101473978814586883
1101474380230549505
1101474530378145792
1101474539181989892
1101474717838434304
1101474729607589888
1101474815150440448
1101474838143614977
1101474928820248579
1101475354550497281
1101475963555082240
1101476690016972800
1101476705523417088
1101477377027108865
1101477395511468032
1101477788517728256
1101479087904681985
1101479485117935616
1101479749707169792
1101480680079257600
1101480695996661761
1101481331442122752
1101483144643899392
1101483534273798144
1101485075613417472
1101485334041264128
1101485903665479680
1101486298328489986
1101486499931930626
1101487517633662978
1101487542623326209
1101488101900279809
1101488469119885313
1101488539361992705
1101489150027419648
1101489240204926976
1101489869350555649
1101490405818818560
1101491285376954368
1101491555456569344
1101491885812572160
1101492207679234048
1101492286137876480
1101492477813387264
1101492664854179840
1101492821301710848
1101493522027372544
1101494006200983553
1101494911319171072
1101495327423516673
1101495464132661248
1101495590804840448
1101496141542125570
1101496228758511617
1101496552990814209
1101496658695581696
1101496924610289664
1101497344015515648
1101497631757361152
1101497769334718464
1101498012617134080
1101498171564285954
1101498336836640768
1101499173990330368
1101499923541876736
1101501961961013248
1101502243411390464
1101503502113619968
1101503587253997568
1101503921170726917
1101504718449209344
1101505611718512642
1101505698679054338
1101506036286947328
1101506380656074752
1101506599179321344
1101506632750522369
1101506874321494016
1101507311330222080
1101507350811238400
1101507513558589440
1101507781155119104
1101508948429922305
1101510151767449600
1101510492328091649
1101510543494397953
1101511051437256704
1101512085328916480
1101512327751294976
1101512994670800902
1101513348254846976
1101513579751071748
1101513790728822784
1101513934165532673
1101513989534568448
1101514036502360064
1101514490753908738
1101515430718464001
1101515729768050688
1101515745287057408
1101515773384679425
1101515871527174144
1101515949943939072
1101516037638434816
1101516362663358464
1101516392363220992
1101516464173924352
1101516707888214016
1101517105499856897
1101517110511976448
1101517332814258177
1101518427133423616
1101518599494066176
1101518658713477120
1101518713574981637
1101518714447380482
1101518755954212866
1101519276446347264
1101519350278705153
1101519639710842880
1101520449182228480
1101521025496276998
1101521603454676992
1101522210802458624
1101522323222355968
1101522348778303488
1101522661379723264
1101523134799179781
1101523998003802112
1101524057558671360
1101524076827271174
1101524526901284864
1101525298242187264
1101525329280098304
1101525470619680768
1101525566937653248
1101525687461011456
1101526071671844865
1101526706265849860
1101527215022342144
1101527584968327168
1101528771109285889
1101529399847874560
1101532913441501184
1101533409170534400
1101533414103093248
1101533844547657729
1101534332777164801
1101534498431225856
1101536438292639745
1101537059066400770
1101537415578054656
1101540415344336897
1101546866183827456
1101548162198626305
1101549129845506049
1101550394444898304
1101552063744434176
1101553388725035008
1101553427753054208
1101559394997723136
1101560346249027584
1101561683380645888
1101562426640617472
1101564055687294977
1101564094279118848
1101564378220978177
1101565376050024448
1101565859644887040
1101566795813552128
1101567307111849984
1101571929662615552
1101572700147871744
1101573758362349568
1101574832548798464
1101577999667716096
1101581947757682688
1101582415410036736
1101582573531160576
1101597276659605504
1101602770799349761
1101602780035182592
1101603649510207488
1101603938065801216
1101606438726623232
1101608366000885760
1101608620603531264
1101609330279759873
1101611442933968896
1101612867738955776
1101613629000970240
1101613735536291840
1101614584471961600
1101615860400119810
1101615929178251265
1101616058333507584
1101616617853579264
1101616630465945600
1101619324018548736
1101620422506766337
1101621169516507136
1101621721927303169
1101622037485969411
1101622064601915393
1101622482786631680
1101623240277938176
1101623340093997057
1101623380787191808
1101623632839684096
1101623707728896005
1101623720525783040
1101624096717074432
1101624185221083137
1101625034563452928
1101625192294473729
1101625287932968960
1101625548822835201
1101625566002704384
1101626051292061696
1101626124692385792
1101626171668623360
1101626671638044677
1101626940891357185
1101627183762571264
1101627216872452096
1101627461840789504
1101627979812093952
1101629126128033792
1101629355141165062
1101629806003707904
1101630582822334464
1101630647800479745
1101631373318582273
1101632158613946368
1101633167763501056
1101633226882220032
1101633286969815041
1101633827946938369
1101634292231241728
1101635619313213440
1101636203156168704
1101637020638560256
1101637464395984896
1101637705140584448
1101639101856378880
1101639397542322176
1101640587487268864
1101641566416887808
1101641616748503041
1101641857086369792
1101642045435731968
1101642193054269440
1101643394856574976
1101643526008274944
1101643778933186560
1101644122438328320
1101644357327712256
1101644846358384640
1101644988574621698
1101646291304501248
1101646528723136513
1101648562524307457
1101648882134470656
1101649002087440385
1101649877434433537
1101649985668444160
1101650087145463808
1101650163091664896
1101650500712161280
1101650540558135296
1101650933576921088
1101651640728211461
1101652344121581568
1101652383531069440
1101653536742363136
1101656212108541952
1101657853331308544
1101658349521723392
1101658987882139648
1101659030655623169
1101660294013546497
1101660314968326145
1101660928196587520
1101660992356769794
1101661406758223872
1101661551436554240
1101662764878057473
1101662950270496768
1101662955710570498
1101663495500644352
1101664318850887680
1101665738639663105
1101665837591683073
1101666197072826368
1101667417602764800
1101667558522970112
1101667587052625925
1101667613493452800
1101667736357285888
1101667841634381824
1101669142724112387
1101669582299848705
1101670821687308288
1101670894684889088
1101672951139557376
1101673150784258048
1101673240575922176
1101673763572113408
1101674045852905473
1101674156322545664
1101674620493549569
1101679089109233666
1101681444177436673
1101681603581960192
1101681698381619200
1101682621971460096
1101682962943229953
1101683375671193601
1101683769516339202
1101683830346244097
1101685724074532864
1101686090635726850
1101686421566283777
1101686697157263362
1101686914418003969
1101687250360819714
1101688239792959488
1101688656731881472
1101688772075216896
1101689271608459266
1101689616782974976
1101690157437050881
1101690806308618242
1101690842811588608
1101691159875747840
1101691655235629058
1101691660260372480
1101692114918752256
1101693423965224960
1101693615238045696
1101694232635424773
1101695570605817857
1101696536562429953
1101697389277044736
1101698033073283072
1101698094314414080
1101700179713961984
1101702453060239360
1101703059955052544
1101703110722899968
1101703117014351872
1101703321272823810
1101704592964743169
1101705062332547072
1101705791281610752
1101705819832213504
1101712094091599872
1101712854938341378
1101715693186113536
1101720218844315648
1101720366395711488
1101720824078188544
1101720927706931200
1101721353416130560
1101722039591686145
1101722463660994560
1101723585633120257
1101724062949109760
1101725093468622848
1101725748623138816
1101725799793614850
1101727849147293696
1101729212270960642
1101729988225597443
1101730920220942337
1101731625686073344
1101734210623102976
1101736518773694465
1101738115121569792
1101738128526589953
1101738929240236032
1101739037868515333
1101740255906914311
1101743143949615104
1101744474579861504
1101745410689839104
1101746297764175872
1101746702543872000
1101746798169796608
1101746895909675009
1101748366835253249
1101750419544399872
1101757053645680640
1101757304070844418
1101761029028089856
1101763101836230657
1101765167547707392
1101766711051612160
1101769943610093568
1101771013577072640
1101774780032638977
1101774952414375936
1101775026661994496
1101775236792344576
1101776254359920640
1101776674184585217
1101777499191562240
1101777726950629376
1101778007146979328
1101780044311977985
1101782707678277632
1101782783620374534
1101784439099547648
1101785832891899905
1101786531654643713
1101787608332460033
1101791112241401858
1101791363916394496
1101793133493284864
1101794105296867334
1101794880316092417
1101794933705326592
1101795830846021632
1101796729685331969
1101798639351914497
1101800115302367233
1101802212471140352
1101803831464210435
1101806805812895745
1101807142854582273
1101807825301299200
1101808861269221376
1101811343068356609
1101811746103160832
1101812093819342848
1101812811884195841
1101812870189178880
1101813062158307329
1101813666683318272
1101814475370328066
1101817980134936576
1101819312640122885
1101820589826662406
1101820773537275904
1101820899353780224
1101822528006189056
1101822747846467590
1101822925215166464
1101825057154715649
1101827201714933760
1101827450030309377
1101827588840775681
1101828756954480640
1101829040485281792
1101829190251307008
1101829558913851392
1101830776516046848
1101831479498141696
1101832047260098561
1101832080105779200
1101832246195961856
1101832614879477760
1101832757330698242
1101832894635360258
1101833109803163648
1101833195778060288
1101833264493260800
1101833965864812544
1101833990623780866
1101835077346971648
1101837363255246848
1101837929477898241
1101841753856868352
1101841845754253312
1101843944554393601
1101845370911580168
1101845544232615942
1101846093715759106
1101846568087371777
1101848199243808768
1101848372061777924
1101848638815268864
1101848788124131334
1101849149236887552
1101849335468154880
1101851050963689473
1101851586148544512
1101851622223732737
1101852894335098880
1101853541952442368
1101853797813444608
1101854029733195777
1101854703770451968
1101855210870173698
1101855322438688769
1101855897897205761
1101855970458710016
1101856097965469697
1101856397015179265
1101856566452473856
1101857162031128577
1101857347004035072
1101858536500289536
1101859522199478273
1101859936571547648
1101860440718553089
1101861120610992129
1101861960742625280
1101862373483208704
1101862464063397889
1101862610440314880
1101863114172063744
1101863276911173634
1101863746253729793
1101866528364945409
1101867987529658368
1101868105385402369
1101868384742866949
1101868454359982080
1101868668697292800
1101868798305492992
1101868854068731909
1101869920264970240
1101870008366317568
1101871576209752065
1101872454908014592
1101873157021949952
1101874000089632773
1101874063394267136
1101874148563869696
1101874905635741698
1101875580067143681
1101876237318799366
1101877766985662464
1101879291183194112
1101879719002161152
1101882132824088576
1101884487086948352
1101884872556130305
1101885664428085249
1101886333838979073
1101886424851202048
1101886936556302336
1101889853271138314
1101891218953318403
1101893773271871488
1101895141055328263
1101896361186799617
1101896786073989120
1101896964730281986
1101898214645497856
1101898981347549185
1101899988420898821
1101900253895176198
1101901275208114181
1101901301229580292
1101904264085946368
1101905228348121088
1101906852797804554
1101907877063667712
1101907889214631936
1101908132068974592
1101909943169347589
1101910018645872640
1101911965666930688
1101924642116132869
1101928954280042496
1101928979005501440
1101934852281008128
1101942507305230336
1101943746743033856
1101952543893024774
1101954016093724672
1101954158691667968
1101954871727599616
1101957469654286336
1101963938525134849
1101963986780610560
1101967275509215232
1101968084187795456
1101969022436827136
1101971678697906176
1101974198627459074
1101975992115974144
1101978777553297410
1101980492180545536
1101981614605656064
1101982271848906752
1101983720557297664
1101987164097634304
1101988673178890241
1101990524553056256
1101991413766488064
1101991855003033601
1101994805263908864
1101996548215341056
1101996630205640704
1101997229575876608
1102002064345903105
1102004425877581825
1102004515060932608
1102008453541781504
1102008724485398529
1102008969436913664
1102009290305429509
1102011772460912641
1102012074069123072
1102012807644508161
1102013351629021184
1102013584828055552
1102015014272065536
1102015050326241281
1102015627064033281
1102017825680457728
1102017979611402240
1102018905323724800
1102019391447658497
1102019726136340480
1102022769124888580
1102023333237805057
1102024606225854464
1102024756352638976
1102025986554515456
1102029371773083650
1102030434177675264
1102030655251132416
1102030990380195840
1102031200498020352
1102033104300994561
1102033241010106368
1102034747616686080
1102036731530862592
1102037067469479936
1102037671457648641
1102037974315749376
1102038093853409280
1102038212120260608
1102038348829319168
1102040677536407552
1102040745484070912
1102041083096137728
1102041211462836225
1102041292400259072
1102042260022059008
1102043297281826816
1102043868147544064
1102044064831037441
1102045450629079040
1102047333452197888
1102047812437458944
1102048381629681666
1102049648712155138
1102050432208125952
1102050759804280832
1102052591435841536
1102052644313419776
1102058706081140736
1102059186999848961
1102062262670381056
1102065024632119297
1102066124793868293
1102067615042682880
1102068509234782208
1102068868288135169
1102070451231109120
1102074754159194113
1102080530126823425
1102081757396889602
1102082289616351233
1102082845793636352
1102083652354138112
1102083692648751104
1102083767303233536
1102085336799174656
1102087371032473601
1102087826101792768
1102088487971434497
1102088505595912192
1102089323480940544
1102089366694813696
1102091813639184384
1102096196288446464
1102096457585197056
1102096791015546880
1102098117678096385
1102098290504425473
1102098915455713280
1102100406073606144
1102101359027867648
1102101925674151937
1102102436569731073
1102104014022311936
1102104513983311872
1102107119908577280
1102108058598047744
1102109014496751616
1102111190489034752
1102115756395786241
1102116711459782656
1102119298707816449
1102124154646495233
1102126024911798272
1102126731652096002
1102128925684068354
1102130907299770368
1102132732870553605
1102134396331548672
1102135946932248577
1102137110457344000
1102138221499101184
1102139360269365249
1102147561807212544
1102149079742636032
1102151493971369984
1102152477938376705
1102155916042878976
1102157307285188608
1102158110922174464
1102158635017224193
1102159567167737861
1102160882501529600
1102161143370473473
1102161457964212224
1102163040470884352
1102167174800523265
1102172987694837761
1102174683024187392
1102176000887017473
1102177480218042368
1102179438123397120
1102182439537958912
1102184053501919232
1102186695921827842
1102190254369325056
1102191601986740227
1102192068850532352
1102192865285877761
1102193200855314433
1102194337104900096
1102194673060216837
1102195205346738176
1102195363039985671
1102197839784947712
1102198947064340480
1102199044380622849
1102199442436907009
1102202409030303745
1102203060003074048
1102203788566265856
1102204430299136001
1102204781765054467
1102210380317646849
1102214020151488512
1102221993108074497
1102223831299612673
1102224775164747777
1102231596382457857
1102234219923693568
1102242186135920642
1102250976159911936
1102266610402787329
1102270325742481408
1102282639807897601
1102285046059286529
1102322174868697088
1102326847759560704
1102334332473991168
1102344369032454145
1102344372417249280
1102350683586453504
1102358022750236672
1102359858609713152
1102362279910232065
1102363322274308098
1102377485604315136
1102381632487534593
1102385367116730368
1102394519276998657
1102396176232562689
1102396479841415168
1102396725296152581
1102396856997371905
1102398389147205632
1102399294290587648
1102400350399561728
1102403969266016257
1102407122958991360
1102407804118216705
1102409839618084864
1102414445798539266
1102417072619810819
1102418247511494657
1102418826325454848
1102421964067528704
1102430169388613637
1102452253342887937
1102453625622654976
1102462633041518593
1102464259022217216
1102466145209081856
1102469974172459008
1102483189585440768
1102494786429153281
1102495146304626689
1102496113515347968
1102497924611694594
1102500822892597249
1102501328285163520
1102519172117000192
1102547902935646208
1102549941547757568
1102556460335083520
1102561029576253440
1102562591128268801
1102563527296860160
1102564375380934658
1102566602162135042
1102566815618613249
1102573004318371840
1102577045136007168
1102586163968110592
1102587998548328448
1102605986647302145
1102609104684507136
1102641220063440896
1102643393555922944
1102648825183760384
1102649670768029698
1102649877949952000
1102650812860260352
1102700948198027264
1102724642244968448
1102733376560128000
1102774609407950848
1102812345154396160
1102837094068629504
1102851386562076672
1102881613476589568
1102881838463438849
1102919369460457473
1102920455437004801
1102920683183472640
1102923383426080768
1102924126295998465
1102926529133068290
1102928851162750977
1102930989452451842
1102932613872869376
1102950390167826433
1102972639709032449
1102972656893095936
1102978802840264704
1103050733040001024
1103061383648763904
1103064746633310211
1103097888748363776
1103099571951955968
1103113568327630848
1103132902378766337
1103138798722940928
1103172593102729216
1103174824875048960
1103178635832246272
1103181957725270016
1103184480594870272
1103239562711556096
1103275964664954880
1103295465997578241
1103295790280130566
1103357898678124544
1103423364666806272
1103461346996215811
1103484739883659264
1103496265306791936
1103511673774661632
1103516062706888704
1103516344803221504
1103516518485090304
1103540309818990592
1103543118303965187
1103574427562725383
1103582796466085888
1103583236834226176
1103611107560714240
1103646563706974215
1103667760016617473
1103671508067471360
1103732892142776320
1103738209366888448
1103743770888228864
1103756961563185152
1103763724433846275
1103782705760792581
1103902583620493314
1103903314666639361
1103929625959268358
1103983540805414912
1103983639786774531
1104041280437346304
1104143616392482816
1104161797026668544
1104310769888329728
1104349901939331073
1104443807796359168
1104528079295135744
1104612479177437184
1104678096983085058
1104708249834655745
1104809059939639297
1105223300719042561
1105273645780402176
1105466408048054272
1105622021910773760
1106131738324025344
1106651116450779136
1106751585151905792
1106800417311121408
1106800503688564737
1106802707002585089
1106804303828680704
1106805968057352192
1106808261104156673
1106810575105875968
1106812441151844352
1106814081535598595
1106814271093121024
1106815120032722945
1106818735107506176
1106819062271606785
1106821515096383488
1106821785641775104
1106826858639835136
1106830429305233408
1106831673717481473
1106832124571602944
1106849880327274496
1106884785333370882
1106896254653460480
1106916540396363778
1106917591774158849
1106917640147292160
1106927008536297473
1106959320644812802
1107066568217759746
1107076532546068481
1107137773574602752
1107157533381152768
1107160484904501254
1107164287464820736
1107262244570566656
1107275211286683650
1107290305760505857
1107817633347362816
1107980686919520256
1107993264798556162
1108286835061592064
1108537263527510021
1108622624597438464
1108623341970210816
1109079428062162945
1109157916907585537
1109296560872083456
1109542420180598784
1109544545526706177
1109568421845327872
1109758934678679552
1109759078950203394
1109959330521145351
1109985123829719041
1110133633220788225
1110954118804324352
1111007467415261184
1111098688007491584
1111109152837754880
1111199712055619584
1111253660032360448
1111651470879780866
1112070584224153600
