959093143625854977
959095718601408513
959822867549503488
959824280925085696
960044670654050306
960045995189993472
960746229641523200
961512464981643264
961639378148880384
961905125299126272
961908549298274304
961925413327945729
961982522551820288
962020003255009282
962064297823055875
962074800997871617
962107738040893440
962141825157836800
962201669470584832
962626717096599552
962741351845695488
963380322195951617
963789279813136384
964012908773482496
964032298915127296
964032437897646082
964039286348632064
964128950904590338
964187123455848448
964264300679434241
964608650101714944
964805856637337600
964925093733437440
964925697545433088
964928709898711043
964928750994575362
964933067797336066
965134289510850561
965151691699052544
966087312944726018
966103614975500288
966803679545184256
968192636757590016
