1080084847501160449
1080175496053379072
1080183772891492353
1080191650419392514
1080197534822191104
1080199800765575169
1080203014051373056
1080204189266046977
1080205320893419521
1080209709003612160
1080212120657162242
1080237699661848576
1080241810755088384
1080243440854753281
1080244180306165761
1080250774800674817
1080255380758904838
1080262905336074240
1080282337114550272
1080282395864109056
1080292724329328640
1080309592561717248
1080321653274497024
1080326276261597184
1080327810500169729
1080340035222687744
1080359032492240896
1080382179618799616
1080450479941926917
1080451615872765952
1080452171227979776
1080474685811363840
1080476858880122880
1080481503887482880
1080485598127943681
1080490307911856129
1080490400203358208
1080506645233496065
1080506885068021760
1080513420213006337
1080532020693008386
1080567574142738432
1080588823300620288
1080619492923924483
1080656810061705216
1080733117021896706
1080778710360432640
1080853195742760960
1080913442293379072
1080935223746093056
1080989727489175552
1080999720405716992
1081004696955994112
1081027892690092032
1081072287313317888
1081074185676431360
1081104695148584960
1081152384615628800
1081155081205174276
1081155531677491200
1081192694049845249
1081194599916421121
1081208175553142784
1081232132259934213
1081233162770890753
1081235622411599872
1081235951660253184
1081239415459139584
1081254734974119937
1081258350401208320
1081260565018955776
1081270159074099201
1081279418692030464
1081305654193602560
1081316903740555264
1081323295113392128
1081324200810475522
1081326192022691840
1081326415994331138
1081327170964738048
1081327633592446977
1081328425929912321
1081330630032539648
1081332898295296001
1081332907032088576
1081333225459511296
1081333351288573952
1081335393604259842
1081339027423404033
1081341091033448448
1081344382723252224
1081344649468342272
1081346814996029440
1081348222206074887
1081350759738953728
1081350996717129729
1081351508422201344
1081360238450827264
1081362273107673092
1081364367743090688
1081368582586580992
1081370295989141505
1081371229204828160
1081372753398181888
1081374007075717120
1081376876847718400
1081376907445370880
1081377079432757248
1081378760476090370
1081383067628044288
1081383534051258369
1081384916946956290
1081385626975592449
1081387756029427712
1081389611585339393
1081397364315865088
1081403736730275841
1081411193363943424
1081412306121052162
1081416021443936256
1081419939347492864
1081426580172427264
1081430350021214208
1081431746313416704
1081443498744836096
1081445857613045767
1081449571245469696
1081460666043678720
1081472691507482624
1081473149542248448
1081487122421305344
1081499910887915520
1081501524424048646
1081503239483387904
1081511477515833345
1081529208499830784
1081530007078473728
1081532125222973440
1081540654377897986
1081541555679305728
1081542326613434370
1081543737589809153
1081544488928141312
1081547931042357249
1081555340280430592
1081555976149446658
1081556519727054849
1081557740672245760
1081558588324233216
1081562535806029827
1081563974032912385
1081564034246283264
1081566794937184257
1081573276311158784
1081580074502160385
1081581303416451072
1081581645256318976
1081589936988418050
1081592174641217536
1081592583778906112
1081594219381301249
1081594877023010816
1081596914620076032
1081602749740056576
1081616038138208256
1081616864822861824
1081617123229777922
1081617423512539136
1081618391163645952
1081618671338995714
1081619076911415296
1081619248454270976
1081619462359519232
1081619521092210688
1081622609358286850
1081623183562702848
1081623441919365121
1081623834925641732
1081624429250203648
1081627951236562944
1081628656298934272
1081632519643193344
1081633968783613952
1081634408346595328
1081635055129247744
1081635433858121729
1081635731238473729
1081635832321105920
1081639327438987265
1081640045088518144
1081641519810052096
1081657640168640512
1081662620086591488
1081663976944082945
1081672781203333120
1081673826860183555
1081673907390824449
1081677628157952000
1081683764810600448
1081689823516200960
1081691582179565568
1081696377116246016
1081701590631890945
1081707587626811392
1081711202710052864
1081711525650288641
1081712320055775238
1081714599248900097
1081719204598886400
1081719517930246144
1081721322315628545
1081721698939006976
1081725401678995456
1081725494800908288
1081728673193967616
1081732987941617665
1081744549112819717
1081746161751543808
1081746442056740864
1081748638949289984
1081751309471150081
1081752224341127168
1081752842975825922
1081753389858463746
1081753855833055234
1081754321430216705
1081755237029801985
1081756304463589376
1081756438295470081
1081756925669330944
1081757101406470145
1081757746045902848
1081758477138169856
1081758992592982016
1081759017347760128
1081764388158095360
1081764670846001152
1081766419023478784
1081767149276778497
1081767374506942464
1081767855153131520
1081767954163879936
1081768083759513600
1081768505278529536
1081769347918557186
1081771123929313282
1081771390544556032
1081771620417589254
1081771658996862981
1081772457177083904
1081776860189650944
1081777494510981127
1081777623708155904
1081779496053805056
1081781456047869953
1081783067491094530
1081784116499034113
1081786705638813696
1081787436298993664
1081787537771896832
1081790964530847749
1081795092153802753
1081795332470583296
1081795710398418945
1081803597346676736
1081809763392999424
1081812064384020480
1081817598763982848
1081818112155103232
1081823448991715328
1081826291895156738
1081827136220983301
1081827700757708800
1081841548269109249
1081846901857759232
1081848269637124097
1081850541813235718
1081866104241381376
1081866782883880960
1081866870523867136
1081872607476097025
1081884135130464256
1081885858297393153
1081890999117467648
1081892331211710464
1081892748138110979
1081895352373002242
1081896503415844865
1081897346777137152
1081902262493069319
1081906084326137857
1081907932323811329
1081910084853293057
1081914770566103040
1081915611679211520
1081916732841840640
1081916879218843651
1081920557938036738
1081920636031774720
1081920707335020547
1081923368239185920
1081924053143740416
1081924487635976192
1081926484162416640
1081928391736131584
1081936912456314880
1081938347319312384
1081940782964183040
1081944689912303617
1081946530423156737
1081947491224952835
1081949078890504192
1081950521714343936
1081951787551285248
1081952987147370497
1081953315955621889
1081953991678930946
1081954063795642368
1081954260781318144
1081956281760579584
1081956772326195200
1081957037997735936
1081958055951122437
1081959983636496384
1081961041876049920
1081961824550031363
1081964650659500037
1081967130336206848
1081967343838904321
1081967644956389377
1081970562510061568
1081971237797093377
1081973449046790144
1081976155622625280
1081977208833482752
1081980911137288192
1081981002157744128
1081983496497913856
1081986521840836608
1081989825723596801
1081990198144184320
1081993396330393601
1081993504543322113
1081994037194838017
1081994211677913088
1081998036497256448
1081999527987556352
1082001859588575232
1082007939655876609
1082008168643780608
1082010530871574528
1082010816528990209
1082011549269667841
1082012406992257025
1082012438470496256
1082012714434580480
1082014812454993920
1082014843463450625
1082015580851486722
1082016232629563392
1082017792507801600
1082022605467648001
1082022933030191105
1082024406082338821
1082024852901511168
1082028487542738949
1082028688852635650
1082030375399030784
1082031150099587073
1082035745383165952
1082038563104059393
1082039176294469632
1082040519755288578
1082048160183214080
1082058345132032000
1082059225076035584
1082064108080455680
1082075668085641216
1082076266122174464
1082076380643221505
1082076559287246848
1082077198519955456
1082077729514835976
1082078394299412482
1082078731936514050
1082079157264306176
1082081097528340481
1082081387379748864
1082082073958117376
1082082235451355137
1082083906889940992
1082085678966624256
1082086643241238528
1082088432120356864
1082090370219962371
1082092141571162113
1082097376066707457
1082097813373308929
1082098383949570048
1082099599018471424
1082100118709514240
1082100796508975104
1082100807846252544
1082104919073701889
1082105020177371136
1082105036929466373
1082107149617192960
1082109337378512896
1082110549092155393
1082110718953046017
1082110948410867712
1082112103497060352
1082113899942608896
1082115198914318337
1082115508026126337
1082116150580953089
1082117355612733440
1082117950499217410
1082118467103256577
1082122138805510144
1082122220590256129
1082122418553012224
1082123722159403008
1082124037982162944
1082125009919856641
1082125464452456449
1082126135549480960
1082128270613729280
1082128824534532096
1082128874861940736
1082129268711161861
1082129449888305152
1082129687307010048
1082131273160843265
1082131458553196550
1082131511816658949
1082132215629340673
1082132492436557824
1082132612838154240
1082133015063609344
1082133257888714753
1082133322506084352
1082134316132507648
1082134936482709505
1082135964061966337
1082137018937864193
1082137718140723200
1082138057028055041
1082139194510766080
1082139334201856000
1082140166356172800
1082143556175872000
1082144510384062464
1082146032907997184
1082148474429136896
1082149305316589568
1082150188620410882
1082153681661890560
1082156313583316992
1082164996187058176
1082165809462562818
1082170957135962112
1082171335487483904
1082179038318256128
1082180264325828609
1082189705683324928
1082192689922224128
1082197847251009536
1082201639736565760
1082203379969990657
1082223712676577280
1082233115911823360
1082235279329550336
1082255331433086976
1082256346031013888
1082257613927129094
1082260944682651648
1082262018407780356
1082263058616107009
1082270666651590656
1082271868747419648
1082272557871628288
1082275474644987907
1082279060292685824
1082280367263043584
1082280431012274177
1082284003699363840
1082284366099828737
1082287464834887681
1082289312270614528
1082292894785069056
1082293630876958721
1082294587622912001
1082297375165698050
1082297586944540673
1082297660797800448
1082299921502560259
1082302805098950657
1082304343984898049
1082304412784250880
1082306562767634432
1082307058370785281
1082310147211489281
1082311229786505216
1082316830411153408
1082323909993652225
1082323928851337219
1082324454427058178
1082324552565305350
1082326232816066560
1082327787208429568
1082329280393158657
1082331224037879809
1082331409807753217
1082334687677333504
1082342095640240128
1082344730921451520
1082344753599893505
1082349806448562178
1082358018073944064
1082361157078470657
1082364656394604546
1082366750187012096
1082367967789240321
1082372090362241026
1082391982289252352
1082396408542609409
1082396506274041856
1082399071069818880
1082400411170926592
1082413893626978304
1082414249023016960
1082416982018981891
1082417197169950721
1082421396100272128
1082423065450037248
1082424993126830080
1082430585388351489
1082434728962215936
1082442951895273472
1082451936081862657
1082455961783189505
1082460484920594432
1082461144269422593
1082461185381941248
1082463258211221504
1082464748015312896
1082467659713822721
1082473503218053120
1082501870952894468
1082504487779020800
1082512300077129734
1082512868426346496
1082518367578120193
1082583472030519296
1082588547494961152
1082600877062569986
1082614720534904833
1082619568558915584
1082620087394357249
1082621213162303488
1082622371629023232
1082630119360024576
1082631474535432192
1082641178871386112
1082645618542198786
1082649174078832640
1082652379768475648
1082653738735677441
1082657842853830656
1082658770222764039
1082659942128078850
1082659975649021952
1082660031466741760
1082660179940921345
1082660491581972485
1082662676357091328
1082663356257976327
1082682859138240512
1082684037960007681
1082689872262062085
1082689876435316737
1082691518622826496
1082697542775816192
1082704548123369473
1082705719152070657
1082709848893075457
1082714174898221057
1082718758009892864
1082719636293107714
1082721859278389248
1082728876403503106
1082729021442539521
1082731233107427328
1082731629875888128
1082732126515023872
1082732833230241793
1082735255444955137
1082735906409324545
1082736182377828353
1082739224959438849
1082739267158372353
1082743152916733953
1082744447257989120
1082747977184280576
1082753471714078720
1082755412011565057
1082755677502783488
1082756520578666496
1082756939149443074
1082759349230030848
1082762080103542786
1082762096884891648
1082764358030163969
1082768518788014080
1082770417557876736
1082775048815931392
1082778736980824064
1082781568538685443
1082784344345927680
1082785139137171461
1082788298299461633
1082789970987937792
1082791017471008768
1082795110247616513
1082799214395121664
1082799919025528832
1082803035821113344
1082803533697744896
1082803690979950592
1082818665483984898
1082827475615309825
1082830570588119042
1082846774035763200
1082846790804824065
1082847465672450048
1082851015315996673
1082904362245066752
1082913890432897024
1082917132223025152
1082919561567956992
1082983685748674561
1082996621820874752
1083025532747427840
1083026285188841472
1083053609816748032
1083071835334270976
1083072169641312256
1083072188490629122
1083072422146961408
1083086388327784448
1083086866876952576
1083110473682378752
1083146752738410497
1083149568383045632
1083152064849555456
1083160389272035330
1083160942484078593
1083172430703677440
1083182995320856577
1083189805599444992
1083203936188841984
1083226428563443712
1083299745005797377
1083336656986492928
1083358401722224642
1083362641974829059
1083383463682736128
1083384776545976320
1083385749213511681
1083389717012537344
1083405166315999235
1083424367613304832
1083448910411116545
1083450788947447808
1083464255704350722
1083468606862737409
1083493869591891968
1083495056001126402
1083495984343113728
1083511608532455426
1083524282897129472
1083536375910199296
1083537797519151104
1083538803971768321
1083554227283288070
1083557192245100544
1083564059650338816
1083573714560651265
1083575959213744134
1083576725118898177
1083582688580255744
1083595948570365952
1083604974146383872
1083616729962565632
1083651716762009600
1083691054719733760
1083691357967998977
1083692964365373440
1083694371977990144
1083701762752724992
1083727254885142528
1083731339323604993
1083734379355090944
1083749384871907328
1083786312354799616
1083792082505031680
1083795581783470081
1083854063077224448
1083862805143535617
1083875735780184066
1083948638521442304
1083949350026326016
1083957867395244032
1083971520672776192
1084116615497576448
1084171136429105154
1084171469880479744
1084173811535228928
1084197468898701313
1084219609576820736
1084227444549275649
1084229922510389250
1084238795048960000
1084254112340938753
1084268052705730560
1084276378650857472
1084298319453515777
1084319209201520640
1084364997122293762
1084368609298796545
1084406569842937856
1084444662918799360
1084468550746554369
1084497289677361154
1084557533732356103
1084609427343327232
1084612395639689216
1084612785349279745
1084768696533504000
1084818297437208576
1084820373139542017
1084823046987440128
1084826083298549760
1084877273965187072
1084877390101258240
1084897930853654529
1084930588971331584
1084940665367261185
1084961259408236544
1084992175610515456
1084993571504046080
1085087620357648384
1085099698468343808
1085101881406509056
1085134752754139136
1085187344980836352
1085193849905926148
1085200887235043328
1085217986896711686
1085274232932700162
1085293655487860738
1085296741115555845
1085303419840147457
1085312774387965952
1085325913053646848
1085342126936866821
1085360733989163008
1085367274309963776
1085373868431364096
1085385643679715333
1085390152984395776
1085401562762100737
1085423564134723589
1085427009608650752
1085430828950343680
1085497163952676865
1085543994476687366
1085546059483566082
1085546077502271488
1085549099515027456
1085551340921802757
1085585449031225344
1085666558893010948
1085667544139264001
1085680702484606978
1085683893511032832
1085694910286753792
1085698990694371328
1085699783665373189
1085700379222917120
1085720697714819072
1085925083774824448
1085929304364589061
1085942313795375105
1085981331350269952
1086011267935019008
1086012840211816449
1086015581588017158
1086062460446994432
1086234233616678912
1086241795166662657
1086260143497625601
1086269375823441920
1086275909471023105
1086365793959403520
1086371709484097536
1086398310745866240
1086401902185721856
1086403606306324486
1086417858131886080
1086465680331952136
1086469389128470530
1086471368705826816
1086499448677695488
1086499454117703680
1086525718023032833
1086551407724032001
1086643688892182529
1086647014262075392
1086647367506554880
1086654291056738304
1086717413524152320
1086717860771172352
1086721611749904384
1086722578104897536
1086725731785326592
1086728680410353665
1086729245790011398
1086729291092684800
1086732556765224962
1086732774860566531
1086733201018638336
1086736594604834819
1086744351559090177
1086745021812858882
1086748624296558592
1086754146508775424
1086755168249614344
1086757246946689024
1086761517180243968
1086773324158562310
1086774316916793344
1086776040368816130
1086779188219019264
1086784837095251969
1086787962560405504
1086792232479293440
1086812321090015233
1086817761529974784
1086821476848861184
1086825005088940034
1086825019769016321
1086833392354775040
1086848753250775041
1086855639471665152
1086857971907346432
1086867008531116035
1086868009698934785
1086873102842318848
1086874802403586048
1086875531352698880
1086880858504642561
1086880945377107968
1086886224734838784
1086899156185243649
1086900312131002368
1086913041038483456
1086919186931101696
1086927432102305793
1086942584440868864
1086948321430769664
1086982650106167301
1086994026736295936
1087028433887027201
1087036877423734790
1087037564018667521
1087040100335263744
1087047006382706688
1087048403786391553
1087067133891264513
1087077349932306432
1087081565157498880
1087088379706122240
1087095262999400452
1087205650759864320
1087307171791020033
1087358973966196737
1087445915139371008
1087453571887611905
1087476410703323136
1087530111241379843
1087534024648810497
1087534671259492355
1087534933000695808
1087614157115973633
1087643919058374656
1087729447615238146
1087731444535853056
1087733274510848006
1087782068518412288
1087861654170284032
1087868457343840256
1087913058721320965
1088009076410327040
1088098130724380676
1088109279796711424
1088151078376357888
1088152265335160832
1088152288412213248
1088152448190087177
1088164152814776320
1088172105668153345
1088172162710732800
1088172395062534146
1088172603599187968
1088174690596720640
1088213888032739334
1088326283656863744
1088421358449627136
1088449486400176128
1088451198397538305
1088462568983851008
1088463581048459264
1088466130543480838
1088467987378647042
1088493742921793536
1088495466361380864
1088532128755826688
1088558521422151680
1088570491147825152
1088576053558226944
1088578279135739904
1088587544336441345
1088591377661714432
1088617219699798016
1088618662712332290
1088619888271343621
1088640935313981440
1088680177201233921
1088729868915933185
1088765158435024897
1088805115060985856
1088812002913501191
1088832109186232320
1088860577605271554
1088899207556153346
1088932225104658433
1088953515387555840
1089001193718853632
1089006312040480768
1089047153668845568
1089055005401903104
1089143629346672640
1089161573858508800
1089164667547734016
1089167225230159874
1089181613823590400
1089214028625395713
1089216301623640064
1089216735331250176
1089217228480937985
1089218786652311552
1089219629703155717
1089249826204798979
1089255403953836032
1089267168800374785
1089289222891155458
1089315483831205888
1089330505307156481
1089331256104411136
1089333669473501185
1089342029316935682
1089343297527709696
1089371721474416640
1089379481784061953
1089381263524446209
1089387836825092096
1089402595339169792
1089410551913041920
1089414557049782272
1089425372087808001
1089437653404127232
1089469651355095041
1089484742465122304
1089530306850365440
1089564694682177536
1089607077281046528
1089608760455249920
1089611747223203840
1089612191819550725
1089629362691891200
1089642934411108352
1089833909469163520
1089916259142156288
1089919988750868481
1090021100782641152
1090023999919157248
1090179047697469440
1090193860410687488
1090237514324078592
1090258969442975746
1090269979230883840
1090270511341260802
1090272592143966213
1090308453044752385
1090327920038551552
1090330919355990016
1090333555077599232
1090333563457699840
1090336062029946880
1090338575458201600
1090340040981602305
1090340291960340480
1090343475843756032
1090346232768327680
1090356042846949377
1090359771985793024
1090377549560057856
1090384887922733062
1090406366513164290
1090428324093067264
1090429195266809857
1090431558354382849
1090432955888021504
1090446953136250880
1090453705097236480
1090454835877593089
1090461611784052736
1090465385000984577
1090465814497632257
1090469578445082624
1090480501671059456
1090510646989471744
1090511016918740992
1090530192425189376
1090581586070958082
1090590819424325632
1090617597136175104
1090624371327156224
1090646072265977856
1090779965770133505
1090810431080488965
1090945662588465153
1090978757295386626
1090986901803290624
1090995023087316992
1091002431209639937
1091022356972298240
1091036355570950144
1091055452669001729
1091109385965842435
1091111056993206272
