1101312634438082560
1101363714689662976
1101363977760661504
1101518829711253507
1101519927830183937
1101546525388361730
1101554243117477889
1101608285051019265
1101666859630411778
1101672547240665088
1101747117435973638
1101751286494453760
1101756478128500736
1101759990505791488
1101762946215088128
1101774158869028865
1101777018104893447
1101778471032930304
1101795510409707520
1102038174446936064
1102038335021899776
1102053627869515776
1102091995248418817
1102158529723580421
1102202131392552961
1102250022433947648
1102251367052259330
1102418822991171584
1102418844776349696
1102503751187906560
1102591941206781958
1102622434610630656
1102631823652331526
1102633018949361664
1102792430603194368
1102796695782461440
1102909452108423168
1102924528395665409
1102925635821887489
1103151707687739393
1103153639873544192
1103172470926991360
1103183380017930240
1103185843722702848
1103196092924076033
1103283146538201088
1103612263926124546
1103697785801592832
1103944004045987840
1104021127892951040
1104021343203295232
1104040236454076416
1104154057692925952
1104160205305188353
1104186563288879104
1104221488691982338
1104706789390630912
1104767570283057157
1104778678091767808
1104860225411080193
1105307225407422464
1105458484164866049
1105461710830354433
1105561445079502849
1105797591583911936
1105803310882267136
1106060712885903360
1106067543217836033
1106407021388025856
1106427685344108544
1106460044537683968
1106460214381940738
1106557808722542592
1106636139451035650
1106687167324020736
1106703394679476225
1106947509816053761
1107089123842707457
1107259147932844032
1107588312305291264
1107609663434981376
1107610131485749248
1107610313111683073
1107621994663694336
1107641354731941888
1107649438414061569
1108025368416579586
1108361525968990208
1108467442093821953
1108478011844763648
1108505794478292997
1108527149357694977
1108527798229106688
1108588509537947649
1108598271767908352
1108598877416914944
1108604275486281728
1108605296816066560
1108609433242865664
1108624950481412096
1108716705486958592
1108717765496582147
1108726758411505664
1108729199475318784
1108736247999225856
1108768740852805632
1109030755676667904
1109060446328365057
1109223437799751680
1109349784903536640
1109366190105714688
1109387695128752128
1109410927386845184
1109417725946937345
1109499789576683520
1109533242086948864
1109550399751520256
1109706587692781568
1109707539757875200
1109724751507963910
1109823545381670913
1109834370049863680
1109836228147466240
1109840931203764224
1109864780850839552
1110142196320272384
1110382766900678656
1110478706009493505
1110488292657528832
1110489862162075648
1110490698510274560
1110497337686806529
1110505223833829376
1111143423245991936
1111163557993947136
1111193683188039680
1111514898557624320
1111660463912353792
1111664895588777985
1111969462041890824
1112256507234533376
1112362491412168704
1112363845316722695
1112404067236618240
1112408677410107392
1112413355724234752
1112421959927844864
1112428534926983168
1112448402514690048
1112457064142569473
