1046768483349012480
1046831129909587968
1047389539050971138
1047389988604825600
1047471952640790528
1047480081407467520
1047598003434004481
1047682804283109376
1047705333852983297
1047721247596003329
1047778401724055552
1047787659387723778
1047830365786845184
1047871186460274689
1047872515610034176
1047931981579911169
1048012270242951168
1048094842658508800
1048125849461911552
1048162417509785601
1048180698018926592
1048188658325438465
1048210667948277760
1048322076527026176
1048322255296585728
1048383893940785153
1048483635765030912
1048665517144379402
1048746430272135169
1048808264048291841
1048822808162095104
1048855923026849792
1048857601574764544
1048869946665590786
1048872070229188608
1048887840812105729
1048901133459251200
1048902665579745280
1048912534391218176
1048924345551085570
1048938841057329152
1048943937988255744
1048959375535198209
1048970511840104451
1048976916928258050
1049030068423413760
1049051667004456960
1049255402368618496
1049537502460211200
1049925438246653952
1049944280670855168
1049945963467591680
1050003878446391297
1050312623877582849
1050358682989383680
1050604118975234049
1050604130329276417
1050666966036316160
1050944029112840192
1050970590012686336
1050970705091805184
1050974732290543616
1050980229781454848
1050983924128595968
1050985789327257606
1051003065686474753
1051336859291451392
1051340298201288704
1051378023423926272
1051518040830078978
1051519703242473474
1051584465020051462
1051612265668124673
1051661391604539394
1051703174283841537
1051705270181797888
1051854620933337088
1051876289127350277
1052088150586249221
1052193643610562562
1052424384491737090
1052424932624408577
1052427618673418240
1052430300477829120
1052447140188966913
1052447330631380993
1052447771033305088
1052449434079043584
1052462414325850113
1052463251387105285
1052465651330080773
1052468118004494336
1052534580769636352
1052542428098441216
1052568360611794950
1052572143035269120
1052580485937946626
1052595327918923776
1052602612560920577
1052614617929850881
1052653177013563392
1052675379398410240
1052740296889565184
1052743842754191366
1052780038771302401
1052792530796994560
1052822203694120960
1052825848544342016
1052830925296349185
1052865841287450624
1052908514060824576
1052933216439623680
1052934687352487936
1052940993060904961
1052948117090316289
1052961223032082432
1053022585250811904
1053135762290548737
1053157247629565952
1053277753003442176
1053278529293447174
1053279324927938560
1053607448706203648
1053652945554690050
1053820130948313089
1053921920528207872
1053922422896779265
1053923360726368256
1053928676172197889
1053962076274786304
1054009206406295552
1054053673112870912
1054057352809332736
1054197515552198656
1054234305885626368
1054235499173339136
1054310200537239552
1054337786344587264
1054338481923743744
1054347603255746560
1054592837512237061
1055015982534742016
1055017177752002560
1055022988104515585
1055029298015260672
1055033506605219840
1055044220963184640
1055064742438600704
1055069118339125248
1055073638121013249
1055140640663703555
1055144716042489856
1055152815247626245
1055157929790332928
1055163324516704256
1055166476540436486
1055166791494889472
1055181006007865344
1055218319366619136
1055223901142376450
1055240521147408384
1055241305843027970
1055261292548800519
1055401417094152192
1055409947477975040
1055473078061461506
1055479509171036162
1055486917557579776
1055594308965851136
1055800996067205121
1055801131358515201
1055803760318939136
1055808194545471488
1055813541461155842
1055813869422096384
1055814898708434945
1055820615154712576
1055832698919534597
1055854110853881857
1056081515954659328
1056220637658787840
1056748600724766720
1056810366225780736
1056921905385619457
1056925444321222656
1056956826497896451
1056988170112458754
1057175903795589120
1057220563503079425
1057445331217145856
1057592919148752896
1057691456352251905
