980245413478375424
980245563214974981
980265995766919168
980277560264159232
980304572437573633
980336923951722496
980349997182013440
980367690404687872
980376392784404480
980385246515380230
980386049745670144
980396574093135872
980402864689475584
980436032406671360
980439285089255425
980493882692718592
980495869601550336
980504195722829824
980506297085911040
980517041600909312
980521066584879104
980521335767031809
980633942305988618
980639114730065921
980658112704253953
980658757909864448
980694638527963136
980712311617933312
980725900332367872
980728132956246016
980739020949991425
980768979345166336
980781858249199617
980845539691499520
980846647654612993
980900061264703488
980904037028646924
980910986994618372
980932122918735872
980932942074531840
980932994507661312
980946686842429440
980970563215724546
980970622061764609
980977532169326594
981103569452617728
981125570758049793
981126044475371521
981126181230665728
981129611324084224
981131291587497984
981132910148358144
981136721533288448
981139990120865792
981142392941219841
981147188821557248
981153394705432577
981164830475341824
981166461224828935
981172737178730497
981175574629634048
981187112727965696
981189622612013056
981194478332665858
981202263371931648
981219782476402688
981225601334784000
981225665486733312
981226458243674113
981227624226635776
981227892662091776
981246954528264193
981247398273011713
981247576824565760
981249700107038720
981272378297774081
981277095203561472
981285526429945857
981292459807379456
981292698878529536
981327837511774210
981330081850314752
981381904174895105
981460300036755456
981500823992664070
981511184078663680
981514109299712000
981514708841885696
981544861320007680
981549902407917573
981556008060358656
981580173106704384
981584719727951872
981595677376512000
981605194436890629
981617817093996544
981630346231013376
981635836574826503
981653893812838400
981656497276014592
981662652442308608
981736054007975936
981769922161332226
981866232281526272
981867938037805061
981869230697205760
981870101157892096
981872840306778114
981873198500401152
981887761560014848
981893463275909121
981899287150956546
981903680675958785
981904365966516226
981913195114885120
981920693133725697
981923623693967360
981924582943698944
981924823248068609
981925469607129088
981930977139351552
981933506732310528
981933682054189056
981934805691650054
981936528300609536
981936774107795456
981937539555639296
981937651170316288
981937681734291457
981944601496911878
981953196049477634
981963098788696064
981976328067923969
981977298197983232
981978465913196546
981984804332883969
981986962293784576
981987153155674112
981990082860273665
981993903887912961
982005382439677952
982009778464542720
982010021331570694
982010862285328384
982016550998827008
982019163249143808
982029008513581056
982038226331414534
982047966784638976
982050947680567299
982065206217052160
982074383324930048
982083039978246144
982093522735173632
982093714456752128
982132266825469954
982139617787789312
982149300724445184
982169735402958848
982174068962050048
982179380204945413
982189300136603654
982201164002344962
982201682145689600
982201798306836480
982202433328758786
982203903868416003
982226170182754306
982226688149868545
982229055020744707
982248288421199872
982254635216875521
982255570563489792
982257882258292737
982265118393155584
982265228791504896
982274835853197313
982279932326838273
982284035618721792
982325769350377472
982338236520558592
982353286568095744
982356083296489472
982356647837237248
982393363499552768
982505263780499456
982554605451169792
982562915327922176
982583767440220160
982584972723666944
982587839111147520
982611401742184451
982611464996483073
982612203416244224
982612262568546304
982619504428625921
982625037139165184
982626053452529664
982684683099099136
982689279200694272
982690102534135808
982706292128190469
982735818635722752
982738040924893187
982751120887046150
982754930980081665
982916547973795840
983003594474438657
983010020576153600
983021868910284801
983025485818064897
983025916153561089
983028337957310464
983028759052869634
983032814118588416
983033400469663744
983045251681148928
983061795073089538
983062115484356608
983065418511380480
983068866183073793
983071838338256896
983074538178203648
983077662972370944
983079997488484353
983085058780291072
983086070857428992
983092448313401345
983107953812295680
983111781513121793
983132699333242880
983140229807771648
983143321408172033
983159918449561601
983169080751374337
983187116690690049
983193505013972992
983218935939129344
983284296860471297
983341561432817665
983352833620791296
983353290799841281
983410785585106944
983424444227031040
983424711819489285
983430717660114945
983449910354825218
983449924623896578
983507415961391104
983637186435313664
983640972650270720
983676916992487424
983694910153986048
983696318181785600
983698362066198528
983698898928721920
983705333825613824
983712951935946752
983720593555120128
983723760665616384
983731965588393985
983735894015336448
983737249958449152
983737491156094977
983740191343919104
983740256385142785
983740551299256320
983745081176883200
983748187059032064
983756289196085249
983760648336236546
983760803940786176
983771827385323521
983774927806451714
983775237966782469
983775479806087174
983775725596573696
983789210283933698
983797401331826688
983808299396206592
983819710394523648
983822450986283008
983867729039020032
983870206069141504
983877696676491265
983887396730269697
983887814143217664
983888466374217728
983923610049040385
983954613471592448
983977641068941314
983998853757177858
984037220310048769
984104302590377984
984117675017277441
984119816591208454
984128113792700417
984154264053444609
984155319319302144
984167517605085185
984271154683699200
984271315300384774
984272479660146688
984273138144788481
984274876717510657
984331761931829248
984357522961326080
984360156107591680
984379197442482176
984397404857389056
984412354556416000
984413417099485184
984413446845452290
984416124514091009
984418961096835072
984422922851962882
984425181681565698
984430646998290432
984447196048261126
984449841236533248
984458372476014592
984460160914657280
984475843832393728
984478622563160070
984486846746038273
984497205850529792
984508759912349696
984509748899995648
984515859182845952
984522704278736896
984557729674027008
984572673555484673
984575630091210762
984576132589801472
984578300625457152
984647958716006400
984650458169073666
984651088564404225
984689006259638272
984690456297725953
984694333948514309
984696424817283072
984697500236943365
984698053889331200
984699797859962880
984700314581438464
984723156374990848
984729819438047233
984735350022135808
984745894515003392
984746957792075776
984759796112019456
984769471930884096
984777961638313984
984796686278168576
984866271735963648
984869437730942976
984891228411039744
984899743703814145
984909161069793286
984916047802372096
984923864718364673
984953234002468864
984953696269357057
984953899697176576
984956326102134785
984959127893012480
984970270493458432
984970426534117376
984976832473718785
984977150859141120
984997498635743232
985000292482670592
985001781880082432
985007077188886528
985011340275150848
985022507605471232
985037274516721664
985071408945348609
985081566782255104
985085286706106368
985105318135779334
985113636422156288
985116258294255616
985117021657497600
985141015555158017
985143706654330880
985146113517813761
985146536525889536
985148211328405504
985164808164081664
985169210941767680
985172022396424192
985182309333766147
985199527790632960
985227895948873729
985235796394323968
985244001212121088
985244350237069312
985245959574687744
985256584992448512
985257333675638784
985257625175588865
985259023988613121
985260342711324672
985263866752962560
985277129540616192
985278600118185984
985283289723408384
985292489941835778
985295523681890310
985300381491236864
985302769765683200
985314880814239745
985371513124720640
985373132113395712
985373476885118977
985394269753049088
985406785132683264
985410663181897728
985415637626507264
985427666894508032
985462775769194497
985481673176436738
985532334073098240
985535673145884672
985555119642210305
985561976477806593
985564447774334976
985565333183483904
985585479759245312
985590581228433409
985596999335628800
985620005101465601
985626335149248515
985627760608661504
985627810701234176
985638489789288448
985720981711974400
985752353843249153
985772190795616256
985836892544520192
985841976896606209
985843638675664896
985873040323043328
985887403851243520
985891533441421312
985901154339979264
985924275940020225
985929347595980801
985978643255123968
985981874102325249
986157414964715520
986210064389287936
986211526511153152
986218112973406209
986218671931523072
986229563301691392
986268837078167552
986301397053333504
986322000711790593
986418865646157824
986430895342084096
986481470683451392
986486163262160896
986518768087130112
986521548520640512
986523788148867072
986529620852903938
986533115140059141
986581745150648320
986652879296647168
986741557347930117
986860368977801216
986882774132035585
986904337891786752
986956747742023680
986959055829852160
986974310202990592
986990303377797120
986992409023148032
987026491132301312
987035758832660480
987101735960432640
987118037559140358
987147979986370561
987154015195672576
987160726052548608
987180242560307200
987291747276546050
987292129411002368
987293076052987904
987330465744015360
987343629835481088
987374821783810050
987398630318358528
987403102272868352
987421463576637440
987423425789595649
987427109302947843
987428007211159552
987428173318180864
987439296255840261
987448261509373963
987448641928482817
987471919489409025
987486110933659649
987488231569678336
987508997988200449
987521785565413376
987530497579511808
987625602571227137
987662588245766144
987664809679245312
987671870773350403
987688109033885698
987689606807277568
987689728869916673
987694069961973760
987703213540376576
987705314471362561
987707732068372480
987707887668645888
987710413084164098
987748857655148544
987756899373330433
987761978394411009
987763487802839041
987763560767000576
987791141641781248
987820462787977217
987924754182045696
987930053685186560
987930817472196608
987931199141101569
987931249061707777
987941865675739136
987964783461785600
987967116618985473
987974765779406848
987982536637911042
987983042819035136
987983263468867584
987992597871423493
987993729935036416
987994302017101825
987998838161133569
988004779828883458
988009520575270912
988014131843403777
988014814243864577
988016481068830721
988017224303759362
988019520261509121
988020326310273026
988022795174141953
988023470817767430
988023594163851269
988024815721295876
988024818527297536
988024838458675200
988026071630180352
988027426528808961
988027609006202882
988028395849175040
988030555068555264
988030632642084864
988031317186146304
988031918615785478
988032334275534848
988036004752830464
988045691900628994
988047547850723329
988049553185296384
988053708868083712
988055083756683265
988057788608892928
988059881226682368
988065283758854144
988066056085344256
988067117667901440
988067589506019328
988072280826707968
988072632737189888
988073785772335109
988076403836030976
988078227976572928
988082894525648901
988085479898828802
988085969772523520
988086286886957057
988087228902596609
988087976335818752
988095856610951168
988099221713649664
988101211038605312
988102813677862912
988109264530100239
988110111829671936
988110310610530304
988111276550144000
988111885122797568
988112274379411459
988113108488122368
988114185308405760
988115194445381633
988116321052381186
988117258043121664
988117925293953024
988118325501812736
988118423229091840
988120212925906944
988124026215325696
988125233910550528
988125691467223040
988126038797488129
988126847065042945
988129856482435074
988129999084490752
988133435460980736
988134575493799936
988138966506393600
988139779362639872
988140311598845958
988142969545994241
988143410770038784
988143508518264833
988143594065317889
988143728773677056
988144017186549760
988146726258315264
988147333975171073
988147961589850113
988150660465033216
988150690303348745
988151141388218368
988151563247071234
988152015799836672
988152099719581696
988152266636124160
988161405298802692
988164366771130368
988164749723688960
988166537323442177
988167619067826176
988167912220393473
988168203720380416
988169769034633219
988170222032113669
988170280412549121
988175617152598016
988179975462322177
988180517773193216
988181122193543170
988181360685780992
988181401550770176
988181433398300673
988181529456201730
988181538977312768
988182470666440704
988182700505862145
988184278407237632
988184339660886016
988188502075437056
988188640902819842
988189059494408192
988189541004726272
988189952440709120
988191126879383553
988191607114657792
988191740472406017
988193016816029697
988193437919993861
988194434083794944
988194532649975808
988194572084932608
988198643902615554
988201390756507648
988202667632746496
988203103697719296
988203295779930112
988203399387713537
988203646436478977
988204796099182592
988204830928900096
988207676768378880
988207734205140992
988211501935755265
988212097950670848
988213993788661761
988214922428407808
988219348237078528
988219473210626048
988220971000582144
988221155164078080
988227201219874816
988228118539206656
988228777858646017
988231364511232000
988233000788754432
988236047862513664
988236434162225153
988237996133564416
988238121123934208
988240842786828289
988242208892506113
988242380837957633
988242883751829504
988243261985767424
988244172640477189
988245836122542080
988246417453043712
988247240362737664
988249116072345600
988250629784023040
988253954172751872
988255555151060998
988257439219937281
988258378764963841
988262867496525825
988263247924088832
988263458482176000
988264153910530048
988266720795115521
988269458429968384
988270064922124288
988270215485181952
988271318616494080
988275300680323072
988279199684349952
988280038565990401
988281570317357056
988282956555935744
988283308877467648
988284108726923264
988284539884589056
988285196276523008
988285462195396608
988287227582124032
988287254039842816
988289239606493184
988290271816404992
988292329147691008
988292558840254464
988294228743770113
988294509753700352
988294720303648768
988294786552619008
988295497919102977
988297435285000192
988297522933391360
988297615224856576
988297918074576897
988298029617704962
988298857124577285
988301406435270656
988309376040620033
988309457422770176
988310433802149888
988311083529236480
988319722528653313
988321833136029696
988323838827155462
988341596684017664
988343380508921857
988345713800212481
988359192632324096
988360607769546752
988366752852701184
988368169273315328
988371389668380672
988377598496509952
988382914558746625
988387570009571328
988387724808867842
988390701514674176
988392538586472448
988393477292556288
988395211612082176
988396295437062144
988396995378282496
988398025591676929
988398871981195266
988399750989873153
988399828295192576
988400527229800449
988400699204603905
988401240513175552
988401349976121345
988402297473523712
988404606047842306
988404660158509056
988405716670144512
988406050956169216
988406733822464001
988406847064461312
988407030321958912
988407062622359552
988407214468575232
988407559676727297
988407939252699136
988408473594617856
988408690045865984
988409213067169792
988412306316029954
988413650212917248
988413711030333440
988414760432500736
988414791919329281
988414889625571328
988416227432390656
988419426587262977
988419530820026369
988419616614551552
988420695397777408
988421152124137474
988421508241526784
988422574005805058
988425629967224834
988426632842137601
988428394873475080
988430215608193024
988432390350663681
988432510299398149
988432980099166211
988433599153233922
988434103312797696
988434652351418369
988436813692981248
988438152481161217
988439126012768257
988439239519035392
988439643975663617
988440353228361728
988441040687378436
988454726722314241
988454832032841729
988463057453002753
988463835899158528
988472271470841857
988472489578827776
988472499217186817
988481908743995392
988485461436981249
988493594494423040
988494464808357888
988499278619230208
988500304952995841
988500575494033421
988501303214198786
988508847924039681
988510394753912834
988512199575588865
988515316790648833
988519397567401984
988521585190604800
988526662785650688
988532937892167680
988533400117039104
988534189460000769
988539707486294017
988541685952114689
988542190094880769
988542884277342209
988549493665816578
988575035702038528
988581414806413314
988601324357996544
988603718449946624
988611420051918851
988613498719662080
988619503994048512
988619548608868353
988619911395135488
988620995618623488
988623052928966656
988637534627352576
988651226488328192
988651905130946560
988670395296440321
988707081615167489
988718612193202176
988721157288484865
988731929523613696
988752171243134976
988757000959025153
988760906690646016
988764673641205760
988764979712098305
988768198072979459
988773007710703616
988776356438831106
988780448804290560
988787785082556417
988789821832351744
988795591907069952
988796791075295233
988799108419796999
988801824223256577
988804007375192064
988817122980716545
988818368651292672
988818381678706691
988822067222077440
988827507628666880
988853946004463616
988859937580236801
988872408089100288
988873137071763456
988875292671467520
988875661166235649
988877859837108224
988878032638300160
988880839873388545
988892402348843013
988903229516845056
988928532901330944
988952231545274368
988983218069061632
988990863207526400
988998228728311808
988999641885622273
989012484051886080
989015113410662401
989015909904793600
989023542284115968
989024161350737920
989032120642400256
989044632154787840
989065477073842176
989066981428035585
989081219009794048
989081730077339650
989087451737198593
989107068085813251
989124338967343104
989128289980731393
989153884886261761
989160024520904709
989166257239920640
989185588355051521
989192291280703489
989194326390530048
989200766727581696
989202844166250496
989202995572346880
989203154523713536
989242383400361985
989242853204381696
989243308504428544
989243888375422976
989257939352514560
989258357453209600
989285038830292993
989285170783154177
989287700384632833
989306899823779840
989307489937182720
989456727895691264
989479956789870593
989508048543731712
989590708238651392
989590903273730051
989591398612652039
989591641886470144
989592230758371330
989592509255995392
989593927769522176
989594369417207809
989594658434002944
989596628469387265
989599830426177539
989600843782475776
989604479799472128
989608692155731968
989614013054103553
989620363628826624
989632928920547329
989650314742517760
989670111874375680
989670488933838848
989681276675387392
989685311193022464
989688207322353664
989702904595574786
989708665480400896
989726848216006656
989752027050688513
989805538782277633
989877698041384960
989979130136477696
990003345405480961
990004241015148544
990053645680037893
990055558647615489
990056799851110401
990111181070262272
990113582342799362
990114891909488640
990123328647163904
990138484118585344
990138759474655232
990162910742745089
990166493479321604
990189156973215744
990199741735735296
990266672312406017
990503394635739137
990606636413792256
990621300740837376
990638030548623361
990648665210580998
990696479026278405
990845497177862144
990925449495830534
990928473517473792
990930550549635077
990933346032201728
990935402910486528
990937137880190976
990941496848371712
990943261807149059
990952887323889669
990960692059664384
990963736113434625
990965466402361344
990965965998379009
990966924363395072
990973207422341120
990973520753692672
990987966804873217
990988884912885762
990992747451437057
990993943138627584
990995035876245504
991016652467732480
991017691832926208
991023008503353344
991028454815666177
991057404744884225
991065114714423296
991092536239255552
