1013218405971881984
1013218660884852736
1013227879147163648
1013590599822397441
1013597517915836421
1013598033844625413
1013666108228931585
1013767806683316224
1014453793159868416
1014489390536646656
1014499117668667392
1014499809187659777
1014788544395726849
1014791116191719424
1015115663155908608
1015226417838112768
1015230406889795585
1015288111851560962
1015422749014142976
1015513323075403777
1015525190694940674
1015602635238526977
1015651521063804936
1015652131293057028
1015652466833141761
1015677339060129797
1016054337368395777
1016186896681185280
1016587325797797888
1016590376130482176
1016725468442251264
1016726057653882881
1016743870892269571
1016927592316841984
1016928747411341312
1016944144709808129
1017048648784506881
1017048939391045632
1017053674735046656
1017113920576901127
1017165744604372993
1017189921654738944
1017226870146793472
1017409762764320768
1017488932366372864
1017489353898168322
1017515492800544769
1017623252854824962
1017731457517694976
1017772905512472576
1017776960792121348
1017778521777889280
1017784687425654784
1017812209920040962
1017827758733512707
1017906515162947589
1018072992029569024
1018122999986315264
1018221247363239936
1018242919319396357
1018244064372822016
1018463282083049474
1018472351934140416
1018546814184804352
1018607819577282561
1018638362486308866
1018654414117134336
1019127175340068864
1019134359364952065
1019162927318913024
1019527227774590981
1019552485890035714
1019642525638946817
1019647260370464768
1019650888464502784
1019681993775296512
1019993365943758848
1020019592952000512
1020025518991790081
1020028195477876737
1020154997646995456
1020375362184851456
1020614391614656513
1020618455656157184
1020769155140734976
1020843194131664897
1020860852864528384
1020949141449404417
1020950103475929089
1021014069984178181
1021040465582395392
1021179815196491778
1021190734874062848
1021231501659312128
1021563134836977669
1021597586593996800
1021638636448755712
1021638913050468352
1021701562652155904
1021745033152790529
1021968329047719936
1021968616391106562
1022140848945942528
1022159205338415105
1022176934837538822
1022187903995338766
1022218713007906816
1022230350800404480
1022301527346737154
1022301743282102272
1022315035043880960
1022353957774086144
1022381797458538496
1022383215145828362
1022384995183288320
1022386550871601152
1022394735183286273
1022426342648934400
1022432307444109312
1022465221720506370
1022481983518240769
1022482915412910080
1022485562022879232
1022501847725219840
1022503407083507714
1022523236775616512
1022523552749301761
1022523729769840641
1022546338850848768
1022547462811090944
1022562238048165891
1022562640307150849
1022565375853162497
1022624189608611840
1022624342331387906
1022625513356095488
1022632552257843200
1022650298798690310
1022653334585524227
1022685091363999744
1022708596247879680
1022736003503714304
1022761085080875008
1022764852341866503
1022777385350062080
1022788720871854080
1022789100422742016
1022796847641976832
1022811916190863360
1022834049977597957
1022835242808176640
1022837285044277249
1022850388050026498
1022854920687501312
1022857111934357504
1022863656072175621
1022885576532418560
1022886427175071745
1022901732601487361
1022902728765452288
1022920781871767552
1022924822236418048
1022925407341957120
1022932637927833600
1022933314020298752
1023012686924341253
1023013221811281920
1023095612210696193
1023134314740047872
1023148809843617792
1023151073471676417
1023151116014571520
1023169987694022656
1023175387856162817
1023216001041629184
1023216254218199042
1023226619480158211
1023228107766083585
1023232326380265472
1023235074484064256
1023238079283249152
1023260574631817217
1023274623436251141
1023277794736963584
1023280026958094336
1023280450155028480
1023287015046033408
1023288880290619392
1023291435032961024
1023298797936500736
1023305876202024960
1023307843171045376
1023309045661413377
1023314335102324736
1023364480510713856
1023365811388473344
1023397614690152448
1023434027527823361
1023439280880971778
1023449320388009984
1023466961139838977
1023476097222995968
1023482085426622464
1023485867682353152
1023489033740201984
1023492058663636992
1023500786574221312
1023512406616625152
1023513509823479808
1023513512142938113
1023514421430296576
1023514447002959872
1023516271529406464
1023544165945303042
1023545106132025344
1023545880404787200
1023546125335384064
1023550834301394944
1023575020772225024
1023581263129653248
1023582704267354112
1023588734724386818
1023589089692581888
1023606459559362560
1023632033908772865
1023645786620538880
1023649399589744640
1023650155398979589
1023653435776950273
1023658440814678016
1023659660954546176
1023668263115468801
1023668631308304384
1023677304503975936
1023679323025354752
1023690855654338561
1023703360552165377
1023710253949575168
1023711373350633479
1023716827216539653
1023731641909477376
1023731979576115201
1023737463850905600
1023737996305158144
1023738007214612481
1023742933412073472
1023745215927144448
1023782131292692481
1023811587885461504
1023841877743742982
1023844932640034816
1023845152597655552
1023845208025391105
1023845664482971649
1023847128307777536
1023848271800872960
1023862226128658432
1023865058101747720
1023868181595619330
1023926156112879616
1023937547016265728
1023951394078945281
1023952708175372290
1023987864474923009
1023989068596736000
1023990355430002688
1023999243567226881
1024011793985884160
1024013859017900032
1024021259041087495
1024026889411878912
1024030621549637632
1024032054764290050
1024062630024175624
1024072882090065920
1024091769468792832
1024109621269684231
1024154215663521798
1024155098006609920
1024175366984871936
1024180793139183616
1024191744852848640
1024210630448951297
1024210899865718784
1024233588114436096
1024238274301362176
1024238276528533504
1024241400441982977
1024283594913669120
1024285718712119296
1024312800917839873
1024334644827901963
1024335178876051456
1024338324910231552
1024345651528822784
1024374186230403073
1024389276811780096
1024389426217197573
1024393043661664257
1024404378940321797
1024413234772594688
