1069199500504457217
1069252238697213952
1069476871342047232
1069602424313257985
1069868872654864384
1069911978087469056
1069917701483585536
1069944139867934720
1070369381505474560
1071354145783730176
1071444258706653184
1071689785847226368
1071714493506347010
1071753659942264832
1071975754903232513
1071988426855989248
1072009171053277184
1072021413391929344
1072068467614986240
1072715507793649665
1072816412240953344
1072854032648146944
1072914700755714049
1073051211497127941
1073095208491999232
1073371330626633729
1073434292812800000
1073476569304317952
1073556323545960450
1073623177526423552
1073623620725993472
1073725675725619201
1073767041188810752
1073835144950231040
1073981980801449985
1074024386087276547
1074237150634348545
1074449244742971392
1074977175357546497
1074983612905373697
1075246571875389441
1075260686115241984
1075261351348592640
1075391437234028545
1075711117442183168
1075980900112842752
1076016243617030144
1076020147922587648
1076339576451391488
1076347179025915904
1076441913694306304
1076540128355602432
1076635865449938945
1076765175418630144
1076957336617521152
1077380931118399488
1077510820320301056
1077834204916793344
1077846912416534529
1077881084661125120
1077881752004243457
1077886136716910596
1077887633244618752
1077962040461938689
1077972119529480192
1077974270347804672
1077982242037628930
1077992269788078080
1078161425242247169
1078259535473790977
1078611878392279040
1078703319412035584
1078703639697321987
1078975395867910146
1078985260707262465
1079000902609129472
1079032667763400704
1079060139599118336
1079072111816101889
1079091781864693760
