1024462417181458432
1024537745186848768
1024539150714855424
1024587098471456768
1024587797951332352
1024622019093168128
1024624480490909698
1024639382450401280
1024648530214957056
1024657971169513472
1024676182212730880
1024676245756407813
1024679157832265729
1024681435754639360
1024682486033305601
1024694540232318976
1024697125400182785
1024712642240434177
1024713623715758080
1024714238143545344
1024726353860612098
1024727511886901248
1024736575241035778
1024738737916272645
1024740707565817856
1024741311985799169
1024755429472174080
1024776972768034817
1024786733332942857
1024791315219791873
1024814543703171079
1024900128694566913
1024903017919926272
1024942326811172864
1024963052595228673
1024963400391114752
1024965996245856256
1024966239901376513
1024969936366723074
1024979728397230080
1024979863843811330
1024980668747534337
1024982732353429504
1024984198665461760
1024986464864690177
1025008393608720385
1025024503821344768
1025027215031971842
1025040396462837761
1025064475542601734
1025080641233342470
1025083677087334400
1025085844300943367
1025085872776138752
1025086855107289089
1025086855941894149
1025087796728483840
1025092690231341057
1025093604140756992
1025093723070312448
1025097545536745472
1025099411146334208
1025099739597950976
1025106216853200896
1025111928639815681
1025114053788807169
1025117816268222464
1025119100081602560
1025119313127194624
1025121044967903233
1025123608543326208
1025139010019180546
1025161551462977536
1025165143871815681
1025173844548567040
1025186331423662080
1025189946490068994
1025203272603324422
1025208163161780225
1025214751167664133
1025218088998825984
1025227424274046977
1025235135061348353
1025237513676500992
1025239787815481344
1025299314640183297
1025325438049112064
1025326268059987968
1025352946794606593
1025354869094449153
1025356249116893184
1025356527039860736
1025358825933692928
1025365986432753665
1025378586537209857
1025389374291292161
1025393640330260481
1025400826704080898
1025409094230962176
1025409224283774976
1025439387612368896
1025462827501465600
1025504212229206016
1025535926213074944
1025549402075799552
1025578821792268289
1025579090647166976
1025579388455280642
1025581168903839744
1025583123466252288
1025583276973613056
1025583599544885248
1025584235804065792
1025584424119726081
1025585088917110784
1025585465993379842
1025586416426921984
1025587615989420032
1025589242943217665
1025599283276513281
1025604346216472577
1025613210471292928
1025620896961245184
1025621208149180416
1025624903633051650
1025624982074740737
1025626070618259456
1025628467663126531
1025629137099141120
1025640605156663297
1025658016979251200
1025660203264614400
1025665273003569152
1025666306576658433
1025667792190812160
1025678254064197632
1025679217055477760
1025689355116003328
1025689559395434496
1025707215309733890
1025709325459832832
1025712623457918977
1025733147789602817
1025737128662245377
1025743228451086342
1025745749198290944
1025747941569515521
1025747956249632768
1025748384068644865
1025749033783050240
1025751630887755778
1025752089744564226
1025752793959817216
1025753800601206784
1025754342907764738
1025758534280130560
1025759321563512833
1025759533782708224
1025760576490938368
1025763339643899904
1025763421944471552
1025763989391736833
1025764111865532423
1025764280925396993
1025764652523900928
1025764843381567491
1025769132879491072
1025769722191724544
1025776717879599106
1025784770515660801
1025786533364871174
1025789787716964352
1025791014143963136
1025794565461041153
1025796272945614849
1025797225908199426
1025805338543570946
1025807907546230784
1025815544103034880
1025821713081061376
1025822428323184640
1025829643251789824
1025835355612827649
1025836178837254145
1025836891990634497
1025837682893746177
1025842108312297472
1025860941597089792
1025861552283369473
1025862958218403842
1025864276047736832
1025866944044384256
1025867242284580864
1025868300167704576
1025873847872978944
1025879135212773376
1025883509045583872
1025887502412918785
1025892463456776192
1025911788955750401
1025913773457068033
1025916532885340160
1025917637233016832
1025926877318406146
1025935565794025472
1025935806144372737
1025936041839153152
1025940113669406720
1025941537635663873
1025971016890077184
1025971977813667841
1025987294992506880
1025990216312479744
1025994152692129795
1026003683979534337
1026013607136567296
1026017657970147328
1026018608659357696
1026023221701705730
1026024332802154496
1026072544208674817
1026079389304467456
1026094246347112449
1026111875971538944
1026115455310856192
1026121289147326464
1026122149831028738
1026124797107990528
1026133913603923968
1026140390439702528
1026143208596807680
1026147114328440832
1026149317592207360
1026154288689508352
1026154464959451136
1026162505343754240
1026163307680595968
1026165024446980097
1026166798604034048
1026168436018294784
1026179545542656000
1026201222536155136
1026204421099872257
1026204809068724224
1026204980825530368
1026205736035123201
1026206223803211777
1026206281705709568
1026207739222126594
1026209837229793284
1026211007084064768
1026211179797118977
1026211960378064896
1026217973730738178
1026223281215401984
1026224679575420928
1026227822371790848
1026227959122812928
1026242431560245248
1026247229412204544
1026248942399320065
1026250012760522752
1026279135071612928
1026294897295417344
1026362228436619264
1026384988298772481
1026386874993139712
1026390088261881856
1026412601163632640
1026413850248335360
1026416179752132608
1026416656665505792
1026417277824954368
1026417904873611264
1026429799533830144
1026432262836023296
1026442882381750273
1026457936669884416
1026466674558595074
1026474270090829824
1026477046241869824
1026488116612411394
1026528626970222593
1026543265422528513
1026543291943112704
1026548513755160576
1026559241178554371
1026563604521381888
1026567371866222592
1026567520340271104
1026571347613372418
1026572796749664259
1026575303278297095
1026592907610865666
1026595834396401667
1026597501619589120
1026597661430824960
1026612345274097664
1026614617747931136
1026636566201032704
1026639725250015233
1026644208134905856
1026683224364331008
1026689312866353152
1026712066088947717
1026715181215178752
1026716948711780352
1026717588343144448
1026728461770088448
1026728721682579456
1026729138587987968
1026741344448835585
1026741517661036545
1026747343335575552
1026747494154170373
1026765522950598657
1026782087087575040
1026787692326084608
1026790088984932353
1026809568154869760
1026809969562320896
1026810137724432385
1026828286503084032
1026829857265803264
1026830588332961794
1026830712912130048
1026843370042392576
1026845663936405505
1026850503169388544
1026857624795586560
1026858862979244032
1026859663663554560
1026883388727328769
1026886475328180230
1026887061687676928
1026888658488631296
1026889075393875968
1026890658731253760
1026910559449620481
1026910900689756166
1026911743908274176
1026926234410856449
1026928599981387776
1026934572678823937
1026948484782612482
1026957415273693184
1026959276848209920
1026962898495651845
1026998955224313857
1027003428038471680
1027068237471576064
1027069767662948352
1027070083074588672
1027074457066721280
1027077001172013056
1027077141261901824
1027087673645838336
1027088288891510784
1027092493693644800
1027093879902752768
1027109059080548352
1027111521967661058
1027114009613414400
1027116779825496064
1027117758084014081
1027118050821193733
1027127077814902784
1027132190260428801
1027137374910914561
1027139044143128576
1027141905925267456
1027148075322748928
1027153322397057024
1027154739656617984
1027156304144551937
1027158080415563779
1027163394242236417
1027165351258284032
1027166971912171521
1027167835133554688
1027168459237535745
1027171432986554368
1027172460171550721
1027172689193127942
1027179781333368833
1027187132287385600
1027193091969691648
1027193574306263041
1027193814623109120
1027194942899142657
1027198051721588736
1027198537438846977
1027202577392447488
1027203379347574784
1027212895342551044
1027213124384899073
1027213310201143296
1027218516787830784
1027221675287502848
1027223056899555329
1027230740864528387
1027232007116541953
1027233563207524353
1027243185779527680
1027245293849534466
1027245334521511936
1027248008394563584
1027250263273484288
1027258870375350273
1027260249068195840
1027263052964667392
1027279276918358016
1027288381666091016
1027289085327695877
1027290682074034176
1027292177465049090
1027298172710936582
1027309115339681794
1027322813818884096
1027325082912350209
1027357822395314176
1027361144288288768
1027361341533835267
1027361870741688320
1027366074289930242
1027367122849030149
1027378122843451393
1027378686121701377
1027389244032081920
1027399622019502080
1027419005970276352
1027420900298240007
1027435605783928832
1027472115539353600
1027473614147346434
1027475980988891136
1027476403787362306
1027478308638740481
1027479287757041664
1027490238283833344
1027511017671143424
1027545110727327744
1027548869608058881
1027556413885829120
1027557378428952578
1027561429707186176
1027568843286306816
1027570610766008320
1027572598467489792
1027582022020198403
1027582081776402433
1027596668282302465
1027597335210209281
1027600994744639488
1027601973665775616
1027605697389719552
1027608602629029888
1027610221353607168
1027625366574297089
1027635662692995072
1027635790677979136
1027639876475383809
1027640014749016065
1027643257398812672
1027650772333416451
1027654783308627970
1027657298225901568
1027660659562110976
1027670464569729024
1027670705750659072
1027672889317830656
1027681876440305664
1027682321468678144
1027683347798142976
1027755204207357953
1027756616408616960
1027785164963831808
1027796718161735680
1027799229786476544
1027801014395719681
1027807108719366144
1027881998831046657
1027892286628274176
1027904359915565056
1027907473649410049
1027914664905240576
1027918835024887809
1027919701878419456
1027923618515365888
1027926626653429761
1027926747436732416
1027932051129786368
1027935277761941504
1027936726105247744
1027937661057748992
1027942122500976640
1027947213157289984
1027951136916074497
1027956573564489731
1027959056533729280
1027962370939912193
1027972974975090690
1027990289049415681
1027991222277812224
1027998056392867842
1027999753920045057
1028003696985165825
1028005734183829504
1028016918941315078
1028021037483667456
1028030362289618944
1028048489341747200
1028049275215851521
1028049899328290817
1028050597520584710
1028052074947178496
1028054875454627840
1028060860722233344
1028063332442329091
1028071804097757185
1028075628447367168
1028083358579019777
1028084039297708032
1028084519562227713
1028086091591675905
1028086137292828672
1028088230267125766
1028100776240066561
1028114017674518530
1028130317146697728
1028142528883769345
1028144862573486081
1028145188881854465
1028145324777525250
1028145406151192576
1028146103265505285
1028146731987464192
1028147255419777026
1028148455833837570
1028148884940509184
1028149091279273986
1028149215426498560
1028149509858250752
1028150734611574785
1028151098249363456
1028151653579468800
1028152753338630144
1028153881186824192
1028154944438841344
1028155485906644992
1028157941252284416
1028158033942077440
1028158250372423680
1028159356402126849
1028161126842871808
1028161617408745473
1028162687102898176
1028163683703123968
1028164130383921152
1028164409707913217
1028165371889479680
1028166568944054272
1028166675894546432
1028167193882578944
1028169230225616897
1028169342335082496
1028170187361714176
1028170868118020097
1028171907047350272
1028172505968795648
1028172695127638016
1028174157278662656
1028177099998154754
1028177548394393602
1028180299845316609
1028180532633460742
1028180929423003648
1028181187766804482
1028181230569832448
1028181264950591489
1028181836193644544
1028183937539923968
1028183959799296000
1028184956768608256
1028185209265565697
1028186736424144897
1028186771211857920
1028188951427702784
1028189467335647233
1028189936271466497
1028190911438704640
1028193017797271552
1028193679247175680
1028195627501592576
1028195962643046401
1028196073762942976
1028200025246105600
1028201603562647553
1028201944119005184
1028208241019416576
1028208599661608961
1028209073181872128
1028210404860854272
1028213891598151680
1028217614890192896
1028217715985735680
1028222040724131840
1028222948358815744
1028230116856541184
1028230448596566016
1028233087677808640
1028235388681367553
1028236724567240704
1028238794451955712
1028242038305644544
1028242943436632064
1028244618654171137
1028249967230676992
1028250850110660608
1028252405396381696
1028255080091447296
1028256922217017344
1028261922662051841
1028263011520335873
1028267364377350144
1028268835307184128
1028277298984878080
1028277986024476674
1028278363088216065
1028278988446294016
1028280765568753665
1028281656870875136
1028282559493496834
1028285618797797376
1028287190835621889
1028287293604417536
1028291875046809601
1028291981984890881
1028293028035801088
1028294621896437760
1028297490376736770
1028298041936105472
1028298611493298182
1028299479743713282
1028299900855963649
1028300047035891714
1028300943559929857
1028302284059537408
1028302910248153088
1028307384324825088
1028308214365020160
1028308617869570049
1028311035466461185
1028311122296954881
1028311853754208256
1028312831031169024
1028312930041774080
1028313006353076226
1028314118258941953
1028314796905717761
1028316844548124672
1028316940618661889
1028317092033032192
1028317410779000834
1028322250611519488
1028322437253849091
1028324491183706114
1028324771396808704
1028325568314372096
1028328337360470016
1028331981812129794
1028332984242339840
1028333315164659712
1028338049720246278
1028338836965937153
1028340838093320192
1028341280177156101
1028341538101723136
1028345299977170944
1028346191678005250
1028349800490696709
1028350908172836865
1028352090144264192
1028355715709190145
1028360296283492352
1028361581812277248
1028362078124265472
1028362158554284032
1028362193807409152
1028363388760584197
1028363975551934464
1028371698079412227
1028375542779834368
1028375774972313605
1028377489159143424
1028379088031891456
1028380194476892160
1028381503552671744
1028382493802737667
1028383800332574727
1028387103388909573
1028387562635907077
1028387609180028928
1028388108721680384
1028388462720962561
1028388851113504770
1028389900968701952
1028391126968033280
1028391525405872128
1028394091917193216
1028394370003816450
1028397932775714816
1028398715277590534
1028399007217868800
1028399702633377792
1028400226917380096
1028402073648414721
1028410467322974209
1028411564972564481
1028412135372718080
1028415396850950144
1028415440912101376
1028415686677352448
1028416636712353797
1028420748791169025
1028422387921022991
1028426321779548161
1028430969483800577
1028435956494491648
1028439743107760128
1028440276220764160
1028440739292897285
1028443594749763584
1028448330895032320
1028454995304304643
1028459521776205825
1028463603282857984
1028466767465570304
1028468786171527169
1028470270535847936
1028470654750867456
1028471583755657222
1028473133156585472
1028473248076517376
1028473303411769344
1028474374645374976
1028475324256776192
1028476117827518466
1028484369248333824
1028488380714246145
1028488418882404352
1028494032081694720
1028505269490221057
1028509524200583168
1028509723002396674
1028510136556445697
1028511024905965568
1028515880244834309
1028523367882792960
1028523929948672000
1028529938695999488
1028539700942757890
1028540718472679424
1028542670917050368
1028543832760233985
1028546574148923393
1028550055400235008
1028555734085238784
1028556893801861121
1028559293681999872
1028562114028466176
1028564951059898368
1028565221613297664
1028565367579271168
1028565540359626752
1028574675574697985
1028576713175904256
1028578731860930560
1028585179776860160
1028585334961889280
1028586931880439808
1028589259169718273
1028591965338775552
1028592357074235392
1028594121605304320
1028596242258034690
1028597980360785920
1028619646872772608
1028625339411574784
1028625877515612160
1028631810773852160
1028633135339188229
1028639913540026369
1028648841325764609
1028652977337393153
1028657578937643008
1028657636818993152
1028660268736438272
1028660897886158848
1028662446549020672
1028662517705392129
1028667233801826304
1028668616009572355
1028669464320110592
1028669621195468803
1028670175267225601
1028673662415790080
1028676214620336129
1028679498781405184
1028679610337308672
1028680648465297408
1028684515177320448
1028685423655182336
1028685669445632000
1028685715159347200
1028686564489093121
1028686783859630082
1028693046781784064
1028695107380367360
1028701406029643781
1028705722815541248
1028712957998510082
1028716149008154625
1028720834888822785
1028721950166794242
1028730237268443138
1028733824866209792
1028733888422588417
1028743160116260865
1028749800769024000
1028751144871489536
1028753474547273729
1028762593794646016
1028764360871534592
1028779829863362560
1028779902865231872
1028788295663333377
1028789989725888512
1028810894518693888
1028811938954924034
1028812095804960769
1028812271969923073
1028814141379641346
1028854724609617921
1028856417447366656
1028859034273763328
1028859429360476161
1028861906554109952
1028866258530430976
1028873699242389505
1028875097208061953
1028875751922262016
1028884377957265408
1028884393463570432
1028894751691616256
1028918136202874881
1028920180100005889
1028921530648911872
1028936764944248832
1028939122004713472
1028956007429337089
1028958508924907520
1028968589481725953
1028983488484192257
1028985890180345857
1028986559566147584
1028999124043980800
1029000558911401984
1029009581014482944
1029024837203832834
1029026038872002560
1029034879634288640
1029041200869896192
1029049212833431552
1029054342060359680
1029056253367083008
1029063324972068866
1029072693390233605
1029085214646054914
1029086896968921090
1029096061523046405
1029103167928184832
1029104086485004288
1029119858313707520
1029123527071256577
1029132790191808512
1029154513784131585
1029164127548190722
1029183082300166144
1029209398760095746
1029213690342649857
1029214445023768577
1029214693200736256
1029215011154153472
1029239806629498880
1029243618404560901
1029248783731838976
1029251538080940032
1029254807826124803
1029259983316078593
1029294297353527297
1029299059050172416
1029313807129239552
1029313857481781248
1029316002000068609
1029319378838474753
1029327809808805888
1029352321287966721
1029353737742168064
1029368146464067585
1029369696230039553
1029374094805016577
1029385013832310784
1029389560902569984
1029403894194028544
1029408172254158853
1029408499011395588
1029408613490745345
1029419485999054860
1029426596187459584
1029439260011581440
1029445009601384448
1029462713313964032
1029466471129382912
1029467193673756672
1029467980940234752
1029469245116174337
1029474703986098179
1029491294584889344
1029535667657818112
1029536010865180672
1029537963326300162
1029553241577664512
1029555075671367681
1029555289165647872
1029560208677392384
1029565113039298560
1029565744713949186
1029601094731739136
1029642777779466241
1029644325842558976
1029645374426959872
1029646453663313920
1029662667101884416
1029665502887596032
1029691618708934656
1029694158548725761
1029719410330796032
1029733097020043264
1029735760633778176
1029752419364876288
1029755277334081536
1029807700258025474
1029809994940776449
1029815760032489472
1029828861494788096
1029830729503395840
1029832929021779970
1029878922895339520
1029897214708142080
1029898056764989446
1029902523845550080
1029915008195616768
1029923154871951360
1029934703376314370
1029936516146122753
1030055411695734784
1030075626554896384
1030081808313012224
1030083321420808193
1030098144456073216
1030104865891147780
1030107093477539840
1030133381101756417
1030135181464809472
1030143004252819456
1030152835428769795
1030153977130901505
1030170327656132609
1030216711172050944
1030223425854496768
1030242364386889728
1030244529503444992
1030244775327399936
1030253987222757382
1030260443770699776
1030262336425218050
1030262851053780993
1030303990028881921
1030318439846629376
1030319531451932672
1030319558882721792
1030335948385439745
1030337365376737281
1030339055664463873
1030371227540570112
1030371555669364736
1030393228036644864
1030398861993541632
1030423476128149504
1030444179208458240
1030450093273636869
1030450116224794624
1030489988956340228
1030514847912480768
1030515911856467968
1030516297321406470
1030534765592633345
1030542385871286272
1030553635036516353
1030554866442231808
1030557402783993856
1030559248651100161
1030559265466068992
1030567503901151233
1030597192032112640
1030602404293697537
1030604642353393665
1030606857801543680
1030622831426658310
1030623728554651649
1030636352327573504
1030675158279888896
1030677982711619584
1030698331264229377
1030711261573525504
1030719313689358336
1030733617138413569
1030743925953187840
1030761247107690496
1030767285290655744
1030768515098263552
1030791524613849088
1030809229622431744
1030809241362288640
1030809263176863744
1030819057698783232
1030826398133440512
1030826852380803072
1030831637267808258
1030832097840128000
1030834919717654528
1030835643650375685
1030836767715483649
1030838339744591872
1030838350222184448
1030881521157074944
1030881940386267136
1030910179792105472
1030924001772752902
1030926114812776448
1030926207192391680
1030931503767867397
1030935846374072323
1030939301285191681
1030939421649104897
1030939625903280131
1030941816605081601
1030942319493742593
1030944681121726465
1030946770463817728
1030949312652615681
1030950442610642944
1030955738317766656
1030961549131698176
1030974454158053376
1030977565895417856
1030985221779410944
1030994577988218880
1030999137196617728
1031008291277692928
1031030074391195648
1031037475668598784
1031060723789647872
1031061759430471680
1031085799486496768
1031086344762740736
1031088627265269760
1031095416618733569
1031096011266183168
1031096276887248897
1031101974421356544
1031112511347716096
1031117069281050624
1031123647627440128
1031123863646744576
1031124864181174272
1031153066064703488
1031168955954745344
1031170971967909892
1031199160714842113
1031200184473198592
1031259547921465351
1031260485545598976
1031260537538179072
1031261528660434944
1031274646337986560
1031278410335698945
1031278615835697153
1031294206923472896
1031315750953218048
1031332441989042181
1031334516273471489
1031458565695758343
1031460830687059968
1031462343962578945
1031489768859869186
1031512199985029121
1031531342138433536
1031532092755267584
1031548192985374720
1031567011170607104
1031567278750556163
1031567800534532096
1031569061744975872
1031569159061159941
1031579846156025857
1031590366699499521
1031599459547918337
1031601593114873862
1031603585476423681
1031604440707620864
1031610584121466881
1031612753411231744
1031613169477869568
1031614619868127232
1031616031658110976
1031616395300270080
1031618269764100096
1031621920893091840
1031625936083476480
1031627118051045376
1031631430202392578
1031633310089445376
1031637038414540800
1031642877728837633
1031646894194393088
1031663174804598784
1031666880480563200
1031667015927263232
1031673577454620672
1031673608953839622
1031675889853943808
1031676906968690689
1031680441089249280
1031687453093048325
1031690368981651457
1031690591711580160
1031704840999759872
1031705699611566083
1031709175825477632
1031709894716534784
1031709957211791360
1031711642512449542
1031715438344826880
1031718902009479169
1031725948004126720
1031730612506374145
1031732790495272960
1031732884544147456
1031737534370459651
1031742839305191424
1031744043930320898
1031746461506068481
1031747781449449472
1031750124807041026
1031753029396119553
1031771720447938560
1031789388542435333
1031795636792897536
1031800711502155776
1031801890135306240
1031809998496653312
1031813789723881472
1031821458593513472
1031823467275014146
1031841536760328192
1031842307660701696
1031845669798010880
1031848415834124288
1031849561294299141
1031854312996130821
1031898744524955650
1031909093546573824
1031910814486163456
1031915439327256576
1031918403659935745
1031925524749201408
1031927272079589376
1031932574963302400
1031965611805601792
1031979036950646784
1031984323094884358
1031987712847478784
1031995421156093952
1031998947311710208
1031999425026162688
1032001402208444416
1032026074790670336
1032045270014550016
1032045272115736577
1032058957697822725
1032066891680907264
1032078224556273666
1032100266596810754
1032100524118749184
1032117359643832322
1032147891773681665
1032148417194151936
1032149430097440768
1032159301832507392
1032174331059732480
1032175439429681152
1032256117945053185
1032259132982681600
1032263096578928640
1032264809524260866
1032272160893677569
1032272722519310336
1032286327558090752
1032288588732526593
1032294221661777920
1032316194815139841
1032335125579747329
1032346707827322880
1032347868915351553
1032358258210734081
1032359833591271424
1032360319044276224
1032379830765989888
1032402158719660032
1032412159626567680
1032414268103315457
1032418156222898176
1032424068526600192
1032424647743209473
1032444032155365376
1032510272118968320
1032516857838764033
1032521760149790721
1032526665128263680
1032528330522873856
1032545051979771904
1032545549428445184
1032584416835645440
1032586993920868352
1032621229771898882
1032640209412923392
1032656429612716032
1032662692144668672
1032692532092825601
1032722403397390337
1032723054865117185
1032727961521274883
1032728607704141829
1032728830857728000
1032740480948338690
1032777568238354432
1032797158309855232
1032799384893837317
1032852587287072768
1032852616936660992
1032872664841510912
1032927181591269381
1032966948055732225
1032970696694091777
1032976618988417024
1032980900127141888
1032994539424768000
1033006897669070854
1033015205763006465
1033015778289668096
1033023306637746176
1033024162275713026
1033024566204006400
1033025949472829440
1033031482183274496
1033033817559195648
1033034982334185472
1033050058764115968
1033053890105827330
1033055292001411073
1033057387471687681
1033062827899203584
1033071479695581184
1033072202160197633
1033090351802793986
1033097934651437058
1033119495315968000
1033120387591225348
1033121168990109696
1033121842888941568
1033122020832235526
1033123902426423296
1033126149730316288
1033127194514604032
1033128982563233792
1033133805362720768
1033135437576056833
1033136822543626242
1033137142988500995
1033137817004793857
1033139242636124160
1033140684675588096
1033141455148208130
1033141509254770689
1033143729723301888
1033147242876755968
1033147584284643329
1033152087696306179
1033156609172811779
1033159546091593730
1033159691575144448
1033160199014502400
1033160842395705345
1033161298392043520
1033163716831993856
1033165579123937281
1033165810213302272
1033166623476273152
1033168915831173125
1033169334250680321
1033172363821559809
1033172815548055556
1033175696611233792
1033177801317380096
1033180952892071936
1033184184628641792
1033189058812493829
1033190406014480384
1033193767929401344
1033194776911200257
1033197410502234112
1033199498032365569
1033206571705290752
1033206925293318144
1033207822861914113
1033209617193435137
1033210157860302848
1033210863321112577
1033212218936967169
1033212227338166274
1033212263384014848
1033213163070808064
1033216131585257472
1033217065883058177
1033217890877677568
1033218003586830336
1033218065696083969
1033218272555151361
1033218445301534721
1033218787447721984
1033219092549914624
1033219096551124992
1033219113106190337
1033219154843586562
1033219169242808321
1033219202738544640
1033219225920262145
1033219442375680001
1033219476773203968
1033219555303149568
1033219645774475265
1033219813131210752
1033219816750903298
1033219896622997506
1033219931301715968
1033220035873976321
1033220165867986944
1033220610468413441
1033220764844081153
1033221203966607360
1033221715260653568
1033221737356447746
1033221918625693696
1033221938393411585
1033222200537632768
1033222661239762945
1033222729036693504
1033222759638360064
1033223125687779338
1033223127042424832
1033223474330755072
1033223485215133696
1033223495583330304
1033223586570330112
1033223807555854336
1033223832390258688
1033223840908886016
1033224141170724864
1033224274989932546
1033224435946246144
1033224573662179328
1033224719623847936
1033224722870415360
1033224897047158785
1033224931457155072
1033225027083223040
1033225191483002881
1033225384849014784
1033225817688432642
1033225821559767040
1033225996806184960
1033226322263269376
1033226556179501056
1033226620499161088
1033227510941507585
1033227618320044032
1033227807072104449
1033227852760502272
1033228337647300608
1033228490479464449
1033229450136104960
1033229577831641088
1033229758090240000
1033230035057106944
1033230543834427392
1033231748019044352
1033233415284244480
1033233432887918593
1033234680672206848
1033235058310701058
1033235763222257664
1033237347851165696
1033237678341283841
1033237682565132288
1033237859560386561
1033238416710819840
1033238721062002688
1033238889673187328
1033238913161351168
1033239679020060673
1033239763346587648
1033239823740334080
1033240282609766403
1033241043880239104
1033243034048114689
1033243074732941312
1033243910242553856
1033244022641283074
1033245053181939712
1033246584975159296
1033247284991950848
1033247569445572608
1033248188029755392
1033248566351806464
1033248873383309314
1033249083492724736
1033249143886499841
1033252148413431808
1033253164580052992
1033253246364573696
1033253637701685248
1033253758065463297
1033254104087187456
1033254879718866945
1033255346859458560
1033255589709799424
1033259650207047680
1033262275002421248
1033262581207719936
1033263074042621952
1033263282058973184
1033263386102915072
1033263533738340352
1033263753486323713
1033264787822727168
1033265159836323840
1033265352782663680
1033265889259401216
1033266345603870720
1033266447915470850
1033266656397717504
1033266827495800832
1033268842451984384
1033268877684142080
1033269075663679493
1033269133943615488
1033269302588141568
1033269714451976192
1033269808391905280
1033269833549279232
1033270321900441605
1033270847765504000
1033271162728599552
1033271882470940672
1033274716130295813
1033275742103068672
1033276449212522496
1033276491511951362
1033276611997655040
1033277156392984577
1033277889708519424
1033279017850265600
1033279281646858241
1033281795305943040
1033284637802614785
1033285012773396480
1033286027346173952
1033286255956688897
1033289228023517184
1033289383208579072
1033289844577849345
1033290168411803649
1033290543785074688
1033291003040387072
1033294159677988864
1033294581624844289
1033294591754027008
1033296013296103424
1033297747510620163
1033298226898558976
1033299394173460480
1033299401748373510
1033302557953806336
1033305383216001024
1033305400022523904
1033305953234501633
1033306828589785090
1033307084027252736
1033308431233499137
1033312231268724736
1033313060906094595
1033313191340568576
1033314465578663937
1033315109815238657
1033315822859694080
1033316289245315072
1033316545961676801
1033317341189349377
1033319156064706561
1033319231125766144
1033319307919294465
1033320970092720128
1033321866834980864
1033325481511149570
1033326691115048960
1033328545865428994
1033328818088562689
1033329314270511104
1033333909516365824
1033335808273657856
1033335951739613184
1033336036871598081
1033336102726328320
1033338170526457856
1033338495568203777
1033338816453439488
1033339179676008449
1033339935888039937
1033339939277164544
1033341396348895232
1033342257036816385
1033343657951326208
1033344708188295168
1033345870438092800
1033347037281103873
1033347468442787841
1033347559463559169
1033349072797675520
1033351165336068098
1033351179596513280
1033351741612257281
1033352366546796544
1033353215482507264
1033355359186956289
1033356100773597184
1033356555821965312
1033357375002931202
1033357841816416256
1033358616483352576
1033359002363604993
1033359278793519107
1033359635401584640
1033359759880024066
1033360125589766145
1033360563911499776
1033362783541309440
1033365630215434240
1033365765347532800
1033366335290531840
1033366461111316480
1033366767307907073
1033366894781386752
1033366951836319744
1033368183716151296
1033368240729116673
1033368519230943233
1033368697082208256
1033368803604934667
1033368818742001664
1033368929022959617
1033369008727384064
1033369120719495170
1033369121411354625
1033369474722918401
1033369900025344000
1033369911773614080
1033369929393664000
1033370163834306561
1033370309783707648
1033370971225419776
1033371193557114881
1033371932580823041
1033372289918586880
1033372796590542851
1033372975288922113
1033374295215419392
1033374509989023744
1033375587484631040
1033375636151136257
1033377320575193093
1033379703376105472
1033380234362421249
1033380536788500492
1033383788611436545
1033386136591249408
1033386261581647873
1033387856671199232
1033388646894727169
1033389559147638791
1033389708867321856
1033389781453950976
1033390803153022976
1033390827068899329
1033391155499524096
1033391290971381762
1033391355555282944
1033391673064280065
1033392731295567877
1033393718223458304
1033393994191917056
1033394107861925888
1033395058697859072
1033395811172933632
1033396728865550337
1033396801020129281
1033397173902168064
1033397590396624896
1033398575194095619
1033398609188925440
1033398679250640896
1033400017648644096
1033400803665559555
1033400907235393537
1033402923856875521
1033404149423992832
1033404833120874497
1033406830448390144
1033408724587622400
1033408733831880704
1033409236313628672
1033410053364047872
1033421837387149312
1033423672260718594
1033425347881172993
1033435379402137600
1033448971291774976
1033450735982264320
1033452739588702209
1033459945851809792
1033461640350511104
1033463911410847744
1033466323307782149
1033466797234814978
1033476157000359936
1033487696621174784
1033487955430522880
1033491820897034240
1033498233975099392
1033510019117985792
1033512547033395200
1033516444812640256
1033516554674167815
1033518846454321153
1033521933458046976
1033524099392270336
1033524505841426433
1033525173998235648
1033526164277608449
1033526594596290561
1033527485030445059
1033535204252471296
1033535733993226241
1033535827500969984
1033538352497061889
1033538583603372032
1033544858273759232
1033547799332356096
1033549840276443136
1033551353589559296
1033554507270168577
1033555429580623872
1033559692692185088
1033560701413933057
1033563981795880960
1033565743399530496
1033574471729381382
1033576525688233986
1033576660744978433
1033580994161389568
1033582459391287296
1033586823140974592
1033596716249800704
1033597440161669120
1033606383688540160
1033612230107906050
1033615453044670464
1033616275090497537
1033621946208931840
1033632641264828416
1033632711439577088
1033632754104131584
1033642387162062848
1033643144661749760
1033646662420287490
1033647319667888128
1033648361969201152
1033660211280539648
1033660361059323904
1033660936496848896
1033662775254560769
1033670773804871681
1033673839845302277
1033683051803332609
1033693356344238081
1033694008982286339
1033695375494967296
1033696963018088448
1033700450158161920
1033708981791805441
1033710645273931776
1033712117470429184
1033713587435569158
1033713661800579072
1033719121140047873
1033720539788070912
1033720999731245056
1033730441541496839
1033731287532617728
1033744202629296130
1033746582900899840
1033748112148287488
1033748966121164800
1033755013456306181
1033755076383334401
1033762312404918272
1033764406172086273
1033767990217592832
1033780784509812737
1033782445043265537
1033788549437435904
1033815122924511232
1033815297348775937
1033828382302253057
1033830591081455617
1033839597481074688
1033846736165502976
1033855602332581893
1033856418292613120
1033861106694008832
1033861336978153472
1033864685702074368
1033865381973118978
1033866724138000384
1033868937870471168
1033870054813847552
1033871591199961088
1033873141422931968
1033875004910317568
1033882740503007232
1033884324066729984
1033884585149390848
1033885004588376065
1033886106440347651
1033886173549101056
1033892120241885184
1033894663210639361
1033896828318744577
1033907704580853760
1033914830686699520
1033915821805002753
1033918483506126848
1033918744391811072
1033921603678089216
1033934631328833537
1033934804381827072
1033936112161452032
1033936834458308608
1033938035891568640
1033938733618278400
1033940376103481349
1033945507834544128
1033946577432268801
1033948556241981440
1033949840965820416
1033956840017559552
1033956951565058048
1033959826773159936
1033964727825833985
1033966071265390592
1033967150862688256
1033972964595650560
1033996277548085249
1033999374861393921
1033999901657640960
1034003845561475073
1034015642347659264
1034015881964056576
1034017287072669696
1034017453574160384
1034018981567492097
1034019713032974336
1034021300157603840
1034025283081383936
1034026781727051776
1034032087064444928
1034035959694802944
1034040170343948290
1034041279338840064
1034045611144765445
1034052276384456704
1034057155194904577
1034057392080613377
1034057784336244737
1034057863159635968
1034058281789136896
1034058679795023873
1034059109706809345
1034059244365119489
1034060103354212352
1034067805375672321
1034070370574376960
1034070811395719168
1034071326040838144
1034071367593865216
1034074068692025345
1034074595089960961
1034079283486969857
1034084184552341506
1034085363114024960
1034088055056019456
1034090287235121158
1034093326436392961
1034093716083015680
1034098606230265857
1034099290753253377
1034102050156503041
1034102332873756672
1034103621342789632
1034105056247697408
1034105475241897985
1034107729273483264
1034108116818747393
1034108470822424577
1034108583225380864
1034109443460476929
1034109857870172160
1034111445489864705
1034111942867148800
1034112395294035968
1034112410938798080
1034112792469504001
1034112897880797184
1034112931028332544
1034113571490164737
1034114077772185600
1034120724066123776
1034121202216779782
1034122181586956288
1034122285165281282
1034122829602508800
1034123013724102656
1034123392868265984
1034124845779304454
1034126592727891970
1034127632080629761
1034128404650635264
1034128809006587904
1034129271202037760
1034129315670175745
1034132778080600064
1034132916492587008
1034134831163170818
1034144637890510849
1034145634033565697
1034146132299931648
1034146179691544576
1034153148120588290
1034153188805423104
1034153631300214784
1034154255815528449
1034156218770763776
1034158644370309121
1034161995577061376
1034164206830907392
1034167130835611648
1034169376734306306
1034170448781570048
1034174248388980736
1034177514304876547
1034179168739704835
1034179440128024579
1034189124348063744
1034205962394103811
1034209300221050881
1034228697178361861
1034240787242831872
1034244402351198208
1034246710342688770
1034247785451679744
1034249181332942849
1034250886720024577
1034251612326436869
1034251818698567681
1034251826650992640
1034257603054919681
1034258265763446784
1034260418301030400
1034262703760584704
1034264788757557248
1034265808820613121
1034266970617565184
1034268483528216576
1034268884499492864
1034271539061874688
1034275196054716417
1034275788722335745
1034279819893198849
1034295588362375173
1034298957239922688
1034302135243087872
1034305666020564993
1034306233103089664
1034307171763154945
1034309348623884289
1034314934169944064
1034315209286930433
1034315581766463489
1034317170581417984
1034319935030218752
1034323801767641088
1034329454422573056
1034330219044368384
1034336668218781696
1034354205455081472
1034361684289175552
1034365691137220608
1034369670671814656
1034369985240555520
1034370218850754561
1034374534407839744
1034378999244439553
1034379218594017280
1034394314024120321
1034396534354464768
1034400066369282049
1034403303554203648
1034411386976198657
1034414051881676803
1034420423432257537
1034429965054427138
1034430449249071105
1034433174099689472
1034435566132183043
1034444193408663557
1034445029727588352
1034446796804825089
1034482041218363392
1034486674573672448
1034497240423776256
1034501423826968581
1034505251120807936
1034509028536147968
1034511535882858503
1034518122424754176
1034530478609584128
1034532565703696385
1034538787936903174
1034539033727303682
1034540254282346497
1034542411400134661
1034543061941067776
1034543269844316162
1034543763811696642
1034544733367005184
1034545039144374272
1034545226424172545
1034546782305484800
1034547574584344583
1034548124868595719
1034548779628855296
1034549021203988482
1034549184349827077
1034550490065850368
1034550757649993728
1034550861777842178
1034551428738629632
1034551515984392206
1034553080887554048
1034555543367475200
1034560982939590658
1034567220276486145
1034567314660892672
1034582007723044864
1034582201529262080
1034584681172283393
1034585389581967360
1034585970098753542
1034598072750288896
1034600108267106304
1034609099328155649
1034609837374676992
1034611714723966977
1034623158488326145
1034633854793932800
1034639262090575872
1034647326487453696
1034648640130830338
1034651396736344065
1034652344515010561
1034654591424425984
1034676577966149634
1034679086982070272
1034684601506189313
1034686663606206464
1034716849987117056
1034716963258261504
1034724869483552769
1034727204888895488
1034747518893137920
1034747540539883521
1034755870868025344
1034758179836645376
1034759064818016256
1034785132400521217
1034789651352113155
1034791077432180736
1034798018598526977
1034821858158362625
1034823036766248961
1034833228912369664
1034833347619565568
1034836773111771136
1034836784436240384
1034850192770715648
1034863854075895808
1034883420969750530
1034887642490515456
1034895834385719297
1034916558009769984
1034969719969853440
1034971487084662785
1034971716890578945
1034977456778825729
1034993405074395138
1034993447164235776
1034994661398478850
1035016521267867648
1035019022331305984
1035046988813946880
1035047873292001281
1035054707767685120
1035054813577338880
1035059816115384326
1035109907547209729
1035109910042824704
1035110191413583872
1035123064974000128
1035139400127184896
1035155649699741696
1035166709634789377
1035167179413438464
1035171579653746688
1035199818438778881
1035200156298301440
1035201432608301057
1035203935756140544
1035209459273015297
1035215310322786304
1035224233696210950
1035227199484383233
1035237197044170755
1035239304652627969
1035244218711592965
1035245810806677504
1035250259340001282
1035264679067758592
1035268910164180993
1035279741094387712
1035280033017987078
1035292771953901568
1035293707287908357
1035302766112071680
1035304583143346176
1035312108957835264
1035350082088919040
1035350108949295104
1035363893122670592
1035366939424579584
1035380943362519041
1035409379930107904
1035419955003445248
1035430708389404673
1035477437965107200
1035521372733276160
1035522533007740928
1035537694552731649
1035569151757176834
1035569202445340672
1035570726387019781
1035576701453918209
1035578768566439936
1035578900280221697
1035585565851365376
1035613923947438080
1035620590789517313
1035622899590225921
1035622944649535488
1035623473111068672
1035629607280668687
1035654318865539073
1035665732019748864
1035669668793466880
