880950782182469633
880951246487769094
880951263696793600
880961303581425665
880990921667555329
880998058300891137
880998117021163523
881137584331771904
881138791444074496
881146179727347712
881147512224088069
881150708703256576
881160280117530627
881178976244211714
881185188855693313
881199306199498753
881201443017027584
881215514554621952
881219009630359552
881228391025852416
881234755689295873
881244963962589184
881255361646182400
881255491669827589
881255693008986114
881255901033844737
881256577583468544
881259385233833984
881260551657078784
881261588904390657
881262421490495488
881262623064547329
881262829675794432
881263582046019584
881266203091771392
881283385645309952
881301147494961152
881307171362713601
881310132138909696
881311082140151808
881320963069038592
881327408460087298
881330987183087616
881332174447722497
881333679343140866
881343448330231814
881355840388829185
881360490626256896
881372182651297793
881374420299862017
881375079225020416
881469748457816066
881479514886426624
881480316828897280
881521715452428288
881525493614354433
881526938195685377
881537454603292674
881545429653082114
881566844078968838
881569097678548992
881569794335678466
881571578349330433
881585453803220992
881590811372249089
881593262900998145
881593443927175169
881597543280455680
881597906691796993
881598071515348994
881598175106277377
881599802504511488
881602547240259585
881602980105027584
881608323208007681
881609127276969984
881645399211204609
881657518639984640
881659143085600768
881660324218261504
881672026754297856
881673156280406016
881709681118412808
881726843761508352
881739323644805120
881739929998553088
881775537945014272
881780262832553984
881802123155050496
881822141305540608
881823026697961477
881825610401755136
881826328256757760
881849582115860480
881854549413285888
881869278995152896
881886747428352000
881894137792000000
881894177637675008
881894310593122306
881895011025072128
881895128058781696
881896575911546881
881906885967966209
881911363781578753
881920522488958976
881920678479491073
881929874306465792
881932025338482688
881939612440178688
881939864937086976
881941050230788096
881943240068526082
881947576160759809
881954227462971392
881954318919753730
881955580578897920
881962754478927872
881974625651044353
881993597628829696
881995281319034881
881995386201804803
882001879802277888
882011627247345664
882012534588399616
882014787361804289
882014867045199872
882023294647619585
882024173798862848
882025699682512897
882025918197268482
882031502078472194
882034839045775360
882040108773511169
882051415799156738
882058027267837952
882073338574553089
882082089155383297
882082539615211520
882123879925338112
882131425486671872
882172086348791809
882178046853234688
882181924499976192
882181981550850048
882202984528171008
882203191705829376
882220817014194176
882223469483540481
882262336861548544
882262433326395396
882262433745829889
882263012119203840
882263463036428290
882264839585845248
882266471199526913
882267174139609088
882267793625800704
882270626907475969
882272120495104000
882273788561428483
882276748066516992
882286976308838400
882304525272580096
882311903900352512
882333852676521984
882341247230279680
882342074783334401
882345040982552581
882353764283408385
882361909693091844
882364652700782592
882383428515225600
882387972213137408
882388720900591616
882389028334575616
882389681370873856
882390034107830272
882390543317258244
882390555908423680
882390937971953666
882391297880985601
882391564210905089
882392736938074112
882392780970053632
882393142497951744
882394875202650112
882395815125319680
882399376081080321
882399392870707200
882399482197028864
882399527101247488
882399699897950208
882400082418475008
882401054662512640
882401590283579393
882401799549755392
882402207257157633
882402245848965120
882403088056954880
882403357335445504
882403892088246272
882403906793418753
882404069934903297
882404107251630081
882404390799147008
882405017017360384
882405286304137217
882405310198972416
882406305922781187
882406498432802817
882406892684820480
882408252931223553
882409176919556096
882409854706614273
882410717063901185
882410753143312386
882411592821882880
882411915380756483
882412062588116992
882412171241672705
882412365026930688
882414483125280768
882414879906443266
882415635325534209
882416869277405184
882416951066324992
882420470066237440
882427460322697216
882428956850442240
882441622801219590
882446171955920896
882454034182840321
882510255464210432
882559688717594629
882561822762708992
882575921580060672
882588102975533057
882589292329144321
882590119600902144
882591762707083265
882595193039355904
882595521042333698
882595533633748992
882596557022937089
882597615661174785
882602855202340866
882602900496822272
882603271264886784
882605435936747520
882611833542201349
882612199277162497
882617982815424513
882621456521277441
882622099084500992
882623269316243456
882625168908197889
882627151144603653
882628552436441088
882631945204756482
882649099094204416
882649149841321985
882653574815256577
882658012623589376
882660234975744000
882669982114603008
882672699167842304
882700505746558976
882709787728908289
882717984632045568
882720107377688577
882728349180739584
882740142301212672
882742861908856832
882785911817199617
882819392853221377
882821419809329155
882822909768728576
882824550161014785
882852627696025602
882859343607078912
882861882423492608
882895320644034562
882901887246229504
882930912274657281
882932614339940353
882936484386492416
882962478610735104
882968566626222080
882969754880880640
882973087263846400
882982612498882560
882983200942952450
882985770843287552
882985926011617282
882990057413640192
883002784403996672
883005523481812993
883025882209714176
883028641650814977
883029552636739584
883041396281749505
883055615651610624
883058805411590144
883069900692099073
883070733177507840
883072215452930048
883075338699505665
883077313180598273
883079989574455296
883081762565492736
883087003558039553
883098444927086592
883103271728144388
883104183595016198
883105014872510464
883109703286501376
883111838623219712
883114030952525825
883119890827292673
883121608810000384
883123133883883520
883130933595058178
883133172522917889
883133439284850690
883141029683228677
883143334071603200
883145960121147393
883146246843768833
883146634137399296
883150795730030593
883150925325635584
883151465136521216
883151882478379009
883152049399095296
883152742730092544
883152973391695872
883153945656528896
883154053450137601
883154321038336000
883162227892793344
883164596659466245
883168487308492800
883169214084694016
883169456192712704
883169521208524800
883169574878937088
883169856295763968
883170637430362113
883170965689118720
883170993975504898
883171806236028928
883176321014087680
883176612078006272
883179426879488000
883180946765168640
883183433278566400
883183517584289792
883185365598822400
883186594957508608
883186675458994177
883187818423607296
883188250453475330
883190996040855558
883194418571948032
883202145339756544
883204209272918017
883204368316506113
883207519488929792
883211370690465792
883212928480096256
883213852875292674
883215778060918785
883221584659578880
883229999297376256
883230788208254976
883232189961383936
883232272995975169
883236358675992576
883239220025978880
883239563115859968
883241250480037889
883243934021029888
883244401245523968
883244449094148097
883261297604874240
883261392375205888
883261461992271872
883265134956879872
883266108446449664
883266443177021441
883267376397119488
883271341683748864
883279594412924928
883281572887179264
883283928802623489
883284550385848320
883285163605667840
883285218135867392
883285595216384000
883288192748630017
883289231178833920
883294655726727170
883295401905967104
883303169752694784
883304268232409088
883305963998121984
883312637722996736
883313077533499392
883313123666558976
883313194546212864
883313527582334977
883315233422548995
883319683130195971
883334809069789189
883338552460759041
883344749134049281
883347353377415168
883348303806705665
883348688021594112
883349747502895104
883352100075438082
883361727701823489
883367987683639296
883374474195648512
883382568636235776
883390543023161346
883401778242306049
883413759691169792
883415624063500288
883419702369890304
883424971514621952
883426097748226050
883429843450429441
883437013642489856
883447163577151488
883470100530999296
883470655030796288
883470748534190080
883481987629056007
883482603344539648
883483307564040192
883487046169497600
883488599509016580
883492636115468289
883496037289082881
883498021408919552
883498175088259076
883498812240797697
883508671635959808
883510741755711489
883511638413987841
883512167852630016
883512485072044032
883513034286804992
883513346649182208
883513447832576000
883513641613615105
883514860876812288
883519667985199106
883520770642718720
883528357316636672
883532351178985472
883534171045605378
883543732385198080
883545232675139585
883565199650955265
883572051545653248
883586827722117121
883621988014727169
883626818607173632
883627973655621632
883629547014377474
883633425877520384
883636919757819904
883641816968556544
883644521912860672
883646711758979072
883648394509651968
883658866042576896
883671263960498176
883682550283202561
883683072486633473
883686789197811712
883689766700466176
883692758925541377
883706603840602112
883707998945898498
883716421410226176
883716481208516608
883716901343461376
883716933216071681
883718405127380992
883718589542477824
883719884588318720
883720082748088320
883720331860598785
883724981674414080
883733268763463680
883737529337434114
883751068982759425
883761582857007104
883790671202713600
883810082827505664
883812068440367104
883831987177443328
883839779590336513
883842878279168002
883850739419938817
883854045009596417
883854267320238081
883864151210307584
883867487351209989
883868165167558656
883868727598624768
883870971135840256
883871141005328385
883894998642683909
883896602104127488
883898346120912896
883900307792703488
883900774622740480
883902610046103553
883904905995587584
883909536918196224
883911097614569472
883916266284605441
883919017311862785
883921923540910081
883927615886819328
883945020298072065
883945096642560000
883950474570989568
883951499692318721
883964826233470976
883970704995229696
883977539194105856
883983173813624832
883983665801289728
883989358302384128
883991206300196864
883997953274327040
884019777093738496
884025561005400064
884032464414363650
884036984607584256
884037356252168193
884041929276764160
884045456686428163
884053369261883392
884055846392561665
884062116495360003
884066895472857089
884067808992260096
884079831171833857
884082406017380357
884082567498092544
884091724318068736
884091864575614978
884092286623154176
884093116147478528
884096532013867008
884098791451873282
884101679230193668
884108940455288833
884111095039787008
884114417335623680
884123907808219136
884135011854798848
884178990327447552
884184714311086085
884187928393637888
884190245754982400
884190465129455616
884201864400691202
884208130510475264
884228954546196481
884233364575633408
884234379064737795
884236023529705477
884236735848226816
884246552621051904
884291151808933889
884291201800777730
884292846832025600
884304449681993729
884304548919169028
884330993225748480
884331522899234817
884331990991994884
884334534954815489
884339063448150016
884340429080145920
884341540570583040
884342493969383424
884348903491084288
884348949842329601
884349067689676801
884363234374975488
884366224888655872
884379398366953474
884379962920361985
884380917988548609
884388388492779520
884406986837696512
884412720862208001
884432550319587328
884458884223651840
884462691376652289
884469805096611840
884482037616439297
884482325945470976
884482828225982465
884485767623528448
884488673089261569
884488675945533440
884496091114344448
884497469907755008
884499857511260161
884502338886672384
884506476819222529
884508616530608128
884511244631388162
884516805015990273
884517741608284160
884518579642695689
884520241837088771
884525174787362817
884532231670308867
884532304684736520
884536575325085697
884536863452786691
884542112632496128
884544902180159488
884545100235276288
884547438140411905
884549408213401600
884550418180788224
884551458372407296
884551952897593346
884552058573119489
884552664226418689
884556092369281030
884556195012370434
884556257922822149
884556289787015169
884556545299709953
884556771720933376
884556908039987201
884557512003006468
884559572245110784
884559591979327489
884560681651113985
884561977674272769
884562360614170624
884565534049808388
884567935276253184
884567969686224896
884569298433396736
884571391806361600
884574621407879168
884578770430160896
884583939901444100
884585746828595202
884598023627603969
884599502027534337
884600322425061379
884604989016084484
884608291187433472
884609434961330176
884612085363208192
884620908077342722
884621869684535296
884622100086104064
884626593443979264
884632567412142080
884634687636992001
884635070555983872
884655732968345606
884662066346418177
884669305312378880
884670710391611392
884704962751729664
884713036820475904
884720243146444800
884722470653231105
884722830486720512
884729396703121409
884733194221875201
884736948933451777
884747625538473984
884748938481250304
884760665222770688
884766289356443649
884768925917032448
884769160236081152
884770287379771392
884770393915105280
884770982799572994
884771427810820096
884771525546704897
884771855227375617
884772019627282432
884773869298561024
884773991801638912
884774943489228801
884776862794252288
884778163036983296
884778233086005248
884778929340510208
884781109082415104
884781942914392065
884783155491864579
884783941076570113
884785161631449088
884788435713708033
884823333593808897
884828434677067777
884829833527795712
884830007134236679
884830679082692609
884849344129716225
884856588112191490
884857030887997440
884859173497909248
884865386205851651
884865898653372417
884866359578025984
884871388540133376
884879881586319360
884880385351573506
884882842781573120
884893565381488640
884894433585397760
884894610748833792
884896444485844992
884910214063038465
884910796547002369
884912505734279170
884924728787562497
884937932439789570
884960810275090432
884960917649281024
884961537974317056
884962279548235777
884970375804628992
884981383780761600
885009232264925184
885009267056574464
885013991533273088
885024295264694273
885026560826368000
885027685508022274
885038399027126273
885040440835280896
885052205417496576
885058742252961793
885061241647095808
885064080775622656
885082573210308608
885085624780435456
885101551399837698
885119115278548993
885119887655489538
885124109646082048
885138313518039042
885146283677294592
885150135906390016
885150388218986498
885174242878337024
885179431706382338
885179991167815680
885184599873142786
885185740468084737
885194284537917448
885213917793972224
885218120364949504
885219782735405056
885226197302607872
885243539524857858
885244181219880960
885244323020910592
885245347232194560
885245698752565249
885248874650238976
885249073468628992
885260105733652480
885298156828753920
885305575008903168
885307043355250688
885313095316504576
885325064597581825
885344058721411073
885383402777477120
885393464476655619
885394230369173505
885405617476820992
885408328272064512
885424980497899520
885454029807079424
885490726603063296
885500474111262720
885501361701433349
885503240590073856
885507565076889600
885509465939861505
885511558784311296
885514164013281280
885519547377299456
885525103857078273
885539470304575489
885569163896422400
885582906105745410
885587216218685440
885596882772381698
885604985744101378
885607980044918784
885623637251956736
885624233010892800
885625106684424197
885630386285555713
885631860348514308
885632183397998593
885632715965562881
885632812426174464
885633008308543489
885633258733613056
885633696191197184
885633767888629760
885634174748680193
885634353014988800
885634910026780672
885637287350079490
885637956316409856
885638068329467905
885638272159891456
885639304801914880
885639623162155008
885640800087887872
885643629569613824
885644085901635584
885644750707191808
885645910394507265
885648465983754243
885649004138311680
885649221415653377
885649378253430784
885653441267281922
885653610734002176
885655415538634752
885663072685305857
885664095235694594
885665159431192578
885669108674686976
885669931597082624
885677412163497985
885689387719081984
885689518606757892
885690280686501888
885702607758667782
885704148322328576
885709395811647488
885716876357009408
885717154850590725
885723005493456897
885728710032326660
885729409780416512
885740192492945408
885748306759921664
885765120093294592
885771601941323776
885776578491424768
885780382448222208
885783336366600193
885787680000196609
885787867905048576
885808739567235076
885809459804721154
885810278901985280
885811232770588672
885816496127172609
885816647528980480
885817125008547840
885819865239613440
885820359051812864
885820407307218944
885832673117315072
885836929912254464
885841106398830594
885841665705070592
885847790567514112
885851537859387392
885852944230469633
885853246178373633
885863505013993473
885865009519177728
885869279496871936
885869451299639296
885875571208708096
885875764553449472
885875935265910784
885875937773879296
885879298246156288
885879475283664896
885879692515057664
885884920291315712
885885731507404800
885889250922778627
885891587573772288
885893420069376000
885898475468201984
885900474062217216
885903006985846784
885916807097229312
885917752749326336
885923247031758850
885923797299322881
885924002841145349
885927997089341440
885939325308997632
885940366490431489
885941147478175744
885942781591642115
885943720264163328
885946527507771395
885955268776951810
885957254452785152
885963174276734976
885964683399880705
885967781291855872
885970937534873600
885971055784984576
885971332617424896
885971725824868352
885972254525456384
885977688267264001
885989989116518405
885992573852041216
885993653445025792
885996498458222593
886006439491375104
886011691477106688
886013189258973185
886034199362383876
886044951037059074
886048380295630848
886049206158405632
886053759083724800
886061831009206273
886069331683155969
886075236000686080
886087521255407616
886087784536002560
886089008022945793
886096944472502272
886112224342720512
886178076568285184
886181768835026945
886182484798570497
886192306575069184
886195785351786496
886196176239960065
886197632099647488
886198289758126080
886199620602298368
886201231219314689
886202102376169481
886212406531178498
886216012839911424
886217086132830208
886236877786947584
886238963324858368
886287174483812353
886288447165562880
886292107950002178
886311994005106689
886320017712844804
886324497627975680
886333363946086404
886333641634312192
886336522877902848
886349452071632896
886352194764771329
886352915279093760
886353767171543040
886355226760032256
886363508337778688
886365500732837888
886365651303923712
886371355117137924
886380513820164096
886382811468484608
886382906268110848
886395083741839360
886421563452555266
886441185316884481
886447102183694337
886447757321535488
886448497205039104
886450318367744000
886484665531482112
886538249434525700
886546540310822913
886562162830921728
886567894338949123
886570269581737984
886572820544851969
886589047887380481
886595650330152960
886599616715792385
886607678927020034
886608739738030080
886610437680254976
886614008186404864
886637663654227968
886640370259460097
886663275018018816
886666239443185665
886673423472013313
886735721700114432
886738005670608896
886756890960678912
886763895422992385
886780789601554432
886781303042920448
886785497774776320
886798175071199236
886802670949986306
886806978919514112
886841850337689600
886847927460610048
886849459673595905
886868730784825344
886876895844937729
886884274485551104
886917851990413312
886927625960255489
886936858499985408
886965245499101185
886972427003076608
886980499234725888
886981047971434498
886992352358801409
886993576374157312
886997414162317312
886998305422618624
887016940786466816
887018556394659842
887019654043934720
887019982432985089
887058079107485697
887063359086104577
887068544109883397
887069469138464768
887069784688386053
887085732753534976
887092183207038977
887099645817704454
887113812784152582
887116739800166404
887139840969515008
887149120045166592
887172692415193089
887219206948659200
887219408183083008
887220124544925696
887225931965845506
887227516288630784
887256160759414784
887257969888567296
887269511799357440
887271797531475968
887273136802193408
887273357863006208
887273373356654592
887273820859453441
887276793820065792
887283420790833152
887284295303401472
887284538988167168
887290553624408064
887299851087642624
887300020164341761
887316297851252737
887344233174249473
887345493138952192
887368831521435649
887379295475257344
887383685229662209
887384045096775680
887384063102734337
887385043320033280
887385163277238272
887385637661286401
887388125294624768
887388384100003840
887389009902686208
887396217033863168
887396851124711424
887399086290325505
887399743722110976
887401893126967296
887402021044854787
887431911685140485
887435679814213633
887436081037291520
887437192775163904
887440112853954561
887440314838859776
887446742375051266
887461206453231616
887477385561391104
887492702320963584
887524221659873280
887537558699335680
887542312536088576
887544637874819072
887545596269088768
887546087007031297
887584256905662464
887585526781444097
887585715202265088
887585861562400768
887586480717275136
887589235066232832
887603894129438722
887619156388048896
887621090356457472
887625540949213184
887627182188744704
887639021459038209
887645624522465280
887646848021929985
887648754744135680
887662073756438530
887675319364325377
887676030252703744
887684872537559040
887685803886886912
887686101250568192
887686695990304775
887689700395364352
887692062195363841
887698725283475457
887720558279917570
887720869916815360
887721828319457280
887726546919669761
887731429781590016
887737378730905601
887740012334395400
887741720229818375
887763166146568192
887764718869458944
887772030413623296
887773892793729027
887774244792348672
887790390933377029
887797162632982533
887797363535958016
887797422675697664
887797879036891136
887799058890444801
887799801449926656
887799975324864513
887800342850789376
887800829297741824
887805053679017984
887807525525098497
887809388626530304
887817046586785793
887820199856156672
887822701351624704
887839533093486593
887846089067438080
887848070687449089
887863509840789508
887864100361048064
887865292000505857
887867959120732161
887874035220189186
887882455482601472
887887419885854721
887919229894316032
887968782114861056
887969164757020672
888020884224716801
888035574858305537
888051483626713088
888057337520549888
888062118511214592
888073204899729408
888073255004774400
888074194319065088
888074331053408256
888080292438654976
888083040953667588
888087177891946496
888088379468001280
888098633714995205
888102606010281984
888126471625166848
888130400802922496
888133086109515776
888135673575866368
888145021018398720
888147141176303620
888147272088920065
888159959451619329
888170013626163202
888178804660752384
888188614944989184
888193398447816704
888193494585573376
888194624954695681
888196427230400512
888197590310846464
888197669608448001
888206693963886592
888236068860039168
888263995383140352
888267417939398656
888267964461457409
888296286520090625
888298744348803072
888345439367385088
888345517540990976
888349396039065600
888349426246443010
888365691975344128
888372078822531077
888378756594712576
888380476314062848
888388130415529985
888399163544805377
888416371112943616
888419213282562048
888419314650447874
888428579054247936
888437872449204224
888438700736163841
888439434525499392
888441525604143105
888446859072733189
888447155685531649
888449209556402176
888457580971950081
888459631147847682
888493672844492801
888508740789387264
888511592295354368
888514876837994497
888517313149980676
888543177082257412
888547181787000832
888575277609226241
888578710789529600
888593547716419585
888624246175313920
888625676529565696
888645504652935169
888676019670011906
888676081582170112
888699768037408769
888777901214019584
888833728692101120
888834577162268672
888838028709507073
889439245340946432
889612952193585152
889692966067064833
889855771374178304
889866253560672261
889888476761665536
890039733782446080
890153316377915393
890228045612802049
890312191026638853
890366917059510273
890367825549955074
890380550233403393
890383122608513025
890395229026623488
890397182322499584
890419531692290048
890420329876643842
890420756412194816
890429921410940928
890457821493420033
890484452790591489
890484974154989568
890511836835004416
890517381038178304
890524510092484608
890533663317917696
890540396832587776
890544625538170880
890547131999698944
890552286455386112
890567405629558784
890571995464716288
890571996026642433
890572492061855745
890582652360806400
890585024243916800
890606910541410304
890611947896422402
890617310527987713
890618920905752576
890623168502571009
890626005529796608
890630039464681473
890636249265979392
890638942860525569
890639584568246272
890658934972833792
890659040690188288
890660056999510016
890664109926080513
890668254686961669
890674607014924289
890680856104374272
890684532860399616
890687540994478080
890688272908812290
890688881904852992
890699091700662272
890704155060383744
890707981536378880
890721560583172096
890724942035263490
890729348537372673
890730449567436801
890736461326163968
890741010657038336
890741920556646401
890747003222839296
890748943948296192
890751018643980288
890760095923097600
890760776893550592
890761189621420032
890762166474686466
890762981864329217
890769587050098688
890769998502703104
890771115055792128
890772514070245377
890773045228556289
890773990624591872
890777674897133568
890778683652411392
890786186427379715
890791180870459394
890792319326318592
890795454979387392
890802707786813440
890806879856754690
890808263565955072
890813003964178433
890825423721947136
890826088523468800
890828875181064192
890834729611743232
890835245511176192
890852707648622593
890859407344627713
890862054680260608
890864746366459904
890872411247259648
890877037149392898
890879373351546880
890880127927767040
890880562440929281
890883129766019072
890883170484334593
890901451513491457
890903623995191296
890903653355335681
890904140716625920
890909821511315459
890912554486202368
890913141718122496
890919969382428673
890920405824917504
890925542173757440
890926982543929344
890927309645115393
890927441815904257
890931111748096000
890931195248340992
890931405806555136
890931804307415040
890937504731455488
890937508925722624
890937842783985664
890939439576383488
890940353108377600
890941301016997888
890942471613681664
890946484316901378
890946703670616065
890953356696485888
890965630886617088
890966561636450304
890972253243834368
890972371166740484
890972606886760448
890974386513039360
890975370933145600
890980795090968578
890981455588990977
890981740818432000
890984593352003585
890992771808583680
890993070870863872
890993406998196224
890997831007428608
890999249076314112
891006004015529984
891006565624541184
891007200642162688
891009216005234689
891021397530685440
891022967035097088
891027225935478784
891029514771472384
891030061276594176
891031867767566336
891032130767159302
891034660758835203
891038050922442752
891038530440482818
891045975770398720
891046658552868865
891049630661828608
891050807164108800
891052281017229312
891052390098534400
891057542322733056
891058915969949697
891059775810674688
891064848829874177
891070774534180865
891084227797819392
891084464780193793
891088835639169025
891093597747109888
891094513489399808
891096155945390080
891100476946644992
891101944512688128
891110152455237632
891123726388953090
891130157649588225
891132878368722944
891133941612236800
891157477093462016
891203462146408450
891228348021714944
891228870434795520
891235828403458048
891236877382144000
891239496724951041
891268400886009856
891269733047312386
891272753768275968
891272954281152516
891274171468087296
891274357506318340
891274660096032768
891279692476686336
891280798711767040
891287987375529984
891293869144494080
891297344129519616
891298628840587264
891303974929801216
891304477403357185
891304971504898048
891308406975455232
891308480233078784
891308717177745410
891308792666894337
891308871926644738
891309218648797184
891309271777988608
891311227695226881
891311280983822336
891311475167563776
891311754113888259
891312781278007296
891315647245889538
891315964398059520
891316855197114368
891317950346661888
891318105128919041
891318642385793024
891324629784113152
891330638996885504
891333660934328320
891342200109490176
891342281067966465
891342694651449344
891343216187932672
891352239608037376
891361284196884480
891361510672539648
891362379447111680
891366425159376897
891367840787320832
891368362093281282
891368821101023232
891368961480302592
891369442982199297
891369692954316800
891371384357703680
891380741170380804
891384152825757697
891384366303240192
891385126084542465
891387501977362432
891387846484869120
891389113823248384
891389113848483844
891391403489718277
891391896760856576
891397254560534528
891399111391555590
891402404758831104
891409409674530816
891409664658853888
891413171096780800
891413414379212800
891417671090135040
891425192387465217
891426344097206272
891434304089333760
891455254662959108
891460803295051776
891464237322833920
891467421533573120
891468111869882368
891468500283174912
891470328160858112
891470420834177024
891473281345138688
891476989953146881
891481432161492995
891482086044876801
891483700243816448
891490530428956672
891490644522180613
891493420794920960
891497460668940288
891497500003237889
891509457653575680
891512372975865856
891512623522500608
891513699571298304
891526476444684288
891528746393456640
891532509120528385
891540287155183616
891542884146585600
891549037215621120
891555781639897089
891557132189011968
891568386194518020
891568706551246848
891569623241334785
891570997748518912
891578506777374720
891590811305070592
891594415801872384
891594662422740992
891596884158156800
891599445200130049
891601831746514944
891604443954905088
891605645220167681
891606325511303168
891607157073879040
891611073832509444
891611846905614336
891612240637505536
891628652198326273
891630375444783104
891632346558074880
891633986539225089
891656482273595392
891657049314033668
891657314821910528
891680519821414402
891681591545692161
891683319108251649
891686710622507008
891690378516197377
891691645204410370
891696942211878913
891703205389893633
891710111894298624
891714416579883008
891714705601024000
891716895539216384
891716974195216384
891717135696879616
891719042842718209
891720615249489920
891721029663559680
891721054820945920
891721610998231041
891723925851430916
891726307343597568
891727365574807552
891729128860274688
891729456867549184
891731255791890432
891733296740265984
891735421121699840
891735892599205891
891735978594848770
891741184972001281
891744362593255425
891744830652641281
891746865321959424
891750356639764481
891750957301735424
891752673858531328
891753728872558592
891763456323584000
891764351790718976
891767570994540544
891768281010450433
891769225144094721
891775554961068032
891777646119354368
891780991152533504
891781054771671041
891781855443165184
891784351062609921
891784562145153024
891786256849424384
891787133144444928
891788276092346368
891794969383415808
891797121447460864
891798933810302976
891800940377931776
891806270943932418
891806785128083456
891808048473415681
891810765556121600
891811843622174721
891822645540306944
891823215911325698
891825502226395136
891827920720855040
891828465070223360
891829872292544513
891831207331233792
891840947771854848
891842594027831296
891854932810358785
891860353977536515
891862629433708544
891863322693337095
891864880055111680
891865922322944000
891870270117392384
891871732671414272
891874192207093760
891874642679537664
891895086979702784
891914730385752065
891915797630562304
891942198660415488
891952735850909697
891955553349578753
891972118740598784
891976416237113346
891986303461593089
892006852304797697
892018579465437184
892018748604985345
892019519807533056
892021933650456576
892023198241435652
892036780656033792
892039638952628224
892048288928727040
892057906941579264
892058410534936576
892058916925972480
892059350205845505
892059614874914817
892060293072924674
892061844566921216
892064669837516800
892069699151941633
892069965985177600
892076689047605248
892078472234971136
892087372774592513
892088374370152450
892088508176846848
892091725447036928
892095454359543808
892096856641196033
892097801043140616
892099937655304193
892106097926037504
892110633948336128
892119756127571968
892129320294129664
892139002547097604
892139676571758592
892140742667190272
892142271155638272
892145683230314499
892149435450486784
892153049287938048
892156002040020992
892170287437012992
