914292034910818309
914294018392985600
914294490919137280
914303327244095489
914313590278119424
914326910569779200
914342256265502720
914431144879362048
914439359436226560
914441123564707840
914461843393007616
914525312037249025
914535592695758849
914580376944824320
914584308282572800
914591960354172928
914619214203322368
914628143494975488
914634207506436096
914635228056100864
914638905239990272
914639661925928960
914644315359543296
914651150703620096
914661476350283776
914665902569701376
914666459594334208
914666717552373760
914697268443402240
914701677248180224
914729959305838592
914735128298926080
914736011934023680
914795229592670208
914809054098333696
914820368728178688
914822893715963905
914837019720810496
914861672577294336
914864297238339585
914883071895359488
914934488211316736
914958166902870016
914958276629905408
915048971684298752
915049243529875456
915054522895962112
915057089365499904
915068004634955776
915086009099968512
915086144999587840
915123499458596866
915126633878769664
915136122346278912
915139117192593408
915139400497090561
915142094922100736
915143661503033344
915153745444524032
915165933664075777
915166447457984513
915179814318829568
915199002819350530
915233388151402500
915239394616971265
915240086039662592
915241816198406144
915263709282553858
915264654582071296
915264994744336385
915267622068998151
915270266841911298
915270567720247296
915286999313068033
915292461542412288
915297798131773440
915300954597142530
915317056966479872
915360327063048193
915361015348396033
915419228869554177
915422346768474112
915423327614881792
915493480016650242
915494220168695809
915497757409988608
915503282922995712
915504429960331266
915506689004179456
915513365207961601
915515001699311616
915521140050640896
915556541633384448
915582770726014976
915592307260448769
915596940771053569
915600034925879296
915619918988574720
915620598361083905
915620941421535237
915620942654697472
915627178703941632
915627267803553792
915628485271543809
915632812543369216
915634743676428289
915635017933578241
915636725841584133
915636730673340416
915640454166798338
915666887496912898
915676205206122500
915680619216068608
915683167696183296
915684448640880642
915705907165618177
915709589341040640
915709679027855360
915714348135395330
915762570882990080
915785491919843328
915805930335416320
915806522176815104
915816522211254272
915897171152646144
915941753227706368
915955883850350592
915973123845083138
915975576946581504
916011954275151872
916036832042795008
916052820813664256
916055001549758464
916060626111172610
916136238821732352
916141345906892800
916155485027520512
916157965006127104
916231123302313984
916239256074489858
916249385314291712
916263521351909376
916274521153314818
916276847112896512
916283406526369792
916283665352679424
916284877514924032
916323859355389952
916326508897083393
916326633916846080
916369396494344192
916384740692910081
916388250343890945
916395986762661888
916438754763538432
916444060159807489
916462713487970305
916465796699766784
916488602821058564
916498532919500800
916499147305508864
916499626731155456
916499636285607936
916500350659522560
916533886208954368
916635825298743297
916692422939365377
916718281741918208
916724413080440834
916736228648783872
916739147905118208
916756952717422592
916760984437579777
916761152486600704
916764824180281345
916768978604888065
916770347499782144
916770858517106688
916778702695837696
916782013700489216
916787873319284736
916787907502804992
916801910216232960
916802553597386752
916815944344915969
916824998186307584
916844398775746561
916848444345602048
916853066040860673
916868202428272640
916868605924593664
916868671766634496
916868869737865217
916869131068170240
916876385939001344
916921310697029633
916940375096479744
916953712962293760
917008701122334720
917010668670173184
917015597002772485
917026781957369862
917038197951021056
917042956858781696
917084873877217280
917092067968475138
917114002492227585
917124250867249152
917124800425877504
917126414704537601
917127791690137601
917127969084026880
917129690426593280
917135659357237250
917139713991020544
917161932041240576
917162022650888192
917198345763819520
917218256510894086
917231052917059584
917241442086535168
917244887438811136
917249207123300353
917271106838343680
917300214121111552
917301224495607808
917334520939999232
917358385699450882
917388335487713280
917389640817971200
917391110946910208
917393036664987649
917396392397680641
917397590290915328
917397955186974721
917445890624905216
917453415231426560
917490230663376901
917490357402615809
917527714873012225
917527792375414784
917530605109231616
917632790644121600
917634087371677696
917656815948636161
917671403909824512
917671733355798528
917673748697894912
917673811197288448
917674107759624198
917678799076118528
917679022225678336
917680301429596161
917682563036188672
917703968658042880
917704681715007490
917730761465368577
917769867473838084
917786431191375872
917813500000444416
917826113086275584
917855308239835136
917856705530052608
917902698984476672
917906596591816704
917907701967056896
917914345341820928
917917186118770688
917919313876660225
917927890414657541
918025229695311873
918033492495257600
918041304810115072
918044501297516544
918086210815438853
918095590424133632
918096504761540608
918107074571243520
918112523664031744
918114486606876672
918126090564063234
918137717610942464
918148295641391105
918149259463221255
918197116526256128
918197234004508672
918197894833831936
918207969652649984
918211640448946176
918212450037747712
918213873978761217
918214014504599552
918218474463334400
918220419634794496
918220501813567489
918220761894211587
918220822275411968
918221338975842304
918222527683588098
918222922291994624
918223275519561728
918224935197143040
918224975047278592
918226030321590272
918226829772595200
918228141750960129
918230553488510976
918231177604902912
918231231682269184
918233131722858496
918233374572953600
918233645537783809
918233801561649152
918234257465757697
918235218380836864
918236086194843648
918236521114882058
918239244409192448
918239257935753216
918243113751236608
918243387647709185
918244001676791808
918244062087602176
918246082563452928
918246413414424583
918248923285766144
918248968160559106
918249053313527808
918249544458043397
918249749563584512
918252110931812352
918253946358992896
918255789332205568
918256236012896256
918256953259896832
918256988932460544
918258990458556417
918261612728979456
918261935254142976
918268314371133441
918269872148185090
918272765391785984
918274673774915584
918275581028065280
918275674560974849
918280997535404032
918281814157934592
918288205845356544
918290111342809088
918294099714826240
918294156736376832
918294381991313408
918294443211366400
918297602793332736
918298167770255360
918300374808907776
918304017956171776
918308274163855360
918308925736456192
918309592186146816
918333605864189952
918335573818875904
918335602759688192
918336180718010368
918345092783632384
918347157660471296
918350892608262144
918353993113276416
918357883733069824
918373890895704064
918378104904499200
918390672079462400
918392836957065217
918396665513594880
918398759335116800
918402362246684672
918415630935711744
918436537439866880
918444583775809537
918445495327924224
918447668703170560
918449618219880448
918449685735657473
918449792665182208
918451018278621185
918460309467205632
918466228896792576
918466751519531008
918468905294876673
918471269208743936
918472694831738881
918473021152792576
918474781912997893
918475518437183488
918477362270031873
918480326384644097
918482750260305922
918492150131814401
918500181359898625
918502061699866624
918509983473504259
918512859482640384
918514158467014656
918517062682759169
918519094755954689
918520529195294722
918521065231482880
918522393135476736
918525279269806080
918527338656292864
918534048280129536
918538409949396992
918539314216296448
918542426406453248
918548307550420992
918548589508481025
918549575576838144
918550256752701446
918551247241834497
918551440800534528
918553139908837376
918553225900503042
918556610989101057
918557591323672583
918557954151993345
918558196985483264
918558209585098752
918558566520299520
918576128867962881
918581104193372160
918583190910062592
918591369731551232
918600958761893889
918602130432446464
918603624640602112
918603945500700677
918605713433350144
918606208348585985
918606463374852096
918607588262076416
918615499994554370
918615864466866176
918636829708087296
918638406757965824
918640611300868098
918642436213223424
918644509474545664
918648781377327104
918655300151992320
918655345018499074
918661507289944064
918661732977004550
918662482901852160
918662815929503744
918663920285507584
918664922308870144
918670566592303104
918675311167983616
918675548167114752
918685461802975232
918721716142063617
918734187875663872
918751789456900096
918752384448454657
918758106321915904
918783282208112640
918791006866366464
918809864893227013
918820792066101248
918822437306994688
918822603392892929
918823382266687494
918825390508072960
918825732326924290
918833623096324097
918838799274299392
918840480779132933
918846343732326401
918847350218674176
918858266733621248
918860599576145920
918860922126401536
918860995660980225
918861224137445376
918867753402028033
918874594714451973
918878016427589632
918878092789088256
918879553673748481
918883796178604032
918884060860174341
918884530156593153
918887739252203524
918892168864972800
918895676980908032
918896502835163137
918902587503665152
918903248899190786
918904440576282624
918905508420915201
918906699183992832
918909359224102912
918913516601528320
918916755040256000
918917417727754240
918924187359571968
918941163385528320
918943912743419904
918945446994747392
918946353417420800
918948107018055680
918949222854078465
918949850208702464
918954245390503938
918954618687819783
918958494631546880
918963075650408448
918963513149796352
918965549476007936
918971170019528709
918972029243666432
918972176467972097
918976853100187648
918977128699379712
918981667347300352
918982435748036609
918982758717894657
918983356368515072
918983779770949634
918986505892241408
918990196053385216
918991597756387328
918993850550677504
918994659199811584
918997578015956992
919001555872944134
919006549615538176
919009585880498177
919027221242826752
919035998255816704
919036683189972993
919048583705395200
919059404972060673
919069135304134656
919082824287866880
919094286062202880
919112685349879808
919113097301975040
919118678490341376
919123352207478784
919133221387952128
919152628444966913
919158238309961729
919158926578503681
919166283844931584
919167071946145792
919167378109251584
919167554714783744
919169769726672898
919177553860055040
919183021177270272
919186295267590144
919187443655561217
919191058394648578
919194634806587392
919197726004441089
919203762455146497
919209191964856320
919212021471678464
919227664099168263
919238323083804675
919239803664830465
919252725086474241
919261498291220482
919269278754336776
919271854044409856
919272695405137921
919275594508054528
919276739154595841
919277921952395264
919283289789255681
919283755386376192
919284376541818880
919285995564134400
919286779483770880
919288075255271424
919291587384958976
919292847777398784
919303204801798149
919307264468684800
919313513956327424
919316707499479040
919316822985461762
919316982234861568
919317900795760642
919318055955648512
919318442670546945
919323907013906437
919328706123804672
919335884276760576
919337845139103744
919353797729697792
919354363419742208
919354475973713920
919361511889367040
919361932993400833
919367472826011648
919369750790238208
919376448640749570
919378490432131072
919379913450307584
919380534744309760
919384929137553408
919388997583097857
919392510241157120
919399974508445696
919402089272561664
919402694913286144
919448467814019072
919476511727525888
919483627389571072
919523690907340800
919524937936797696
919525594764922881
919525858997686272
919533051394306048
919535892603301891
919546095667212294
919556356620849153
919559007425171456
919568043495194624
919568457657651201
919568885006852096
919572300776857600
919572517248888832
919580201641758721
919580437390987265
919586678078980102
919587781604765696
919589508387164162
919589512568860672
919589533984919552
919589790240198657
919589855260266498
919590258320334848
919593344518336512
919596694060355584
919614599141486593
919615063400464387
919616048709750791
919620336534130689
919629476341960704
919632497905938432
919633261650989059
919633668968247296
919635363479425025
919639259145031680
919646049722966016
919652164569624577
919653092345425920
919656368956620800
919657415423004672
919667005300658176
919672349674401793
919673862027075584
919678745581154304
919678793807167489
919684131885215744
919688402521468928
919689137384448000
919690394815815680
919692897548668928
919696030722953216
919696579308666880
919698204194721792
919700303867506688
919700689181327360
919701132255129601
919702042821750786
919703014662815744
919708903461371904
919712473661431808
919718181094047749
919718705558257664
919718910655647744
919720788005085184
919722500551876608
919722791640875008
919723791323934721
919724705333968896
919729723563020288
919731043489517568
919731076213252096
919732318574653440
919735761255120896
919736643736690688
919738192894476289
919738579395293185
919740128943267840
919751633361358848
919752142516240384
919753832435011584
919762009226297344
919763373255942144
919763651690577920
919767574803496961
919767950042779649
919770278300999680
919772708031926273
919781680902107136
919784052374327306
919787624260427776
919788502522327041
919792638131425280
919797899046797313
919807728817651713
919808758078955524
919811515770920961
919811619873472512
919812446134476800
919840533710700544
919840539167432704
919851004589260801
919854832915243009
919884115037556736
919889621756071936
919900525256105984
919912480087867394
919912924461850625
919914904999653381
919925471302832129
919934669411504128
919935343075479553
919937111754727426
919949247977574400
919963027939749888
919963174304174080
919963314003816454
919964630566473728
919964909080891393
919966050371870720
919971909810388992
919971984460603392
919980560990265345
919982242474135553
919984556031213574
919985915585552384
919991094959583235
919991778224193536
919994063406764032
920006139575709696
920010218066472962
920015295263145985
920016496495034369
920019917788864512
920025389354729472
920029497596014592
920033008232656896
920038369790480384
920043250290802688
920044071141421057
920046854380797952
920047242454724608
920054653349515264
920055339558559744
920056240910118912
920061416677273601
920063809087295489
920066774049214465
920067926652260352
920068644280979456
920070820290015232
920071767783280640
920075895808974848
920078697192968193
920079901784391680
920080973450096640
920082189391339520
920082425513996288
920082889391271936
920083214470926336
920083282007650305
920083475339862019
920084589783040000
920084700512866304
920085253317783552
920087470418653184
920089587304853504
920090046996217857
920093027862855680
920093261083107328
920093383137333253
920094109586649088
920094635460059141
920095667787243521
920095963032809472
920097736397123585
920098380235378688
920099523174780929
920102267914768385
920104987954372609
920106928474267648
920108904591196160
920109534999449602
920112251650039808
920112871555641344
920115944734711809
920119748536385536
920119944842539008
920120227534290945
920122298257911808
920123118248775680
920124316129280000
920125119325986816
920126071038656512
920127613275901954
920128572492263429
920128884133322752
920130100477288448
920131481267085312
920133804890697728
920134868989865984
920134876963143680
920137505525047296
920137604506402816
920147468251099136
920149684940709888
920152909127569408
920156625259786241
920157462451380224
920159580163686400
920160217291255808
920160533512253441
920169805461753856
920171511687929856
920175456019734528
920177461295484928
920182051969622016
920182857275908096
920187972254810113
920188909237260288
920191599065182209
920192260066639872
920195200722620416
920198170709250048
920198780548366337
920199462554947585
920199650862358528
920199837932548096
920199855108165632
920200105940213760
920200640730750976
920202919902883840
920204198733496320
920204977607454720
920205895740506112
920206513993584640
920208982362460160
920211714511171585
920212126836199424
920212422107025408
920212984978464768
920214644257710080
920216270779203585
920217419188178944
920219178291908608
920219481112227840
920221294720937984
920222462826172416
920223440539353088
920227555550093312
920229760504156165
920232494775009280
920233905726345216
920235418640982016
920236920902320128
920238663757283328
920240147689381889
920240273543782406
920240614930829312
920240924495663109
920242189925363712
920246853987438592
920251280215433216
920251316311592961
920251646399139840
920253752749314048
920254462014484481
920260729151815681
920265384816726016
920269887427182592
920271211141136385
920273567090176000
920274000785367041
920274077511831553
920274734348201984
920277446389313537
920280742676062208
920281393644687360
920281565204271104
920284017601187840
920284112392523776
920284626215690241
920284825830899712
920285381576273920
920288255546761218
920288434609983488
920294777786175490
920295149695066112
920296182777249792
920297351297814529
920297503123062784
920304250109988864
920304259303919620
920305207661252608
920306772564463616
920307419716059138
920308560147357696
920311107365036032
920312151755100166
920312331250184192
920313893221625857
920317319125053440
920317403027988481
920317621106552832
920317745685762053
920319896524791809
920321127125151744
920321786457280514
920322890410614784
920323969202483200
920324280000401409
920324544224784385
920326278166863878
920328352220794880
920332091048341504
920337023952674817
920337718965440512
920338708808822785
920339822803406848
920340790462775297
920342563386671105
920344863530504193
920345211678724101
920347953474293760
920351422604107777
920355345524056064
920356501897859073
920360767081340928
920361083310870534
920367295498768384
920367372288102400
920367609241067525
920369099477307392
920370110325501952
920373464489488385
920374664895049733
920378987553148929
920379311349227521
920380398085042176
920380471913144321
920381815369629697
920382384922660864
920388064463212544
920390254728765440
920393000706068481
920396425392832512
920396856965943298
920399230933626880
920399635679727616
920401293721485312
920402366599450625
920402442923147265
920404273745223680
920404956166832128
920405724643160064
920407409817980929
920407530622324736
920409187821281280
920410300146429957
920413665647525888
920414828732264449
920421058112643073
920421236370485248
920421549273944064
920423452615389187
920424434099458049
920426503971725312
920427722031206400
920428317177667584
920430296910229506
920431144964907008
920432463264043009
920435110691950592
920436360200175616
920436408854237184
920438855383347200
920439278143987713
920440492814299137
920440875330785280
920444280707145729
920446182807048193
920446469282267137
920446801919983617
920449150717591552
920449996721287169
920453812699127808
920454536204038144
920460427498110976
920461835144450048
920462499102842880
920462988980744192
920463624002514944
920466131768479746
920476153218990080
920477723587502080
920477850225999872
920478996105715713
920481618833395712
920481996723380225
920484803958280193
920490444072587264
920490553543921664
920492105428099072
920497675455184896
920498560453562370
920501420985593856
920504889641496576
920508788276387841
920515567106306048
920517789231845377
920520663999369216
920521768372244481
920521960488128512
920523093373833219
920525756752650243
920528087087046661
920539306845966336
920544366866944001
920546864985989120
920547311666761728
920549498014851072
920550028749324289
920551181348253696
920557350737596416
920559161003401216
920561498937753601
920566156695662592
920567838192160768
920568375918526464
920568916526665728
920570272998133760
920570309065039873
920572838213402624
920573501324500993
920573733298941952
920575234847203330
920591618633289728
920594586543755265
920600724035293185
920604413378560004
920613062427774976
920620576732938240
920621143199019009
920621411626086400
920625423482081281
920630303139475456
920630470492246016
920641052704477184
920652463308460032
920653259789910016
920655471450771456
920657470485393408
920662303137255424
920662672642854914
920664431717097473
920668945224552449
920675695155662848
920686653089427456
920688382073884674
920690981678305280
920694644148785152
920695142280863744
920695556850245638
920699609797857281
920699942833999872
920703859886100482
920705377590824963
920708765103431680
920709277676920832
920712067715403776
920717347530444801
920721947838894080
920722121453477888
920723018208370688
920723357124902912
920724835180908544
920725684930187264
920725693738053632
920735909821190146
920736003794636801
920739210340036609
920739687223963648
920747097703550976
920747544388370433
920747969711763456
920748938164146177
920750282463641600
920752307884605441
920752538558910464
920753093037326336
920755295881711616
920756245530804225
920760063970676738
920760580717256704
920763063313117184
920764059040956416
920764722605121536
920768731076268032
920782600381267968
920791536375345152
920791556499521537
920791705397415941
920791780068438016
920791840030302208
920791852202127360
920791872309784581
920791923497013248
920792011136831490
920792043043020800
920792246882009088
920792307271479298
920792361784852480
920792471285764101
920792471289831424
920792730048983041
920792884420534273
920792923410718720
920793119704211457
920793166697062400
920793185579913217
920793252684591106
920793459451092992
920793494662336514
920793772363042816
920793872573140992
920794095311765504
920794131382796288
920794346550525952
920794391001710592
920794657751146496
920795017194565632
920795055362732033
920795848123883521
920796314522214402
920796707083894785
920797846265147392
920798195659051009
920800813328384000
920801273435242496
920805875027083264
920806304100139008
920806846004322304
920808583737913345
920812308657508353
920819392820195329
920831505848442881
920846592562700288
920851059827884032
920854747875127297
920858625093931014
920883152125616128
920890144042860544
920894226329677824
920899165558894592
920899850908110848
920912035373830144
920926876918517760
920974257022050304
920974379894366209
920975865952985088
920981681607077888
920981868823986177
920982273993969665
921008371800698880
921016653063905280
921036770170540033
921039436065976320
921056565188288518
921057527302840320
921057701437648896
921057878437449730
921058167018147840
921059062925717505
921060548124467200
921061091278331904
921061438143258625
921062783663316992
921063150274965505
921068327119634432
921070320009826307
921072497696657413
921073380182446080
921091528071827456
921096830925996032
921097940323766272
921098561932156928
921100332339412992
921103944054706181
921105103787982849
921109378614341632
921110651996696576
921118187504177152
921118960094818304
921131561445183488
921133412819365888
921133966484176897
921135058240409600
921146663900712962
921167577098924034
921172463869763584
921173310708125698
921190711642476545
921191623597359104
921195464212357121
921198058381090816
921203102040064000
921204028968787968
921207817276620800
921217099233558528
921272242671161345
921296083011108864
921299032454193152
921316956405485568
921318184665333760
921322528550690816
921322804120715264
921337775680573440
921344902931214337
921346677646163968
921351150481309696
921357344184836096
921357667762712577
921359530688163840
921361844698337280
921361912625057793
921361939875246080
921363243502882818
921365585572843525
921376486174740481
921379777868697600
921384359713787904
921391823888711680
921415973839745024
921421308172398592
921444712799711234
921444880160903169
921447432612925441
921448337508896770
921451294509883392
921453838367895552
921457903898329090
921460416693358596
921464855093284864
921465066498809856
921481213054988288
921482716134088704
921497028223492096
921502932700237824
921506161521651712
921506412655759360
921509553828704256
921511951695581185
921512084218793984
921517026392395776
921518817355948032
921519568148975616
921522131669798912
921523514133315584
921528034695376896
921531594472591360
921536319347621889
921538919790972934
921542374240768005
921543593088770048
921545988539523072
921549730227933184
921551736770351105
921552057353625600
921571751858974721
921571785136467969
921593184475582464
921620393336635392
921630809034964992
921638422556573696
921651257105960960
921700270907813888
921706122389704704
921714747791331328
921718073614356480
921718698599215104
921720190089531394
921722480326336512
921723390767063040
921726181652811776
921734249400750080
921743564098428928
921745406664601600
921747733219872771
921760933143293954
921765456704364544
921766040962338816
921767570193051650
921775217650864130
921775422345445376
921794532865396737
921809520367517696
921816023635918848
921821242201726976
921829092672131075
921830116476428288
921840031848902656
921849240854261760
921850255880212482
921867299438477314
921871133024178176
921900643316617217
921981592112734208
921994321699618816
921995569609850880
921995667458875392
921998760653279232
921999195195678725
922021575972372480
922035198669348864
922036940135944192
922052122694373376
922057799101804544
922058316423016448
922072781742686209
922073667139497984
922096011878727680
922104483974402048
922105192987979776
922106297151033345
922117027040342016
922138351121108993
922141052835950593
922196443703709701
922201120621019136
922207822796017664
922222066644013056
922223737671368704
922233932237758464
922255028861259776
922255990187282432
922261558557896706
922264450098491393
922283252743733248
922283523532361728
922283698266947584
922284278217625603
922285830974136325
922290709775966209
922294309344481281
922305973687083008
922310477966798850
922310880720588800
922312185879003136
922323533987852288
922359654910324737
922359791678353408
922388891721535488
922438179021520896
922458838288207873
922467929622499330
922470480082223104
922471941478416384
922473819276763136
922477393641639936
922485474391769088
922500476175900672
922502493636096001
922503479276523520
922506283172888577
922508358111948801
922508369935650816
922509829461168128
922510782398476288
922512937859809285
922513438227812354
922514684380672000
922523327700357121
922526996348981249
922528882082942976
922533821718913024
922537081968226311
922537122233552897
922539867397152768
922540911275339776
922543026525712384
922543546204385280
922544547661582336
922546327447203840
922548737498591232
922549003434319872
922551722786131969
922552517845757953
922552982100676609
922553717399982081
922553912850305024
922554494180823041
922558052645113858
922559506797621249
922559906930028544
922561853523345408
922568717090746368
922579109716389888
922589551855415296
922590909077774336
922594605408940034
922595214170181632
922596436461498368
922599337607204865
922602002647060481
922603261789659141
922603919984836608
922607838651875328
922608354500935680
922614889213984768
922665610881916929
922674297780436998
922761903373512704
922769665759248384
922772554779168769
922772885583867904
922773707826720768
922774713595826177
922777801442209792
922783184399536129
922805121565806594
922807919472791552
922817031174606848
922847594602205187
922850089038761984
922854497252233216
922855572315262976
922855728674611200
922867471069179904
922873374858252289
922879236901408770
922888271029469184
922897457830350849
922932174923423744
922997418123182080
923000353741606912
923010343844044801
923012594796969985
923013540213960704
923026537116442624
923029914261114880
923046650423099392
923056765041647616
923068821430198272
923071066364407809
923087671186087936
923091992141115393
923098961837219840
923114803727609856
923168627922219008
923181764926889985
923185814514872321
923196175250886656
923196571663126529
923196999469584385
923197864779624449
923205217801216000
923210412878913536
923237149864062976
923265767638032384
923267484773470208
923277512007999489
923279579460132864
923289746272608256
923316456598753280
923333561406468096
923368961743425541
923394869543952384
923434732653875200
923458887721865216
923478027480305666
923482062404780033
923507202932973568
923508129899229184
923508654736904193
923510318202081280
923510730866987010
923511327330635776
923513848124071937
923525227660959747
923528358746578944
923533180925333506
923535070044020736
923559016583876608
923573871957237760
923596766972231682
923606015001710594
923620880219025408
923628656265760768
923634424712974336
923665936514772992
923690411553644544
923696625796579328
923697854756950017
923718753271074816
923721086407020544
923721651967156226
923722121330806784
923722885511962627
923723573805457409
923735426497736704
923772593064370176
923791819325939712
923794268417818624
923795171388485632
923831971377307648
923868981110411264
923906178681360385
923914919644487680
924003878818938883
924019489997430785
924030874945024000
924045119887675392
924048416786829312
924076869250465792
924088379674804230
924223625221365760
924224080114540544
924229465567358977
924234624167043072
924239999146569728
924247222232993792
924255527290449920
924285537971855361
924314704817860608
924324142974939136
924325057962434561
924332076731719680
924334287641563138
924352239560409088
924355943130943488
924356177588342786
924370456265682944
924379251893243904
924383346645520385
924383686350524416
924386171899338758
924386261548322816
924386303629824005
924386624061939713
924388852470497280
924396922647056384
924398800558473216
924399761045835777
924401981900447746
924404062694596610
924405114227560450
924421336545538048
924427464394334208
924475976993722369
924490373526970368
924495191943340032
924501380630380544
924524869588434946
924542603911053312
924599003974590464
924600743675428869
924602593221009408
924602786557374466
924602921215459329
924605034901508096
924607929289932801
924620042532282369
924622180368891904
924676044447154177
924687123646738432
924687944543240194
924688113997434880
924689280823365633
924693924761034754
924698240708161536
924701295423787008
924701347001315329
924702652264464386
924705014093774848
924711461594845185
924713104080101377
924714186596331520
924719070443958276
924721556865060864
924721583263973376
924728354963587072
924728977813590018
924733014260813829
924733831055278081
924735435393392641
924736545625579526
924737866801881088
924742437775458304
924747178156986369
924749126008483840
924757513790197770
924770591193882624
924773736078864384
924775476299685888
924777767669035008
924780777065340929
924783661496651777
924790609356791808
924792326509211648
924792860838367232
924795212614000642
924796525921931265
924799690025177088
924804372109938688
924807454495576064
924809743335641088
924815501724979200
924821699618471936
924825390606094341
924827828335493120
924828464615538688
924833342767300609
924834190272749568
924845354251628546
924849793477824512
924856501453254656
924862079043035136
924868466544463872
924875943289667585
924890181714317312
924890455602581505
924897407216660480
924898096349265920
924918241176190977
924926259049652224
924926566886510592
924941769774690304
924941873583677442
924961545678917632
924974538730827776
924975629753376768
924997256419328006
924998533178118144
924999875330281472
925000645417013248
925013435536101377
925021866497945600
925032665161650176
925037667275943937
925041907302060033
925046019229851648
925047052861521920
925053029367214081
925056591988183040
925084246066130944
925086015454265346
925102818696015872
925109562260279296
925153453495767040
925154110378094592
925155380002299905
925161012952739840
925175184256102401
925176099033747456
925181382166564864
925196762263863296
925256237482049539
925271429276352512
925325604160806912
925358916971544576
925360150407471104
925371333822820355
925371378668326912
925372315268976640
925375131744194563
925375778505838594
925377068250140677
925378931363942400
925379218258759681
925401119643316224
925402345764044800
925403507875868674
925405498525937664
925412087781785600
925426017468076032
925427589446897665
925429826734796800
925435106348687361
925451670661844999
925458883207991296
925468276339236866
925468421453643776
925469671343775744
925482336497651713
925482891802537987
925483431194234881
