1057818836546830336
1057833277917224960
1057843872716546048
1057844595839557632
1057847146941018113
1057847182894583810
1057848331689283585
1057860796741341184
1057881643262902273
1058080434846945280
1058100306616012804
1058188972021686272
1058217038710214656
1058229728199340033
1058265430047973376
1058269686868205568
1058269711174033408
1058276871706562560
1058289348926492672
1058313747205373952
1058325584789598209
1058332308669906944
1058362283259248641
1058371173355012096
1058371242699509766
1058384492023300097
1058386629944053760
1058392318162673664
1058396041110790144
1058396613629087744
1058407731877605377
1058409819407757312
1058415581123223552
1058416122557620225
1058436165899030528
1058437102491353088
1058437422122450946
1058438560343252993
1058447980855025665
1058476086038814721
1058479847482318850
1058531613347319809
1058533537954050048
1058543596289196032
1058547114505056256
1058581068893184000
1058581713318604800
1058607120239730688
1058624111424008192
1058637916564525056
1058651600036790278
1058714984090386432
1058716548414693377
1058719612794269697
1058721441519149056
1058722267792883712
1058727463692521477
1058727896699863040
1058751896780005376
1058772265792389120
1058772445912621056
1058773009203449857
1058775124814557185
1058782897266667522
1058788245016731648
1058799657319653376
1058811294411821057
1058819451494285312
1058824180160847872
1058862087840051200
1058865564506980352
1058871164309782528
1058901447180541953
1058902212661919744
1058923027730026497
1058955679107612672
1058963512817442816
1058977028135890944
1058981737080877056
1058990900356046848
1058996042883100672
1058996462007304192
1059008365446205440
1059054092193071105
1059056717919510532
1059072299654103041
1059083188486787072
1059090432481734656
1059124886570983424
1059223023406989312
1059223625943932928
1059239630569115648
1059318798044385280
1059409119889838080
1059429410657497088
1059440220943384576
1059450129688727552
1059460398179606528
1059462041944145921
1059529387907923968
1059530924990349314
1059531590206918657
1059535002269032455
1059537981894082561
1059548217690349568
1059552786537418752
1059570621561102339
1059576379069612032
1059590910650966016
1059607321708503040
1059646806815059973
1059789715208093697
1059795067974705152
1059797572817244160
1059799739166871555
1059808972121759745
1059824165560160256
1059832575550808067
1059844852681183232
1059845719652290561
1059889432700964864
1059944379740241926
1059979119486746624
1059987115897905152
1060025015675117569
1060028666137108480
1060031302106263552
1060066282148634624
1060076153447301121
1060091844762177536
1060100096648462336
1060101491678236672
1060108478965080064
1060169967033827328
1060212519686553602
1060227022277038080
1060227891634585600
1060228714125029376
1060229688054956032
1060229972449812480
1060235518548557824
1060235602875072512
1060244073251004416
1060258497475035136
1060266725986299904
1060266898644918272
1060267840576532481
1060267914941493248
1060292251128074240
1060378589609316352
1060393328842170369
1060406917514829824
1060428183495999488
1060439798844932096
1060440130970927104
1060448247360221184
1060466523767271424
1060469718832734208
1060526252434604032
1060533298198446080
1060535295106600962
1060542045012574208
1060567314012065792
1060582655920627712
1060588146193248258
1060598828334632960
1060601882606030848
1060617072705564672
1060636879039684608
1060649998428397570
1060786397190217728
1060862468036222976
1060870033285570560
1060891074871341056
1060894846364336128
1060931855237570560
1060936302802145280
1060937492797554694
1060948665987186690
1060949412539699200
1060951340728401922
1060954387051413504
1060954939860664322
1060961391111294976
1060982022041227265
1061048793460809728
1061078834567671809
1061319211191058434
1061321629374922752
1061381352749182976
1061461912901189632
1061529991073153024
1061733149309190144
1061755480500973568
1061767669710389249
1061793218457755649
1061844033729912832
1061914701016252416
1061950189026623488
1061967049709289477
1061974678741311488
1061975448819822597
1062013258389962759
1062054313072189442
1062070194367918081
1062072649701036040
1062094774679805954
1062097088354418693
1062097297943732226
1062097378067603456
1062161201109651456
1062188052204810240
1062209665063419909
1062418282999934988
1062422302938329089
1062426552074416128
1062427658955513856
1062441516390670336
1062444479381151744
1062483202051317765
1062496718581829632
1062505953625600000
1062506649028624384
1062565526575169536
1062666352186535936
1062742400353886213
1062828472094076931
1062929861864501249
1062932390601990146
1062946692205441024
1062946891166494725
1063186907658678275
1063190389790773249
1063228052526764037
1063283021749633025
1063283308317036545
1063283327996698624
1063283329674416128
1063284598044422145
1063285354717958144
1063285380718292992
1063289442058870784
1063290514110324736
1063291845814345728
1063292603288948736
1063292860840140807
1063295624437792768
1063296576569962497
1063297570607370240
1063298206040301568
1063299007584161793
1063300516275466241
1063303206518833152
1063305611503226880
1063307688543576064
1063308467832872961
1063327247812255747
1063336211895500801
1063338109834797056
1063344241890361345
1063345756864679936
1063391017607532549
1063421855820890113
1063445488622538752
1063445572487655424
1063508416612786177
1063509488647450625
1063510124940144641
1063510715481366528
1063513992067457024
1063514874578374656
1063517049304031232
1063518280336449536
1063524784858951680
1063551948450947072
1063561135696166912
1063570446568890368
1063596826224398342
1063609319374168064
1063649185411596288
1063689022915129344
1063730706575179781
1063731912169189376
1063789247063314432
1063795560765947906
1063849366526533637
1063857546254008320
1063858134723252225
1063901648945201152
1063920964390608896
1063921943521386496
1063922065990922257
1063922508506648578
1063923377533042689
1063924837587009536
1063935580470415360
1063946025512173568
1063946832500350976
1063946844718473216
1063953428496420864
1063958754385960960
1063959446882111488
1063967995905671168
1063972835096436737
1063975226281787392
1063978691611496448
1063989279293140993
1063990442973372416
1063991371814469632
1063998086916304899
1064028064001097728
1064046626321387520
1064047397263876096
1064051388982931457
1064073925368401920
1064085932754812928
1064089408645840896
1064099733365579777
1064177694148055040
1064179661670965249
1064213602721247232
1064217435392409600
1064235091944181760
1064241540757954561
1064263130845310976
1064267320955232257
1064276276234588162
1064283358304309249
1064299192200380417
1064316397679984641
1064320367576133632
1064343571724152833
1064527153067380739
1064553669050462208
1064563678740017153
1064614112297017344
1064626533338365952
1064673673951342592
1064732790300782592
1064737645899776000
1064743865398124545
1064750381899702277
1064773641466826752
1064782989685608448
1064794471144005633
1064885636463771649
1064910010948435969
1064944577726087169
1064963064091553793
1064968929452404737
1064994531479818241
1064997705657798659
1065004035315564546
1065004886285303808
1065012376976728065
1065038118276030464
1065040127343411200
1065043302838226944
1065117479612014592
1065117942730244097
1065169996400214016
1065171836894367744
1065172659787505664
1065202631898001408
1065222698253602817
1065242319652302849
1065246110451736577
1065259509562597377
1065282218048872449
1065287763765927937
1065291719296647168
1065304551794692096
1065305202096508934
1065309540659458053
1065310310553268224
1065310853988343809
1065310884338257921
1065311466922876930
1065312421571510272
1065312641751621632
1065326170068144128
1065330303437176832
1065331062706921472
1065334562866089984
1065357463367503872
1065369902804922370
1065379920136663040
1065381667831861249
1065394629938487296
1065422056072851456
1065430213046091776
1065430388053434368
1065441429416079362
1065453681934508034
1065486943604084739
1065537583982223361
1065555062896947201
1065560622031691777
1065583954517024768
1065602675792904192
1065653545980973056
1065654981284556800
1065660086159384577
1065660900705820672
1065661468186738688
1065662841838018560
1065666714430369792
1065670912920510466
1065676017812103169
1065677070993379328
1065677712315072514
1065679460068933633
1065679525906919424
1065681347908374530
1065682915739222016
1065683346510897152
1065684715959652354
1065685401728249856
1065688203456241664
1065688857000243200
1065689299486679043
1065689327999569922
1065690527566303233
1065698706064842752
1065699051260260352
1065701600126222336
1065701749858557952
1065703211565084672
1065704793509908480
1065707162607861760
1065708139452997632
1065712446592040960
1065717602234785794
1065717655913431040
1065721830109982721
1065724344981106688
1065724623063527430
1065725573081825282
1065726607413911552
1065728472616763398
1065728540967079938
1065728729308164096
1065730441838120960
1065732889231482880
1065733031833538561
1065733936112758785
1065737534825730048
1065738467215384577
1065739083362648064
1065741948084998145
1065742603629547520
1065746310165278721
1065746316431638530
1065746521964994560
1065746892720693250
1065747791987830786
1065749031010402305
1065751179714535424
1065752273618444288
1065753709718704128
1065756111377260544
1065759025164443648
1065760037665206277
1065762964869971970
1065763568887451649
1065766548093100032
1065767095839965184
1065770867370676225
1065771246120366081
1065773294614429696
1065773842403074049
1065774019834724352
1065777691922714624
1065786382537252864
1065790942156738560
1065790971496071168
1065791262165471232
1065791913125601280
1065793569456308225
1065794397835591680
1065799254000787456
1065801119224467468
1065801383876665344
1065803690336968704
1065808299864481792
1065809825731244032
1065824683633909760
1065831150411833344
1065832195661553664
1065832803420577792
1065833269806211072
1065834101561643008
1065834149376749568
1065844873373323264
1065849915618684928
1065850158997561344
1065850669872152577
1065855696741126144
1065866364148203522
1065875707761324033
1065876029472817152
1065876292468387841
1065878427796946946
1065880926352273408
1065901575720366085
1065906264142737409
1065917840405028864
1065934441439145984
1065948394193973249
1065949392056840192
1065957359116345344
1065957571381596160
1065961726661804032
1065963138057670656
1065963765500469248
1065964577945473026
1065974256306188288
1065980619484745730
1065981599265763329
1065983026176434177
1066006092340068353
1066006678297067520
1066006931620405250
1066007276404625408
1066008932303364096
1066013666846355456
1066015613389365248
1066016116605157376
1066053135628668928
1066059798737756162
1066060762974642176
1066076086872756224
1066079168427782144
1066079440625524736
1066082906798403584
1066083811103031296
1066084056885006337
1066096446469013509
1066110516261781505
1066127275324669952
1066136338473279488
1066144484658941952
1066149678872444930
1066160926754308096
1066164125334683649
1066180446000697345
1066187079057592320
1066196428580667393
1066198359239622661
1066204954354888704
1066214027481636864
1066216614092251136
1066233431565176833
1066238776794583040
1066262365157625856
1066328594459308033
1066329746236162050
1066330317903015936
1066331155081891842
1066334972758421509
1066343269917962241
1066344583137656832
1066344646052323328
1066352153864912897
1066353725474828288
1066367106990710784
1066370238432784386
1066389320444116992
1066397795031101440
1066397878061592576
1066400905367617537
1066403085738754049
1066405129589542914
1066426393725190146
1066428841680203776
1066436094907084800
1066444709726425090
1066446156190896130
1066458965586993153
1066467844425166848
1066470315373617152
1066472748489175040
1066503368686923776
1066503690704556032
1066557682725851136
1066621293150289920
1066650136934211586
1066712978081423360
1066720088378798081
1066726098292097024
1066758802962141184
1066785385219571717
1066839946386845697
1066841273477271553
1066861001809776640
1066894844386263040
1067107806392737792
1067146688412958720
1067154752591532037
1067156005639868416
1067157019004559360
1067164702541791233
1067191403896348672
1067208186573279233
1067274206189166593
1067367112115724289
1067420282477006855
1067422452161146880
1067455745292034048
1067470762188128258
1067475063136550912
1067476843496960005
1067480929172578304
1067485566390988800
1067493223902384130
1067503858358935553
1067506763564347397
1067518496286933000
1067530286051876867
1067531128687509504
1067532907894296576
1067537762415493120
1067559911033208832
1067566150274506753
1067576279938027520
1067580499000877056
1067627894200049664
1067633073754435584
1067653224889556992
1067659351928655873
1067661163414974464
1067676497484275712
1067682880703352834
1067769857972805632
1067769980018601985
1067770956880465920
1067783415238443008
1067783514236559361
1067806108524429313
1067843529240702976
1067843762888605699
1067857285114929154
1067859835016962049
1067861046747164675
1067862462773555200
1067864448336109568
1067866453653651456
1067866656561659905
1067868965127507968
1067869695875772417
1067870216787513344
1067870334634917889
1067870959150030849
1067877923393130496
1067881251581890560
1067881380342898695
1067881534257094656
1067893266555838470
1067898983396331521
1067903758624002049
1067906296165347328
1067911024416821249
1067932630459531264
1067932657806385152
1067951431490183168
1067954314675666944
1067957792588230656
1067984628177350661
1067986342800445440
1067991722423136257
1068017475412000768
1068034141902569472
1068047084706820096
1068048806451789824
1068049718410977280
1068053777981284352
1068071626837803008
1068076848322682880
1068077736667873280
1068083305025888257
1068114896968130560
1068130131070341120
1068132064891977729
1068132430824030209
1068132763839152128
1068142404463677441
1068154937052459008
1068161337140875264
1068173340802772992
1068176946205462529
1068181213947592704
1068181278946721793
1068183120640380928
1068183142874394624
1068212539081793536
1068264176022421506
1068333999414755328
1068370045254819841
1068422563141840898
1068502861246541825
1068508547892297728
1068527222028304386
1068565954907570176
1068603509874905088
