1013594103756546048
1014027229695807488
1014147361822597120
1014186507857358848
1014303444444868608
1014861840550105093
1015291001718624257
1016198952612491264
1016241544259620864
1018379448108937216
1018405271171891201
1018705567152508928
1018735260815839232
1018741848549019649
1018845992576172032
1018891738243567618
1018911214569775105
1019605212481376257
1020536774127423488
1020544908539678720
1020673256607690752
1020674281854906368
1020680475050795008
1020723489425313792
1020725754341076993
1020928932680368128
1020930088253181952
1020996844795527168
1021459604163743745
1021460336371630080
1022225216951517185
1022284789083250688
1022386791096246272
1022396052626984960
1022467362086432773
1022596243460157440
1022654062326509569
1022711198368899073
1022803788044763136
1022816614578675713
1022835599315619841
1022879048379379712
1022898432938143744
1022901153770692609
1023017028146405376
1023058422089097216
1023059185087311872
1023104011279446016
1023115948298002438
1023182073572536320
1023186144153010177
1023227381291671553
1023240504430014466
1023243060879216641
1023277019524677632
1023302199701647360
1023345080600485888
1023375985910009856
1023417717125275648
1023429568550428672
1023651590916513797
1023677131501527040
1023685747419820033
1023911084330115072
1024063221039284225
1024071378465640448
1024075305156141057
1024181949756305408
1024190402289651712
1024195401497305089
1024197407624622080
1024197587568607232
1024238429205348352
1024268076248903680
1024268956574646273
1024311215475056640
1024396025736450048
1024411458057252865
1024411628756918272
