958908600180789251
959332140600184832
959701552649920512
959966086153297920
960208123486199808
960286345192181760
960363571975737344
960386721274724353
960409853159030784
960447157009567744
960454876126998529
960456639391256576
960465174359609344
960507800219803649
960547085358641154
960683421210116096
960743607379595264
960765404305022977
960774073516154880
960779942605697024
960780138911735808
960780587278610433
960787638314704896
961108798701174784
961400537714393088
961476077137944576
961694126487101440
961702511253053440
961834396599779339
961842898789543936
961894941717880833
961959509219598337
961969659049336832
962009938506563589
962019854415839232
962032407103684608
962058721114259456
962064016213295105
962248394432503808
962253646548357121
962287727365455872
962288003971297281
962289009568374784
962306488906801152
962390166118846466
962443922831155200
962444724375302145
962457481254490112
962463538336993280
962633169416712192
962747111442997248
962934467651350528
962934492808740870
962937416230359040
962950439145648128
962953468414537728
962961474376425472
962966249985716224
962981974431453185
962985098378227713
962986407395553280
962994164357935104
963004428633722880
963029491735031808
963044386534838274
963049501882806273
963062885093138433
963086595351072768
963098535850778624
963102442392088576
963207091124101120
963211823561498625
963230011313610754
963261263068434434
963275673052749825
963290206844735488
963305093578727424
963338700435415040
963340509853859840
963342774748811264
963352604548923392
963363384300158976
963369066332213248
963377748126453760
963379857018122240
963406561342189570
963436439047307264
963644634604933120
963644765513371648
963692684002119680
963692764688015360
963698189596426240
963737497527177216
963769511206776837
964072524504973312
964127873803186177
964129792307138560
964476319810560000
964571443265712128
964596300988678144
964808687356403712
965099892015271936
965243623284662272
965312905611808769
965480930285584384
965514206622691328
965517628361101312
965517697143525377
965672909439209472
965777178171531265
965785366363074566
965792394267578368
965840267633807360
966005871766589440
966013113517486080
966050951713890304
966062545617473536
966221847376416773
966252685577146368
966253060132626432
966279012942270464
966285350384660480
966285440146919430
966313286147952640
966333100878901248
966343754838872065
966422156849577984
966458840249257985
966595231444557829
966595326663589889
966617696103170049
966623717076979712
966625812102504448
966645542108483585
966690742474244096
966806507336511488
966889838510141441
966915571429224448
966962821077590016
966972267497512960
966987335123562496
967062830506799104
967135589064691713
967157970193801219
967157998417100800
967291276625436674
967348620327440385
967349225548693505
967353129191735297
967354335876304897
967354740211355649
967358023088984064
967359917232287744
967362837294194689
967372457366753280
967393686425362433
967394527781752832
967407759137243136
967432957253308420
967646538360086528
967711558888431616
967721895448727552
967722586959482880
967735439162597376
967798286194237440
967817837518602240
967957063241433088
968105457725460483
968114495162867713
968182755795394560
968217342734950402
968217653247725575
968234643949522945
968284092310618113
968300827961065472
968329892394827776
968346284162801665
968348554543714307
968350079575785473
968372095049785346
968403658063818752
968443718155071489
968452220965523457
968497288770473984
968510535909105665
968510850196795392
968514424586747904
968557862493523969
968564666879397888
968723756859486209
968741705544556545
968741999548555264
968799298367434752
968811935365033990
968843497074814976
968868890397892608
968903762948575232
968913276875825153
968921558973427713
968946924433879040
968951112039530498
968958255782273024
968961337324900352
968962234474008576
968963057387954176
