1123378915580366848
1123383301987885057
1123384640926912512
1123384776704925696
1123385509034831872
1123388073860116480
1123390566539112448
1123391437675139072
1123391491387248640
1123394102093987842
1123394647592710151
1123397686374424576
1123398659872296960
1123407204919447552
1123410789380055042
1123424268186988545
1123426845158830080
1123431315452375041
1123431414995791872
1123431576342355968
1123432486518894592
1123433383663685632
1123436608668274688
1123438378643599360
1123442703834996738
1123445975786373120
1123446589866029064
1123453192942096385
1123457013130854400
1123457308321828866
1123457557534846978
1123458515706757121
1123460056916398081
1123460253637644289
1123466690610724865
1123471240625360903
1123472048003719169
1123473486142427137
1123473981154131968
1123480458434633728
1123481590066290689
1123482410899976193
1123491029318029314
1123491535163658240
1123493365549608960
1123493907122274305
1123500398986366976
1123507036459798528
1123507985232297989
1123508073719652355
1123509558918418433
1123514713327804416
1123514754591547392
1123524265020542976
1123524873173852160
1123525198563639297
1123526918324854784
1123527012272885761
1123527715674415104
1123528447131697154
1123533324264378369
1123534907198910465
1123535210040184832
1123535709225259009
1123541659201961984
1123545786405535744
1123547301518159873
1123547629370073088
1123548300890771456
1123549304151523328
1123551088827723777
1123557113463230465
1123557499003531264
1123558052102397953
1123558932201525248
1123562647058673664
1123563271611666435
1123563330344488961
1123563753130250241
1123565352410124288
1123565429178241024
1123565485377847296
1123569755170828292
1123571068382396416
1123572605179404289
1123573072429289474
1123573483915530242
1123580498046070784
1123583811554566145
1123583965481381888
1123584944821948418
1123585616485191680
1123585939325034496
1123588029757575169
1123589972110430208
1123593999313448960
1123595972917985288
1123600695704391681
1123601118930583552
1123602309668311040
1123602565520924672
1123602740851007488
1123605268770820098
1123605903335358464
1123610454578712577
1123610535474475008
1123611767828037632
1123611886535180288
1123618339056758785
1123623499283582976
1123623781577175042
1123624685877514240
1123625534804643847
1123625797363879936
1123628370972041218
1123629304624103424
1123638298897997825
1123638866383134720
1123639510213046273
1123640018986262528
1123640040796639233
1123641837212794881
1123642092629237766
1123642200015896576
1123644715491057664
1123646259678543872
1123646686247694337
1123647530992979968
1123647774669586432
1123648386614419456
1123649760093597696
1123653363147558912
1123655033755541504
1123656845174890497
1123659430627819520
1123663381095964672
1123663540223500288
1123667494051438593
1123670194474422275
1123670873980981252
1123671947282460672
1123676702369112066
1123677152422051840
1123678515142983685
1123679801112498177
1123680028791902210
1123680822836518914
1123681986764210176
1123682153282322432
1123682695589126144
1123685024023314432
1123685826666422272
1123690679471955968
1123695492448366592
1123700777653088258
1123702762825486336
1123703651170684930
1123703867185750018
1123706552383430656
1123709727488319488
1123712203390181376
1123712432822726658
1123712497800945665
1123714044660154368
1123715909900734475
1123716866176954368
1123731343651868672
1123736378485948418
1123746032117010433
1123749440047788034
1123750484370653184
1123752977477640193
1123753349910802433
1123756668016320514
1123770246236704772
1123770655210713090
1123774363365519361
1123777384136806401
1123778213317103618
1123782820369924096
1123783181910663169
1123784264863113217
1123787864884613122
1123791671613898755
1123792619925069827
1123796754271481856
1123801542476345347
1123804052771545091
1123805653368221697
1123809052662947841
1123811105070047232
1123811974503108608
1123813121066450944
1123813388033953793
1123815716275277824
1123816067753762816
1123817134436573186
1123820609308450817
1123829407314059267
1123831566973775878
1123834232110034945
1123836769177415686
1123837428941434880
1123838430520205313
1123841329824522241
1123841582988496898
1123843160025772034
1123845569259147264
1123845607834181632
1123845640554012672
1123846977396051969
1123847105204899840
1123848407972495361
1123849685616267266
1123854333672554496
1123856502102663168
1123862335138009089
1123862560787324935
1123863399216103424
1123863559027474432
1123866974961000448
1123876238416850945
1123876656148570117
1123877546599288833
1123877744599814145
1123880611796664321
1123881085757272065
1123882848614854656
1123888039930007553
1123888522706997248
1123897518612463619
1123897576087064576
1123898088207409152
1123899506888728578
1123900560325869568
1123902075329548288
1123903857476689920
1123903985835028482
1123908719291633664
1123913798790860806
1123914121781682176
1123914526536163334
1123918373564420103
1123919004362518528
1123923405223399424
1123923591244992512
1123923890332471303
1123924248911859712
1123925811327840257
1123926534337761280
1123926658992439297
1123927041093656576
1123928888659316744
1123929742196051971
1123930521946476544
1123931675363356675
1123932016842612742
1123932385475792899
1123933266677989377
1123934916725616641
1123935477495685120
1123937243708653568
1123938232276746241
1123938972206608384
1123940785794244610
1123940841523904512
1123940967436955649
1123941296278843394
1123945005301866496
1123945225896984578
1123946024266076169
1123947051677618178
1123947768899411969
1123947787375267847
1123948144285364225
1123950279186055168
1123950420978749442
1123951059343482882
1123951652824915969
1123952691766530054
1123956868882358272
1123957125129101316
1123957966519111688
1123958070940438528
1123961056882253826
1123962924614209540
1123964984000765959
1123965436717039616
1123965624903000064
1123966979256274945
1123972465821200386
1123972498545049602
1123976456470659078
1123976583646199808
1123977233905987586
1123977522864107524
1123977662123401216
1123978211170357249
1123978507275706369
1123980262176636930
1123984736685363200
1123985012821581826
1123985704286138370
1123986749917675521
1123986775930810368
1123989748018810880
1123991643835838465
1123994449040879620
1123995764764631044
1124001676220870660
1124002160658866176
1124003053592563714
1124003165609844738
1124006873773019142
1124011119675412480
1124013759972954113
1124014018761564160
1124014563115130881
1124023863250161664
1124024015067201536
1124029615297765377
1124030426484547585
1124033489991536641
1124033822390140929
1124034653919354881
1124037490120232960
1124038258596483073
1124043397382246408
1124044812112605184
1124047081650425856
1124047243961671680
1124048871364100096
1124048998023737344
1124053451468673024
1124054262131113984
1124055394320625667
1124056571657560070
1124061642151608320
1124063240210796544
1124067866519715846
1124070343667273728
1124070934640570373
1124072848505675783
1124076489580978182
1124078686976843777
1124082132593315840
1124082606541295616
1124083498262892544
1124100326640975872
1124101667568402432
1124102421700063247
1124104409372332033
1124104504159420422
1124104629162266624
1124105050207543296
1124105175696723968
1124105918902177792
1124108234585985024
1124116876123099138
1124118945181528064
1124125524341723136
1124132446222503936
1124135276089970688
1124139018281680896
1124145298828251138
1124146492179193857
1124154829562159104
1124155479645667328
1124157398975954945
1124157640123117569
1124171246453784576
1124173178786459648
1124175600984346625
1124177115023155200
1124177791660900353
1124178782376611840
1124181076665098241
1124191624920207360
1124193072206639105
1124193097536004096
1124195156939411457
1124197462955061248
1124199575928168448
1124200431943438336
1124200677482192897
1124201692474384389
1124203005711200256
1124203332791406593
1124208569463836673
1124209120192675840
1124212558662180864
1124215087340957696
1124216279030751232
1124221498431090688
1124222903917121536
1124224812740763648
1124226722654760960
1124233474682933249
1124236166105042944
1124239176054996992
1124243080222248960
1124244328837197825
1124244795889680384
1124249452212920320
1124250517138493440
1124251181490982912
1124251211723677696
1124251337523433472
1124252935968497666
1124253012745183232
1124253013584097280
1124264664525729792
1124267182349799424
1124267466279084032
1124268347955265536
1124270275313524742
1124271522171031557
1124273677640531968
1124276930746908678
1124277582990598144
1124278224270299137
1124278655885160449
1124279407076446209
1124280582731653120
1124281617889914883
1124288658864001024
1124289899123871744
1124290887733788673
1124291095326789633
1124292208109203456
1124293249726844928
1124295290922708998
1124308630466125824
1124310137840328706
1124311648267919361
1124312975358156800
1124315642490970112
1124319078498406401
1124321310283198464
1124322956962869248
1124326215937142784
1124327542574305280
1124329203518857216
1124331028045271040
1124331254675992576
1124331341787619328
1124333878905171970
1124334187195056129
1124335075976413190
1124338328587919366
1124342928959246336
1124344368855441408
1124344878500941825
1124345678275186689
1124345982861357056
1124351061731495936
1124353182354685954
1124353835848413185
1124354743046942720
1124355566837665792
1124355810954489856
1124357204709138433
1124357361991409664
1124362811235282944
1124363805700579328
1124366391912673282
1124366599295729664
1124367989506281474
1124369335039008771
1124369350977380353
1124373055541657601
1124373108679487489
1124373343115849728
1124376280814768128
1124376659560415236
1124376862157934595
1124379761248231424
1124380397125738502
1124387824189562882
1124389341864841216
1124391908367896577
1124394848587526145
1124395458019954688
1124397467452215299
1124407710395461632
1124408246046007297
1124408637768785920
1124410207298301955
1124411223980818433
1124411225645965313
1124411554475147265
1124415003044478978
1124417233168621569
1124417447073918977
1124418199959810049
1124424398306467842
1124426109578354688
1124428624034258947
1124430573852930050
1124432516390227968
1124432887153999872
1124435227684663296
1124435351311867904
1124436817644666880
1124437067318972416
1124439036016435202
1124439496957865984
1124449489874407425
1124458177540575232
1124464387190861824
1124465703380111361
1124465817029087234
1124466339664547840
1124469794076368897
1124469959105622017
1124472712884379648
1124473741164142593
1124474662820425728
1124475138894913536
1124480974853738496
1124487932784652288
1124490643567513605
1124497348149825536
1124498394213486593
1124501423763288064
1124504693617590272
1124516497643134976
1124522412396163074
1124522453550678023
1124527317282373635
1124532380654551040
1124532614285733890
1124534127976484865
1124539146888859648
1124547262343000067
1124550368329850881
1124554834001006593
1124556336451268608
1124556453841235968
1124558677694865408
1124560829368586240
1124570986261700610
1124570991722557440
1124571510994239489
1124572555786850310
1124581007733092352
1124585449513553920
1124587231228903425
1124587344059715596
1124589844729081857
1124599883795537920
1124602138628427776
1124611214682853376
1124611787704418304
1124611835859275776
1124615745776816128
1124619649033887744
1124625950975647745
1124631471514423296
1124632535156183040
1124633813810798593
1124635546678988800
1124636179171893248
1124641621704892416
1124645814347767809
1124646515648212992
1124647122605731840
1124647435668733960
1124647934551822336
1124651543356219392
1124651943060623360
1124655131163672576
1124657492133392384
1124658627518849024
1124659988557910016
1124661851256700929
1124662339251445760
1124668319301156865
1124669200524619783
1124672122276724736
1124673499300110336
1124675131270471680
1124679636372291584
1124679875875475457
1124681416443228160
1124688398701223936
1124691526380953600
1124692756155125760
1124693187598012416
1124695803312988160
1124696173657280514
1124699782465970176
1124701924484272131
1124704111402864646
1124704460561887234
1124705242933858313
1124705519510355969
1124706037427331072
1124708141701189632
1124708259565395968
1124709502891241474
1124709852125827073
1124716950167461889
1124722807907147776
1124726178881970176
1124730363102679040
1124732352909983744
1124737266121945089
1124739765058842624
1124741184432119808
1124744241232502785
1124749370870640640
1124749549141098497
1124751675636506624
1124752027551137793
1124752510718287877
1124752778725855232
1124755355282673665
1124756077566996480
1124758992427859969
1124760004274184192
1124760629217243139
1124766272653275136
1124767115309912064
1124768352608694273
1124768440286367750
1124769998864572416
1124774611336429569
1124777371201167360
1124777617410920450
1124779467086413825
1124779504424050688
1124786788667510784
1124787841018449920
1124789792196190208
1124791016114941952
1124792238339514368
1124792241267015683
1124795638674337800
1124798671135100931
1124799196262010880
1124800093411053570
1124800288047628288
1124806281389314048
1124807774037336065
1124808421482684417
1124815242830204928
1124827064878731264
1124827876904169474
1124840041228926976
1124840562568433664
1124842735645724672
1124843227041992706
1124843408416235520
1124843786348126209
1124846913591881728
1124851121762258944
1124852446730145792
1124853957510086656
1124863641315172353
1124864124091953152
1124871549276839937
1124874470588604416
1124875266243813378
1124876535452905473
1124879467287945216
1124881236839866369
1124883884292763649
1124883888503808001
1124903198626603008
1124907212193665024
1124908057333518338
1124912970553683968
1124913280063905794
1124916748354977793
1124916896825008133
1124918551901560832
1124918894588723200
1124922650952896512
1124930335374966784
1124931744661155840
1124932151936528384
1124932208962052097
1124933812880912384
1124937120928473089
1124937675956469761
1124937703517081600
1124940777942130688
1124942138985385984
1124946362242609152
1124955067927474178
1124958110882209792
1124964609532801024
1124965731513372672
1124969055822196736
1124989086731730945
1124990521955557376
1124991307951132672
1124991326427254784
1124991763901571072
1124998538105114624
1125003713997881344
1125004290597314560
1125005171002617862
1125007851565535232
1125014324211331074
1125021509876092929
1125021525403369473
1125022508992712704
1125023436336783360
1125024379803512832
1125026516683886592
1125027326830567428
1125028143620919298
1125028172142039040
1125029401068859392
1125030063764848641
1125031469267554304
1125037359320449024
1125037675575222275
1125039916616908800
1125041479502766082
1125046319352094720
1125047728076197889
1125048792603070464
1125054171617603584
1125055883875160069
1125057970998374400
1125059749798600705
1125065217124077568
1125065891073396736
1125066251355791362
1125066288693481477
1125068658915586049
1125069038894374914
1125072172890959872
1125072434611122178
1125072932051521536
1125076882276405248
1125079212896006146
1125080348864520193
1125080665081274370
1125081219153244160
1125081219161567235
1125081219170033666
1125081220017270784
1125085112104882176
1125086754812383232
1125099018948939778
1125100278703951874
1125100335976947713
1125100491166208000
1125101015655682050
1125102186923474956
1125104102889934848
1125106452111212545
1125106988570906624
1125108459513483265
1125108699817705472
1125110609912188929
1125111539361558528
1125118986331545600
1125120680444428290
1125126811552141312
1125127072546820096
1125130394033106945
1125132481102077955
1125143583995121664
1125148661460156417
1125151437695193088
1125152561743503366
1125154794811920391
1125156106379124737
1125157287486808071
1125158047926693888
1125158740406296579
1125159755830439937
1125161320431616000
1125165206764756993
1125165288557645825
1125165910153674753
1125166666768240640
1125167453720535040
1125170189593714688
1125171459632975872
1125171627799351296
1125173327339720704
1125174299164332032
1125174451828547584
1125175290261426176
1125175982749618177
1125176000365592576
1125176275100938240
1125178807638474754
1125178843290046464
1125179199382114304
1125179236711641089
1125182736434647043
1125182948662292480
1125184481675993088
1125184656981352449
1125187513314959360
1125188180632715264
1125188308554866688
1125190939868143617
1125191680351584256
1125193915487809536
1125194289200254976
1125194900759285762
1125197851859005441
1125199319877980162
1125200865885937664
1125201258065821697
1125201596131020806
1125201877531004928
1125204667166806016
1125207832209571840
1125208496595537920
1125217286573346816
1125220048115785734
1125220278378872832
1125222630116618241
1125222633883172864
1125224438306361345
1125225283009646593
1125225964580032512
1125226151260110849
1125229648458260481
1125232636073582592
1125234417813868546
1125235408068128769
1125236379900755968
1125236915106648065
1125237069872111616
1125240716379213825
1125242599630090240
1125243281640689664
1125244066776670208
1125244496302702593
1125245324254015488
1125247878174101504
1125247894955511810
1125250489111785473
1125253039663636481
1125257098915393536
1125262673166213121
1125264732972244992
1125266477811159040
1125268137908117504
1125268278069346304
1125271206867849216
1125271474045095937
1125274472561483782
1125276229140135936
1125277134669221888
1125277678674690048
1125285589555789824
1125286318131511296
1125291989635878913
1125294738586963969
1125294741107761154
1125295954104659968
1125298487053160448
1125302287944097792
1125307152049037312
1125307488377556992
1125309787363659776
1125310414831652864
1125310744503963648
1125321957518372865
1125325929109233669
1125326374133125120
1125326609433673728
1125335077486043136
1125338678543306752
1125340386052808704
1125342299083427841
1125348262129602560
1125348390693416960
1125350751449047042
1125351100838830080
1125351891016278016
1125352042451619841
1125354227239391234
1125355386121408512
1125357803726614528
1125359192246771712
1125359845933236224
1125362651918426112
1125363154823917568
1125364166477406208
1125368311292645376
1125368541987913728
1125369084718321664
1125371510737252353
1125371524557336576
1125372519450599424
1125372584034557952
1125372775286415360
1125373802064556037
1125373886374318080
1125374708462047232
1125374804083785729
1125375654269259776
1125375995278766080
1125376096772460544
1125376461676994560
1125382450744524800
1125383328608202753
1125384937543221248
1125385004199174144
1125386185726156800
1125390335612420096
1125392913410744322
1125394207013834753
1125394688461160449
1125395660688252930
1125396016369418246
1125398949458845696
1125400359151767552
1125400841496735745
1125403335002066949
1125405604523020296
1125406480717336582
1125406844128768000
1125407577964187648
1125407590127689728
1125409821925281793
1125409934739419137
1125410006877315072
1125412683262636033
1125413028894269441
1125413550246199298
1125414494367354881
1125415311824568321
1125417241216978945
1125417265560682496
1125419202465153029
1125421680879443968
1125422915262959616
1125425761958150147
1125426998023786496
1125427394435796993
1125427932078530560
1125427976940740608
1125428682871513088
1125429031833341953
1125433791533780992
1125435353496789005
1125439509477199872
1125439535620468742
1125442467908784128
1125444125430390784
1125444357379821568
1125445620225810433
1125445642963210240
1125445745979609090
1125445816997560320
1125446644957315074
1125448652346892295
1125451313653927936
1125452359738560513
1125452387806846977
1125453120140709888
1125453338236026880
1125453929637142529
1125459801260068867
1125466743214710784
1125467097658810368
1125470050847059976
1125471247532425216
1125471460150132737
1125472429021622277
1125473291379064833
1125473327869505537
1125473336660844544
1125473946101526528
1125474948535996416
1125475415391440897
1125475619234635776
1125477206111682560
1125477404854636544
1125477628717228032
1125477925229400066
1125479435606609920
1125479507748708355
1125482314581053440
1125482524283736070
1125489553509310465
1125493821238857733
1125496418146320384
1125498668197478404
1125498810376040450
1125500706599899146
1125503927426875393
1125510242375221250
1125511806074720256
1125512384372723712
1125512836975923203
1125520541052538882
1125522105527721985
1125525706774020097
1125525824604520448
1125530440855576576
1125534958125187073
1125541502514597888
1125542012554362881
1125550615461908482
1125552382962753537
1125557367897251842
1125560897806618624
1125561620657131521
1125564519164600320
1125569741073059840
1125571769040031744
1125577172293341184
1125578386586447873
1125578558750056448
1125579491147956225
1125580618996363264
1125580692832890881
1125580701213044736
1125581392417632256
1125582170901209088
1125585701653762048
1125587575673184259
1125588036643766272
1125597554358358018
1125597738064723968
1125601296516435969
1125603698573488128
1125605662787022848
1125606639212609537
1125609070239653889
1125609776535220225
1125611471050878978
1125612609804234752
1125613794183356416
1125633460565995525
1125634159710314496
1125634179851608064
1125637698876612608
1125640743941496832
1125646525521190912
1125647272375492608
1125647776509915136
1125648708098334720
1125655967176196098
1125656170595663872
1125656700332269568
1125657019531309056
1125657492644618241
1125658197253955585
1125659780620546048
1125661995645194243
1125663060373512197
1125664247541903360
1125665892543627264
1125666083384504320
1125684292594618368
1125685920345337856
1125686289058205696
1125686325531815936
1125689168099672064
1125696934788812801
1125697236187398144
1125697302025269249
1125699778782871554
1125701673328898048
1125702341368348672
1125702534004400133
1125706116342661121
1125707865371631617
1125709547702824960
1125709797687549952
1125711500792991746
1125712162855497729
1125715081277378560
1125715585101287424
1125717175019483136
1125718130536452096
1125721544704049157
1125722479169814528
1125724195516747779
1125724325489700866
1125724382976970752
1125725505351602176
1125727868443480064
1125728239647727616
1125729692525502465
1125734026525007872
1125734887888080898
1125736243613061120
1125737111850835969
1125737564814675970
1125747087579209728
1125748909568069632
1125749335289843712
1125751529770762241
1125751651820654594
1125754192734322689
1125754998871269376
1125756698390437888
1125759688111472647
1125762364610105344
1125764928869208065
1125764975874793472
1125765232566124550
1125765482097676289
1125765999691571201
1125766099079974913
1125767094421872640
1125767553278722048
1125767591027400705
1125767816655908866
1125768700831965184
1125770670871326720
1125772290719911936
1125775155014381568
1125776219096670209
1125778039424651270
1125778639642079232
1125791037174292480
1125795366534881282
1125800180752588805
1125807837056315393
1125812226366091264
1125814105854627841
1125815329324720129
1125815336048234496
1125817233106583552
1125821037336248320
1125821670252580864
1125822751627972611
1125823135763304450
1125826666511642624
1125827405963128832
1125828142923427841
1125828566959001600
1125830220362153984
1125830223306678273
1125830484028723200
1125831109147791362
1125832987340353536
1125833779228975104
1125835642745827328
1125842501703651328
1125846234206486528
1125847222938152961
1125850311090954245
1125852359287017472
1125853331811782656
1125853886701547521
1125856214124863490
1125858140577247232
1125858600700788743
1125869103661686791
1125869314215698433
1125869410021990402
1125872135304556545
1125872261406371841
1125873031614742529
1125879504281403393
1125881620278534151
1125882909620154368
1125884510606909441
1125889257716035585
1125889808004464645
1125896106578259968
1125898279634579456
1125899539607515136
1125900563470635009
1125901897783816192
1125906619198345216
1125908884521148418
1125909378203299840
1125914704235368448
1125915842053537793
1125920757530411008
1125925335437139969
1125926904517808129
1125928408179933184
1125930033871314945
1125931642424631297
1125932088522412033
1125937127278174208
1125939084365635584
1125939239986667520
1125943495523471360
1125945385057263616
1125950969613828097
1125951033497346048
1125952262453497859
1125953898454208512
1125955308331782145
1125956935302336512
1125957769155137536
1125958521101660164
1125962886189277185
1125965097740800000
1125966102394232832
1125969283346042882
1125971604075417601
1125980485094481920
1125981234616602624
1125981343647719424
1125981958973132802
1125996724152152064
1126000199132958721
1126001147070885888
1126010593054461952
1126010900056616960
1126012266787196929
1126019123408977920
1126019335640588288
1126019373842481152
1126019841071173632
1126019851993210881
1126024423331463169
1126025042415050753
1126032248220733441
1126033537147330560
1126033998529089538
1126034054296551424
1126039475027681280
1126042549863497728
1126044528736186368
1126046240846823424
1126047733616394241
1126048047362867200
1126048155974479872
1126048236525932544
1126054559003107330
1126055321946845184
1126056395684622336
1126059709713211392
1126061702339072001
1126065088807333893
1126065150438641665
1126065706431336448
1126065881937661952
1126067459847409664
1126069822226350080
1126069923170672641
1126072178007519232
1126072331099607045
1126072348724092928
1126073965674471424
1126076803922030593
1126079331388751872
1126084648935800833
1126085243881041921
1126086680233033728
1126087594599747589
1126093668375506951
1126093901553491973
1126095956783583232
1126095963477741568
1126096216213807105
1126099553894244353
1126100328095420417
1126101331356397568
1126104940143874050
1126107245752803328
1126108614765289472
1126109508978335746
1126109518050410496
1126109633968472066
1126110302125395969
1126111468573863936
1126114158817099776
1126114918803992576
1126116170787164160
1126116322708996096
1126118050263179264
1126119124017377281
1126121056744374272
1126122454722723841
1126127023552962560
1126128783067680770
1126131357950758912
1126133458063982592
1126133957584547840
1126134677742477313
1126137326873337857
1126138468583837698
1126138942519226368
1126140124880932864
1126141927194279936
1126141956550270976
1126142966958100481
1126143990779170816
1126149281054953472
1126151262435717120
1126152329072467968
1126155568748597248
1126158596201299969
1126159843167997953
1126164478905716736
1126168132794634240
1126174636453052417
1126177491972964353
1126180519811723264
1126183062428160005
1126185740042481665
1126188252875116544
1126188554005164033
1126192807876726784
1126194693904261121
1126195082426814464
1126196262720737281
1126197337313947650
1126200055227043840
1126200722121474048
1126203792142282754
1126204200872890369
1126205137876344832
1126206074866954241
1126206263208005632
1126208651855790080
1126209585939918848
1126212296282341376
1126212486284349441
1126214619532603398
1126215730574139392
1126221571155288068
1126224433775955968
1126228009390936064
1126228700624633856
1126230873718833152
1126232762376118272
1126232884430495744
1126236808629686274
1126237914688626689
1126241599812452352
1126242854299299840
1126243441938239489
1126246528094310400
1126248441892483074
1126251698845093888
1126255225830903808
1126255235884834816
1126258476399910915
1126263538354253824
1126265597082329088
1126269068292567041
1126270104289914880
1126277140239007744
1126283148558503936
1126285331387568128
1126285624875442176
1126286590823714816
1126286719605706753
1126287946628390913
1126288095316410370
1126288317627105280
1126289150636851200
1126289925479919617
1126290533910044672
1126291320841101318
1126295783920283648
1126299016046759938
1126307988501753856
1126321317135962112
1126327317947543552
1126328193705598976
1126354293613666304
1126355863113834496
1126359411340005376
1126370348969091072
1126370979943292928
1126371598880202754
1126371869605519361
1126373042576351236
1126379904025669633
1126381342499966981
1126381812870189056
1126381822911373313
1126382208384520192
1126382381202661376
1126382388735614977
1126382792642789376
1126392194179448832
1126392308977549312
1126392610237624320
1126393885754888193
1126394050590810112
1126395463236820992
1126398937802264576
1126401445157380096
1126406576036831232
1126406914944983040
1126409349285523456
1126410426206576641
1126411594915876864
1126414133300211714
1126416533738094592
1126421132788166657
1126421414628794368
1126423869148094464
1126424851017691136
1126429894244696065
1126432361758044160
1126434808303882240
1126438899595661312
1126440006304894977
1126440645961441281
1126441490656432128
1126442048528179200
1126443243485499392
1126444240442134529
1126446130433101824
1126447316750225408
1126447616894459904
1126449363797127173
1126449435091906560
1126450743379136513
1126451283118972928
1126451745322758144
1126451836255461377
1126452227244208129
1126465848263225346
1126466780224868357
1126467465591050241
1126468625324494850
1126473089703870464
1126478939101249536
1126481790380560389
1126482780236468224
1126483931581358081
1126495976359784448
1126497106712256518
1126497222143528960
1126501477197860864
1126501681053818880
1126508296305668096
1126509844708466688
1126510285651468288
1126511353508708353
1126511596837064705
1126511733097385986
1126514448477376513
1126515134283825152
1126515932430524419
1126520543673552896
1126522395857022976
1126523236836155392
1126524788715945985
1126527286407311366
1126527844677369856
1126530775682355200
1126531065068363781
1126533647492714496
1126533737108398080
1126533860986982400
1126533992692449281
1126535304515674112
1126535406181392384
1126535615468711937
1126535863343689728
1126536944211644416
1126538823796690945
1126539926793805824
1126542268838531072
1126542856498307072
1126547433637523461
1126547827612704774
1126547843945254914
1126547934990831616
1126551159202828289
1126551381039407106
1126551941365075970
1126553986939723778
1126554701187645445
1126555021267668993
1126555762803773448
1126557867492954112
1126558921957752832
1126559912224489477
1126560128222867456
1126561600440238080
1126563316745289728
1126568648544477184
1126575000805359617
1126576482652971011
1126577033788776448
1126577597930823680
1126584508910796801
1126585999130279936
1126589583146328065
1126594042546909184
1126600930932269065
1126603897055924224
1126605295856185344
1126608632307699712
1126612251706658816
1126614838728384518
1126616170243735552
1126616753017184261
1126619911315501056
1126620401650622464
1126621115655131136
1126625634455830528
1126626494296379393
1126627077313052672
1126630217139802112
1126632873820164096
1126637506424967176
1126643917858930694
1126651726390616065
1126655630884966405
1126659385181331457
1126659591545204736
1126659730791968771
1126660193863909377
1126660223765286913
1126662488555171841
1126667199593230342
1126671403971952640
1126686052553449475
1126690005739433984
1126697115718017029
1126697798320046080
1126698093582249988
1126698168668774400
1126698450936946690
1126699691142311939
1126701155017355265
1126701712863969280
1126706239402983425
1126709049146220545
1126712763173064705
1126713012285464576
1126713468239863809
1126714241212305409
1126716259519717377
1126723066870894593
1126723763549065217
1126724383895052289
1126725460560187392
1126727550183436292
1126733962397663233
1126734345350205440
1126736250356895747
1126736343650803712
1126736847269269505
1126738505680310272
1126744162961727488
1126744292167315457
1126744308537675776
1126744375206088705
1126747039021223936
1126748203229954048
1126757733787504642
1126758994612113408
1126765690839490566
1126766160840519681
1126766640262045696
1126768676588310529
1126770442797142017
1126771083284140032
1126771735506743296
1126775216766476288
1126775655423594496
1126779714314485760
1126779807432413184
1126784278984101889
1126785959633281024
1126787137825849344
1126787862605656064
1126788489205436416
1126789664885444608
1126790451795775488
1126792899109236737
1126793759767789569
1126798014528532480
1126801869471457284
1126804243300720641
1126807523250413570
1126808070309289991
1126808259476717568
1126808496064823296
1126813309855064064
1126820463232077825
1126825192737726464
1126830516970323970
1126834208813473793
1126836217444745216
1126846896155369472
1126847912854441984
1126848857017597953
1126848862025650176
1126850878231785474
1126851961213657088
1126853847383777280
1126856234374709250
1126857677345312768
1126857937241112578
1126858139423399937
1126858229726744576
1126858625534832640
1126859180026073088
1126864556712779779
1126868057689874433
1126868874715181056
1126869631396872192
1126869914093006848
1126869930866020352
1126870646821146629
1126872779284836352
1126880892247511040
1126882720125079552
1126887309952126977
1126889262845124608
1126894092976189440
1126894248161415169
1126899785913577472
1126899818197078016
1126901224580763649
1126903728550961155
1126906480857374725
1126909663101034498
1126912813430124545
1126913558330134528
1126914787252822016
1126917163707617280
1126918597769666560
1126919278962155520
1126922918573666304
1126923393545244672
1126930583009972224
1126932759019229195
1126943497704083456
1126946179936288768
1126948388669255680
1126950480373080064
1126952549448396802
1126954586600722432
1126960164618342401
1126975227601346560
1126978211559067649
1126983503483027456
1126984258378055681
1126984422786519040
1126990852503556101
1126991177708863494
1126993881340399616
1126994215647551488
1126994266381791232
1126994292390682624
1126995120761360384
1126999636793753602
1127002516594548736
1127014083641970688
1127015305845276678
1127015907304398848
1127021372507484160
1127021572152340481
1127022672305479680
1127029152455036934
1127031224902483968
1127040166734876677
1127040201555976192
1127046207375904768
1127047451020529664
1127047466694729728
1127049227719331840
1127065078388482048
1127066278798061568
1127069347791409153
1127071570348916736
1127073670839644161
1127082053609164800
1127085678662115328
1127091383821570048
1127092678540300288
1127093479665020928
1127093995618828289
1127094059783397376
1127094313140146176
1127099015768813568
1127099032562585600
1127100127280287744
1127100649974292480
1127102048254566401
1127102166974418946
1127104049365622784
1127106490882506752
1127110561668521985
1127112399364984833
1127113260455514112
1127114582948868096
1127125434452381696
1127135911823548416
1127138024490450944
1127140752457383937
1127144531936198656
1127145536891572225
1127146457528594432
1127152654201679872
1127164061895016448
1127166732815224832
1127172654337675264
1127176074360696833
1127176261418328065
1127179944461602816
1127180997848633344
1127183360281866240
1127184217182486529
1127184630338265088
1127186174429233152
1127187283642286080
1127190362693545985
1127191313101787136
1127194175705948161
1127195284281360384
1127195887409795073
1127198094456582144
1127198461445668865
1127206106844082177
1127206179837317123
1127207032937836544
1127207982515802115
1127208671237165056
1127210842213187584
1127214104135909376
1127217431657832448
1127225214851354624
1127226271367299072
1127237547099394048
1127241021505589248
1127241127587975169
1127243975537172482
1127249209495711744
1127257340678483969
1127258772605419520
1127259307379167232
1127260197825724416
1127262661597515776
1127262844012191745
1127264577115381761
1127267504307482624
1127268825458720768
1127269864459124737
1127270303611195394
1127274187087908866
1127277684206252037
1127279149805133824
1127281406357512193
1127281667213807617
1127282959059386369
1127283168388759557
1127284380513099776
1127285905151135744
1127286868163403781
1127287495224377350
1127287614783086592
1127288003137822720
1127289917824958464
1127290449276829701
1127290454712754178
1127291622427889664
1127292703283273730
1127292843368767489
1127295236215062530
1127295253017497601
1127295526871949314
1127296463455883264
1127296529860112384
1127297478921981952
1127299288353136641
1127299360901955585
1127299495954452481
1127300429203722240
1127302196666798080
1127306120458952704
1127308938582593538
1127310917878697985
1127318841330151424
1127319126983237646
1127322477376561152
1127326942225682433
1127329030997467136
1127333001313116161
1127336329455570944
1127336643231399937
1127336671765245952
1127340512049020929
1127346872283205635
1127358160832954368
1127363586618081281
1127369814731833345
1127373487054700544
1127373992233512960
1127376484904112128
1127381346115100672
1127381651875618816
1127393640446341122
1127394078369304576
1127396732554424320
1127400891156398080
1127408427490324480
1127419390960467973
1127421150894551040
1127421801036963841
1127423948495310850
1127428706924843013
1127432465864437760
1127434186367877120
1127435216077721601
1127441052451901442
1127444910817382400
1127455576080805888
1127459646313201664
1127460359269490688
1127469237331795969
1127475197852946433
1127479662693666817
1127480446625837056
1127483716631031808
1127484430254268416
1127484666527789056
1127485032245878784
1127485637077164032
1127489487859265536
1127491033036537857
1127491153799127040
1127493201898627072
1127496621963587585
1127496826779779072
1127496849303040001
1127498225433362432
1127502158423838721
1127504447251214337
1127505697573429248
1127518649198219264
1127519009887412224
1127520438043783168
1127529069497733121
1127529960380481538
1127532487846973441
1127532603207290880
1127532769440145408
1127534937777758208
1127535344591802368
1127541732554489857
1127541969947725826
1127543165768982530
1127543803676626944
1127548255930343426
1127548638438146054
1127553334376747010
1127553880903114752
1127557415854067717
1127566172738580480
1127567557697753088
1127569316386299905
1127574427078733824
1127577954530340865
1127581630024044544
1127582036036915200
1127585367153156096
1127588922639495168
1127588957024346113
1127590375978340352
1127595563900391425
1127596722803187712
1127597132700106752
1127599163892469760
1127599526280400897
1127600543264911361
1127600984614506496
1127602936236924928
1127604850504667136
1127605324058435589
1127608255457443840
1127611190614605824
1127611911208620033
1127615930186567680
1127617486797594624
1127620507032072193
1127621022495252480
1127623629506850816
1127630836763959297
1127631218412015616
1127632286290194432
1127634206857814018
1127634909831385089
1127640812265676800
1127650227849089024
1127652730154172421
1127656598980087809
1127656719365091328
1127657411853078536
1127659143135924224
1127664310627504128
1127664870822948864
1127666435042480131
1127677629220433920
1127678722260312065
1127686501234630659
1127689365742690306
1127697235075108864
1127702012827774981
1127706784704139264
1127707179778289664
1127707221712883712
1127708540020281351
1127709286187053056
1127715357827969024
1127717150917926912
1127717501989728256
1127719308023304193
1127729125437857792
1127729800099946496
1127731471538458624
1127741636816117761
1127745273306832896
1127745605495771137
1127757415439654915
1127759348560748549
1127767370146074624
1127767552170422272
1127769233666895873
1127780710562107392
1127781573334429696
1127782053980672001
1127784068496576512
1127784104584413184
1127786746157174784
1127804456190582785
1127808035588575233
1127810598262099968
1127811817525338114
1127818081793974272
1127818569717305344
1127821979149643776
1127825808137932800
1127830679381839872
1127831242248945664
1127831253997228037
1127831256106926080
1127831260708188161
1127831266995376129
1127831268677255168
1127831270350835713
1127839118338269186
1127844222789455872
1127846221807329280
1127850338944540672
1127850539843297280
1127854498003673088
1127861069605756934
1127861310820114432
1127862763701796865
1127863562200920064
1127863635311779841
1127865492587393025
1127866676165222400
1127866710554566659
1127869341213417473
1127873077935734784
1127878054062071808
1127878627427737600
1127882029654265856
1127883593894768641
1127884373175545856
1127885017575641088
1127885126803906560
1127885159607480320
1127885213370023936
1127890405872275459
1127891569359622144
1127891655363911680
1127894882033459205
1127900324121927680
1127900476824006658
1127900747352428544
1127900813593071616
1127905585469345793
1127906366868402176
1127916443683573760
1127920347754397696
1127921337186627586
1127922701182619649
1127922735957594112
1127927481573330945
1127932017650409478
1127935786551267328
1127936902240227329
1127937223519821824
1127943626552692736
1127944083601649665
1127944256956424192
1127944970390913026
1127945203602472961
1127949098454269952
1127949119811674112
1127950771528585216
1127951886403952643
1127954528815337478
1127957062141468672
1127958026009419776
1127964438265360384
1127965368989966336
1127970507435864066
1127970915948515328
1127971819380772864
1127972306784063489
1127972775698632706
1127976863643516928
1127981985413115906
1127982071111090176
1127985427816833026
1127989052945391618
1127989568001773568
1127991967982526465
1127992277127790592
1127995567122989056
1127999016065798145
1127999170890145793
1128003779922661376
1128004894403678208
1128005996272656385
1128009561829531649
1128010634749251584
1128011440470855681
1128014437296689157
1128019582323609600
1128019630272974848
1128020845773885447
1128025614706008064
1128026957306900488
1128036279554379777
1128038921605197824
1128039907220447234
1128042186384318464
1128042425052692481
1128043448479637504
1128043484533940227
1128050381639036928
1128053019847856137
1128061482732785666
1128071414831935488
1128072694505922561
1128075372568821760
1128082598515834881
1128088720106819585
1128090719531352064
1128093975984918529
1128101240934678530
1128104208421376000
1128121977149972480
1128127892402077698
1128135248351358979
1128144741751611392
1128145028637974528
1128146679914487808
1128152680658919424
1128158257069973504
1128160041293504512
1128161698077011969
1128163068423360512
1128164053166247936
1128168032730263552
1128173414865178624
1128174350564245504
1128176755800518656
1128178299111387138
1128186324073074688
1128192725096861697
1128193644412964864
1128193648993153024
1128193655716630528
1128195615966547968
1128196050244853761
1128196380319715328
1128196870231060480
1128199895180042242
1128201659694419968
1128203308919922688
1128204245935611904
1128205563773341697
1128208334522343424
1128208865521217537
1128210076014039040
1128210669101355009
1128217045236101121
1128217159585476610
1128217816153317376
1128219340396826624
1128219689769996289
1128219840324366336
1128220466555101185
1128225633945948160
1128229017486811136
1128230153308581888
1128230222900355072
1128231930405605382
1128232253883023360
1128232342701641728
1128233148045721601
1128237279426818049
1128240143356387329
1128240753547911168
1128245602578513921
1128248476549242882
1128248844368662528
1128252758342213633
1128253545923448832
1128256606284779526
1128256830759735297
1128261213790642178
1128262685982900225
1128262838672293888
1128266350969987072
1128269091532345344
1128269159060656129
1128270406434074624
1128275321738887168
1128275842247749633
1128276708384231425
1128282397953470464
1128284235477860352
1128285505504862208
1128285846082338817
1128285908996956161
1128285992467685377
1128287661414764545
1128289114007265280
1128289392370626562
1128290026658439168
1128292137009762306
1128295101678198785
1128297559955517446
1128298917240737792
1128298984706121728
1128298989374324738
1128299186946863109
1128302985266782208
1128303598088138752
1128305690190274561
1128306261458505728
1128306780277178368
1128306853706969090
1128311204458397697
1128311668767850496
1128312195572555776
1128315917178408960
1128320987223584768
1128324315018072064
1128325993159172096
1128326966657024000
1128327430945607681
1128327687649542145
1128327732503502848
1128329682016002051
1128333391051489282
1128334619143806977
1128336735182774276
1128337391163465729
1128344749629419521
1128345305395675136
1128345580957253632
1128345836377792512
1128347117154590720
1128351233612206080
1128351916893847553
1128356885931933696
1128357113208680451
1128359860888850433
1128360933351415809
1128361803275218944
1128362326707535872
1128369023350190086
1128369329542766597
1128369433125298178
1128369525810966528
1128370394057125888
1128370666120466433
1128372999130890246
1128375220790878208
1128389299873824768
1128390069503574016
1128392687588134918
1128394799424442368
1128395970503487488
1128396650379083777
1128396781233033221
1128397752231190528
1128398482040074242
1128400868389392385
1128400986882682880
1128405597269807104
1128416052294160385
1128419274022895616
1128422396266860544
1128423755670327296
1128424751368740866
1128426799476535296
1128432551964684289
1128434062308323329
1128437783943684097
1128439852117168128
1128444092998987781
1128449543488638981
1128453682448732161
1128461058971250688
1128462152430510080
1128465512873234432
1128467523643379712
1128471664667385857
1128472316890034176
1128480368267599872
1128484345302405122
1128486305740910592
1128489589033840641
1128493130712412162
1128496446708244481
1128499222104248320
1128499638150078465
1128507109471973376
1128507854384615424
1128508866466078721
1128510417943158784
1128512015566163969
1128516143155572741
1128520741794791424
1128529890855116802
1128531081618235397
1128533586444001280
1128534218110169089
1128537114700931073
1128547314832900097
1128550227164762112
1128551963786792960
1128554381836734464
1128557295573639169
1128558222942588935
1128558228407767040
1128560677470310400
1128564426737704960
1128564831500611584
1128565440936996864
1128565755937742849
1128566375419715584
1128569019513151488
1128569527443369985
1128574337441615872
1128574810559262720
1128577939405017088
1128579533773443072
1128582040302104576
1128582045339353091
1128584600094216192
1128586274024116225
1128587451788869634
1128588332169142272
1128588741680017408
1128589568658350080
1128589928949059584
1128590365571854336
1128598577620631552
1128603835319164928
1128603865492918272
1128607996743966720
1128609979823529986
1128610944072978432
1128611092979167232
1128612225047060480
1128613110946959360
1128615105019691010
1128618581971828736
1128618672946335746
1128619220701335552
1128621116942180353
1128621293950074881
1128621684431441921
1128624567600189442
1128624602819780615
1128626098932264960
1128628755214295040
1128630950936621057
1128631387668529153
1128635827641307136
1128636143900217344
1128636445869010944
1128637412173729792
1128637787626987520
1128642856447619073
1128643092184281088
1128643121095630848
1128645065990135808
1128645575191220224
1128646692545409024
1128648193267388417
1128650009849794560
1128650254344183810
1128650467872055296
1128650918302502913
1128653351036555271
1128656508290510848
1128656730802610177
1128657875813982210
1128659733223813121
1128663359090511874
1128664095861796865
1128665521216528389
1128665954894917632
1128666311817449473
1128668038629330944
1128668425331494912
1128668547821887488
1128671647848779776
1128671689456410626
1128673502129729536
1128676625636372485
1128678440960499713
1128678796196900864
1128679504614965248
1128679598118645761
1128680233132077057
1128681739507757056
1128682653677264897
1128689639278166016
1128690350648909824
1128691680239026179
1128691846320988161
1128691884107415552
1128692486401089537
1128693231279935488
1128694036196360193
1128695293627834371
1128695327614230530
1128699986630279169
1128700334791114752
1128702778774151168
1128703978798186496
1128706576733360128
1128709145756987393
1128710418296442883
1128711617468862464
1128711724239138821
1128713010812420097
1128715211123433473
1128716556664561666
1128718921417228288
1128720067301191681
1128720290849202177
1128720710275301376
1128726661183287297
1128729256677249026
1128731186262630401
1128731471617974272
1128734225182494720
1128734880844509184
1128736179719786496
1128741762338557953
1128742829365301248
1128743544078970881
1128746956984078337
1128756306922237952
1128758675454201856
1128759500050194436
1128760312142934019
1128761390422867968
1128762204541550593
1128770363326894080
1128770515982852098
1128771203395547136
1128773280024924160
1128776685770465281
1128777184913580033
1128780257237110785
1128780388082552832
1128783532992733189
1128788790124826624
1128791366287396865
1128794226358083587
1128797303320584193
1128798310440030215
1128799020435091457
1128808742433243147
1128812373421305856
1128815095533002759
1128816357187788800
1128819494963617795
1128826476080447489
1128829332267393025
1128829429579505664
1128830943303573505
1128832845412220928
1128834708966653953
1128836307818389504
1128840273960800257
1128846343953375232
1128849154120323072
1128860121835212800
1128868816593793024
1128870188139581440
1128870188143788032
1128875759425265666
1128876573954912256
1128880510464348160
1128880975465852933
1128882113791635456
1128882874415845376
1128884029355429888
1128885623195131904
1128887928808251393
1128892990909325312
1128900213710688256
1128904162828345345
1128904163264479232
1128910457639718912
1128912779094528001
1128916104443846657
1128916531449090048
1128916991958573056
1128919074862452737
1128919077794328576
1128919262758887424
1128920519384944640
1128920570983256064
1128920591526817792
1128920604516782080
1128920687551361029
1128924296749944832
1128924370578169861
1128924382313758722
1128924783314427904
1128926810002141185
1128928103080890369
1128928108961325056
1128932088097398784
1128934037626785792
1128934359300562944
1128934359334117376
1128935372241690625
1128936179632680960
1128936978202935296
1128936986205724672
1128937052916125696
1128939423519858689
1128942159871315968
1128942305199742976
1128946070665351168
1128946455073513472
1128946820175093761
1128946955655237632
1128948549306052608
1128951532056137728
1128952495907074050
1128955111881863168
1128955359769616385
1128955749424517121
1128957700598116352
1128957771637039104
1128958180434808833
1128960796862570497
1128961959884394496
1128962040872210432
1128962779510169600
1128964527691722752
1128964628778835968
1128968458601783297
1128969949257510913
1128973889802051584
1128974380128702464
1128975242884526080
1128977980095516678
1128978432665247744
1128978653285625856
1128980927013675009
1128980950891814912
1128985965631102979
1128987318717681664
1128987715486199808
1128988894903431168
1128989689719869441
1128993846732513280
1128995046940979202
1128995365489790976
1128996184184385536
1128999264057790464
1129000587813621760
1129003566574784513
1129004015784620034
1129005487603802119
1129007418636230657
1129008840933027841
1129010150289711104
1129011123871780864
1129011173393723393
1129011922894909440
1129012165334093824
1129012395622506496
1129013960479522816
1129018775951630336
1129018851495014400
1129021724983349248
1129022528192749568
1129023533613498368
1129025389471252481
1129025484757426178
1129025952443437056
1129026236808925185
1129026729627062280
1129027723261829120
1129029877057777665
1129031255276818435
1129032595784851460
1129036356309651456
1129038912389898241
1129039611425165312
1129039970637877248
1129040838334537728
1129041026776219655
1129043624312942592
1129043867993563136
1129044488758939657
1129048118157139968
1129050250042368001
1129052527964676097
1129054096231751680
1129058777913708546
1129058832011988992
1129058940644413440
1129059325069205505
1129061500000329729
1129063972534181889
1129065304418639872
1129065750944260096
1129067162742677504
1129067655149826049
1129071738719834117
1129078258321055745
1129079131575070720
1129081435539697664
1129082887599546368
1129083587146452992
1129084056132575238
1129084297699217413
1129088587666984960
1129090493143556096
1129090787977957376
1129092641038036992
1129094051150671872
1129094820813856770
1129097269876285440
1129098041603088385
1129099197993705472
1129099239915708417
1129099352759263235
1129099421524942853
1129100945927921664
1129101435369676801
1129104252947881985
1129106438209638401
1129111400473866240
1129114438404136961
1129114448067796994
1129121538115067905
1129123392626528257
1129126008404287489
1129127049321492480
1129128012438548480
1129133759469621269
1129133822400978944
1129141490402365440
1129143209639141377
1129145026636918785
1129147476680826881
1129147776846241798
1129147960976125952
1129147995780464640
1129148395480858627
1129150407375065088
1129150591635283974
1129151578987016193
1129152060048510976
1129153051187666946
1129153422027042816
1129156364687818756
1129158300346380288
1129160088353005568
1129162284490743808
1129168471512821763
1129172783273877504
1129173828905721856
1129175838413316096
1129179730714849280
1129180591805620224
1129182051423399937
1129188600829157377
1129189339433508869
1129192378219106306
1129196669852037120
1129196879978405888
1129202375758106625
1129203993912270850
1129204599167049728
1129206995200819200
1129209925920542720
1129213137498980352
1129217418629279745
1129218340973621249
1129223474377945089
1129223657224409088
1129226827728412672
1129230293876002816
1129237791198580736
1129241546371588096
1129242109678981120
1129242178042126336
1129247305163583488
1129250403462176768
1129255618269896704
1129260197590048769
1129264795381686272
1129265297054154752
1129268783346900993
1129268806834982912
1129274168808095744
1129275704351305728
1129276965322493957
1129278078528708609
1129278981373595649
1129279008204623874
1129279035056513024
1129279783009959936
1129280495529992192
1129280707321323520
1129281538221387776
1129281547880812544
1129282399727022080
1129282973503823872
1129282975194144768
1129282976863444992
1129284262853844993
1129286706027466752
1129286773115412480
1129288646291537921
1129290321916047360
1129291719898476544
1129291766044286976
1129291929601093632
1129293050579177473
1129293239922483200
1129294289626947584
1129294503637127168
1129295589383004162
1129299405528621056
1129299408896630784
1129302442217283584
1129303234516901888
1129304462168870912
1129307298390794241
1129307315151228930
1129309732311715842
1129310676483215361
1129310806506639366
1129316417625579520
1129318229585879042
1129321919738572800
1129321973417414656
1129322138681274368
1129323990277861376
1129326947417415681
1129328204056014848
1129328251443253249
1129328255507542016
1129328373933776901
1129330054155132928
1129330975220150274
1129331980192092160
1129332123641339904
1129333320247054336
1129333320263901186
1129335755871051776
1129335821318918145
1129336130850250753
1129337023486144512
1129340898926424065
1129342749050851328
1129343002697248768
1129343272088944640
1129343340443516933
1129344588668391425
1129347070433857538
1129351282370711552
1129351653981872128
1129354085134680064
1129354427234684928
1129355982495277056
1129356414529310722
1129358642543620097
1129358795270868992
1129358924790976512
1129360797124186112
1129361213635420161
1129361668318777344
1129362822586986496
1129363154360782848
1129368556217556994
1129369248827158528
1129369666432819203
1129370996677332992
1129376107172638720
1129376549290094595
1129377816791977984
1129380661780000768
1129382482518847488
1129385324193259525
1129385850570203136
1129388086545149953
1129388867948298246
1129389170785497088
1129393421695606784
1129398164669255682
1129401287710318593
1129401555277500416
1129402571590737923
1129410293841498113
1129413567369883649
1129415983293030400
1129416591467319301
1129417160269242368
1129418083787919360
1129418285131259904
1129418598437539840
1129418840872562690
1129419251897577472
1129422409352794115
1129424903306973186
1129431583142875138
1129432126200242182
1129435996393656321
1129443223620018176
1129443788987031557
1129443930326675456
1129445571587170305
1129449129166266373
1129450728479776770
1129451515884777472
1129452893575274498
1129453550810144768
1129455809472212993
1129458923289755649
1129458961911037961
1129462054371438593
1129467397876768768
1129469138118815744
1129469414523510785
1129472253622595584
1129482470561161216
1129483862638288897
1129484271536791552
1129488922650791936
1129489265723879427
1129510166380965888
1129511745523994624
1129515757791059968
1129521149581438977
1129521995153117184
1129524231136350209
1129527621409280010
1129533902777999360
1129537782932811776
1129538282457632768
1129539082755952643
1129539602413441025
1129543303467286528
1129547146112503809
1129548731337138176
1129553814418219009
1129559602960293889
1129560262317674496
1129560295028998144
1129563658835644416
1129564225087496193
1129569796368920576
1129571076047081473
1129573179092025344
1129576202350604289
1129578221492563968
1129579869010968578
1129583687907987461
1129587751333040128
1129591639905902592
1129593867471269889
1129596031342120960
1129603431751069701
1129604574271160320
1129606086313615365
1129612159678390272
1129613268660523008
1129613485099429888
1129626323838803968
1129628425629495298
1129630922066685952
1129636691764027393
1129638715494547458
1129643090585767937
1129643092238393344
1129643100224270337
1129646533266292736
1129651929666265088
1129655571974709248
1129659127444234240
1129659331748798464
1129660758672007169
1129661686871408642
1129661701119520769
1129662981233467393
1129663612480565248
1129664788773126144
1129681645471182848
1129682426438017024
1129684596583305217
1129687217390137344
1129689307629981696
1129690554563006465
1129695624239038465
1129702562863681536
1129703299832320000
1129703825194012673
1129704863049240576
1129709263713177600
1129709515333677058
1129711883185991680
1129714090090348544
1129715505386758144
1129716913704185856
1129717009313349634
1129717324326555648
1129719061036670976
1129719544338112512
1129723306712502272
1129723617460273155
1129728025090772992
1129728803700387842
1129728862986936320
1129729322951028736
1129730059038855169
1129730484349612033
1129730662636937216
1129731980034301952
1129734844756516866
1129734891304902657
1129736819023724550
1129737116383162369
1129738735799681025
1129741726858526721
1129746927694819336
1129752216322154496
1129754003066236928
1129756332163239942
1129760808320286721
1129762406354300928
1129762621945778176
1129763707033145344
1129764011111788546
1129766621223034880
1129768429320310790
1129773583352442880
1129774546796601344
1129777036468346881
1129777428249767936
1129777455089291264
1129778401743712256
1129778423990235137
1129780968246714370
1129782759231283201
1129783314951352320
1129784073306673155
1129786388155473921
1129786401963302912
1129786483336990723
1129789285996081153
1129793935797362688
1129795447831142406
1129797675434631168
1129798151492243458
1129799270935277569
1129799337662451718
1129799671495442432
1129803060580978688
1129803311744315392
1129810000388341761
1129810144215281665
1129810467642314752
1129812463703117824
1129815093401804801
1129815404317032448
1129815444171427840
1129815592217849861
1129817564412911616
1129818776315224064
1129819616652345344
1129820818744238080
1129820995932512256
1129822551419609089
1129822602585944064
1129823892783058944
1129824176905347073
1129825266799452162
1129827264558968832
1129829353741795328
1129829775705559049
1129851652582903810
1129852469826269187
1129855259436883974
1129872067720044545
1129872501402681345
1129873081483386881
1129873601149263872
1129874378764763136
1129877331986722816
1129882857982156800
1129893771540410373
1129896513373724673
1129899702722465795
1129904624310398977
1129904856674775041
1129905198942621696
1129910631388327936
1129913147563925505
1129914031278645249
1129920068165525504
1129925640466124801
1129929740205350914
1129931232547000320
1129937439701778433
1129939353986322437
1129944902215884801
1129945150929563649
1129950246430056453
1129952209616003076
1129955887521652736
1129963011131793409
1129963344155295745
1129963648242409472
1129970067511369728
1129970384277839872
1129971307016347649
1129975093147459584
1129977659318947840
1129980992507195392
1129985541213216768
1129986911525855232
1129987160646590464
1129987653070401536
1129991106236538880
1129994481044840448
1129994503627010048
1130001190962552832
1130005673885016066
1130010561536843776
1130013252988145664
1130017699818627073
1130018036621160449
1130031360666681344
1130031655509323776
1130032211166679040
1130032566503989248
1130038331604054018
1130042452897914881
1130048775421071360
1130054283649589248
1130055766889586689
1130058010829688833
1130064769547948032
1130065582001410050
1130070802160766977
1130078207254773760
1130078226548760577
1130082718656733185
1130085695144550401
1130086018709884929
1130086862184439809
1130087810801778690
1130091707448647681
1130099353664794627
1130103661235986432
1130104306911334400
1130104762240786434
1130106739511234561
1130112128671801344
1130113392839200769
1130113899515322375
1130114463238152192
1130116977710829568
1130117241226182658
1130122814512435200
1130122984369336321
1130124725332652032
1130127791918407681
1130128031375339520
1130128814456102912
1130128982656061442
1130129447384961024
1130130460741390338
1130130488843280384
1130133510415511554
1130135758566617088
1130138231952089088
1130138999501205504
1130141061018374145
1130141147387572225
1130152989187072000
1130153021462253569
1130154532695097344
1130154564982837248
1130156219216171008
1130158740009885696
1130160856019423233
1130161231816462338
1130163224110743552
1130163453954596864
1130167722506162176
1130169141439148037
1130169206572380165
1130169848615587840
1130170037338288129
1130171258715271170
1130172459150393344
1130173323160068096
1130173496804298755
1130176029014843394
1130176331746955264
1130179620932849666
1130179908767047686
1130183272904966144
1130184828001882112
1130184963180122112
1130185549476704256
1130186061689364483
1130186386340962304
1130186731947548672
1130187628681338881
1130187701230153728
1130190373857501184
1130190950549086209
1130191400203706368
1130191788604579843
1130192382086078464
1130192781400522752
1130193657586495489
1130197000845111297
1130208062483116035
1130209341347454976
1130209382871064579
1130211893161803776
1130213283158470656
1130221249781817345
1130221979351560193
1130222758904905734
1130223353254555648
1130225100161245185
1130232900727771140
1130242253597941761
1130245550744526854
1130247804776009728
1130252597603033088
1130253412157730816
1130257715505143808
1130259548391006208
1130261838086705154
1130267937036754944
1130279237712338947
1130284590520766470
1130294145560457216
1130295796426039296
1130297431789252608
1130297829828714496
1130301833279414275
1130303393975676929
1130305187372044288
1130305628277284864
1130305697067995136
1130306933578194944
1130307095453061120
1130308930456866816
1130310505023729669
1130312368519614464
1130313414163730432
1130319094950105089
1130323787126382599
1130323795082915840
1130329831529439233
1130330067643449344
1130330210694385665
1130330711469088769
1130333402551476224
1130336558756913153
1130339991794544645
1130342830931632133
1130343281416708101
1130345722895716352
1130347821893242880
1130348945790529537
1130351215882186752
1130352151807418368
1130355804316491776
1130357954153025537
1130359724321464320
1130361675956330496
1130364976311525376
1130365915546214400
1130367902782283777
1130367912030683137
1130374472773636096
1130376657586540544
1130377818154643462
1130377949402861569
1130382258244734978
1130382671484526592
1130383061428953088
1130386020917239809
1130387552689709056
1130390328047996930
1130391684091662336
1130392339669749761
1130392820752240641
1130395108325486592
1130396812471427072
1130399550903074816
1130403387856629760
1130405454834753537
1130409082903511041
1130411377615446017
1130411565486886912
1130414469618831360
1130414512811663361
1130417847870599168
1130418182869671936
1130421661176684544
1130422191793868800
1130424183631024128
1130426320243036160
1130429700411666432
1130429739846557698
1130432710667907073
1130434955874639872
1130436972928032768
1130439331385155585
1130440637067743232
1130440638732877824
1130443097438072832
1130443974882267136
1130444077508390917
1130444307939307522
1130445557384847362
1130445588024176640
1130446024223416320
1130447350030168065
1130447896980144128
1130448337809879040
1130448711081971712
1130453230868193280
1130453794196721664
1130454271936253952
1130456202553581569
1130460676412104706
1130460866195992578
1130461648869875713
1130461998007889920
1130462791788318720
1130467709211357184
1130467888031309824
1130469677606559744
1130470042485821440
1130473194434060288
1130473381982330880
1130473701193998338
1130482841001910277
1130484352180260864
1130485649063272450
1130488239763152897
1130490314827788295
1130491008142127105
1130491313067945989
1130491722503475201
1130493931563700225
1130495914026704903
1130496700244738049
1130497289104101376
1130499813647233024
1130501813915013122
1130504757498515456
1130505221812248576
1130505970050842624
1130506112237821952
1130507391345152000
1130510806494453760
1130512172189044736
1130512753947496449
1130515910974988288
1130520779739713536
1130523612329463811
1130525263865892865
1130526712981315586
1130527358505685000
1130527751964905472
1130532977195327490
1130533200743337984
1130537226855563265
1130538194544541698
1130538500229611525
1130539254365458432
1130540403600646145
1130543741863727104
1130544691055865856
1130544798832701440
1130544925609734146
1130546109548498946
1130548735195402240
1130552160679153664
1130552781348249601
1130552981089394689
1130562222957236233
1130562228699185153
1130562609944629250
1130563181619884032
1130566554251386881
1130567166623981568
1130568737407479808
1130570966252154881
1130571258188488704
1130579147242311682
1130592641152892928
1130592652049768448
1130597861396238343
1130603209112858632
1130613707871068160
1130625436415909888
1130627055018795008
1130627698815115264
1130628263221649418
1130628417324503041
1130629287197810688
1130631339500232706
1130631558002544642
1130632889681481728
1130633699609858049
1130635629824552962
1130637766407151616
1130639786027491328
1130640034682626048
1130645845358108672
1130646284216541184
1130646404182020101
1130650353538621440
1130650620002734080
1130656090478206978
1130656119414771717
1130656134971371521
1130656311970951168
1130661616503013376
1130664846922518533
1130669599920402434
1130669785308643328
1130671300303736833
1130674488817934337
1130679675062243329
1130684816008142848
1130685547079512066
1130688809824411648
1130690890631016449
1130692303373426689
1130700701963833344
1130701892726734849
1130705281300586497
1130708008005132289
1130710326629027840
1130714028093911040
1130715857246674944
1130717729986613248
1130718201434632192
1130724842704031754
1130725127472197632
1130725431580213253
1130727318735818752
1130728526561316867
1130728776114081793
1130730020127817728
1130730092290822146
1130736756180082688
1130737500585058309
1130738258168750080
1130738991337107457
1130741282085658624
1130741808563048449
1130741981464997888
1130742137467707392
1130744886431379456
1130749572706394112
1130751425355472896
1130752174856626178
1130760253920952320
1130766971111444482
1130777529835507713
1130781330722230273
1130784072110944267
1130784403880333312
1130796074933870592
1130796804784742400
1130797241835429888
1130799736053743616
1130801747516166144
1130802832838471681
1130803604053463040
1130803727173005314
1130804703900708867
1130810470653259777
1130811395942096896
1130811413952389122
1130815029849350145
1130816955492044801
1130817937374351360
1130820834384384000
1130822026384543744
1130822531387150336
1130827048639799296
1130829389766152193
1130829876846616576
1130833245744951296
1130835555128942592
1130836663666696192
1130839596835778563
1130841443923320834
1130842185484656640
1130844173135835137
1130850737485836289
1130852478302294016
1130853175013986306
1130853776431075328
1130857106297376768
1130861777913307136
1130865247005401088
1130867075294138372
1130867583249408000
1130868233714765827
1130868465299087362
1130873580315643904
1130875209752358913
1130876508711657472
1130881976397754368
1130887245299425280
1130889053044432899
1130889571053449216
1130892916417867776
1130895609752215552
1130896146363289601
1130897214744727552
1130897403501006848
1130899114852536320
1130899832829292544
1130899953197441024
1130902137171513344
1130910366798684160
1130916938492911616
1130917450596397057
1130921134889680896
1130921416709332993
1130921462007762944
1130924039076077568
1130926190544457728
1130926631084859392
1130927310951964672
1130927388567711744
1130930470533963777
1130931490186047490
1130935525072936967
1130936818600480769
1130937330737602562
1130939067632312320
1130941009716662273
1130941195805515777
1130943167123951616
1130943395688353793
1130943410817441792
1130943814707892231
1130949055071367170
1130949375507746820
1130954524875677697
1130956368687407104
1130956505400762368
1130958778319269888
1130964000630616065
1130964179333132288
1130965023650664450
1130967674844925952
1130972770949423104
1130987832691036161
1130994190467387394
1130999068379865088
1131004265110151168
1131013366338727936
1131014593600512000
1131014819237076992
1131015106144460800
1131017775806275584
1131019790750035969
1131021520052973568
1131025641824899072
1131038658415464448
1131045618422636545
1131048598089682945
1131049591271354368
1131050152074964992
1131053383362777090
1131058401830510593
1131067269843439616
1131067891883925504
1131069691244568576
1131071936048631813
1131081149231620097
1131084793251131393
1131086656768028673
1131087779604000769
1131092519167639552
1131092537165451264
1131092538855690240
1131096724276170752
1131099354146770945
1131105159088443392
1131111557948170242
1131114126191808513
1131119509475975168
1131119810345967617
1131120265297948677
1131120300123254784
1131120421322088449
1131122605308747776
1131122661512192000
1131127887204110336
1131128162363084801
1131129421048365056
1131130756925927425
1131130850886717441
1131131638585417728
1131133516362608640
1131133830935588865
1131134046791192577
1131136055200034816
1131136178495918080
1131137159107403776
1131137333200396288
1131137813007732737
1131139136314839040
1131139790194089985
1131142860454211584
1131144075963379712
1131145672315625472
1131146014541221889
1131147925474742277
1131148916173332480
1131150436600299520
1131152727579516929
1131154020641464322
1131159620041486337
1131159815508713472
1131165929742774272
1131170173749272577
1131171487396839424
1131177288144367616
1131178294001504256
1131180856243085312
1131181064662077440
1131181197659451392
1131181526459330560
1131182983581278209
1131184375595454464
1131185392781352960
1131186835982508033
1131187376707866624
1131190454479835137
1131190721900437504
1131190914158923776
1131191954778333184
1131193464308273153
1131194588809629698
1131194615208525824
1131198197085483009
1131199376448114691
1131199603066384384
1131199874609885185
1131200062359580672
1131201014047170564
1131204426956455936
1131205046375518209
1131205169767747591
1131208497964736512
1131209422783565830
1131215000805101568
1131219786929659906
1131220150961754112
1131224458117750785
1131224713110409216
1131225784360685568
1131227518256779264
1131228299693297665
1131228501401591814
1131228792905768960
1131229724078891008
1131232033450188800
1131234016093450240
1131234261049196547
1131236865271640065
1131238127778127872
1131238345726713861
1131240071397560320
1131240416588828673
1131240560461619205
1131240643202899968
1131242451396648960
1131243455118827520
1131243550983766018
1131243569057079296
1131244571466317825
1131252611548557312
1131254977563963392
1131255300915421185
1131256451001933824
1131257227795468288
1131260863661400064
1131261053424156672
1131264399916900352
1131265514473443328
1131266151160393728
1131268622876336130
1131269248263835648
1131274486089682945
1131276045896884225
1131276594314645505
1131276859809964033
1131277168338755587
1131278279007178757
1131278516396277761
1131281623306133505
1131283707707437059
1131284491182497792
1131284752911278080
1131290305339285505
1131290484406546432
1131290646118129665
1131294183392796673
1131302946824527872
1131303283337961473
1131305280241831936
1131306424875622400
1131306528734973952
1131306852699058179
1131307478484967424
1131307902126268416
1131312529433612288
1131318855966478336
1131331668734824454
1131332604035305472
1131334561542103041
1131342149453111296
1131345255209590785
1131351780837789696
1131352305545224192
1131356488943882240
1131359047435866114
1131360323800391682
1131369977800343554
1131370886282584066
1131373200275730432
1131375989106401280
1131379101258792960
1131379304678346752
1131382028061085706
1131390081099452417
1131390447287332865
1131393169382420486
1131395754520666113
1131397749969231873
1131398086352429057
1131402370611462145
1131402372096204800
1131402754625343489
1131403887934443520
1131406147389288449
1131409047771537408
1131409425246314496
1131409459199266818
1131412410315751424
1131416335370448896
1131417368004046850
1131418652723613696
1131419912490979328
1131420219363119104
1131422148260638720
1131422740064268288
1131425884114571264
1131430426105352192
1131430828368650241
1131432281254633473
1131436099736203265
1131436934822211584
1131437455343857665
1131445351494373378
1131445588719951873
1131454940986187777
1131454951492923393
1131455009365876737
1131455849912840193
1131456305019932674
1131457116592431104
1131457619476983808
1131457975166443520
1131459229225750530
1131461281112887296
1131465344537776129
1131465553414172673
1131465671987089408
1131469911711211520
1131470518203248640
1131470580702535681
1131470799225982976
1131471653605654528
1131474164731252736
1131474356406804480
1131477927017639937
1131478103212134400
1131481358549655552
1131486253994713088
1131487213429116928
1131487537028050944
1131487849931522049
1131487923327655936
1131488355735212032
1131488713924665344
1131489813251497984
1131491346127233024
1131492431768301568
1131492752653508609
1131494145581756416
1131496215328174081
1131507430624550912
1131508879743959040
1131511558658514944
1131515640945172485
1131518491532713986
1131518925106286592
1131519540817477633
1131519681767059457
1131519870087172097
1131522756733018112
1131523988461694976
1131524620979441664
1131525120093241344
1131526185001848832
1131527306474872833
1131527416059486209
1131528112733347840
1131529887322263552
1131534641977020418
1131537822572339201
1131538196653858816
1131539020771667969
1131540232980049920
1131542984036634624
1131543102752210946
1131544993536069632
1131545930967203846
1131546449395765248
1131548474384834561
1131548476892827648
1131549485224615939
1131550870582190080
1131553399747620864
1131554357751603200
1131555377789538304
1131558212308733954
1131558324699357184
1131561968710692864
1131562758913159169
1131564709700931585
1131565274677764096
1131567261075030018
1131568004737716225
1131570360250458112
1131575931397713921
1131577258215448577
1131577933930422273
1131583401431953409
1131587694491066368
1131588737190776832
1131589914502553600
1131592202117951489
1131593673055956992
1131596271855259648
1131605693511929856
1131606018603937792
1131606311727243264
1131606503859937282
1131607901376864258
1131611093271482368
1131612932033241088
1131613674437861376
1131615112635269120
1131620409651093504
1131621353348587520
1131622953915961345
1131624302384754688
1131625957851373570
1131627328981745664
1131628979427913729
1131629055353114624
1131632313501147136
1131632327312809985
1131634555344048128
1131634655604744192
1131641213914898432
1131641669944827905
1131646556921356288
1131648865067835392
1131661084740374528
1131663898078109696
1131665640572497925
1131666022497366016
1131668481366208525
1131668644973424649
1131670049796681728
1131672174497017862
1131676379928498176
1131681721567649794
1131682138036871169
1131689181950799872
1131692513482420225
1131692650631966721
1131708149457707008
1131720173679853568
1131725228235583488
1131727945708527616
1131736820436176896
1131736896793501697
1131738372324581376
1131739366387277830
1131739521593282560
1131744093367865344
1131745272881508353
1131752127959900160
1131755873058078721
1131756142332456962
1131756655736004608
1131756832727470085
1131757953013420033
1131760174333595648
1131760531700719616
1131760759858315264
1131766249380171776
1131766386496233472
1131767776635318272
1131770408837890048
1131770759896940544
1131771653715660800
1131771796729077760
1131773517261955072
1131776610116329472
1131778691363672067
1131784034030243840
1131784145192062976
1131785784766476288
1131788750114119680
1131790129075331072
1131790416091574273
1131790484458938368
1131790869936332800
1131791296052383744
1131791408061247488
1131791582611460096
1131791607685033984
1131791731433889792
1131793161674776577
1131793849565601792
1131794695540150274
1131796786828464128
1131798176401203200
1131801679047749632
1131801763776847872
1131804777828892672
1131805214019858432
1131806872049262593
1131806877480902656
1131811309589106688
1131816549541666816
1131821989554008064
1131823247455076353
1131823252039446528
1131833711165607938
1131835691501940736
1131836256478990336
1131836537946030080
1131836875562409985
1131837037483515905
1131837375540355073
1131839715546734594
1131840215088357377
1131840248621785088
1131841651218034688
1131845091335786497
1131845103549595648
1131846009099710467
1131847390250426368
1131847651983421442
1131848193463840769
1131848349101854720
1131849895097380864
1131851027978829824
1131852003989172224
1131852479623180288
1131853311378886656
1131854859081326592
1131859888026607616
1131862426020917249
1131863912050302976
1131865795313713152
1131865884652388352
1131868533342789632
1131868594583801857
1131870088582320128
1131870982795345920
1131873021239672832
1131874025775538176
1131874303027187713
1131877464693706752
1131878650008211459
1131878785467469824
1131878832871493639
1131879182257074176
1131884362620964864
1131884809335259136
1131887044899287040
1131889115614588928
1131889524584398850
1131890012356796416
1131891088216731648
1131893560763068417
1131895258789269504
1131909163544698880
1131912341153624064
1131912494669344769
1131912985407049728
1131913457094279168
1131913600703094784
1131914195040186369
1131914478164074496
1131920395060203520
1131930383602397186
1131930745369448448
1131933924630962177
1131934273613778944
1131938129840156674
1131939299639865344
1131940605746139137
1131940687094734849
1131943148270235650
1131943375647780864
1131944524891213824
1131948154201493504
1131948223847751681
1131948897033547776
1131951375817105409
1131951832207712256
1131953079614676992
1131955142788505602
1131956388907966465
1131963638359707654
1131963983831928837
1131964363101933568
1131964664991145984
1131964833283411968
1131965020374523906
1131966099564769286
1131966510589775872
1131966892296556544
1131967617038577664
1131968705884282880
1131969596360134665
1131971488389558272
1131975502338482176
1131979171092021248
1131980401130528775
1131985256222007298
1131986447387566081
1131988610792615937
1131988695106629632
1131988864137158657
1131990159967367168
1131992007130402816
1131992335351345152
1131993394832711681
1131993969464872960
1131994960994217986
1131996085474516993
1131996226004631553
1131996676888113152
1131996896673902593
1132002184822837248
1132002990905352192
1132004657394360320
1132005851080876039
1132007791672143875
1132009352473305090
1132014982193790976
1132022260049620993
1132025146561179649
1132025756404654080
1132026378436714496
1132028523877621760
1132030448144662528
1132031262699458565
1132032091040997376
1132033393829584896
1132034551847489537
1132034596323975174
1132043644985323521
1132044702491074560
1132047395418775554
1132048045338648576
1132049560333950976
1132055029701984257
1132056990975438850
1132058191808753665
1132060452928671745
1132064882533122048
1132070712225742850
1132073349574791169
1132073729171873798
1132074984967462916
1132075242472366082
1132080681222377473
1132081186237321216
1132082335032258565
1132084324407209984
1132084387758010368
1132086073868341249
1132088917593919488
1132092609764024320
1132092818720059392
1132092871559925760
1132094017854820352
1132100198585556997
1132102284425519104
1132102385931829249
1132103574165565440
1132103602275676160
1132110454485082112
1132115871864897536
1132116122692513793
1132118117906182144
1132122817023971330
1132123057542377472
1132126373580083202
1132126375878438918
1132127304266788865
1132137582819794944
1132138729999601664
1132143563091927041
1132143739676299265
1132143897088540672
1132143910791385088
1132144006844993537
1132148224637186048
1132150504237047808
1132151731083784194
1132152542262190087
1132153249841029120
1132154951856140288
1132156401835565056
1132158191121252352
1132159935947595777
1132172751232536576
1132177005510897665
1132180027955564546
1132181258728034307
1132181795829571584
1132183626223902720
1132185611820032000
1132186264864563200
1132186553869053952
1132190195770519553
1132190766208626689
1132191687269408768
1132193198061887488
1132193332388597760
1132193590220713984
1132194875779289088
1132195258287050753
1132195891224301568
1132200770605015040
1132201033013161984
1132201115619999744
1132201273351200768
1132202243489505280
1132202856256135168
1132206277155786754
1132207157947109376
1132207288398340096
1132208635189313536
1132214263924215808
1132215348172853248
1132216817441693696
1132222525025529856
1132223031290597377
1132226963941158913
1132229928395522049
1132232325037731840
1132234371455434752
1132235099548868608
1132239381106966529
1132240602907549696
1132242338946932737
1132244108507078656
1132247779387027457
1132250000262668288
1132253938697342976
1132256007743315968
1132256131051606017
1132257761377411078
1132258659793170432
1132261079088750592
1132266569441189888
1132272577370574849
1132275409326944256
1132276264142872578
1132278642258644992
1132280225683988480
1132281162246840320
1132283398238756864
1132283576060383238
1132285715990110209
1132286564938211328
1132292648373501952
1132295171217866752
1132295980320272384
1132297500315013120
1132299732934512640
1132301318385799169
1132302617797844992
1132303007033511936
1132303289310097408
1132313145916252161
1132313782192095232
1132314196295729153
1132315034212884481
1132315438132731904
1132315475021574144
1132316206491471874
1132317150629322752
1132321517763747841
1132321896932958208
1132326909935853568
1132329516712513537
1132330199138295809
1132332337776218112
1132345633300525056
1132346184020811776
1132352437329776640
1132352854335873024
1132355598568304640
1132359037897596929
1132359269007929348
1132359277790793729
1132359284539428864
1132361585081704448
1132361620729028608
1132365086935400448
1132369832366620675
1132371266378358784
1132382358223462400
1132393365327273985
1132394264174972934
1132394541858918402
1132397220307726336
1132404589314097154
1132405271274446850
1132408945920884737
1132410720933634052
1132419573037223936
1132423433361342464
1132423670859743238
1132425209762504704
1132425634209308672
1132430467725049856
1132438416791146503
1132440279036960775
1132449854225993728
1132463939109969920
1132464710429757440
1132465845001523200
1132466730444443649
1132475413572202497
1132481496063909888
1132481532143296513
1132487100908167168
1132492372288442369
1132493368322211840
1132495167812980737
1132499141488185344
1132500613709873152
1132507585893097472
1132512913917468672
1132513796822577152
1132513993506021376
1132514246028402691
1132532089025437697
1132532697182613504
1132536645113262080
1132536809676857344
1132541242515087360
1132542140217790465
1132543228249550848
1132544600604680192
1132546171392733184
1132546227151577088
1132547652401455109
1132547961928527872
1132547964453478400
1132547968631017472
1132547975782326272
1132547982501601280
1132547984154087424
1132547988755234816
1132552349606658048
1132559705576882176
1132567743964897280
1132570240410443777
1132572078673149952
1132572106439270400
1132575601603239937
1132579616760184832
1132580016821297152
1132582865231785984
1132583866412208128
1132585787826921474
1132586145559339008
1132586650436083712
1132586984894078976
1132587986913071104
1132589940615680007
1132591147820421120
1132592773020966912
1132595612153712640
1132599598000869376
1132609155582320640
1132610279215423488
1132611210371883009
1132617394021654530
1132619729405915137
1132620289337020418
1132620410564964353
1132621541840056327
1132621991402528768
1132623709464858624
1132624517208072192
1132625215119273984
1132629323037458432
1132629818393223168
1132630210975817734
1132630355238957056
1132631049815638016
1132633378509824001
1132638728357261312
1132639552127082497
1132641110285725696
1132641299440513027
1132643490561609729
1132643547201413120
1132646614898741252
1132652332980662272
1132661286167306240
1132663492782239745
1132663689906184193
1132664578700132352
1132664984276803584
1132666577265070080
1132666893016403968
1132668321675923458
1132676375998029830
1132677751318564864
1132677935448625154
1132678309140140032
1132680769548312576
1132682420828987392
1132685030541602817
1132686827385704448
1132687176322506758
1132688722774728704
1132689379581988864
1132691590428930051
1132696160513273856
1132701622319099904
1132701727633940480
1132701893292113921
1132707358063284224
1132707681452609536
1132708060668006401
1132708347914928130
1132713042200780800
1132715955975536641
1132717776697790464
1132728782140379136
1132728854282289152
1132732856118198273
1132737182492430336
1132738287284686850
1132741186366652417
1132741961318895616
1132748380050845697
1132749769611317249
1132754063307808768
1132755821559975938
1132758102867107840
1132758651888918529
1132761464186462208
1132777710789357569
1132777774131961856
1132777839118434304
1132778042999414784
1132779613355167744
1132788096729341957
1132788679347458054
1132802057499500549
1132802491601563651
1132810285620899840
1132811483761577985
1132811714037260290
1132812269367246849
1132816989628567552
1132823380888096770
1132826744334032896
1132828842706505728
1132832060610101248
1132833792836554752
1132834944579985409
1132836511596986369
1132843222475132928
1132844578908921856
1132846449568419840
1132850344503889921
1132854654910521344
1132857532622483458
1132859288773439489
1132859891486527488
1132867059010818048
1132868143553032192
1132868410117779456
1132869386124111873
1132875683468840960
1132877929501929472
1132877933075419137
1132879052300275712
1132889791010299906
1132891115764551680
1132904429936680960
1132906345894764544
1132907620141027328
1132920495404453889
1132921907219767297
1132924481230561280
1132926720787533824
1132928771181301760
1132929503905353728
1132929945448067072
1132930975292362752
1132936241245294592
1132937900939591680
1132942033155444738
1132942131306192896
1132942658500931585
1132943204616212481
1132958874531717120
1132961026209722368
1132965102234284033
1132968484948680704
1132970416429907968
1132981305245917186
1132981509957214209
1132983762294325248
1132984558176022530
1132984801630326784
1132987833273085952
1132993489694859266
1132996122450915329
1133001937891336197
1133003118998953985
1133008324528676864
1133011302484447232
1133013090109460480
1133013615080902656
1133013959152459778
1133020331575316480
1133020960376983552
1133021219085836288
1133021824739102720
1133030565689610240
1133030894510444544
1133031805924331520
1133033027330891777
1133038948849192960
1133041426399412225
1133044768278306816
1133045230238916609
1133045684867915776
1133045970504114177
1133047881378795520
1133048398196748288
1133048647334150144
1133050270663888897
1133050525551714304
1133052626256318464
1133052845400428544
1133055275169140737
1133057454114258944
1133059277352947712
1133059295765909504
1133059328557092864
1133063434743033856
1133067127001374721
1133068429978562561
1133070404451557376
1133071186244640768
1133074528295378944
1133076195921334272
1133084103446880256
1133088849310224384
1133092217747173376
1133093734613172224
1133094025437876226
1133094348877230080
1133094377381945350
1133094540552880129
1133095191496273920
1133095257774657538
1133095411302969345
1133096572705599488
1133096756135247873
1133103784404631557
1133107908659548160
1133110414328381440
1133112614647545856
1133114730661462016
1133119208949256197
1133120022228938757
1133120225648549888
1133122986742042626
1133125478984896512
1133127706587983872
1133127878982242304
1133133842024456193
1133138580325445632
1133144604616941569
1133145860391559168
1133146512173592576
1133147783588974595
1133148805216591877
1133149548443054080
1133152390910304256
1133153733527986176
1133164561547386880
1133166342423678976
1133166444005527553
1133166538712731648
1133166945572982790
1133167466941689857
1133169280533446657
1133173054987653120
1133177507253907456
1133178592303566848
1133182217457491968
1133183132222599168
1133192398287384578
1133194955256504320
1133201599743123456
1133202321154936832
1133218068673511424
1133220929180295168
1133222335975251969
1133224778712662016
1133226968982466561
1133228754514395136
1133236122627203072
1133236720869101568
1133236806751838209
1133239337175228416
1133239467165331457
1133240533369925633
1133241188515889153
1133244978086502400
1133250490668658689
1133250602643873792
1133254249150898177
1133256398316429313
1133265225246019584
1133268734636888064
1133268746372558848
1133268752647241728
1133268758087294977
1133271939475214336
1133275144355549186
1133278309796728832
1133281425590050816
1133283276838375424
1133296393135841280
1133296607854759939
1133297528106098689
1133297847116423170
1133298891246460928
1133299246483087360
1133307716896731138
1133313463521087489
1133314051965181952
1133314568707563521
1133317516049170432
1133321080779804673
1133323354939613184
1133326275031064576
1133326872278753281
1133328158667595777
1133328848207208448
1133333014749089792
1133333228746625027
1133335372862283776
1133337047668862982
1133337616009424896
1133339541429997570
1133340468140498944
1133340506690166784
1133342168863641600
1133342972555255808
1133347185607626752
1133347200820490241
1133347513300336640
1133347616908095488
1133349756829351936
1133350229946904577
1133361525610229760
1133361700109836289
1133362964675866624
1133363251587276800
1133364815970357248
1133369063638478848
1133369220492926976
1133370819772604416
1133371442232532992
1133371865832087553
1133372356167131137
1133376456917233671
1133381622626177029
1133383095506415617
1133385924316942338
1133386207843557385
1133386543392088067
1133389783500316672
1133393682114207749
1133396345153368064
1133397761045352448
1133398123009761281
1133398397761802242
1133401169357938689
1133402501053538304
1133407659632279555
1133410119570546688
1133412970439073792
1133415762570297344
1133417194505818113
1133417957877436417
1133418680153280512
1133426210585939968
1133426478627082246
1133427369912365057
1133427793105174531
1133437697236905984
1133438483568238592
1133438945839190016
1133439070355505152
1133439491136544768
1133439561919606784
1133440374758944769
1133440419654766597
1133442503909236738
1133443557505806336
1133443718034460677
1133444747329265664
1133445801345245184
1133446503471767553
1133448987367956481
1133450983844057093
1133452789076643840
1133454718041071617
1133458436702662657
1133458829709119488
1133461185238462465
1133461327836459009
1133461629411123200
1133470071278505987
1133477466666885128
1133485479876186112
1133486889426661376
1133494775255109633
1133503186562633728
1133504496452063232
1133505086594977792
1133505121399259136
1133511623006515200
1133512100284788738
1133513965105844224
1133524189137297408
1133530681051635715
1133532653213376512
1133542238473072640
1133544503380447233
1133548789149642752
1133550961799180288
1133563972110770176
1133564419227754496
1133582297419137024
1133583182429687809
1133593444914421760
1133603809593139200
1133609296137113600
1133611547241078785
1133615608992415744
1133615770242617344
1133617982158954496
1133628170110787585
1133629703976292353
1133630140582436864
1133630143530971136
1133630738690183169
1133631087270408192
1133633789635244033
1133636136356732928
1133636393509543936
1133637084672024576
1133641001313153024
1133642362360606722
1133644139097149440
1133649431876833280
1133649650840264704
1133651259347615746
1133659332095221760
1133661712798736384
1133663081308016641
1133666333684568065
1133666878306574336
1133667757222969344
1133668001738350592
1133670814019182592
1133671180597112832
1133672579821129729
1133673164943351808
1133673977778515968
1133680545706070017
1133680658486833152
1133681119008907264
1133683319336525824
1133686739871129606
1133686920968572928
1133686936932102144
1133689217387847680
1133697488945328128
1133698011144622081
1133711797821812736
1133713387056181248
1133716034496716801
1133719929306456064
1133723468904697857
1133725627268370433
1133732597186613250
1133737186631798784
1133737221616492544
1133740478460043268
1133741736336007265
1133743998760361985
1133744081790570496
1133750114055536642
1133751272530620416
1133754805329915904
1133756866453004288
1133761144655634442
1133763705269817344
1133766691626868736
1133767109782265857
1133768539612041216
1133770026098446336
1133771369953370112
1133774234671390720
1133782386292842496
1133783514548264963
1133787335563370498
1133789456186712071
1133791669936152578
1133793605620031492
1133798239931719680
1133798412426522625
1133800311913558016
1133802943680000000
1133806675583012865
1133807456071688192
1133808998321393664
1133809575847768070
1133811173869150209
1133812095789744133
1133815333779906560
1133815945032556547
1133816020399992832
1133816837890871296
1133818644876668935
1133820061632868358
1133821353478328320
1133821464191406080
1133825563708334080
1133833426518327299
1133833489277706240
1133834108323414016
1133835497078427650
1133838072494403595
1133841309108789248
1133842415985594368
1133844363396698112
1133854128193593345
1133856300822085632
1133858043635093504
1133864062792560640
1133867146876821505
1133869898743144456
1133871380204871685
1133872028614877187
1133873320066265093
1133878174243143681
1133878519316959232
1133879679444770816
1133881512779141120
1133885879477575681
1133886938543534081
1133901322497941504
1133903818511593472
1133904208577667074
1133905617859633154
1133906975568355328
1133908269909663744
1133909540796293120
1133913852134002688
1133917640416800769
1133924016610299904
1133925491734405120
1133926145215279104
1133928553181921280
1133929333721096192
1133935758149017600
1133940611776565248
1133942386604724224
1133945376107425792
1133950253214814208
1133950663019204611
1133951020369829888
1133951363807756288
1133952708988116993
1133957533696049152
1133961150863892487
1133961590850457600
1133962631864377344
1133971349339136000
1133975986565894144
1133976588440297473
1133986659798618112
1133986671941361664
1133988314870980608
1133988558115655681
1133989246828777472
1133989995511984128
1133991107430404096
1133991856960888838
1133991861130027009
1133991862405140481
1133992743213027328
1133993279664476160
1133994758555095041
1133995753922109440
1133996106637950976
1133996527737815041
1133997060829712384
1133997146389303296
1133997214773239809
1133997443362775040
1133998278847160322
1134007565896077312
1134008261726867457
1134010290918612994
1134011907424149504
1134016367622086657
1134016587810263040
1134017879333097472
1134019572086976512
1134025548475162624
1134025725139390464
1134030651319963649
1134032427217633280
1134033290371969024
1134034472771473408
1134036304432377856
1134036364805189632
1134038849531863042
1134043818938920960
1134047794279305216
1134052267500408832
1134056874939207680
1134061331416375297
1134067107572924416
1134067524704845825
1134068950361432066
1134076755134648320
1134077684995284992
1134077832219570177
1134080807675580417
1134081721190797314
1134088205572235266
1134089114041688065
1134097135237050368
1134100551069818881
1134104742433632258
1134106635780198402
1134106846413971457
1134108200238747649
1134108916223225856
1134109201427574784
1134110304919523329
1134110882496155649
1134111425222209536
1134111955831181313
1134112505251450881
1134112782385844229
1134113798372110337
1134113815149367298
1134114637635608577
1134117894533656576
1134119676701741056
1134127494020313088
1134127653001105408
1134129229623283713
1134130918560415744
1134132579622359047
1134135130170232832
1134135738373533697
1134135870079066112
1134138884906835973
1134138979199008770
1134142220666376192
1134142943743348736
1134144771637821442
1134147557481943040
1134150333259759617
1134157482903855105
1134157799557144581
1134163427037995012
1134166589572624390
1134167796244291584
1134168013933035520
1134168224180953088
1134168812562124800
1134173363381792768
1134180061647687681
1134180806077952000
1134182746455236610
1134185641032507392
1134190684162990080
1134190963486859265
1134193874346369024
1134193892713086978
1134194124763144193
1134197962526068736
1134200139818590208
1134202955861778438
1134206121453989889
1134212229052674049
1134213122443677696
1134214706217046016
1134216506810818561
1134217995788652544
1134218348936474624
1134219522943213568
1134224677361070083
1134227042478612480
1134231891534417920
1134232118425522176
1134232130815438848
1134233697232838656
1134234041081835520
1134234747406815232
1134234798174736386
1134236710336962563
1134244117897240581
1134248494968057856
1134250892562194432
1134257332089741312
1134260039928221697
1134268325763133440
1134271781886464001
1134273993089830913
1134279162154356736
1134280550485811202
1134286128922681344
1134286299622363139
1134293480673632257
1134293534377500673
1134295803051302912
1134296579018387457
1134297076878024704
1134303232010985472
1134315608550412288
1134319185486467072
1134320616981450752
1134331440806731777
1134338436062564352
1134344045956927489
1134344523276931078
1134344899891933184
1134345188070088704
1134347936748507136
1134349725862227969
1134349834461126656
1134350857930256385
1134351922020986880
1134352123745906688
1134352381347450880
1134352391376162818
1134354100940955648
1134354107647614976
1134354137875980288
1134354145002082305
1134355430552035330
1134355869653700608
1134356033260929024
1134356841528528897
1134369027638407169
1134372428291829760
1134372797491351552
1134373982365462529
1134375717142032384
1134378984513445889
1134379585125081088
1134380547734626304
1134380962954076160
1134381378202734592
1134384087299436544
1134384093167325184
1134385038152392704
1134385683231993856
1134389831402950657
1134391175656480768
1134393665810509824
1134396036045131776
1134402049410514944
1134403219625525248
1134408091724787712
1134411987801313287
1134421041206452229
1134425685542416384
1134430628546535431
1134433392584318977
1134434349334650883
1134434883256881152
1134436198947151873
1134437511416016896
1134438409802399750
1134438700908236802
1134443608663371777
1134444152073142272
1134444662687772673
1134446418024964096
1134447244722286592
1134449554521280512
1134452100019228672
1134456040173580288
1134459029856501761
1134459630497796099
1134463381014900737
1134466356466896898
1134466711288209408
1134469068491243520
1134470078907539457
1134470737002209280
1134474467814596609
1134474771910078464
1134475214845370369
1134480936299577344
1134481463947223040
1134481533966921729
1134482934046420993
1134485741273341953
1134489533347770368
1134489852555210752
1134490349148266496
1134490672952676352
1134494718765744129
1134498516712267776
1134505659628687361
1134510572832206856
1134510736397471749
1134514877991661568
1134520051544014849
1134522393978970113
1134524212276862976
1134526205007241216
1134530015083675648
1134530300321640448
1134531169788280833
1134531567420882944
1134537291341258752
1134543808056692737
1134550112955502592
1134551248361984001
1134554246861471744
1134555367596351489
1134555461745856514
1134555718626009088
1134558171039748099
1134559740141420544
1134573627876229120
1134574762452312064
1134578016376492032
1134579040239652865
1134579177796001792
1134579433359065089
1134580328272728065
1134581074468597760
1134584476040720384
1134585457931640832
1134587401156870145
1134590567411781632
1134595564463689728
1134599468177924099
1134600382506786816
1134601957895757824
1134602072802959360
1134606059102883840
1134607006164295680
1134608415010054145
1134608568118894592
