1002529267023073282
1002607515115323392
1002965523427098624
1002965797180932107
1002966553837670400
1002982974508425217
1003055612941479937
1003055999882842112
1003058570974367745
1003072145440661505
1003297618208874497
1003596591603834880
1003606954835660800
1003611898229743621
1003627654829019136
1003627818985631745
1003638836591824896
1003640185047810049
1003654792542064642
1003698445184655360
1004259671144910848
1004355274885517313
1005312938410954752
1005395305829986305
1005897807742398466
1005984232638824449
1005985356167065601
1005985510672732165
1005993767780769792
1005994573707919360
1006005430680801280
1006074909297029123
1006075569501450241
1006077362981785601
1006080484382830592
1007299422106144769
1009038432990126082
1009618451944607746
1009632452829163520
1009641280685604864
1009679350667628544
1009692862693433344
1009707588450209792
1009726235902201857
1009729307810385920
1009762532024778753
1009764448121376768
1010031329172389888
1010900683413999617
1011015773987500035
1011232610964688896
1011305743260241921
1011528908360048640
1011929474504581120
1011938023267856384
1011944325205430272
1011951196330868736
1011972426203320321
