870616620254715905
870709207862870016
871587530361241600
871602296374865920
871604217378623488
872160237410799616
873032000323506177
873229511461974022
874097486599778304
875009571970011136
875381538371842050
875697937673846786
875734829626785792
876530488307011585
876542538483736577
877340064421822465
877549551460257792
877900846218055680
877928412798525441
877977473232850944
878234806655504384
878239222108475393
878424801186115584
878471992982327296
879449771236347905
879833260657967104
880333602466213889
880334930026258433
880399739556171777
