969052651097903105
969128276085039104
969313065366970373
969500074526068742
969685575929393158
970278168606240774
970322144004657154
970741597473267712
970925775288459264
970929074502692864
970930565997309953
970931435900162048
970967797151956993
970973835259469826
971015060645711873
971028513456361472
971029121638821889
971048059751862272
971054288473600000
971072689552134145
971077530609504256
971087392034709510
971111918021816320
971234144255700994
971263138640297985
971279254397882370
971330126280523776
971367918645792768
971372923704545281
971406220614610945
971433614440267776
971459504641662978
971506540816584705
971669917715091457
971709286010310656
971736919259467777
971755468988256256
971797711921057792
972113784172171264
972165786814074880
972335708357779456
972381232297402370
972391387105775617
972518771519840256
972721336652050433
972833471356981248
973127140173529088
973790273925996545
973994726109069312
973995395079659520
974366417448468482
974399360510373899
974529757369913344
974573926754979840
974721423800438793
974861671536693248
975003624391696385
975055790624133126
975056403424534529
975391466255130625
975408908230709248
975825310586253312
976372405579984896
976375141239226368
976396704865030144
976416036542087168
976523928721084416
976549956063547392
976599667361198080
976760476959899648
976777146852093952
976782480333295616
976783932585861120
976798869555068929
976804773440708608
976817813951320066
976832793509552131
976833639064526850
976845623029878786
976850597503791105
976880793539825664
976887260745367552
976904816231411712
976906871218081793
976913947851919365
976917952573325313
976929877373829120
976983009256591360
977008301228437504
977016834116464645
977035068437753856
977037041010536448
977037200796786688
977046511333785600
977046577763135493
977048216335192064
977049102994243584
977049743867064321
977050365458776064
977050444748021760
977051414546534400
977051539029274624
977053397550600192
977056045414699008
977057464549027840
977057710188318721
977061549574471680
977069500725018626
977075033431425024
977075157582848002
977077349962395648
977077403200581633
977078263880101888
977079156423909376
977087293822586881
977088947930066944
977102038461906944
977103570221895680
977108184375545856
977109863355396096
977111473976696832
977120950587080710
977124400817356801
977134138602881024
977142471183556608
977174702698283008
977175102809870336
977183779683934208
977187348101419010
977212256806060032
977214027473485824
977232460340715521
977235112000704512
977248734248689665
977251906828484608
977260956010065920
977287433824948225
977436146220191746
977464123922378755
977479602917593089
977480295883698176
977492881748451328
977516802572980224
977536828831084545
977556193102192648
977588113424855041
977799333549690880
977872717511909378
977903176534896640
977919103984955393
977940564997009413
977992306803531777
978246475019902976
978507390336294914
978639571327049729
978655108295688193
978885841580937217
979096156344143872
979246561774460928
979311839405363200
979551426530615296
979690242788622336
979705994505867264
979741143175921664
979831282975854592
979882623999926273
979979583054385154
980005792857448448
980084382806499328
980085659556859904
980148764550795264
980157193004691456
