1123386309316415488
1123390443234963456
1123392432010227719
1123395370678149120
1123397659090407429
1123403979906531332
1123404490781200384
1123406875784093700
1123411789688049664
1123414597380317184
1123418490952613888
1123419373023191040
1123422550174912512
1123438248225845248
1123452207297454081
1123455164692746243
1123464264642179074
1123478143602450438
1123482019995033600
1123487197401841665
1123487370651820035
1123490920689803265
1123496026449633280
1123498796749553664
1123504533198393345
1123513262069489665
1123515151217508353
1123520697312133121
1123521123029868545
1123522183219879936
1123522581808599040
1123523357360570368
1123523831715520512
1123534017318539264
1123534926333267969
1123541321547964417
1123544839340134401
1123545375183392768
1123547728213155841
1123548926035025920
1123552269537107970
1123558535814680576
1123559137714081793
1123560100315127808
1123560833047572480
1123561170261221376
1123563769899175936
1123565174584238080
1123565345367822337
1123570746717024259
1123570784017035268
1123573595056349184
1123574608412672000
1123578136648716289
1123580375156977666
1123588334859763713
1123589686134358019
1123594797929787392
1123595778289819649
1123597174170800135
1123597434267922432
1123598314585325568
1123598410953551872
1123598991134879744
1123600036770799616
1123603094409859072
1123604478953844736
1123604666862919681
1123605700339355653
1123607631413817344
1123608949062651906
1123609769229586432
1123609792298344448
1123610375759585280
1123616089060069376
1123620245351030784
1123626871499837440
1123627129462296576
1123628245994205184
1123628964059045888
1123629787824652294
1123642308732313600
1123646791310876681
1123647461338304512
1123659016796803074
1123659975891542018
1123668695421718530
1123669242811965441
1123677131018514432
1123682282869538818
1123683576409665537
1123686876915875840
1123690496172396555
1123694808122449921
1123696012038742028
1123696657613377537
1123698312673144839
1123698614251995136
1123704009364267008
1123708426813673474
1123710957581213696
1123711207234469889
1123719696904335361
1123726947597656064
1123739480618426369
1123748445511196673
1123759417806217217
1123759449255157763
1123759651034730496
1123763322103435269
1123764694236446721
1123768731266617344
1123770964041449473
1123771480200876035
1123774711643672576
1123789814342594561
1123789974577582080
1123790018294820864
1123790476212080643
1123790528238190592
1123792393025871877
1123794930307088385
1123795731251384320
1123796097858715651
1123796115055362049
1123796362095726592
1123796579339722752
1123797689165074433
1123800378146000897
1123801222018891777
1123803165244129280
1123806165417246721
1123806674324738049
1123809720958181376
1123810028367089664
1123810218817851397
1123812981165428736
1123813402273566720
1123814651354021889
1123815073313644546
1123815272505380865
1123815565716611073
1123815731383164930
1123819295333605376
1123819808255037442
1123819931924160513
1123820104150593536
1123820632427380737
1123820953706926082
1123822115118026752
1123822449446014976
1123822571890388992
1123829882524524546
1123833065611173888
1123837894492401665
1123838016546590721
1123838103813226496
1123844231674695680
1123847098867290113
1123847632840024065
1123849526157115393
1123849641051738118
1123851705521778690
1123852820367773697
1123858994353909762
1123860984584650753
1123861597372452866
1123863327095103488
1123865548318810118
1123870291715866624
1123873682399596545
1123874687778476032
1123877173327269893
1123877537820573696
1123885810217103360
1123886226736590849
1123886588260384770
1123892538740543488
1123893660284801029
1123894804067364866
1123902714134634497
1123904198049968130
1123908766917853184
1123911002498662404
1123911372851564544
1123916473104257026
1123921553253707783
1123929383163633664
1123934624361656322
1123939894269751296
1123940828588724230
1123942274780553224
1123945860516208640
1123954798993268736
1123960266683822080
1123961050074951682
1123961848775233537
1123964720611057665
1123968939246141440
1123971903780261888
1123979414499471361
1123980246229880833
1123987595497750528
1123987922229891072
1123988571952766976
1123989701881409536
1123991770948349953
1123991950875668482
1123992577508769793
1123994536219480064
1123997209266151432
1124000631822458882
1124002066689609730
1124003103517310976
1124005227525545984
1124005395310231553
1124007235749916672
1124010937646817280
1124012370408484865
1124014355585146882
1124018255235035138
1124018554070863873
1124023604813946881
1124023650171129856
1124025011394813954
1124032935928188938
1124033226610233345
1124041692796026880
1124044847768317955
1124047738210070530
1124048201953218560
1124049551227346944
1124050694623903745
1124056679467954197
1124057106859081728
1124058513507069971
1124059964878794753
1124065852402405378
1124066760465031168
1124068232695025666
1124072372460556290
1124077119548555265
1124077145146494976
1124086165013970950
1124086740459900933
1124093924774219779
1124102150706085890
1124103116285259777
1124103376629841920
1124104225238052864
1124104971367137282
1124108328123154432
1124115381667287040
1124126806968340482
1124128302644572160
1124131919816343552
1124135699727339521
1124136078481313797
1124138577862860801
1124140858738135040
1124141660680548352
1124141688342102016
1124142232779612160
1124143520447643648
1124143595915595776
1124144181050585092
1124144863040028672
1124145970730688512
1124148733942403072
1124154157592719360
1124154174382362627
1124155194869047296
1124155625603121152
1124168515987001345
1124177621393133569
1124177733796474880
1124181611023667200
1124182114742571010
1124186561979895808
1124187221316161541
1124187946503032833
1124193652027248640
1124193732121722881
1124195163239092224
1124196897990643712
1124198103853047810
1124204160021196803
1124206115808395265
1124209409587068928
1124209659168968704
1124211763426119682
1124226520661151745
1124226889776865280
1124227604913897474
1124229874456125442
1124237097043361792
1124243623502065664
1124248711914123264
1124249059240304640
1124249400589426690
1124251083122016257
1124255543588081664
1124256229776343042
1124258575637860352
1124260326357262337
1124270464837345281
1124270962961260544
1124273462078578688
1124277468901322753
1124281676190900225
1124285612985671680
1124286794097414144
1124287182053806081
1124287531875487744
1124287725220376576
1124294556902727680
1124295776614666246
1124297568463331329
1124297622519472130
1124300171414843397
1124304594413215744
1124305103488540673
1124308710996807682
1124311035496808448
1124311100919566336
1124312064774877185
1124312458594803713
1124315015882924033
1124318274714365953
1124322685171843072
1124331280634654720
1124335558124290053
1124341600618995713
1124343284661248005
1124350320186839040
1124357410204868608
1124369089676419074
1124369400067497984
1124388034156195840
1124394710548852737
1124395895041220608
1124397412145963008
1124397575287787522
1124398587931131909
1124399765997981696
1124401168552267776
1124409651947171841
1124417794379014145
1124420986206588929
1124425403987300353
1124435188153327616
1124442687988539393
1124445743610249217
1124445959952445440
1124453587709337600
1124455579173511169
1124478276230156288
1124481720177311744
1124495843212443649
1124501038298349569
1124516011875561474
1124521842457370624
1124522153674723329
1124533472431935488
1124542588751454210
1124542741017518080
1124547437786554368
1124548241301729280
1124555675382665217
1124569116046577664
1124575134008905729
1124578327442882561
1124582946164240384
1124584952476073989
1124585981334650881
1124590815689498624
1124592651523616768
1124593029871017986
1124597568514560000
1124599803927642112
1124603992540053504
1124604569240121345
1124609505524895745
1124609830402945024
1124610505434206210
1124613199838568448
1124613299243556864
1124621088087007234
1124625765998505984
1124629015384424448
1124630957259218946
1124632741960568838
1124633097901871110
1124639818598588416
1124641384336506880
1124641504285192192
1124641550850568192
1124645736342118401
1124650205377454082
1124651325222866944
1124651891068108800
1124653689933901830
1124660769138839552
1124668035321729024
1124670265017950210
1124674446327939072
1124674747499982848
1124676469681283072
1124676698685861888
1124678119246434304
1124678232517828609
1124679950504562693
1124684434651930624
1124692998988664832
1124693742236127234
1124695630935359489
1124696577174425600
1124696788147900417
1124700283664203776
1124706468739993601
1124706921154469889
1124710152874156033
1124713926904541185
1124717728869376000
1124717901867560962
1124721013999251456
1124728222350860288
1124731596681035776
1124746727632834571
1124766353624326144
1124770461907218432
1124777289357701122
1124792935483047937
1124795065988202497
1124795183995002880
1124795211694116864
1124795944850067457
1124801020360560646
1124807570693197824
1124820938690895872
1124832707513446400
1124834901939957761
1124867482462900224
1124871194426134529
1124887108865290240
1124892822358904833
1124893544181682177
1124900222797094913
1124902206707326979
1124902474702381056
1124903362225295360
1124903465417879552
1124908632347308032
1124911281062981632
1124911589952348160
1124912382478835712
1124922831760969730
1124923352257196032
1124927838501646336
1124939564102111233
1124950650054479879
1124954407169294337
1124956150842183681
1124957526192218113
1124967978402045952
1124968037579276289
1124971343504728066
1124973697981403136
1124973870996434944
1124979339538333696
1124982258325184512
1124986133039996928
1124986256344088576
1124991404839718912
1124995108414414849
1124996558817300480
1124997082278977536
1124999350973648903
1124999961228271617
1125002828060221441
1125002832506232832
1125003374548672512
1125003727734226946
1125004726376988672
1125009484831690753
1125009925233446912
1125010705344811008
1125013601973145600
1125014741963821057
1125017011082412033
1125037467944402945
1125045658166157313
1125046835511480322
1125050375923486720
1125058125806092289
1125063164037607424
1125067638168641537
1125068652175294465
1125072086479921153
1125072822995263488
1125077697913339904
1125079900896079872
1125080071784620032
1125084241279238146
1125089219389591552
1125090356448702466
1125090903389900801
1125091536394436608
1125102662557609985
1125104349896511488
1125104948025233408
1125107253202128897
1125107912135852034
1125109279537524736
1125110129240813570
1125112027989438464
1125112382420934656
1125115195142156290
1125117764543418371
1125118417206484993
1125123249866706944
1125124642392432640
1125130546261131264
1125130938881646593
1125131017310887936
1125136633248960512
1125137084371623939
1125139440693805057
1125146272027910145
1125149308238610432
1125158993305825280
1125169934550671361
1125171879449432069
1125172649947217920
1125184551293214721
1125190482475257856
1125206135588306944
1125212096558329856
1125219609815048192
1125224562348756993
1125227875521589248
1125229874535456768
1125236143375691777
1125238883040542721
1125240299884875776
1125245047853572097
1125249616583249920
1125250041994674176
1125255371721863168
1125266263486488576
1125270545421836290
1125274153441988608
1125274254885445632
1125283376234225667
1125294185354006529
1125294350647345152
1125309520568209408
1125318875145334784
1125326600323649536
1125328298475528192
1125329478782210048
1125335185539493888
1125335629301108736
1125335782850465792
1125336622508257281
1125340783249362945
1125352385998508032
1125355763646517253
1125360270824693761
1125364046696517632
1125364117408223233
1125364127080308736
1125365141250412545
1125367532863410176
1125368282804916224
1125370852638363648
1125372250616520705
1125372813701939200
1125374351933501440
1125377094593253376
1125385669117923328
1125388368878219265
1125388612139474944
1125390797803851776
1125391240718163970
1125397459218456578
1125398709271973889
1125402563677970432
1125403050456297473
1125404386501496833
1125406646413299713
1125407400977149953
1125409803893796867
1125412301589372933
1125418137111777281
1125418502041550850
1125420135156727808
1125421257275654144
1125422202239606784
1125425780337541122
1125433306248568832
1125441560647294976
1125449497100849152
1125450442081742848
1125453685520252929
1125453941397913600
1125454288673738752
1125461512007618566
1125466089285140480
1125468969572478977
1125477814944391169
1125477918120062976
1125479574307926016
1125480378930728962
1125481305435713537
1125487668190699520
1125487989910589440
1125488228973383682
1125489573688221696
1125492461881778178
1125492559155990529
1125505263702663168
1125508562128703488
1125510799777304577
1125517730436853760
1125527914206855168
1125528887298002944
1125531409349844992
1125535454307258369
1125542292734009344
1125543687629312000
1125544168812568576
1125544951067160576
1125547194159779840
1125548223467327489
1125550019828965378
1125568691243036673
1125571302612459521
1125574765845078016
1125580931882999810
1125581601721716736
1125587317459173376
1125588617554997251
1125588951836889088
1125606003351756800
1125613863498420224
1125646368096309248
1125657526605950976
1125665088076226560
1125665639643766784
1125667290542899200
1125669630507274241
1125670955156635648
1125682553158078464
1125684836079943680
1125688694151761920
1125698461804912641
1125701072696283136
1125702003827662848
1125705971240701953
1125707101597097984
1125708548200177664
1125708573806174208
1125708716400160771
1125708906821382144
1125711877777047552
1125712790143025155
1125713950883176448
1125723940909912064
1125732012822859781
1125732266183942145
1125733895658459139
1125734087740751872
1125736935677415427
1125737423047098368
1125737740585394176
1125738071092277248
1125739063451869185
1125739507217620992
1125742244395241472
1125743110112272384
1125743926751694853
1125745114557456386
1125747130654576640
1125747420183142401
1125750824280449028
1125751211397976065
1125753369388302338
1125754100879065088
1125754299697573889
1125754993020215296
1125755112117268481
1125756205987770369
1125757325875269632
1125761940452601857
1125765587378925569
1125769257399275520
1125770917513027585
1125772054362492930
1125773020067520512
1125776067715792897
1125777200152596481
1125778700799303680
1125780503179583488
1125781656172933120
1125783878743072769
1125787201055469568
1125792001042145282
1125796215176728576
1125797115697999873
1125797918353395712
1125810914811363328
1125813377731825664
1125816600769253376
1125817004940824578
1125818887780614146
1125819106295463937
1125819230446850049
1125829795483410433
1125830059720421376
1125837563326083073
1125842669039640576
1125848359460384769
1125848536866803717
1125860859350274049
1125864034836856833
1125864809113763841
1125871145440481288
1125875424871866369
1125885374184792065
1125909114817843200
1125912389700993024
1125915178074353664
1125915637342191616
1125926309337628673
1125926755515002880
1125932427988361216
1125934260370591744
1125936593783742464
1125950786054176768
1125958303928840193
1125964646970560512
1125964757708824576
1125969560606130177
1125971765547507712
1125979819034865665
1125985130806489093
1125985383202816001
1125985679341699072
1125986463743500288
1125986739619880960
1125988124994211841
1125991019084828672
1125994517235216384
1125997495929249792
1125999532230291456
1126006665508089856
1126007173857914880
1126010444160872448
1126012622665424897
1126014986525003776
1126015050316173312
1126019059265490944
1126020541935022080
1126021663492067329
1126022036365570048
1126024363357065218
1126034071094726656
1126036316238548992
1126043098495119361
1126043121551327234
1126043293928886273
1126045628469891072
1126046571362000896
1126051332316483585
1126058747153879040
1126060071140691969
1126068166990471168
1126079811212853248
1126085863207768064
1126089405855354880
1126090641774194689
1126101769249968130
1126102627400454144
1126103443670568960
1126116464413614080
1126116877116289031
1126117627309559808
1126118218207199232
1126120272858206208
1126121102068080640
1126122192624922625
1126122898039693312
1126122902238126080
1126122905623040003
1126122980277465088
1126134813214355456
1126135827397001223
1126138711433981953
1126141922559578112
1126143422329442308
1126146128620204034
1126146322392809473
1126146529591476224
1126147383551832064
1126149415708708864
1126150126236524545
1126151539272216576
1126158691810648064
1126162043092869120
1126162869777784834
1126165224871084032
1126178697202098177
1126178777908822022
1126179652035317760
1126179698596302852
1126180617563938816
1126184199294156800
1126184650773340160
1126189173495484421
1126190686389317632
1126192898465202178
1126196279934169090
1126204847190171649
1126204977238761472
1126207148210442242
1126208037398700033
1126208275639349248
1126208379238502400
1126212983741394946
1126214658120196097
1126217592434196480
1126219315856977920
1126219876249501699
1126221240237199362
1126222547568209923
1126224272299646978
1126224755051376641
1126226692413038592
1126230854836133890
1126236036064059392
1126240669067034624
1126242472638726145
1126244439335288833
1126244723700764672
1126246487015481347
1126252408928182272
1126256485363855367
1126256730730528770
1126259511570907138
1126260844952739840
1126261700141785088
1126262365794787328
1126266466570051591
1126266646081835009
1126267277333147648
1126268871999131649
1126269677704032259
1126273848553496576
1126275259924086789
1126276597496127495
1126277555475161088
1126280920984694784
1126283118380486656
1126283785266327557
1126286542186500096
1126287240961888258
1126292011546435584
1126292262357536768
1126292397007233030
1126293012613611520
1126294821302415361
1126295284378632192
1126299608706093057
1126302623156645888
1126303854994190338
1126311981906927616
1126318035114037248
1126320360452964353
1126321039070261248
1126325975359164416
1126326039108562944
1126326210248601600
1126326364577992704
1126326591900905473
1126329368970657794
1126329584549539840
1126329799297961984
1126333214295871488
1126337267146973184
1126338223960219648
1126338895061368833
1126339040167514113
1126340265747337217
1126341078620049409
1126341588639154176
1126341929652740098
1126347810457116673
1126355172735770625
1126357524893130752
1126358131406020609
1126358180357795840
1126358492950945792
1126362148702056453
1126362280751505408
1126364445511507968
1126366045634269184
1126366330117021696
1126366696174948352
1126367505650409472
1126368835693465600
1126370518028947456
1126371727636934657
1126373368578674689
1126373927993917440
1126375033662607360
1126376116992782337
1126376330084274177
1126376892527935489
1126378713275355137
1126382230186725381
1126382801052286976
1126382837102460929
1126382961249488896
1126383605498957825
1126384347051954178
1126387969659736064
1126393446590185472
1126394144107171840
1126397481519022080
1126399693187977216
1126406859554869248
1126412253874540544
1126412401480491009
1126412706385416193
1126423326413533184
1126426417623896069
1126434030256148480
1126437525378215938
1126447379908104197
1126452184047075328
1126452408043937792
1126453689793884160
1126456000045834240
1126456309560283138
1126465227640451073
1126467356513980416
1126471026555138049
1126472025319649284
1126472169905639425
1126473314120216581
1126474480983969792
1126479733900943368
1126484489436266497
1126487832690708480
1126490756569554944
1126493777286377472
1126494289842692096
1126495641226567680
1126495815705382912
1126501165544263680
1126501264127225857
1126501839585861632
1126507203676872705
1126509154024058880
1126509802903891968
1126513994255294466
1126515633364058112
1126519678795493377
1126521878527430657
1126528660905836544
1126538116943060992
1126548086396837889
1126548278902870016
1126553397237288966
1126556439080853505
1126557607483678720
1126558822145851392
1126563636347056128
1126563865368694786
1126564665658572808
1126565054470443008
1126566560640978944
1126570757860077568
1126570994435534848
1126571190632501249
1126572876763750400
1126574153161637888
1126574460159635461
1126574512621879297
1126575581716414464
1126581354131611650
1126582154216005632
1126582404603416577
1126585395582574593
1126598741841076224
1126605388563062784
1126617590200188928
1126624668511817728
1126626320664940546
1126627780693774338
1126632958985744385
1126636846690254849
1126637525294927873
1126640742779240448
1126644638834499584
1126668234730528768
1126668807282491392
1126670114210947072
1126692582690414592
1126693856479596546
1126696819344330752
1126697675821158402
1126705222233935873
1126706230968193025
1126710458713378816
1126710623637610496
1126712028305842176
1126722480947617792
1126724798703230976
1126724835625693186
1126729577298948102
1126741013907689475
1126743669753597953
1126747830410928128
1126756466948431872
1126760088746676224
1126774700858675201
1126785310778691585
1126786564451778560
1126790245775659008
1126792219095126016
1126792266822168576
1126793078638022656
1126793342728253440
1126798297589481474
1126799244269166592
1126801246629834752
1126801876597583872
1126803999355756551
1126804038341804033
1126817864437071872
1126818077520334849
1126818640383205378
1126822147677216769
1126829524627415040
1126835591361040386
1126836178894741504
1126843161962115072
1126851267874238464
1126852035033411585
1126863339508965382
1126876422373543937
1126883919230578690
1126886563793854467
1126891908582838273
1126895206362750979
1126896077293150208
1126898498379681799
1126898845563146241
1126903119139483648
1126914912670732289
1126915957824335873
1126916409202749440
1126917044920823808
1126917322701250560
1126917338643795968
1126919210586771458
1126925369922281472
1126925384174456837
1126926639932243971
1126927361134428160
1126937731345600513
1126937959108874240
1126941554902540288
1126942528408825856
1126945940860997637
1126949219980521472
1126950307127275522
1126958477232963586
1126961348645130240
1126964517865312261
1126971003115118592
1126974968401674241
1126982759744978945
1126982942457131008
1126995434067636225
1126995470562287622
1127002420519755776
1127014354174365696
1127015591888523264
1127016905578098688
1127034356785188864
1127034430206500865
1127048834687864832
1127052199383539712
1127055653795766273
1127057068974755840
1127085150674857984
1127085904378548224
1127089186832408576
1127090250730299393
1127099855468421120
1127108027666976768
1127116434314801152
1127126034522918913
1127127791651172353
1127128321366556672
1127132053894520833
1127133766017622016
1127133868782342144
1127140385862692864
1127140630029852679
1127141274237038592
1127141322035347456
1127144258052476928
1127149593622405120
1127149597414055938
1127149697469169664
1127158972086194177
1127159680101421056
1127161535938187264
1127163166797062145
1127164572740120578
1127185897437503488
1127186983745392640
1127189918491525120
1127192140394770432
1127195396990570497
1127196027096846337
1127197287904686080
1127202370990092289
1127202541261991936
1127209642206142464
1127212020707627008
1127224481662021632
1127230100611764224
1127231593964138496
1127232298162753536
1127232932152774656
1127235853703630848
1127243398828548096
1127243898789613569
1127248479384932352
1127253626131496961
1127256037080338437
1127258122521853952
1127261905859620864
1127262643557994498
1127263475691139077
1127264887921610752
1127264904707289089
1127269265906782208
1127270973445689344
1127271505266663424
1127271569280180225
1127271932670431233
1127272929241325572
1127273050850852864
1127275703337213958
1127276871467589633
1127278534102323200
1127283315185156096
1127283740894429185
1127287980920659969
1127290022284156928
1127297597180448769
1127298711187533825
1127302215964790784
1127304616780210177
1127328140949360640
1127328433346727937
1127339705903865858
1127341943585828864
1127343480794222592
1127352570270425088
1127352675530526720
1127372479381540864
1127388874471354368
1127397567686275072
1127398155195224065
1127399138377830400
1127406014066831361
1127414542949081088
1127415088997175297
1127415150112378881
1127417679269093377
1127429791605579776
1127433182700285952
1127446459324846080
1127452698163523584
1127465103035588610
1127471211192176640
1127479777328340992
1127481487635271680
1127482106324582400
1127495223158956032
1127498664560214019
1127501267155054592
1127503230924206081
1127504841515913216
1127508697767452672
1127508800959864832
1127534812355383297
1127539107725545472
1127547008116559872
1127554229969801216
1127559083618230272
1127560063323975682
1127567950096023553
1127568076545957890
1127568691426615298
1127577385224818689
1127577616880369665
1127591867586088966
1127593639562051585
1127595195766378496
1127595453179146243
1127596473216933888
1127598869095833600
1127599444889784321
1127604030111305728
1127608340194848768
1127610064968331264
1127610131133321222
1127615446604185602
1127619576299118592
1127620264018182146
1127622070140047360
1127624496628633600
1127627008194809857
1127637918472986624
1127638262758043648
1127638821032558592
1127643688925106176
1127645844822532100
1127651044081770499
1127651696883175426
1127652690329313280
1127653291364691970
1127654988384219137
1127660706080280576
1127661289080348672
1127673528462061568
1127680095060148224
1127681746366029829
1127683424075046912
1127690452323323904
1127692803058880513
1127700705869955072
1127701149228916736
1127702108453703682
1127702419247230978
1127723957514321920
1127748226080169984
1127750413002764288
1127760433610481664
1127761711186862080
1127762882450509825
1127762927967064066
1127769518485299200
1127770122020687872
1127774654796640256
1127778009019240449
1127779232061566977
1127779479114305536
1127787003259412480
1127788424021336064
1127790014354509825
1127798738083123200
1127804690643603457
1127814361047871488
1127816496762114049
1127816797078441984
1127816943883509760
1127818387151671296
1127824352714665984
1127834257991270400
1127834404359942145
1127834737802915840
1127841138746880002
1127843149471154176
1127843727026814977
1127845108618018817
1127845128368947201
1127847269301092355
1127850236175634432
1127860362047578113
1127861651821158400
1127864886246068225
1127866419897495552
1127870155474604032
1127870172553809920
1127872932816928768
1127874011168272384
1127876218198511616
1127878121603194880
1127879506201542656
1127881069326422017
1127892938367717376
1127902082797846528
1127902767324979201
1127904339211825152
1127905689068867585
1127907442283634688
1127908844842229760
1127911276661882881
1127911684826386432
1127912211630972928
1127915114101968896
1127915606060281856
1127915647164407808
1127917685180964865
1127917729250516993
1127919552510287873
1127920001376243713
1127923352130203649
1127923514437193729
1127925898462801920
1127925901017145344
1127925947544551425
1127926016746434561
1127927868380598272
1127928690623565825
1127928965795069953
1127933073679581187
1127934006475890689
1127934143638265856
1127934597898043394
1127941421615460352
1127945284544110594
1127946453488246784
1127948110582484992
1127951394751881218
1127952175802482689
1127952198451773441
1127952490379431936
1127956273612378112
1127957366476029953
1127957530674704384
1127958133756895234
1127959440622280706
1127961986283732992
1127971641579929600
1127972078194315273
1127975554827870208
1127976287170121728
1127977253130973185
1127979971849392128
1127982969036136448
1127983642284830720
1127991367387439109
1127993355034669056
1127993498060361728
1127996989008822272
1127997871498776576
1127998286722412544
1127999561367203843
1128001372471922695
1128003114341003264
1128004617583853568
1128007197106032641
1128007347652030467
1128007926566801410
1128008229731098624
1128009021192122368
1128009936380653571
1128011206864904192
1128013803138928640
1128014943142330368
1128017892165988353
1128021426701783042
1128024079573762050
1128027271682375682
1128028394275389440
1128028436637687808
1128028655584784384
1128029708971597825
1128032053818155008
1128033554091454471
1128034746540314626
1128035014569091072
1128035729672736768
1128037292919050240
1128045076695982081
1128045180307816448
1128051476369166337
1128056365262495744
1128071040272408577
1128071469785915392
1128073440693342208
1128076883348926465
1128080081941876737
1128085382292213760
1128088014616449025
1128088843016646657
1128092993246748672
1128093031188459521
1128096491724263424
1128105558555406336
1128109387971727363
1128110995614904320
1128116366438014976
1128119688314093569
1128121209613193217
1128126016290004992
1128126909647400961
1128129602537156608
1128129936261373957
1128130918584127488
1128131999162441728
1128132182726176768
1128132390365356033
1128132820700995585
1128133549679366145
1128134383926431745
1128134798302699522
1128135352378589184
1128137074127908865
1128137459584385024
1128138035068063744
1128138626049638400
1128139494249467904
1128141516738834432
1128142058227736576
1128142340529565701
1128143262416379904
1128145845688385537
1128150309690171392
1128153659252985857
1128154495165325312
1128155236307230720
1128156678736760833
1128158649203838978
1128161939241222145
1128162430364708864
1128165902443216896
1128167407766339585
1128167839779704832
1128171641484259328
1128173929908936704
1128177604131901440
1128180981805006848
1128181269093867520
1128182636017606659
1128184556165660672
1128190221844123648
1128190356888047617
1128192052221632512
1128193068358950912
1128193975733620736
1128197060652486657
1128201959175884800
1128202594638233600
1128203112626442240
1128205174131036160
1128206025998209025
1128206219334885378
1128209510592417792
1128214787458990082
1128214936793100288
1128216075970252800
1128217462590386176
1128217739011788800
1128217794355585024
1128221426626985985
1128224054769532928
1128228391914811393
1128229022083633152
1128229656249946112
1128231054249287680
1128233408080089089
1128234799741665280
1128239057811779584
1128240788373217280
1128241492584271872
1128241595290198016
1128241761850142720
1128242690926288896
1128244054897115136
1128246513841377281
1128246610918563841
1128247477197529089
1128247828525002753
1128248599840731136
1128249084723310592
1128250381170106368
1128254214344531969
1128256139248799745
1128256850040848385
1128264448454664192
1128265856138584065
1128266052763312129
1128268523225194499
1128268992978796545
1128269851947085826
1128270366604812288
1128270535371182081
1128270878712705025
1128271124503126016
1128271837119569920
1128275801982607360
1128276396177068034
1128276529308422144
1128280337157709830
1128283010749669376
1128285104697163776
1128285442187698181
1128288553094479873
1128288992254930944
1128289075729846272
1128291560435650560
1128291995305369601
1128292468489846788
1128292760837152768
1128293346772946945
1128296135192449024
1128297334310236160
1128298389156827136
1128298637069438976
1128298696192425984
1128298809027514370
1128300545372852224
1128301580619481089
1128302465181540352
1128303168566116352
1128303510418706433
1128304374432722944
1128305799678263296
1128309487729881090
1128309552720621569
1128310784994566149
1128312379706683392
1128312508022964226
1128312624620421123
1128313022240309249
1128314675651907584
1128318373769748481
1128320544338788352
1128324832561700864
1128326254875353089
1128327795308994560
1128328565513162758
1128328721121910786
1128329851910463490
1128329997037527041
1128330637079871488
1128333533234323464
1128334666950500353
1128335358595223552
1128343372249354240
1128343493464743939
1128343706086416389
1128345928551882752
1128346122018328579
1128349558591885313
1128350559180705796
1128351383365857281
1128351812963184640
1128352187426406400
1128358910455365634
1128361255473823744
1128361744957681664
1128364723764785153
1128367502084407296
1128372502948921344
1128374899993497600
1128377231598702592
1128378647188951041
1128385943596146688
1128386442273742852
1128391711598755841
1128392995030622210
1128394145003864065
1128395623600918530
1128398568434348034
1128401848791175169
1128403205237481473
1128407386706849792
1128407737606574081
1128407751011467264
1128411422713634816
1128412478008909825
1128413459476037632
1128419965193920513
1128421106543661062
1128431292826181632
1128439475086839808
1128443520467890178
1128444217129426944
1128449185387204609
1128452316770852864
1128453262993121282
1128454853494095873
1128456346217648129
1128459478104444928
1128460666770034689
1128461840353087489
1128463952168591361
1128466309392490496
1128468130148356096
1128472097510965253
1128476855961563136
1128479163680092162
1128480997857734656
1128484197155377152
1128491920215412736
1128492351393894400
1128508030952398848
1128511739576901632
1128521492583419904
1128523523465465856
1128528074725892101
1128529699599200256
1128537244304850944
1128539828402868224
1128540629569613827
1128540687807463424
1128549494193303552
1128550023917125632
1128554195148255232
1128561610702905344
1128562428575399938
1128568941058641926
1128570473682391040
1128570714406182912
1128576585601175552
1128578379513565184
1128584963723538432
1128586556296581121
1128594348017197056
1128596584885817345
1128601188184649729
1128601817690992641
1128605416399822848
1128615009200803841
1128616279647109121
1128619856578977792
1128619968562585603
1128628229311320067
1128630580575395843
1128634737600471041
1128637405106507777
1128645367564853248
1128645369678716928
1128645810084818949
1128647557213761537
1128647697525891073
1128647884990185474
1128649790475124736
1128650452323770370
1128654202060849152
1128655865916141569
1128656781956329472
1128669404286341125
1128672270254333952
1128674811163676672
1128674951681257472
1128675640683704321
1128676316499316736
1128676581591986177
1128677372226621440
1128678862462889984
1128679281473802242
1128680765829668864
1128681052308942848
1128681995171782658
1128682362588549120
1128684123361509376
1128684400198045696
1128686547266560002
1128688640652193792
1128690494115143680
1128693047619915777
1128695848139988997
1128697576612618242
1128703036757438464
1128704714026246151
1128704716551094272
1128704880984588288
1128705965203832832
1128706728558780417
1128708527936163841
1128709833199210496
1128710505647026176
1128711291953139712
1128711497067237378
1128711666928095232
1128711861698998273
1128711896356610055
1128714441036423168
1128714989685104640
1128717526391717893
1128719725863682048
1128723432814796800
1128726012307464192
1128726312212787200
1128732952597225472
1128736963203350529
1128737108326174720
1128737894359867393
1128741848334458881
1128742319342149640
1128742727024300038
1128744251104399360
1128745285948145669
1128745612290215938
1128758098317991936
1128758171307315200
1128760326747504641
1128760843053797378
1128760949601710081
1128763909509398529
1128775772674711558
1128782086876401665
1128785806313885701
1128786090259824642
1128797216058093568
1128807292873220096
1128808652238802944
1128814776778407939
1128820535989870593
1128821588344729600
1128831419365646336
1128847706267574272
1128849681763700736
1128853066986524675
1128853977590849538
1128860209898696704
1128864574067732480
1128866980780564480
1128869518330146817
1128879648836915200
1128883320941625344
1128883601523838976
1128884071717900288
1128885954121326592
1128886373136576513
1128889024754569217
1128905814545031168
1128913464989237249
1128915348533784576
1128924502266654720
1128927840953655296
1128927962596872193
1128928677129904128
1128928989341519873
1128932926945730560
1128935621395828737
1128936274591735808
1128942998736125952
1128946894418403328
1128953542822309888
1128957032059592704
1128960129104322560
1128966149637455873
1128966487270539264
1128967642813833216
1128967878537908224
1128970466000015360
1128982258852007937
1128983665088880640
1128991312181649408
1128993732215353344
1128995677965389826
1128998073777229824
1128998153846439936
1128999180599463936
1128999523165122562
1128999621005664257
1129002356975124482
1129002851471020032
1129005586161524737
1129008920222208000
1129009268320022535
1129009459609657350
1129010877276086272
1129012044118855682
1129013715125309440
1129014093044756480
1129014925613867009
1129015506537766912
1129016435127140354
1129019522164428800
1129022031180304384
1129023770151202818
1129023939307560960
1129027029532401666
1129028831824764928
1129034424920809473
1129037781630574592
1129038557593657350
1129042135028834305
1129042225927729153
1129042956546203649
1129048347921276929
1129048692672094208
1129054216155271168
1129054456493092866
1129055309627101190
1129056350661746688
1129062573196881925
1129062808207933443
1129063949465468928
1129064084933156864
1129064709888520192
1129065297942601728
1129070961922330626
1129071510537289730
1129081335681650688
1129083307050901505
1129083948745875458
1129088874960048128
1129098341936029696
1129098886667280384
1129100991897513989
1129112980044562434
1129113832738238464
1129116501112381442
1129123950229970944
1129129183500734465
1129129844095225870
1129135806273196041
1129136969538330625
1129136975578050560
1129143425654231040
1129143539764551690
1129153900530032640
1129154251157049344
1129158786894032896
1129160460819763200
1129187544300687360
1129187580275232769
1129188530780024833
1129194455230078976
1129197798107340801
1129200841473318917
1129233629194936321
1129236160897789952
1129248530713858049
1129250956313530368
1129252702779785217
1129253022838792193
1129258170499588099
1129274225032929281
1129281001367072768
1129285029983596549
1129285126834278400
1129286172080054274
1129286474912948224
1129286934608666624
1129292939161739264
1129296656568995840
1129301569810251777
1129305116916551681
1129309434965106689
1129314273916796928
1129316629026750469
1129317472086241280
1129319078508847104
1129322014072819714
1129322433520050177
1129329531511287808
1129333476283625472
1129340273136427008
1129341926988242947
1129345590293278725
1129350821152514049
1129354709129728006
1129368943301398533
1129371113019064320
1129374210122555392
1129377744628920321
1129387502291300354
1129396202083160064
1129399480388849665
1129412536401481730
1129420207234134017
1129425113038897153
1129427305800118272
1129430175584804865
1129430708215308288
1129430893884346368
1129431932247400449
1129438773522116608
1129440112708915205
1129441085284134912
1129442157402710017
1129447097873440768
1129456285924044800
1129461551445008385
1129472060709888000
1129473956514279424
1129476664797335558
1129478397472706560
1129481919417204742
1129486184718176259
1129487750766440448
1129495946826403840
1129499882341974016
1129502899296452609
1129504352664805376
1129505752698241024
1129527538366242817
1129528996713119744
1129538493464682496
1129539851995402240
1129544272481382400
1129546177001730053
1129552031868424192
1129552613140291584
1129559409179467777
1129561964781494273
1129577491662757893
1129582851970674688
1129587428396658688
1129589623640825857
1129591301068992512
1129591677646123008
1129591943539724288
1129593138841096192
1129593294961483776
1129593726131687424
1129600444563677184
1129611593451483136
1129617903794311168
1129618004851867648
1129621651404992519
1129626168691322882
1129627669371375616
1129630271127425024
1129630696417349632
1129632232765763584
1129643096038182912
1129647874604584960
1129649600154013697
1129655982177628160
1129658914415534081
1129661669246873601
1129663926189330437
1129668088650182657
1129676250681753600
1129676429002649601
1129677770764591104
1129677993880670208
1129680130077446144
1129681915991285760
1129682894530711552
1129683829436887040
1129684282409144320
1129684429654364162
1129691236560977920
1129692306968334337
1129695296257232896
1129707808671322112
1129709484304023552
1129709945690238976
1129715591227617280
1129716541963022336
1129716973657452545
1129719849679314944
1129720092030263297
1129721716568203264
1129725940647518209
1129727077333241859
1129732266090016768
1129738732595273733
1129744289062371329
1129748969888845824
1129750249583648770
1129750485777260544
1129750788987858948
1129751816164524033
1129753212439937026
1129757668481093632
1129758825253412867
1129759645273346049
1129761907240517636
1129763150419636224
1129764325269397511
1129769351391961088
1129776538222780416
1129783824982913025
1129790552495538176
1129795579100389377
1129796629786189824
1129797949720940544
1129816736461549568
1129839493878558720
1129840419599200256
1129841486609211393
1129849006165766144
1129867517726470144
1129888060144062470
1129888582368485376
1129909398657294338
1129909702765219841
1129909853793804288
1129911324308320256
1129918857265799169
1129918973863223297
1129927911916617728
1129929187849113600
1129929913463521280
1129938273118375937
1129942246797615104
1129948540787077120
1129959321393979392
1129965380527710208
1129976003336527872
1129982861929603072
1130003524723650561
1130007920375214080
1130008239150698496
1130009481063030785
1130018754920951809
1130024750015754241
1130029464824504320
1130030937998340096
1130033995528507392
1130041391340556288
1130052087541313536
1130061156591263744
1130066526554341379
1130095026191704064
1130097131551903746
1130102517428310018
1130105200319115265
1130106838412873729
1130106875385532417
1130110865494007816
1130111158143217665
1130118451085881344
1130119557207793664
1130124658760704000
1130129530016870400
1130133171591270400
1130135314364882945
1130137733647568896
1130138586362404870
1130141237942603776
1130142117962178560
1130143997421244416
1130144534728466437
1130146342460952576
1130149986065440770
1130150562899611648
1130151990078582784
1130161267489026048
1130166099323097088
1130172157760352257
1130174740411441153
1130175436728733696
1130176750732939264
1130180464277221377
1130183138267807745
1130184481254412288
1130186421132713984
1130190667865567232
1130203537483415562
1130205829448249344
1130207384276676608
1130209372771094530
1130215170591133697
1130231722925277184
1130231988462456832
1130240938687602688
1130251945413939200
1130255042475376643
1130262539986722816
1130263950350868483
1130267675702300674
1130286045495472130
1130298753410379776
1130310174927933441
1130310827972521984
1130318212879593472
1130327944503734274
1130334854195941377
1130339829047353344
1130340780743254016
1130344902909341696
1130347560378486784
1130351235876511745
1130366078696284160
1130372615930097665
1130375748974469120
1130375979363426304
1130389240741806080
1130390746257940482
1130394975517204480
1130396626667884544
1130407188747431937
1130410351269470209
1130416936712515584
1130419055368769536
1130419816974692352
1130424271719870464
1130427044574240769
1130428057297330177
1130428510059810820
1130430463347253250
1130434498703839232
1130436034666422278
1130436842896187394
1130440152621441024
1130445067091664897
1130445095185129474
1130450531435073537
1130453814522372101
1130455896373567488
1130458268239847425
1130459521929895937
1130460426225872896
1130462481015615488
1130464101795356673
1130464903217766401
1130466115354877954
1130474819928154112
1130477177009516544
1130482065047212033
1130487083104030720
1130488972663296000
1130490879842705414
1130490952450224128
1130493213918224385
1130493958008840193
1130501819606683649
1130503719387303936
1130503979883028480
1130510190372151296
1130514814810435590
1130514980086984705
1130516230186643461
1130518053861711873
1130525360318177281
1130528374366064641
1130532052766474240
1130532180273389568
1130540495485194240
1130547550711361537
1130551868340314112
1130552939548954624
1130555481317994499
1130555668388306944
1130563845309644801
1130563952964964353
1130566426853556228
1130568526866124800
1130583568051298305
1130592135307304960
1130595804933185538
1130606484029681666
1130609808015413249
1130620990898225152
1130645660506705920
1130648455179898880
1130654170346770432
1130656701596594176
1130662059413188608
1130662501081726976
1130672666799534080
1130673048493756418
1130676999113125889
1130677561132953602
1130683118573121536
1130683233698320384
1130687717203881984
1130695566449696769
1130696999198552064
1130699745213788160
1130702225754472448
1130702689644437504
1130703895750238213
1130705957418360832
1130707161690939392
1130707651623608320
1130709481866899456
1130710641717784576
1130710834559246336
1130711332397805568
1130711685172518912
1130714498698842112
1130714551975108608
1130715600110673920
1130715621497479168
1130716055611928576
1130716627320762368
1130719434555969537
1130720465943760897
1130720975958364160
1130725363217133569
1130725559472992256
1130725805682810880
1130727386968756225
1130728532412370947
1130728993353867264
1130732392010768385
1130733852047994880
1130734254298525696
1130734448884867072
1130734536550019073
1130738393237708800
1130738792091004928
1130739631803121664
1130740458513215488
1130740828442202118
1130741150371991552
1130741789361524737
1130742480570343424
1130744845352333312
1130746957985603584
1130749416279724033
1130749955256152065
1130754702357008385
1130756735751344129
1130758436143140864
1130759258629451776
1130765262779748353
1130766445162442752
1130770766511902721
1130781240171405312
1130782060308680705
1130782110040543232
1130783960131297281
1130786982559244296
1130788092384669696
1130795031445377024
1130795621974253568
1130797903704776705
1130805104448290816
1130808838645374976
1130811441634615297
1130815063005192192
1130815488932634624
1130816273464659969
1130817140439883776
1130817572029337600
1130818230119993344
1130819891064389633
1130820338189766658
1130822910204108800
1130830365499613184
1130830495116419074
1130833764576354306
1130835019063341058
1130835082435026948
1130836716921720832
1130838060374134784
1130840163385372672
1130842897228546048
1130847005578735616
1130856002746605570
1130857452327432192
1130859427840561152
1130869306797961216
1130869647677411328
1130870659750301697
1130872633191522304
1130875106148749312
1130881595148328960
1130882866852827136
1130884128092565504
1130886665654874112
1130888030032670720
1130888095082176519
1130888192377233408
1130888280457633792
1130891546956578818
1130897012583542785
1130911179268689920
1130914242767441920
1130918023504773120
1130918356985548800
1130920281717927936
1130920599042138114
1130921295930171392
1130923137414193152
1130924956282441728
1130925315734343680
1130926336191549440
1130930488573616129
1130940623270367232
1130943489229828096
1130945574214217730
1130956091431559168
1130982746652852224
1130984110799892480
1130986727470981122
1131001738058772481
1131004899301347328
1131019235419774978
1131020791515107328
1131021463123877890
1131021681122775042
1131028678886866945
1131038058617352195
1131039630747348992
1131044099262275586
1131048919377465344
1131062873818460160
1131064080083574784
1131068471947567105
1131075464263479296
1131076901978513408
1131081512017907713
1131086166856540160
1131088791270174720
1131095017278312448
1131095454320513024
1131096402644393984
1131096668580044801
1131096944569270272
1131097075876335616
1131098445266055168
1131105435098861570
1131107200632590337
1131108306074910720
1131110796245778432
1131111673694232576
1131111854057693185
1131117264692924416
1131118743092908032
1131120103829983232
1131121525694836737
1131124465784504320
1131126108819054592
1131126244697935877
1131128416114290688
1131130420005888000
1131135618120146944
1131136476694102018
1131137332768333824
1131137400300695552
1131140992701227008
1131141094480203777
1131143667190829056
1131146609314738176
1131148916127391744
1131149177486958593
1131150599356071937
1131151417253728257
1131152092544946176
1131153178421022720
1131156725539774464
1131159542467842048
1131165768064872449
1131166709275156485
1131167699550330882
1131169896526598145
1131170096150405121
1131174020349669376
1131174994258649088
1131176171624906752
1131176177484423168
1131179218786803712
1131180001443930113
1131182423616708608
1131183180579528705
1131184293773008896
1131184722363727872
1131184818157436928
1131185729093218304
1131186471157870593
1131186714008018945
1131188328785686528
1131193545254158338
1131195251916513280
1131198206795309057
1131210666394566658
1131212899870023681
1131216596855341061
1131223885179957248
1131231531404595200
1131234028235960320
1131235432509915136
1131235833149890560
1131238459971133440
1131239379765215232
1131240400654487552
1131240457688821767
1131252179942150144
1131253507011600385
1131256365060677632
1131261403644538880
1131262661079863296
1131266035296874497
1131276816025628672
1131283451871731712
1131285155962851328
1131288187211403264
1131298948541497346
1131300811341008896
1131304344102551553
1131304519000842240
1131306213063430148
1131307410101026816
1131310907311689728
1131311513808113665
1131312300277653504
1131313819765153792
1131313837888684033
1131318703713345538
1131322640197668864
1131338444624543749
1131341475424460800
1131347945461358592
1131351037183315968
1131360555325841409
1131375643067916288
1131390708286279681
1131391778983239680
1131400087035351040
1131405891964682241
1131407027782201345
1131418740367667200
1131420660817809409
1131421325736603648
1131421811026071553
1131431531300319232
1131451833858179072
1131454521966759936
1131463234404306947
1131468287701864448
1131479008770760704
1131479847165988864
1131479889947840513
1131495119914459136
1131497224599420933
1131506997759795200
1131513532862869506
1131518407508221953
1131519038536986626
1131522236949684226
1131524159174000640
1131525123465523202
1131526691262590976
1131526870774689793
1131528665928523777
1131532642820562944
1131535504380448768
1131537268458569728
1131537299928305665
1131544952847122432
1131548637132152834
1131553962224758784
1131557909538566147
1131558398514925569
1131559755917406208
1131559939770638338
1131560135585873921
1131561384875945987
1131563922853703680
1131567368256282625
1131567687656775680
1131568726564847618
1131569246260092928
1131570501183299584
1131577723372146688
1131582034692861952
1131582924455915521
1131594427603070978
1131598442806022144
1131598973788024832
1131599511942500352
1131601217740771334
1131607957580472321
1131614277129908224
1131622513518219264
1131629966368501760
1131631717075308545
1131634435827355648
1131637297139425280
1131645854786498560
1131650386744315904
1131653560993812481
1131659838193393664
1131662348471754752
1131664493430353924
1131668656138665984
1131678263334588416
1131682505898233861
1131688684686913536
1131735011856662528
1131745151943094275
1131749221860876288
1131751334846160897
1131785318758342657
1131797186134650880
1131813219293487104
1131813580821716993
1131816156929712129
1131828531846176768
1131831546271490048
1131843971078955011
1131849704256544769
1131853809637122048
1131855109057589250
1131858370556825606
1131858834086084608
1131859434614005761
1131859937536045056
1131860665256349696
1131862002824040449
1131862011187351552
1131864138651774976
1131868339838554117
1131868422185336838
1131869948933021696
1131870530259304453
1131871965537554433
1131873621121654784
1131874768603537408
1131876036541648897
1131879016997113856
1131882866521124866
1131887616494845952
1131888539736662021
1131888985192718337
1131889411338194945
1131891709779021825
1131892614511435776
1131893394249342978
1131893866100137985
1131896073977585664
1131897370851942400
1131898087654404096
1131899917641932800
1131905762383544320
1131907533650763783
1131912838623125504
1131922989254160386
1131924899314982918
1131924944634429440
1131934168735244288
1131935629904896001
1131935863670231041
1131938164648677376
1131939258510348288
1131940854023639040
1131944470805483520
1131951996338991104
1131952988556283904
1131953112300883969
1131956324751818753
1131958390018772995
1131959301579452416
1131959453681639427
1131961412413263875
1131962981527506944
1131967612458606594
1131967870404112384
1131978705939652608
1131984007963533317
1131986173906210816
1131986735129341953
1131988473647443968
1131996625709277185
1131996715882565638
1132008394573922306
1132011793130430464
1132012523610181632
1132016335477719040
1132039325397454848
1132042157370613760
1132044016298577920
1132046464513974272
1132056068656435205
1132058602397720578
1132065952827240448
1132066591716155397
1132067889429663744
1132068282880679942
1132081684525068288
1132082805217865729
1132100220416929792
1132107409852370944
1132109613871108096
1132115310251773954
1132138351224475648
1132139321480294406
1132140104024072193
1132146780945178624
1132155219876503552
1132170510224252933
1132172076813623296
1132173399252439041
1132188132181512192
1132191619736903680
1132202458653106176
1132213680081268736
1132220226563661824
1132221132973760512
1132221398028574720
1132234350995607552
1132234483430768640
1132235885599232000
1132236862435844098
1132240467872157696
1132240806759284736
1132251907261718528
1132253283563843587
1132266304759521281
1132269244236718080
1132270064525348864
1132271426856259584
1132277017024585729
1132280441241767936
1132288041312301057
1132288468254461952
1132288710307827712
1132289577710891009
1132289763950645250
1132290867862155264
1132292590882164738
1132300913652244480
1132307245365174277
1132314816524279808
1132315216241418241
1132315462858092550
1132323663116509184
1132327045000826885
1132327616692785155
1132328051625385986
1132330975487246337
1132332389798227968
1132333556250943489
1132360518059089921
1132361393397751808
1132361593059237893
1132362711671738368
1132371150145822721
1132372319169634304
1132383630368526336
1132389246961160194
1132401144800645120
1132410447888625664
1132415057038647296
1132423098739908616
1132428204063547392
1132430103697342471
1132446465215696896
1132447684940328961
1132449827760070662
1132458003318415361
1132459941091000320
1132466347911204865
1132467242149433344
1132473609908174848
1132475915521482752
1132479010968154113
1132482337843941381
1132482587828506624
1132483157834514434
1132508196587876353
1132514161286668288
1132525699808595968
1132557955289767936
1132561294001881088
1132564025684910080
1132565043231494144
1132567850462384128
1132568117224325120
1132568954835230720
1132579441023029248
1132589118112841735
1132589487232561152
1132590092026044416
1132595963657433089
1132600123148701696
1132602847344902144
1132605110180298753
1132606106734407680
1132610581612179456
1132611766960218112
1132639239223545858
1132639570976284673
1132643714529079296
1132644818893643777
1132645945907113984
1132646020154896384
1132646393024196608
1132655331904053248
1132655870041612288
1132656973588193280
1132663590064812032
1132674428574343170
1132675342093750273
1132676393618300928
1132677771015131136
1132681830165934080
1132686853805494273
1132689323386494979
1132692511082737669
1132692912058224642
1132692943087652865
1132696158428631040
1132699479923027968
1132701352663109632
1132702076193116161
1132702782513852417
1132703658704023560
1132703837347823621
1132707386022453248
1132716798170804226
1132720841077084161
1132721153569689601
1132734335398891520
1132746936782663680
1132748605255802880
1132750031314755584
1132754161873956865
1132758008474341376
1132773450240659456
1132774790941544448
1132775828419489793
1132776206313566208
1132777878154883078
1132785733243215874
1132789849117855744
1132791184986988544
1132799702800510976
1132804835416444928
1132805400330461184
1132829291618549760
1132829497051324416
1132834590177947648
1132837296766685184
1132847423863152642
1132852992263229444
1132853899994513409
1132855232860319745
1132856560789729281
1132862822474551296
1132869201985658880
1132869902866370565
1132875527432200193
1132886897766883328
1132887491835334656
1132890357635719168
1132892126818127872
1132902268427231234
1132919131819446272
1132927241497796608
1132927339682258945
1132927945738248192
1132929908236144640
1132934352545955841
1132940414586171392
1132945919995994112
1132949247370899456
1132949258242580486
1132950124689338368
1132955490147868680
1132955673426157568
1132957685853216769
1132959556529729542
1132960215043903489
1132963790247661568
1132965140406710272
1132965810249428997
1132967560087916545
1132969790618968064
1132978651119607808
1132983512703938560
1132985100394590210
1132985621612507136
1132987155058483201
1132988107140325377
1132988159166300160
1132989989548118018
1132997364845826048
1132998449484488704
1132999779506688001
1133001338110062594
1133008533820100608
1133009877280919553
1133009911653314561
1133011805385711616
1133012928221855744
1133018612732702722
1133022070948782080
1133029965048557569
1133033033739714562
1133034213387718658
1133044917318619140
1133052220050694145
1133056038863888392
1133066448388218881
1133073608870453248
1133073935254339584
1133074527435599872
1133075979511967746
1133076600701018112
1133081406521925635
1133085067302117380
1133089567773405184
1133090250606239745
1133090561844555776
1133093317078597634
1133094139984252930
1133094855201173504
1133095172659658763
1133097875867623429
1133099932355891201
1133103358666051586
1133109343535149062
1133113945923969025
1133115521451352069
1133116467132735491
1133116519544741888
1133119047476756481
1133120188717633536
1133122086245998594
1133123211493826560
1133123237574053888
1133125015103246339
1133126857241636865
1133132404644728833
1133134625117757440
1133135734121091072
1133136929451495424
1133173674486501377
1133174677357121541
1133182617178779649
1133192475860844545
1133198693954412544
1133205627940032512
1133209854997254145
1133214425945653248
1133218183169683456
1133231536470233088
1133232368322355200
1133238936199933952
1133240710369562634
1133241946426683392
1133257259402842112
1133260299447001088
1133267786136997888
1133269467381682177
1133274989174624256
1133281681606156288
1133290309700509701
1133294098419470336
1133302624160235520
1133303547104247808
1133325064521306112
1133328769375199232
1133329185882169344
1133330676533604352
1133332154593755141
1133332343324733442
1133333124752891904
1133341687844098050
1133343115564265473
1133345473606164480
1133349703569924097
1133351010091569152
1133354830259458048
1133355484407357440
1133355856169439232
1133356278221332482
1133356812504391680
1133356862781493248
1133357144659513344
1133357929439072256
1133358609314799618
1133360779888123904
1133362412533551104
1133362490308534273
1133366351173705728
1133366522309570560
1133369048966815746
1133371497559547904
1133383185507733512
1133383686651621377
1133384042638905344
1133384054903050242
1133384082157711361
1133386190244196353
1133387740035321856
1133391297220403200
1133392920004976640
1133395776724455425
1133396397070475264
1133402697233784834
1133412864763617282
1133415081453281281
1133417928513212420
1133420230171140096
1133444219698327554
1133444251994525696
1133453522215854080
1133455708077338625
1133470158083825666
1133473032448761857
1133482555611721731
1133493140772544515
1133494375588212738
1133500623016615936
1133504880599900160
1133504958240657409
1133513743617413121
1133517097391271936
1133520404163829760
1133529641736495104
1133532169199149056
1133532224131870720
1133544642581020672
1133544798030303232
1133554725331324928
1133555911895572485
1133561880402964480
1133569144513802240
1133577235733069824
1133591810108940288
1133610651744657408
1133619038687498240
1133627318671425537
1133627819907526658
1133635312947564544
1133639433478000641
1133642685456105472
1133644220860813312
1133655327382081537
1133658567481757696
1133677416684163072
1133684005944078336
1133686569938948096
1133686947820593152
1133688300659728386
1133697068265103360
1133699065185820672
1133700348626055172
1133701588890075136
1133701832151314438
1133704222506196993
1133711792356638720
1133711894282407937
1133712116198723589
1133716254705893376
1133718727214608384
1133729077507108865
1133730967015907328
1133731305131085824
1133746090887602179
1133750323778949123
1133754075969937408
1133755064571576321
1133765082679320579
1133767522937913349
1133784770725523456
1133785405357252608
1133792484063158276
1133794076648792064
1133795083298451456
1133797810984411136
1133798198965702657
1133799222615126016
1133801863785140224
1133802812318658560
1133802875883098112
1133804643769827328
1133804944493076481
1133806269708546048
1133807112965042176
1133813387232731137
1133813452634501121
1133820408485036034
1133820619022319616
1133821086922084352
1133822581549740034
1133824632576991234
1133828377226436608
1133833002742636547
1133835168240660480
1133839332366856197
1133841091441102848
1133849049881358337
1133850532836196358
1133850888060252160
1133861800997466112
1133863718239051783
1133869941948649473
1133877157351108608
1133881009898999818
1133885082337468416
1133899759742279681
1133901038518439939
1133906486520930305
1133912206301679621
1133916923480219649
1133918733456613381
1133918915917230082
1133933822473433088
1133934828225781761
1133949467651170304
1133950739334623234
1133951888158842880
1133952619246829568
1133961436957270016
1133962116824805376
1133969396458774528
1133974652341170176
1133986063788191744
1134006686409207808
1134008042490662913
1134022049217896448
1134027883104612352
1134033480789233664
1134033487109824512
1134034777248546817
1134045876937285633
1134056591571988480
1134058768696795136
1134058953648877568
1134058957415301120
1134059493900398592
1134059893596532738
1134063392912601088
1134077809142505472
1134084886212554753
1134086318559059973
1134086965329051649
1134088955530493952
1134092630571278336
1134098938363908099
1134148157674262528
1134150461618106368
1134155547631149056
1134155904562057216
1134157505947455489
1134168454758621185
1134171623471427584
1134173521070972928
1134173606198546432
1134176650210549760
1134191265082253314
1134193110374912000
1134209039271747584
1134209511139422208
1134212181229166592
1134215535405740032
1134215958183104513
1134233858658971656
1134244797349105664
1134244997862236160
1134250090611302400
1134257883200270336
1134275337372569600
1134282136364695552
1134296750158516224
1134313430058278913
1134324020059418629
1134325140114890752
1134334886834294784
1134339169646469120
1134340995263488000
1134343200372592641
1134343287198892033
1134344289209765888
1134348611037290496
1134352528471187456
1134365232225239040
1134366762298818560
1134368379618414599
1134369520485670912
1134372617983410178
1134374321290223618
1134374703798333441
1134377488799457285
1134382566843174912
1134386715425234944
1134387771999756288
1134394053800292352
1134394887187587073
1134395491200970756
1134404556752707584
1134406794766368773
1134407205053222912
1134414271171977216
1134414572734111745
1134414884823851009
1134422170979983360
1134434704982253568
1134438150187732992
1134449481955577857
1134452558452338690
1134452824790753282
1134452915815485440
1134454006355509248
1134455544855613441
1134456485176598528
1134461111665750016
1134461514570706945
1134462582016712705
1134462850448207872
1134467046434136064
1134467816378314755
1134468267831992325
1134471841765048320
1134472241083666433
1134476099004637186
1134477849719709696
1134479965708201984
1134480203600805888
1134480692614696961
1134485532380139521
1134487754962755584
1134489636103950336
1134492098579841024
1134493342211792898
1134497394719174656
1134499605184466949
1134500918366560256
1134500922971828224
1134501686330974208
1134502521853095944
1134504407603789826
1134513407317676032
1134514174871187457
1134527571494879232
1134533379775455232
1134534676650045440
1134538139484282885
1134544161649156096
1134546042781917184
1134548274181025793
1134562329700397056
1134585598621167619
1134586375200792576
1134594929076920320
