958859534394712065
958861941497368582
958863713578180613
958863877592240133
958868891870081024
958872100093222912
958887896705978368
958888464182841344
958893448035266560
958893500711321600
958897830487252998
958898207571968000
958899065600823297
958900751824125954
958912878395961344
958914916668223489
958923272279789568
958926993071812609
958928966475177990
958930158911553536
958931191578746881
958933351188058113
958934897661427713
958934910248644608
958934946315304960
958937349207089152
958939568010616832
958942445949018112
958943699043586048
958944017760350209
958945387078828032
958947224301469697
958947548017975297
958948849166553088
958950361510813696
958951134646894593
958969889892458496
958978536433385472
958980537124728834
958990672350138368
958991705096769536
958996609400033280
958996824462905351
958999695036051456
959001216301895680
959002969952931840
959003030355107840
959003249763323905
959003397771972608
959005236546428928
959009062162780162
959013770696822785
959013793329287168
959013929237336067
959017164706664449
959017199125090304
959018050141016065
959018464416620544
959018489972428801
959018489989115906
959018504027496451
959024905684770816
959028149324599296
959028379621175296
959029191466475521
959029191487512576
959029504890023936
959033951166910464
959040636698718210
959045477122625538
959048689418489856
959048694141243392
959048694430498817
959049935646875650
959050185304354816
959050225477439490
959050702780846080
959053000869335040
959055276753260545
959057995027091462
959058770138562565
959067394030350336
959069542344478720
959075405104852992
959076910071517184
959077051855753216
959078735441006593
959079998354313217
959081163078946817
959082798861684737
959082914636906496
959082958694109184
959083073601200130
959083105469587463
959083193575116801
959083460722855937
959084250946572288
959084279048228864
959084548310040576
959084589858873345
959085155225886720
959085884640411648
959085978567790593
959086454621327360
959086766694326272
959086876157206529
959086936559271937
959087037205897216
959087169770987520
959087328722604035
959087758223597568
959087861239894016
959088283434315776
959088452779282433
959088982553489409
959090233148092416
959090497103933440
959090555799076864
959093583272988672
959093940602490882
959093975004086272
959095313431752705
959096521387118593
959096644271828993
959096769664577537
959097025521332224
959097080051634177
959097458813997056
959097511247048704
959097771293847552
959099103799119877
959104887773638656
959106794386751489
959109225506070529
959110227957346305
959110289214943232
959110756510896130
959114159702134784
959114496055955456
959114523339886594
959115794792828928
959116163740348416
959116678792609792
959117526042120192
959118139643473920
959123664661827590
959126777414201346
959129472246124545
959130973408460800
959131488611643393
959132244253265920
959133736188235776
959134512138551297
959135481022869504
959136248555343872
959139018456825856
959142231633485826
959143164987760640
959145435762868224
959145730618228736
959146145443332096
959147051417264128
959149664900665344
959152375427559424
959154039412867072
959154062603313152
959156631194996736
959156704205262849
959167133337968641
959172862069243905
959173793049665537
959175484826202112
959177465158541312
959178603903750146
959179515648933888
959180709431791616
959182928663150592
959183239431716866
959183250374778880
959187329373097985
959189348439773185
959193207950241794
959194831233994754
959196068981374976
959197874205745153
959199587989942272
959203830524235776
959204909307478017
959209630395240454
959209724402159618
959209998709657601
959211911714754560
959215642976178176
959217969132920834
959219721580285952
959219972731006976
959226265457909760
959245106263019520
959251810467942400
959256575184658433
959257026504396803
959258215576952832
959262727813378049
959268067481083904
959268369961635843
959271426946621441
959271968712380416
959277129367134208
959279378763988992
959281950727942144
959286743135535104
959290011345547264
959298143597740032
959298757727694848
959299574337757184
959305770574610433
959314209518501888
959315741626347520
959317577917857793
959321989679894528
959324140388913152
959327118760071168
959331146118193153
959334533446254592
959336882244071425
959337551654875138
959341066083274752
959342892505554944
959343009283309568
959345719239831552
959348066787700741
959349521791815680
959353475434860544
959354929495396353
959355172433534977
959356208372174848
959365783947276289
959371277629902848
959372834647748609
959375292526747648
959379458653335552
959380448500764672
959388444953726976
959398001650421761
959398062073499650
959406118060642304
959406357962285056
959409205462515712
959409787636256768
959410148786802689
959410263719018496
959415392509878272
959419878733156352
959421042283499520
959423823052509185
959424715591995392
959427709482033155
959431943644418048
959437003229032450
959437883626139649
959438091852263424
959438213281734656
959444941154988034
959447655909920768
959447749019209728
959448829358571521
959448884425773058
959449410819186689
959454469556719617
959456592226897921
959458270065733634
959459414242746369
959463733096603648
959464270420422656
959465511082852358
959472237496676352
959473775036256256
959476389018615808
959476663468818432
959476948513804289
959478744946757632
959480392750428167
959481444392415233
959482202307420161
959483517649350657
959484272183791616
959484397186625537
959486208710729733
959487812604063744
959489291943526400
959489363246661632
959491275442610177
959491605513297921
959493083187630080
959501515420504064
959506538493829126
959510060232773632
959511134624677888
959514867953741824
959514937608388608
959518053972180992
959531422485831685
959534455768657920
959548480283963394
959563024439836672
959566802278912001
959570994468982785
959573217047281664
959578086609047552
959582165980729348
959584794127585280
959585301256577024
959592619021099008
959601359531147266
959603994007130119
959609924316745728
959610615974285313
959612046215036928
959615292182708224
959620370260209664
959624680700194817
959634046602153984
959634067988893697
959635278448148480
959650719388246016
959651846389358592
959657274217177088
959657730150559745
959673612302106624
959676315518545923
959677611587891200
959683024760852481
959691683028877317
959693588107005952
959695019929145344
959695163999301634
959700579646717953
959702631865229312
959703263934328833
959707870144102400
959711032758370304
959721527620055040
959723503992934400
959725525223821312
959729734069489664
959731141367488512
959737513362432000
959739181428805632
959742396069240832
959743247835959296
959745637523820544
959747499585167360
959751485029535744
959764235139022849
959771887139160065
959772107147284485
959773798718304256
959775002064125952
959775452930994176
959781838771322881
959788567886290945
959788766088089600
959794871711256576
959795616216944642
959796594769125376
959800163677147136
959802450403385346
959803667430875136
959804418408501248
959804883972100096
959805712334336005
959807391301685248
959807708802187264
959808600184061953
959811299566858240
959811750043570181
959812586786127873
959813594702544896
959814486503944192
959817252127219712
959817752914653189
959818595567095809
959820956939141120
959821584780247040
959822167423598592
959822281500340224
959829288525713408
959829757780201472
959830560590966785
959840542065676288
959841278593847297
959841789048971264
959842423382913031
959842535794290688
959842793312215041
959846467128217600
959847215387693056
959848813010800640
959849349890166788
959859195595186177
959859573892018177
959859773138264064
959860342196178944
959861638773006337
959862299866615808
959863377714696193
959864957700661250
959865061727789058
959867684430032896
959869768982548480
959874600858505217
959877512296845312
959878170613870593
959882295694974976
959885542493220864
959886277775572992
959887092078862336
959889225524105218
959892961201999872
959898257488056320
959898754177470471
959899094352322560
959899270475284483
959900536333111296
959902607895678982
959904208844619779
959907719640764421
959908154845925376
959908676613148672
959910072083210241
959912193113325576
959917268338700289
959921714607153152
959922987595071488
959930480308162560
959936299036704769
959947745321725952
959948286806446082
959953913460994049
959954452596903936
959956479926292480
959962788595732481
959963616568135682
959968968487440384
959973432917143552
959978957209776128
959979969299533824
959988660740526081
959989524100276225
959989918205448192
959996504109809665
959998311422939136
960001230146883584
960004336548970496
960012433237692416
960016364122624000
960016887986950145
960017212202504192
960017249959587840
960017311620128769
960017346445312000
960017573768253440
960017619066785793
960017679049547776
960018023393513472
960018056956260352
960018095934001158
960018679365820416
960018796386947072
960018992265093120
960019096728428544
960019107633684486
960019207848120322
960019394100416512
960019424718868480
960019460781498369
960019610086137856
960019652473651200
960019674267357184
960019742634467328
960019761932337152
960019959698149376
960020187239116807
960020473529749506
960020623421595648
960020766468247553
960020860399706113
960020891454320640
960020923729481728
960020974480568320
960021029866393600
960021240848224257
960021355336011777
960021375070154753
960021576375775232
960021796161499136
960022070485757952
960022094795993089
960022155634331648
960022203864637441
960022590969573376
960022655159107584
960022998240714753
960023641638559744
960023812355035136
960023961680662529
960024380674801665
960024756077477888
960032016833171456
960037566765559809
960051625422278656
960051852560789505
960055289797140480
960059661205561344
960061672663781376
960063522364383233
960069428372176896
960082875717750785
960083561071173633
960083738477694976
960083809306750982
960085059276558337
960085107922137088
960085167481196545
960085521694445568
960086531477266432
960086866174337024
960090104000843776
960090225178546176
960090526539304962
960091675791159298
960093018362695680
960094210840985600
960098911951212544
960100336915623936
960100512363417600
960106462394634241
960110861363961856
960112435893071872
960114373086806016
960121459724177408
960123134333603840
960131020862476289
960133448534028288
960134470962679808
960137006163488768
960140278857453568
960141440763514880
960143171358511104
960143602943954945
960147790969163776
960155605137870848
960158192830484481
960162126240407552
960164110158659584
960165932172705792
960166562970955777
960169741426999296
960171646882603008
960172344818982912
960172461424824320
960173569165725696
960177301316079621
960177627960135680
960177772667777025
960178958414307328
960179014639013888
960179442860613632
960180166793277440
960181911187582976
960185360608350209
960186274522062849
960186644065218561
960194272652865536
960197001878044672
960197076125614080
960197966668574721
960202051857846272
960203655331893249
960204438819483649
960206902129930240
960208159167209472
960208211595931653
960216714700050432
960218100913328129
960219631817494529
960222141282168833
960223198263603200
960228616465461248
960231286949507072
960237831770857472
960238047785824257
960243288568684544
960244295176466432
960246558431293440
960246617147363329
960249369864949760
960249586307645440
960249965464510464
960252006236610560
960252948021436417
960253123758567428
960257592370049025
960259759994683392
960261522869112833
960261602569261056
960264404771196928
960266432301883392
960269862806450177
960271516637253638
960272387639005185
960273382750134272
960277527070683137
960283603367288837
960284292478914561
960288891977846784
960290975250898945
960291210970746880
960291294890397697
960292873202782208
960308439099559937
960309127808512001
960310565615947778
960310639850860545
960311018172878854
960312239961059328
960313754528268289
960328926991142912
960343496325509120
960346198317174785
960346425841238016
960346940289536001
960347877708042240
960351022584655872
960352177305849856
960352922604310529
960360692170686465
960364415865499653
960378888722370560
960387063013982209
960390160511913984
960391998434955264
960393726194458625
960394003563843585
960401709091696640
960404716390965248
960406698233122817
960408827261669377
960409149803655168
960409779704422401
960410323357519873
960419046704517122
960421629523382272
960425019338838016
960428642412257280
960429080024887296
960429165861396480
960429906546044928
960438545415581696
960441114015752192
960443842553176065
960445446807326722
960446437984165888
960449833092907008
960450703993929728
960451096618528768
960453897562107905
960454822406377472
960458249370730496
960460098828201984
960461243021778949
960462960610172928
960463196044787712
960464390284828673
960464638734360576
960464739007688704
960478342607548416
960478350778171392
960479516345946112
960479700823887872
960489253032558593
960491330022576128
960491646700924928
960491708575309825
960493436855087106
960494464606330881
960494875920687104
960498176305319936
960498220030939136
960498221243125760
960498235805749250
960498250674446337
960498251890765825
960498264486199296
960500160299257858
960501096052436993
960503341691363328
960503475506434050
960506579702484992
960507534321823744
960514327601086464
960514328666542080
960520657464381440
960525175979573248
960527236658024450
960527487456473090
960532780076732426
960533661878714368
960534681090428928
960536301782142977
960538270164688896
960539240751927297
960541073637507077
960544525579005952
960545889788948480
960546132400230401
960547216611008512
960547751699406848
960552188731936768
960552239298265088
960556186453073921
960559318876770304
960560662094204928
960560712824303621
960561242795663361
960562438574936064
960564195178754055
960574348741496833
960574552563748864
960575963657572353
960578721727033345
960578960361951232
960580298378563584
960581548272766978
960597221128499207
960598283943952384
960598936598724608
960599185744650240
960599663454932992
960599851779198983
960600158395404288
960601691816153088
960606728336396289
960614284811218946
960616039687053312
960621228913516545
960627041367461893
960630100248186881
960632563592286209
960633608791908353
960634158681903105
960639172741599232
960641625067319297
960651492041674752
960652066682175488
960653076041551872
960655552161501184
960657365753266178
960664184001368064
960675944850706433
960677546244345856
960678247095767041
960678584334602241
960678599413157888
960679043988426756
960683192171810816
960683993698988032
960688445554352128
960691433563881472
960693125156139008
960696202491826180
960699406109429760
960699786549760000
960702768683016194
960718541346496512
960718833278480384
960722992383905792
960723186974273537
960723387478781952
960729655866200066
960733882579673088
960734643699048448
960737761752965120
960739978862055424
960741107968675841
960743902226522113
960756454922899456
960761618417188865
960761955777728512
960765220208570368
960770473729712128
960772105968087043
960772407547060224
960772416774594560
960772911182131200
960773172101447680
960773825641168897
960773928397496320
960776696650653697
960778666325131265
960779839853690880
960779840264851457
960780183555817472
960780986647793665
960781522180587520
960783172228100096
960783949021810688
960790330244321280
960794719998631937
960796484525490176
960799099694952448
960799652063928320
960801279055364096
960806605406310400
960808491555442689
960810306451652608
960811020292833280
960811582363242496
960819379565887488
960820892862476288
960820943181565952
960824054356815872
960829484042633216
960829994082717696
960832248105918469
960832571490914305
960841225585733633
960841814847696897
960842560221655040
960842725447950336
960844246835109889
960845336003538944
960845919854919680
960846367819116545
960846707985670144
960847856352530432
960848720412758016
960849141504102401
960849393799847936
960849866686631936
960851600192483328
960851667724918785
960851667745890304
960852210874658816
960856617477603328
960856681612824577
960856871597944832
960859344131813376
960861210630590465
960870200232022017
960870234231107584
960870235065765891
960875989009141761
960878723074609152
960879099727286272
960879372768079872
960879493526237184
960889460929032192
960892663716130816
960892812597301248
960897600806305792
960897946861670402
960899138647928832
960899430374309888
960901530051366913
960904895959388161
960905014645583872
960914816692088834
960915468553875456
960915656467152898
960916021795262466
960919536173309953
960919859151347712
960923100081741829
960923764572737537
960930937579155456
960932202547687424
960936970838003713
960938332556595201
960938620688347136
960938814465368065
960939434370850821
960941970666516482
960947663205216258
960964923579912193
960966696092733442
960970010427641857
960983021175361536
960987022109413378
960997280122851328
960997719694245888
961007554494128128
961014007028174848
961028194261495813
961033363279802368
961036180597956609
961041017892933637
961041447830065152
961050614888259585
961056186614276096
961068474641600512
961081416196018176
961087123079098368
961087328465797120
961088504984981505
961091250991652866
961093917709086722
961097602342293505
961103286966382592
961108326842060800
961111390349078529
961116777089511426
961116998582394881
961118227492417539
961120461395562497
961121968295759872
961123585699078151
961128836158181376
961131396776562688
961131670232551424
961139397826576384
961139604165455873
961140025718079488
961140486659559424
961145277565538304
961148826219438083
961156539657740290
961159585028558848
961162717343166464
961172661576577026
961173981108850689
961174069612896256
961177083232817152
961178778583093248
961180946182664192
961189305434689536
961199128909893632
961204129321373696
961204545446694912
961205249661947904
961205372550828033
961207936126242816
961214244359475200
961219058552201216
961226393542627328
961226561511976960
961229309020008448
961232387215712257
961234367967387649
961238125724012546
961239918088515590
961240632810287104
961240993508089857
961245145034235905
961248370034708481
961250493191327744
961250497389826048
961250725119619072
961250781335834624
961271889162330113
961273162267799553
961278721285066752
961283838738665472
961286604462673920
961294955904937985
961299889077530625
961305615573319680
961311056428662784
961314598115831808
961320974036684800
961321126545719298
961322092892311552
961322482958589952
961324628374368257
961325013847691264
961325082168774657
961327518619000832
961328399460442112
961328588636254210
961328909898756096
961332331620401152
961333009814310912
961333481287700481
961336632472428544
961338225884389377
961339218193797120
961341801318830080
961343529166557186
961352077556486145
961355032443711488
961355129755750400
961356703022317568
961358783426547713
961363952902041600
961364241381982209
961366952643059712
961367462250975235
961367729029644288
961371719905591296
961373478145417217
961373510458363904
961373755414106112
961374138756730882
961374881572098049
961375021246664704
961376204887658496
961376419204009985
961381303261319170
961381468730724352
961387602476544001
961388907328806912
961400829369516033
961403479184019456
961405520967077889
961421854014627840
961422143002169344
961428417173389312
961429444442443776
961444727156600833
961446267984515072
961447105809338368
961450353886511104
961470946640060416
961472613875961856
961477977992200192
961479337370439680
961480469815717888
961482695724412928
961487619862532097
961492269244272640
961495362547658753
961501430027902976
961503366089203713
961503810685415425
961505402654359552
961505459499802625
961513366564016129
961521161690591232
961521259006832640
961522884710686720
961524286048567296
961531510712143873
961533008506425345
961536415011090432
961537124796379136
961537679279181824
961540790630735874
961545733596950528
961547007851671552
961549296842825730
961551893582446592
961559259396870144
961561380439691265
961562129496096769
961562791831326720
961563790834741249
961564134012866560
961564538863804416
961566529790750721
961566580541939712
961570978831749120
961572318924410881
961572895066607616
961572941480722432
961573368599375872
961575927816835072
961576234160414720
961576387667636225
961576771056553985
961577312511774720
961578122863874048
961582044114538499
961583087653150721
961583405170241536
961585962445885440
961587603257610240
961591704036958208
961593569646661632
961596125852528641
961596406652747776
961597291135225856
961602885598502912
961607842867372032
961613690561732609
961618477080633344
961619779005149184
961619994613346304
961626403493040129
961627943222079489
961628163422982144
961629477905281024
961639615022039040
961640331019157505
961642779326722051
961643508271669249
961643642497544192
961646183830650880
961650089994407936
961657179194437637
961657607328067584
961662464445304832
961663286533152771
961664751158939653
961665358921945090
961670918471897089
961671342092443649
961672093728493568
961675232296800262
961677421748637701
961677655383904256
961684479097102337
961688072332107777
961689113245159426
961690330960711681
961691184103133184
961691362159624193
961691414366076928
961691600576569345
961692861409488896
961693295939407872
961694879716986880
961695514738733056
961695570493628416
961697073744707585
961697765809119233
961701931159883776
961703158211928067
961703441973366784
961707337223319552
961707396749053952
961708503227285504
961709036742823937
961709522862723072
961710035389726720
961714002798800898
961716463156563971
961723860675637250
961727618356740097
961731233402277888
961734806559059969
961737401956696065
961741870157127680
961749894716411904
961752329501528064
961752795908059137
961755694578982913
961764081383460864
961767666804502528
961767750271201280
961770769331077120
961771346907639808
961782543971377152
961783127017312256
961790167727124480
961794281693499394
961799184897773568
961801164130938883
961806209127890944
961811852530401282
961817307667300352
961822178516770817
961824036182360065
961827048531542016
961836787994787841
961844674653597696
961847214321500160
961854029625110528
961860022022979584
961867456024162306
961870609176129536
961878419519746048
961880558010798080
961883116016160769
961883424574332930
961884633351839744
961885124093726720
961885269233405952
961886545979428864
961889545745674240
961890268432781313
961892498774941697
961898783012540416
961900245410959361
961901707230769152
961904432995864576
961906058275860480
961910465659068417
961913916501692417
961914323181424640
961920147396194304
961921964112859136
961923823682686978
961925210738962432
961928077558386689
961931038724325377
961931935885950977
961935108457496577
961942824286674944
961946903322734593
961947268155871234
961952062694133760
961952429414797314
961952655760330753
961955537654026240
961955683620007937
961956808519766017
961957094160240640
961960956824875008
961960989406257152
961962436034052096
961962918781898752
961963880133091328
961964625976791041
961965174734360576
961966801897885696
961966843006242817
961973138228576256
961974239648714753
961977367743946758
961978006985035780
961980396467638272
961981222757912577
961983066980970496
961984376828563456
961985162862088193
961986630721638400
961989933023055873
961994287595556866
961997531021545477
962000344590020608
962004321175945216
962004480974905345
962004855555371009
962004928947351554
962007952604319747
962013152731803648
962015079586648064
962021686466916353
962021821917806594
962027885614764032
962032441912311810
962034817545125888
962035445533106177
962038359215321089
962040483093528576
962043647087661057
962044476196757511
962044964434690051
962045220249509888
962048569401159687
962050940059594753
962051116631388160
962051240333950976
962054825662795779
962055407437938691
962055548760805383
962056279815409664
962057212624486401
962063103121793024
962063786784903169
962065129788514306
962067622425608194
962068566475292674
962069180211064832
962071079404503042
962075082435698688
962075806800334854
962076489242914822
962081284167118848
962083366609801217
962085267476828165
962089226891296768
962089481510801412
962091688532594689
962092630162264064
962094562285096960
962097579860353024
962099012198334464
962103266904592384
962112395387789312
962113963654819840
962114013978157056
962114162452320257
962117537155702784
962123920525508610
962124785382821888
962140570213740545
962153339856269312
962154914620289029
962155678105309184
962155814415994880
962161103034728449
962164690821541890
962174286143291392
962181885039468544
962187458745020416
962190206454571008
962193637374349312
962196918196686848
962197099801731072
962199675087544320
962208603934371841
962218913563136000
962220683928522752
962225865919614981
962226586517991425
962229395929878528
962231488895963136
962243565693931520
962244205585330178
962250190878134272
962252316106772480
962253418281672704
962256669404160001
962262702465859585
962264712481333248
962266745800151041
962270383071289344
962271812510998533
962274662528045056
962275381406519296
962276250227236865
962286223736823809
962296571915329536
962302011600523269
962302400727080960
962312013648224256
962316476802838529
962319586808025088
962320464331845632
962324532299227137
962332536817905664
962332621660475392
962333852395073536
962334574817792000
962338009952776193
962355321086861312
962361847423873024
962362414913282048
962366823151763456
962368664019390469
962370631147794432
962371091271503872
962376986361585664
962377535399936000
962385172896231424
962386395477131264
962386758305492993
962387397894799360
962389987852476416
962395189238169600
962403644925792256
962409903682932736
962421450593439744
962422312824864768
962422613682327553
962423969709137920
962429626973917184
962431012780367872
962437522734202880
962443990766206976
962445040634204160
962450124952735744
962450218078715904
962455528914997248
962457928023199744
962458696017240064
962459422357377024
962465623728181251
962467291685367808
962472617344151552
962473944413622272
962476894686994432
962489305619836929
962501008415797248
962503759627735042
962513148560461825
962519593964265473
962519812906864642
962522599191392257
962523823907196928
962528556734713856
962528813048573958
962533805516050433
962541547253387270
962544066461302785
962552052009156609
962577959356833792
962593455225692160
962605292654505984
962606312868798464
962610487690170368
962610778556727296
962611254195113984
962612658422853632
962614088261160960
962619088316059648
962622929963020288
962626026932133888
962626342327083008
962633383280029696
962634346321600513
962642428758052866
962656824880189442
962659237276078080
962664263008641025
962667659182727168
962667800945930241
962672310250598400
962673597058879490
962681755818901504
962687900604424192
962688333326372864
962694188159643648
962701984959729664
962703896710959105
962704668869758977
962706089706958851
962707346505043969
962709413369991170
962711295891034113
962713785633943553
962716176383135744
962716261091332096
962717492140564481
962718765501775872
962719558661476353
962719677100232705
962720443252670464
962721144523522048
962721579061854208
962721733408149505
962722380572450816
962726296798326786
962729324246913024
962730888328110080
962735018434027521
962740142183104512
962740300379770880
962746363212476416
962746686333423617
962747650218123270
962747799329701890
962749756383682562
962752276325720065
962753707417980928
962755900632117248
962761227385671680
962763862675206149
962763992694435840
962768012083384320
962775388614266881
962777609502445569
962784757447888896
962788726849105921
962790588792926208
962791610940575744
962795006615580674
962795618996338688
962800290176098309
962800292520779776
962800400524029952
962802582610694150
962805920634933249
962805961743261696
962806296562061314
962806553559617537
962807777012920322
962808238814220288
962808339561263104
962813904073183234
962820073470783494
962833547663994882
962845762496421889
962845929698217984
962846044185866247
962850145783119872
962855218802241536
962855649964101633
962860740196610048
962862207359967232
962865397102919680
962869532275732480
962871424737251328
962885550335078400
962886296673898497
962888428064067584
962895337743634432
962897605175816197
962909386984210433
962926415787249664
962926463262515200
962927059688452097
962927519807631360
962927607049342976
962930391324663809
962934491143585792
962934583858778112
962935044397588480
962936758181777409
962939845579624448
962940618602401794
962958395341983744
962958517803024384
962959312204324864
962959387269644288
962961030589673472
962963104274505728
962974057695195137
962977971395964928
962979556893380609
962980865465872384
962987331002224641
962989114810339329
962993310792110080
962996196091551744
962999499923759105
963000231393726464
963004281014992896
963006624817401858
963018575215808513
963019302923255808
963019374226440192
963019556246695937
963022975011188736
963024750271455233
963033344190570496
963034471753814017
963034514401447936
963035522708000768
963036438521630721
963039184175947776
963040638492012544
963046909391900672
963047664358060032
963056448384241665
963058220209143808
963058660170706944
963059493566386176
963060601235832833
963064381713145856
963067823869349888
963069109863899137
963069459219890176
963069926885019648
963073217354137601
963074776351715329
963075228157984768
963077465726795776
963085093337214977
963090424880648192
963092840006828032
963095141811568640
963097092590788608
963099585697734659
963100079317028867
963100301648650241
963101318347927552
963107452521779200
963107971449442304
963111067583959041
963117215724789760
963119270539350016
963120846918201344
963121004699668481
963123208177074176
963125111762153472
963126310649389056
963127516381831170
963128079290810369
963128254990254081
963130087771054081
963130811825483778
963130823565303808
963136406204833792
963136925451345920
963140999370498048
963144626503802880
963145389577818112
963147239337029632
963147537057132544
963154536071229440
963156925587382273
963157173042900992
963158058888237056
963158174231683072
963162905809162241
963163554265395202
963165742823813122
963172865767038977
963173181426159616
963173933900902400
963176240776712192
963179798809010176
963182351432994816
963184525340827648
963187486112456704
963188140440739842
963189113913532426
963189294260260864
963192191698038784
963192264301281280
963194692333645826
963200282934030336
963206602949001216
963207572621848582
963208307677827073
963210109785579520
963210571159080960
963213097371660288
963222672988569602
963224300139429889
963225330495340544
963226220765876224
963230001180086272
963230451396726784
963230986929664002
963232600067198977
963234939226423296
963236169835192320
963242809414184960
963250202684547072
963250579349716992
963254782529101825
963254894013509632
963255152822992896
963259771036909569
963262440011173888
963263305279266816
963263887457050624
963265359867342848
963267769444765696
963268085535752192
963272440485904386
963274145344704513
963275472145707008
963275632330399744
963276267784196096
963280693215182848
963280713314336768
963286660011188224
963291111040090112
963292574831300608
963307122778779649
963307842940948480
963310286529875969
963314150800846848
963314779484954626
963316247478726661
963323121569861632
963324416716427264
963329040533872640
963330983738204160
963334215738777602
963335238725328896
963335796718821376
963336150713819136
963337656036765697
963338219768242176
963338242849259521
963339532157452288
963339926837194753
963342779001778176
963343454657970177
963346755965169664
963347729899499522
963347989539491840
963350005254950914
963352095343726593
963355916761554945
963357948490723328
963368657404428288
963372330763218944
963372505242062850
963379223271542784
963379765179711488
963381129586839553
963383701114642432
963388395803181056
963389680069865472
963390114603905025
963390419961831425
963390924536492032
963394594598604800
963397751185788928
963398602193362945
963400631301169153
963401712693383168
963402572550803457
963404237697843201
963404277866745856
963405791679188993
963408446405136385
963409074556633088
963410103931211777
963411921209888768
963412984444981248
963413320454823936
963413601036980225
963415613489274881
963415953555050496
963416428002119680
963416892512882688
963418645115187200
963420651657814017
963421999187087362
963424401793409024
963427582741041155
963434693977870336
963434776421191680
963435009624322048
963435767933624320
963448449428533249
963449864746160128
963455660280176641
963460534539448320
963461205535805441
963465041654767621
963465052262223873
963467440800849922
963469117671002113
963470094549569536
963470139403460609
963474610963410945
963479334043508736
963480231318310914
963483773429080064
963484697857634304
963486855839666177
963487700576821249
963492880085024768
963492924737671170
963495003271163904
963495552724938752
963503911524069376
963505765825826818
963509042449707008
963509094425513984
963510047811756033
963510541972013056
963512151557197825
963512300048146432
963513261479092226
963513446875713537
963516324566716416
963517179365937152
963517183593799686
963517723790790657
963518481508552705
963522389953974274
963523795054137349
963524892200198145
963528589978357760
963530266949181440
963530676652912641
963531806191636480
963534545734832132
963534797124517889
963538267630133248
963542944170086400
963544920618340353
963546558850568192
963547990320451584
963548112387231747
963549920555872258
963552243332145152
963553036915310592
963555812873515008
963556204457922561
963564613597048833
963565416143519745
963566764847259649
963569760012189698
963569924835864577
963571751471996930
963581873644605441
963594977862352896
963596205098971136
963596974762151936
963600279940882432
963600499223269376
963606242475175936
963608934383800321
963621358348288000
963622713788129281
963625028792266753
963625141593833478
963629142544658432
963629145065340928
963641297654427648
963643038680715265
963646079572078592
963646185276956672
963647872628613121
963661460097372162
963661650934067201
963674976204345345
963675102914195456
963675805577547776
963687287820378112
963694013760135168
963695612192526341
963696512726429696
963699563642195969
963700847346704384
963702041662115847
963702646883471362
963702799996506112
963705181090275328
963709070879412226
963714642768936960
963715346392911872
963720197134831616
963720941254729729
963723142341562368
963723301314064384
963724763335135232
963726409733738496
963729611220815873
963730248780087298
963732410998427648
963737422273155072
963738646183636992
963741357780209672
963743373914931201
963747087912497152
963750267765297152
963752889876271105
963753026786766848
963758930265600001
963759894104035328
963760324431302661
963760797125136384
963761184708218880
963762126740434946
963762443423043584
963763919381762048
963764090710691841
963766826017722368
963768151027699714
963770560621707264
963773114147622914
963775421400735744
963780587138920449
963780708346023937
963783521469833216
963787548412858369
963790024734109696
963790041091735553
963790106107752448
963791248694939648
963794267687747584
963796775621595136
963796923932004352
963797541795041281
963798595353960455
963800844738146305
963802457087332352
963802699475992576
963804343257444352
963805211889405952
963805388897423360
963806342245961728
963812501447208962
963820391474122754
963822185642160130
963823447028707328
963826403186688006
963828617049358336
963829944424869890
963836241362944000
963838035652562945
963839061994635266
963840713317261312
963848198069673985
963852116279418885
963856420549595136
963859768434724865
963862926435278848
963863004776419329
963864968247566336
963865192114376704
963866479761543169
963867438986260481
963868030806700032
963873173463814147
963874244655448065
963875538619260928
963877285530017793
963881248081850368
963882161836306432
963882201682071553
963883597957607424
963884070257164288
963884618008203266
963889066520596481
963891441733906442
963892057466200064
963892057898192896
963894369332989954
963896346544693248
963896836045099008
963899486417321984
963903299542974466
963903408502640641
963909238081847296
963909957497311234
963911536220819457
963911581104070656
963913057943605248
963920013253017600
963920383677206528
963924815412416514
963925226454224896
963927271588458497
963928145668837377
963937744748650496
963938250523136001
963938841999618049
963939464841187329
963939569715634177
963939574765436928
963940062525259777
963940096075591680
963940217706213376
963943963253092353
963948540916453376
963948813965807617
963959274538979328
963962047800184833
963963415168475138
963965340349845504
963967342949601280
963976723267309569
963978218515648512
963981793744572416
963983434992496645
963983768838180864
963984582147215361
963986180986486784
963986579869044736
963990027180134401
963991021217636352
963992943060307968
963994341428441088
963997437663653889
964003120295677958
964003689299001345
964005246618959872
964011657641934848
964017839194619904
964022545631580161
964030242150060032
964031409005432832
964031614111113217
964034307026227200
964036301275082752
964038654254505984
964039075794702336
964047106196504577
964053875555815424
964053904316125184
964061921799495680
964064007161368576
964067933386412032
964069891346071552
964071294751989760
964073322697908224
964080738223165441
964080932327247874
964082519124725760
964083362175508480
964085250480640001
964097291907948544
964100084874039296
964103731401887744
964104652055818240
964106831835684865
964107778372653057
964116363806638082
964117653144199168
964117896816418817
964121428848234496
964121775683657728
964123645126770689
964126208416985089
964128454747869184
964130676034473984
964137659965886465
964140171087286272
964140178230206465
964140804112568321
964144061350273024
964148551478493187
964148720131551233
964149956415315968
964150260078653440
964150369545801729
964152855937671168
964153220154216448
964154046079696897
964155480728899585
964156148885712896
964160662355300352
964161806150393857
964164118038155265
964169894240534528
964172934922342400
964176889291124736
964177946666815493
964181847222743041
964184910473789440
964187681730301953
964191493014552577
964196080069042177
964198368665772032
964199609424687104
964200048341934081
964201586200367107
964201622434996225
964201709080862721
964203026952212482
964203719012229122
964203922423390208
964204501237252096
964204812039479297
964204837633122304
964208188873613312
964210611088273409
964212855032700928
964215122460889088
964220331375374336
964220927629320193
964222182636187648
964222880237215744
964225174622167040
964227417228349440
964227868116115456
964227974907097088
964229599122030594
964229844878884864
964230487622352896
964232803989803008
964238295571095552
964239049321009153
964239442314702849
964241732811542529
964242181190975490
964246110398308352
964250531605729280
964251912102178816
964253245773361152
964254017529483265
964254382824017920
964258565400727552
964265274731057153
964270764949196803
964271575288688641
964275381179052032
964277683017404423
964282230490230785
964287076580536320
964287769060179969
964289188446294017
964290209339924481
964291264207314945
964291452523155458
964292877076529152
964292988057899008
964294251382214657
964295420733206529
964295630473650176
964301225234714636
964304953975214082
964305212348551168
964308109014552576
964308196612624385
964308625241014272
964309833355857920
964312505399963648
964317471053434880
964321789496233984
964327931207090177
964331771079872513
964337189738962945
964341822733586433
964344590038740993
964344950006534144
964347632272494592
964349696289357824
964352787063570432
964354911495311361
964356731391193093
964357434788659200
964358360882495489
964359507613642752
964361514256773121
964362746459439105
964362935194693633
964363877637959680
964365000885157889
964376752091906049
964378825730617345
964382317081800704
964388726813044736
964396224546717696
964397610424389632
964398429920112641
964400468314112000
964402013579587584
964404067484094464
964407753836908546
964409047360323590
964411034265010176
964414107553181699
964414575901687808
964414786443272192
964414997836087296
964415077506887681
964415574146138113
964417823115157507
964418683375251456
964421791765573632
964421890734370816
964422647994974208
964424114978021377
964428258145026048
964429104886906887
964429510543253505
964429682513817602
964430363660509184
964431509544427520
964435434175594497
964436970553430018
964437373202264065
964438491827339264
964440242517405696
964444694750081025
964446144754520064
964448900399628293
964456467939188736
964458309892952064
964465974144577536
964473204172644353
964473375430242304
964476915099865088
964477414960111616
964478863039344641
964480538441605121
964484538142527488
964485636190277632
964489106167283712
964492387836923904
964492623489699840
964492711557586947
964494703025672193
964495347946020864
964496378494726145
964497652628033536
964498780727992321
964501121158049792
964501223931072512
964506225026191360
964506839240134656
964510525634764801
964515713540153344
964516040297336832
964516854411726848
964520154926260225
964522189985738752
964523155095261184
964523907133952002
964526305860554753
964527137595129856
964531395229036544
964531547377254400
964532016837402624
964533653446504449
964535086631747584
964535845301735424
964539822626037762
964541910328270849
964545027597848579
964545178978660352
964546032498601984
964558322664902657
964568312234553344
964568534125817856
964568799881125888
964571133738672130
964580440496537600
964581795651080198
964582122374676480
964589143673180160
964590265225961473
964594450726039552
964600369706913792
964600802563231744
964602931176787968
964604796010401794
964607344293351425
964609416002703360
964610720427069448
964612569351761921
964614501562830848
964615484741169152
964615500654198784
964615797640441856
964615927215124480
964621703430144000
964623821306257408
964623845041803264
964628116311367680
964628355361460225
964630349493030912
964631939385839616
964633479848873987
964633565941166080
964634595663732738
964635390035615744
964644349932920832
964645301582778375
964645450098683904
964646363614121984
964647443232149505
964647663001104384
964647734321012738
964648162559516672
964648176408936449
964648302644998144
964650468986236928
964650853629091845
964651254185111552
964651577989410816
964652583364300800
964653410455875584
964653921737125888
964653974577143813
964654504342970368
964654564753338369
964654827304247297
964654951870889984
964656364499947520
964656498289905665
964656921507717120
964657668928475138
964657707943948288
964657744027426816
964657806514249733
964657942828994560
964658215857242112
964658228893118464
964658357662515200
964658495650979841
964658523316551680
964658613087297541
964658792611786752
964659897773297664
964660852828917760
964660867110526976
964661000472539136
964661047050362881
964661212721147910
964667628294955008
964671474681417728
964673895423885312
964675767287275521
964677510075207680
964679075842412544
964683004198248448
964684592585367552
964686607549857792
964701303522799616
964702525361291264
964703299172749313
964706518745731072
964707718291484672
964718860913053696
964735113526312960
964735143586992128
964751489221648385
964754591740055552
964754749034782721
964760507415711744
964761276634320896
964770707572953089
964773468632993792
964784314599829504
964784521458700290
964784725326991360
964791915626426368
964792304857890817
964792618159869952
964793636948004864
964796624554876929
964797720518123520
964798325454135296
964798454517006336
964800888782118912
964805836114624512
964806323861905408
964814152979099649
964816730328461312
964818244992425984
964820092096864256
964820611355893760
964821490481770497
964822100321202177
964824513308512256
964829223956381696
964835339226492928
964835640801083393
964842403269103616
964846234778382342
964847417093951488
964847687274246144
964848531562549249
964850814136324096
964850889180811265
964851550622568448
964853953983860737
964854393114853376
964856334658293761
964856969692663808
964857027133607936
964863337468178432
964863826108788738
964867517708623872
964868390782492672
964874551795634176
964880262327709697
964884582461050881
964886616979460096
964888973888794625
964893958928203777
964896374755086336
964896631001772034
964898987756093441
964900075385344001
964902345334312960
964905629914750977
964908067715518464
964912828166692864
964913830601089024
964914032368148481
964914131752177664
964914259691032576
964914275612491777
964915351443165188
964915460935503873
964915467222740992
964915697481531393
964915733980504064
964915846823972864
964915913094062082
964915999899299840
964916028433158146
964916086725595137
964916252375478272
964916443983773702
964916590864207872
964916741863288833
964917157925662720
964917268659482627
964917425216086017
964917694796615686
964917936132706305
964918072715988993
964918109231513602
964918462786228224
964918681754054656
964918720748556288
964919175809560576
964919333951590402
964919635941445633
964919702643466240
964919927869145088
964920205536309248
964920281461673985
964920328412639232
964921249913823232
964921337998401536
964921436963004416
964921520840691712
964921744002863104
964921887875895298
964922030465404928
964922109729361925
964922152515489793
964922483865464835
964922503150882816
964922600467173377
964922619756720133
964922686441951232
964922748517666816
964923775715291136
964923884779835392
964923956489842689
964924233733361664
964924326012211201
964924467377041408
964924586461671425
964924626726981633
964925040302215168
964925102805737474
964925279776002049
964925294057590785
964925412324380672
964925450492502018
964925490338455553
964925536924467201
964926106058010624
964926444991320070
964927111864741889
964927223001243648
964927329121251328
964927433995636736
964927498151776257
964928016559300609
964928048889040896
964928529107443712
964929003902533633
964929135629012992
964929465301299201
964929534075301888
964929795783102464
964930089417891841
964930238311485440
964931199234920448
964931544820350977
964932028016857088
964932263304712192
964932369865170947
964932523762515969
964933023304216576
964934353334816768
964934552975265797
964934917028270080
964935098666799104
964936481612627968
964936627062788101
964936683136405505
964936733593931776
964936947947974664
964937051111075840
964937137496969216
964937492368711680
964938119823978497
964939623897223168
964939972439695360
964940051732926464
964941242915344385
964941663171948545
964941853593399296
964942460932841474
964942730622308352
964943208349425664
964943541775593475
964943644984791040
964943694028836864
964944138641788929
964944478401384450
964945096184647682
964945662843465729
964945701447847936
964945727431610368
964945776739864576
964945858734247938
964946187987095553
964946291158667264
964947796930461701
964947972655116288
964947984394924032
964948187843891200
964948355158892547
964949138235371521
964949647012892673
964950045056471040
964951216932483072
964951589814505473
964951706843992064
964951714414645250
964951753404964869
964951909022011393
964952054123900928
964952923619971073
964953361501052928
964953715064131587
964954556437278720
964954561910886400
964956454791737344
964956591115132935
964957117923799040
964957218817871872
964959656316755968
964959707889831937
964960202419302400
964960898656980992
964961163741220864
964962604052570112
964962906063429632
964963135894556672
964964705012985856
964964850127515650
964965241875582977
964965785029537792
964965987627012096
964966022422949888
964966058489778176
964966318138187777
964967275676753926
964967893917229056
964968231558696961
964968939980763137
964969698734624768
964970080491790337
964970509908697088
964970580360486912
964970711671549954
964972826859048962
964972992085282816
964973388891672577
964974030590750720
964974067525783554
964974494099091456
964975012762603520
964976523282472960
964976824441888769
964977042138726400
964977537892962304
964978006405021697
964978064278085634
964979794835210240
964979877047775232
964981043055951872
964981440273354752
964981782931230721
964982503520940032
964983013112205312
964983511412297734
964983817181200385
964985333417947142
964985492809900033
964985761253732352
964986274619838469
964990532664676359
964997306058756096
964997410995937280
964997777070723073
964998037964599296
965002663036424193
965003321948942336
965004274462855168
965005121737412608
965005684596191232
965005924099387392
965007647136198656
965007908831408128
965009332407537665
965010036211765248
965010411987853312
965011316296552448
965014118947278849
965018701203468289
965024542187048960
965031842360434688
965031880998334465
965033376225914881
965034603085008896
965034835017428992
965040935200534528
965042091175956480
965043490785824773
965044797345017856
965046253179539458
965046433111072768
965051826553974784
965053765173866497
965058334859636736
965059432496418816
965062927186366464
965063196494237696
965064956424212480
965066216787279872
965070096547958785
965072261614055424
965073434769162242
965075420365377536
965075805821915136
965076938686652416
965077062003449856
965079482561449984
965081055840669696
965082626183782400
965082801509928960
965083635761238016
965086008055300096
965091299983577089
965094903301771265
965096854097682432
965098842201952256
965101254325268480
965103794425090048
965106588653703170
965107433373884416
965107501732716544
965108295714443266
965108666075623425
965108909760569344
965109082175803392
965110048128200704
965110478883213312
965112195188252672
965112503897350145
965113166924472321
965113650603352064
965115167272038400
965117683426525184
965118775203856384
965119251676876800
965122377674665984
965124265560375296
965125705871888384
965126414696681472
965128982046953472
965130837619593217
965132071554441217
965135031911010304
965138134420815872
965139641459408896
965139750075162624
965140581390352384
965141278487928832
965142417652535296
965143251887034369
965143313958436864
965143492228993024
965145162002427905
965145463967055872
965145463988129792
965147443691229184
965147584200347653
965148309424955393
965148633602519040
965149118892072961
965149793340219393
965151776805654531
965153717120045056
965155344921059328
965155890176413696
965156137237704704
965156262626385920
965156275632910336
965157904276967424
965158915112660992
965159280449081345
965159723770220544
965161186340810752
965162720596320256
965163998764138496
965164157564784640
965165232984379392
965165449016115203
965168255387217920
965169621631455232
965169943632326656
965170467500834817
965170921295237121
965172049995091969
965173343077924864
965173780975947776
965174376147582977
965174776716234752
965177365440626688
965184624954691589
965184875333652481
965186055744913411
965186221277368320
965187156787580929
965187542923530241
965187567649021952
965188733271191553
965188776040345600
965189229872599040
965189353591975936
965189700062412800
965191746882883585
965191893658275841
965192542110343168
965194069239586816
965195473501020160
965196344670466048
965196718382960640
965196730970050560
965196762834178048
965196879276462080
965197325269311488
965197399965671424
965197506660376578
965197904347451392
965199476490153986
965199667813388288
965199987822006272
965200950024687616
965202713712713729
965205783091826688
965207270836592640
965211964921303040
965214386045571072
965215504641220608
965217585871642627
965220216048365568
965220669956022273
965221566261981185
965221976892731392
965226318072827904
965226941669310464
965227170711916545
965227739438559233
965232058325925888
965234645779480576
965236454799572992
965236745041260545
965238559916601346
965239534245105665
965240449442242562
965240489283858432
965242682485477378
965243520108777473
965244233123639297
965245553931042816
965246834850459654
965247207300530176
965247245489614853
965248727320477696
965249661819760641
965249697047826435
965250937362231296
965251139875741697
965252516039548928
965253273509875714
965254079260909569
965254514197622786
965254656409702401
965256600436051973
965259180797059072
965259424481906689
965259676970569730
965260865237913600
965264011771170822
965266025481756675
965266169316831233
965267773218852865
965268099980128256
965269338038194176
965270685760270336
965270721831333889
965271664702427141
965272165095485440
965272817737568256
965273545663066113
965273638969663489
965275455111749632
965275653493919744
965277319064702977
965277546790178817
965281439947227136
965284403214630912
965285252561362944
965286692885114880
965287504067944448
965288901198802944
965289180929589249
965289733772468226
965290346136637441
965291109931999236
965293143728955392
965293620621430784
965293653970178048
965293952650940418
965295492560191488
965296461876514818
965297312456200192
965301190505443330
965301460631195649
965306420806717442
965306845706506241
965307179141132289
965309594636640257
965312324704854016
965319502408728576
965321536650571777
965321955246329857
965322290786390016
965322463612719104
965322963993223169
965324647561605121
965325987234840576
965326257775955968
965328776036061185
965331373576933378
965335076304277504
965340288540700673
965341664419205121
965341737274232837
965344747933102080
965345323412541451
965345332203749379
965345421555060736
965347347168399365
965356993220370432
965358836197441536
965364856269557761
965368475135938560
965368784952360960
965371720264830981
965379304145244160
965380022470107136
965385642824945664
965394013821067265
965399245649047554
965403259337920512
965405467328393217
965406608456126464
965407536236163072
965407739244576768
965408409926414336
965410992342495233
965411319108259847
965413472459808768
965418410397093889
965421795212894208
965422523759312897
965432403857723392
965433102213484544
965433757800042498
965434371531591680
965434416284753921
965436135941070849
965437645504565250
965438439066759168
965439029180289024
965440152939237377
965441318024556544
965442202007736320
965444911288979456
965445240260833280
965445323152904192
965446615854063618
965447898321301504
965448082153492480
965448223920865280
965450161693581312
965453848503635968
965455022073970688
965458642580463616
965458880401682432
965460225091391488
965465436094713856
965467001421516801
965469749529456641
965470876517978112
965473055056252928
965476389934829568
965476398323286017
965477263197265920
965478370908676096
965481729774497794
965482630409007104
965483112577761280
965483527805526016
965486645431689216
965487249822449664
965488198175649792
965488213266714624
965488508138868736
965489603686879232
965500735797342208
965519891188146177
965523043174027264
965523335546331136
965527066799169537
965531084942446594
965531219558653952
965531385241964544
965532686826856449
965533789400240128
965536494743183360
965537451451273216
965537628476133376
965541261166997505
965542030800773121
965544078036303872
965548706975100928
965548917587767301
965549367485706240
965549479486218240
965549607399895041
965556108558467072
965559916575559680
965560428708245504
965564180945252353
965565070548914176
965568126925467648
965569008580820992
965570673727934464
965573230265331717
965573884157276160
965575276519395333
965575913638424576
965576724812587008
965578974641512448
965579490981285888
965591910290083841
965592500428787712
965592520104259584
965594537191264262
965598537730977798
965599176930287617
965600584563912704
965601477929598978
965601943489011713
965603094015938560
965604322942898176
965606509848793090
965610658011238402
965612467995987968
965613130364735495
965614583451930625
965616069061828614
965618241304432643
965620270953385984
965620796902334464
965624390988771328
965624419921080320
965627109740830720
965628167963725824
965630116234702851
965631847228207104
965635371701755905
965635643878531072
965635856546451456
965636039401291776
965636158528131072
965636176588685312
965636457162403840
965638172150566917
965638595305508865
965639697258041344
965640165598416896
965643799824388096
965644436398100486
965645385153830912
965646665251205126
965650508085125121
965651063280844801
965651346107109376
965652140113920000
965653689452113920
965658019660001281
965658386091204608
965661057195937799
965663831287463937
965665936006148096
965673390907502593
965673547422097408
965674168992829440
965690419219755008
965690877833367552
965692008202354688
965692602145230848
965693491748651008
965696765801390080
965697157973118976
965707588368203777
965711383361937408
965711506708017153
965725256873906176
965730554090958848
965730718717419520
965731286190043142
965734683584729088
965734985553494017
965742674430038016
965743353068507136
965751251932778503
965752106652258304
965756439862980608
965758180482576386
965762322345185280
965762644912287745
965763944710332417
965767165529022464
965773681376088064
965774973209112576
965791841017847810
965798349747077120
965799023348129793
965803046558162944
965805741369159680
965808261751590912
965809646677233666
965813310003261440
965815925168529408
965819568760344576
965820257020628993
965821968732839936
965821969974341632
965822984178020352
965826305207013377
965826765766758400
965826773727420416
965827260870733824
965827572725665793
965829800307974144
965832010286731265
965837839547162624
965839344446554113
965840571318325254
965845574699319296
965854498496434176
965854802205954048
965854925031952384
965855168498688000
965856578007130112
965862137565507584
965862938669211648
965867710545526785
965873485259026433
965878075467747328
965881535416201216
965882028234366976
965888398111145984
965888896809754626
965890857609162752
965893146063368193
965897193545662465
965898114619109376
965899571732852736
965904276911542272
965905187499118593
965909961132904449
965910323004715008
965919462598721536
965919645525037056
965920193011699713
965928735194087425
965928861409185792
965930795402743808
965931721073004544
965935078604816385
965936282374496256
965945737161748480
965946183054131201
965948051608268800
965949490254491650
965951117648695296
965951501251293184
965952137283952640
965953872853336064
965956427209723904
965956789861789696
965958627520630784
965961517421252608
965962394420658181
965969769265541120
965970418145280001
965971996059324417
965975031892324352
965977906215342080
965979931778875392
965980943336050689
965981560750198784
965982161361805312
965982988453498880
965986718632595456
965987064901709824
965987429000736768
965988185636556800
965989641462562817
965989927119880193
965991792716992512
965994312248053760
965997286026248197
965997771709804544
966000519385841664
966002679901245446
966003010001252352
966012664437723138
966016211556368385
966018961757401089
966019190590189568
966019771258023936
966021033730945024
966021216619417601
966032553839906821
966032674619052032
966039554112262144
966040999893131264
966041295989833728
966041383386697729
966046379092201474
966050285759197189
966050469801013251
966051386663284737
966054942585901057
966057712390991874
966058291343355905
966060223642394625
966060247973613568
966061487809843200
966065214037876736
966065939644108800
966066477756571648
966068361003241472
966074343787778048
966080095009026054
966087350706163712
966088816636416002
966096395307536384
966098792796905472
966100004959113216
966108351607267328
966108965405827072
966109967655739392
966113008551260160
966116316552843264
966116966703534082
966121174441881600
966140427144515584
966140992922509313
966146110841487360
966151402375536640
966152216527687680
966152617037586432
966152800316022785
966154476733259776
966154477614092289
966155209964687365
966155298028294149
966157243354898432
966163464359116800
966163809512673280
966163942077812741
966164483151364097
966166864228429830
966167154054791173
966167217422458880
966170886087806976
966171675053215744
966177814293745666
966182640687747072
966187803909468160
966188731681173507
966190177025748993
966196120367128577
966205590656700416
966207227873939456
966210130156060672
966220311879446528
966220991302197253
966226023644790784
966232073496227840
966233645127229440
966235432731242496
966236399509889025
966237701748985857
966240545994690560
966241399954866176
966242591871291392
966243727814602752
966247160420454400
966251219663671297
966252268663263232
966256012159340544
966256725954301953
966258526753574912
966258637718081536
966262159184482304
966269022827409408
966269428802490369
966286871251881984
966290372648488960
966291510445649921
966293872811929600
966296186394234880
966305479684214801
966306002738933760
966311507771428864
966313456071774208
966316111015837696
966316890321801219
966316957426421761
966317426769096705
966318749648326658
966319446309646338
966322679262298113
966324005107126273
966324163223998465
966324666964070407
966327634425794560
966340086047506432
966341674875211777
966347155567972352
966347303207387136
966348514518339585
966350349119426562
966351521846882308
966351871219830784
966353124456845312
966359286329745408
966359785045073922
966360610068942848
966365904509403141
966372683788189701
966376050346397698
966378591020900352
966382810507309056
966384620332900352
966387411671568384
966391859831541760
966392576935899136
966394842015125504
966397104691097600
966397711611322378
966397771182845952
966402787184607232
966403635637817344
966404447600611328
966404933783343104
966405426605625344
966409779051663360
966411189596164096
966412632327569408
966419415880232960
966430333662097409
966432887678566400
966439142098898949
966440689386041344
966450703072980992
966457866331873280
966466733912608769
966471517113499649
966474180458897409
966485346556006400
966491539437510664
966496371703365632
966502077198249984
966504761150332928
966507351971737601
966508100235792384
966512060925280256
966515211275563008
966516431385903104
966519343185125378
966523004095213569
966523471927930880
966525105202442240
966526016201068545
966539472790695941
966543350013841408
966555864558522370
966571689638334464
966576037474676736
966576044609335296
966586024947257344
966604858626330624
966612637416132608
966613488838828032
966615306205646848
966633995223040000
966637192339738626
966640136191606784
966644377773887488
966645090381910016
966646830053412864
966647587142078465
966648496370700288
966658995346923520
966663905622745095
966664557845471232
966666303946797056
966666432711942144
966666829459607552
966669667749302273
966671289707630592
966676911312302083
966683422147129345
966684749648588801
966690459392372737
966690600258080770
966690937505288192
966702642704642048
966703387847856129
966710851498577920
966713467628646400
966713780099989505
966715990624137216
966716384762908675
966719335879323648
966721934892421121
966722674134220800
966722885925535744
966723124665438209
966723250003857408
966723382103461888
966730763243634688
966730861570875392
966731427218968576
966733526585561088
966736105101029376
966736492239482880
966738242551738368
966740508746964992
966742514542764036
966742548814483457
966744000874074113
966744761305411585
966746112316071938
966747591378599936
966749772655800326
966751246978871296
966751473882288128
966751656330366977
966757368125181952
966758746809683969
966760270591942657
966764562199535618
966767314946461696
966769015292157952
966774102999666689
966774460748582912
966775586956955648
966778891212701696
966781590670946304
966785943918260225
966794337567854592
966795251519311872
966795381936934913
966798794850471937
966814121697067008
966827766598467584
966839255443140608
966845326106726401
966846136827826176
966846715218116608
966860653293133824
966874890040000512
966877810936700928
966879567901110272
966880228944494594
966881301432119296
966882227102494720
966882252704526336
966882388583137281
966887134467563521
966891387877650432
966894745036320769
966907289356484611
966925715336716288
966938395980136449
966943354058674176
966950507452534784
966952422131183616
966954364542726144
966954657259163649
966956792604430336
966960635417305088
966960900501630976
966964753833738240
966972267497512960
966972707056312320
966979549656477696
966980687994740736
966982643806912512
966988830149459968
966988884088426496
966991074744029184
967007059966341121
967009898017026048
967015056541024257
967019364099743749
967019991123070977
967020262930636808
967023711881777154
967033290027827201
967034816704102400
967035154396078080
967036362745696256
967041100648136709
967045823015063552
967045849023963136
967047684854034433
967048308983201792
967049420473798656
967052670807703552
967056782714703873
967061768215416832
967062277680660481
967067560838561792
967068495312834561
967071598250426368
967074078413742080
967075187740028928
967082956459094016
967092687651385347
967097744727904256
967105331687034883
967110044000096256
967112140824989697
967113941015977984
967115639310749696
967118707842568193
967126462208839686
967127088494006272
967128263737749505
967128900856963072
967129916276961287
967131530689699840
967131750865473538
967132117451857921
967138320412266497
967140361763160064
967140766106771458
967143415254323200
967148497060409349
967163088205176834
967175538568843264
967176303198851074
967176429866713090
967183862139731968
967190249502683136
967190499672055811
967192250785542145
967192912457973760
967197418797322240
967204047659843584
967204473398538241
967210674257645568
967219095992184832
967223124621131777
967228380914601985
967229479834865666
967229726887735296
967229815781711872
967230203918512128
967235576666644480
967239028608323584
967241212548677632
967244983257321473
967246289724477441
967247828668968962
967247835799400448
967247903331946496
967251510420803584
967252961222160385
967257166435487745
967257824937037824
967259006908751873
967261955089149952
967266673240678400
967273217634205696
967277924041703424
967278913238913024
967282463495151616
967286789537968129
967288620213190656
967291761889632257
967295703696392192
967301600040701952
967301765296263168
967302492605304832
967312179769815040
967315528514703360
967318240551686145
967322332934103040
967325879025225728
967329718247870464
967333854271897600
967337142111305728
967337931974303744
967338338385629186
967348697909653504
967349765775208448
967355388004917248
967357229346250752
967361471213637632
967362811717447680
967363244569612289
967368587269861377
967368793700827136
967370025492459520
967371569000583168
967372988495613952
967373474506387456
967377375188176896
967378861636964352
967378922034757633
967397008725168129
967402753491320832
967407742334926848
967414259046117377
967417866176880641
967426075272908800
967426352071761921
967427718575947776
967428422795448320
967433323839737856
967433930826829824
967440094314590209
967440287252574208
967442272798302208
967443004708573184
967443185097199616
967451800579297280
967452001096187904
967456780581253120
967458692668026883
967459232919339008
967459596121051137
967464514366115840
967468895845142530
967473361843613696
967476035305594885
967482510027509760
967483139508580357
967484056891023360
967484215435644930
967484809344946180
967485222089641986
967486032810774531
967486102457249803
967487182943465473
967489701153333248
967489782971543553
967490469558136834
967494376124506112
967494716731396096
967495920832131077
967496478309732352
967496695604023298
967496728306860032
967496810087501825
967497288263393285
967497331028447234
967498050775248897
967500753987362816
967500875617972224
967502837306613762
967503610325164032
967506298450391040
967506467489304576
967508345258151936
967509536046071808
967511175566110723
967511229261631489
967512652829331461
967515304476766208
967519513200672768
967520079255654400
967523425458601985
967527616000520192
967531278034722824
967539953524617216
967540687116947456
967550085293858816
967552220060377092
967552751189282816
967553796019818496
967555838620573696
967576970795024387
967585065793409024
967588772312420353
967597573224755205
967606860554620928
967611839386476545
967612654012559360
967613436493430784
967613444894715907
967618956210008064
967621422037204993
967623249059131393
967627547495186432
967631214877331456
967631576434700288
967631647737892864
967632208948232192
967633294840954880
967634708115935232
967647614211682304
967651868078985216
967654850841333760
967659080163778560
967662266169540608
967669298763325441
967669487054020608
967670947535900673
967673871779467264
967674055913504769
967675303660318720
967681462647623680
967682115683799040
967683894500732930
967689018593849344
967691096531853312
967691216883089408
967693143373172736
967696932490457088
967698215544946689
967701975730180099
967705282523615232
967706841118584832
967708467686445056
967714588438552576
967714767048790017
967719958196125696
967725299810041856
967734073056784384
967737680992833538
967738742998958082
967740093141168128
967740284825210881
967750117108469761
967763201676009472
967772061295931392
967775414214123520
967775578236612609
967776091585859584
967780265413238786
967781637718200320
967783904571731968
967786262785642496
967790191153999872
967792107535642624
967793467773669381
967793536979623936
967794865307340800
967796610993451011
967796722977132544
967797921696579584
967801696586956800
967802644910747648
967805153922502656
967805803225931783
967806774173732864
967808901688320003
967809352844406786
967809708122951681
967812404611567616
967820014781911041
967822490658639872
967829102567809032
967829340804272128
967831301557538816
967836911506206725
967838681536126977
967844672243613696
967847570922983431
967850144992563200
967858741805756421
967860585420509192
967861844965670913
967866634886176768
967867846192779264
967869700905553921
967874589777911808
967874686704148480
967876236067393536
967880741244882944
967886855638339585
967889560964345856
967889997150826496
967895878563348480
967896531377508353
967897593882669056
967897812380897281
967899668414943233
967899756025597952
967902456754532354
967906518086574080
967908684016902149
967916307201998848
967933225317339137
967936160004820992
967938126437117952
967938350358388741
967938765569208320
967950206787563520
967983985220575232
967985802595700736
967986089909633024
968001977471963137
968002155759198210
968014224013254656
968034498888847360
968035672895442944
968038277960826880
968042826163478528
968049950285320193
968050396567625728
968051955993104385
968052307916181505
968052466033090561
968061277007380480
968062187582484480
968063652678062080
968068116679938048
968069208641802241
968072220978372608
968075376286228487
968075968832294913
968077895666143232
968078912398950405
968081320743260160
968083638960128005
968085671507320832
968086096310661120
968087342945882112
968088302996869120
968090275154464768
968092475096170497
968095775594106881
968100911510966272
968101164842737664
968101572961013761
968101842885496833
968102512040534016
968102559427825664
968108022525583362
968108331238936577
968109230132744192
968110146533634048
968110654862196736
968111281088712705
968111411955150849
968111909370130433
968112088488005632
968114975016439808
968122504819638273
968123543547449344
968131413320110080
968132394791432192
968132614996594689
968133704689254402
968133821702041600
968133825049059329
968134551074680832
968136397008900103
968137669132906497
968138318385856512
968139325048328192
968141345838784512
968143539484938241
968143924564058113
968144504179122176
968145640298549248
968146693572177921
968148884278067200
968148948429885440
968150861070454785
968152734234005507
968155661019373569
968158474952638466
968158735867809792
968159997904543744
968161709633368066
968161768769052672
968169395074818048
968171102324355072
968171467258163201
968172439082500096
968175341549342721
968177437833154560
968178314031652864
968179361781288960
968180601621803008
968181383846916097
968183127825895425
968183356352430080
968187432364658694
968187670680821761
968191427518742528
968195680538898432
968201743963172864
968204156384276485
968204659725778944
968206888738410498
968208521710985218
968210836224462848
968210933989429248
968212599518236672
968214313755291648
968217661086879744
968219182067265538
968221471645593600
968223225107894272
968223735806414850
968223913669988352
968223977838608385
968227685590798344
968228346214731777
968229904671223809
968230380456341504
968231487320535041
968231642467741696
968231725984829440
968233377693302786
968235527710363648
968236243946561542
968237352652025856
968238483855814657
968238584074563584
968240950517657601
968244711969390592
968244728755081217
968244800871895040
968245961003864064
968249341495398400
968255188917276672
968256827640164352
968257088928481280
968261989121253376
968262621211238400
968266538716299264
968275156744523776
968284102876188673
968290019235516416
968297461184958467
968303314352959488
968303722878119936
968306559897034752
968309637698244608
968313482499317761
968314330486919168
968320288709627905
968331245083070464
968344493626884096
968350020440350726
968350020876603392
968353956811374592
968356997702848512
968367598793646081
968368860423442433
968369959310151682
968370905549242368
968376349986521088
968376424024432640
968381065424490496
968386243703771136
968390935469019136
968399142874628096
968399526246731776
968400674642890752
968405775742681088
968407054992867333
968408359429865472
968409993207799808
968411176735531008
968413223992070144
968413351075303424
968413735277785088
968421526193270784
968423632996306944
968426949868695553
968432711131070464
968435220604227584
968436323274121216
968439732848934912
968442103448694784
968442194041430016
968447854254743554
968450513871175685
968450683740581888
968451504150425600
968454172965330945
968455065941037056
968462517122076672
968462646751256576
968462740913303552
968463774167568384
968464039645995008
968467696688840704
968469291770277888
968469841211469824
968469844596285441
968485886454243329
968486213257744384
968486412080336896
968490330671796225
968491521183019008
968491587855704065
968493491637641219
968495239815204864
968497551744872448
968499060016476161
968503034522124288
968504122101108737
968509091109916672
968509923247013888
968512070751805441
968514998778630144
968515516359954436
968519295016865792
968521207493558278
968521627473498112
968522267943677953
968522550199439360
968525888865406978
968526860874407936
968534191695527937
968534875576983553
968535301487546369
968536992018583557
968539281282228224
968540638550679554
968544185610629127
968544295555862528
968544803297419265
968544823383818241
968550351732428801
968553240513204224
968553650955149312
968559782629056512
968562513104326656
968562654464958464
968564967640371200
968566587170148353
968567559288246272
968568962689757186
968572555824115713
968572801329152000
968573552504000515
968576259121967105
968579306258563080
968579935395827712
968580961326845952
968581272133128192
968581889958215680
968584060502192128
968586599322804226
968586629110816768
968587178572906501
968588309776814080
968588441888968707
968595636366008321
968602719312367616
968603388203200513
968604325714022400
968606046653698049
968606638050492416
968606729880723456
968614980085075968
968614980093403143
968615712691539969
968615859219509248
968620291764178945
968621830222286850
968622916547039234
968624550651899904
968626954575532032
968630042665410560
968633116612005888
968633269771218944
968637851628900353
968639326358790144
968643765580783616
968645892109516801
968645933213904908
968646102441512960
968650957964787717
968651239830511616
968654024974262272
968664140670750720
968665975678820352
968673365035749376
968673505708593152
968677478557540358
968679184095744001
968681977816764416
968684397892288513
968694049430532097
968694076634787842
968699047342063616
968700079568769024
968711806423392256
968725828409413633
968726153891602434
968727399167938560
968728506879397890
968735841869852672
968745847411429381
968757125869723648
968757188343816194
968757756101570561
968758808213417987
968759707908431872
968761121753661440
968764353385324545
968764543294984192
968768804909088768
968773128846561281
968780856008507392
968790734009716736
968801868339019776
968805081033342976
968806279224463361
968811515527737346
968817306787876864
968820549647589376
968826534076276737
968826612916609026
968828463019896832
968830785414488064
968831224990052353
968832058800902144
968836670022807552
968839123258740736
968842188904951808
968848507187720192
968848507200208901
968848507594510338
968849915228119046
968850359820136449
968852230039310336
968852818936385536
968853007252279296
968855122439753728
968861860995805184
968862258632773632
968863480429367297
968872107399700480
968872490641559557
968878365963902976
968879632274673666
968880360409845760
968883222191976448
968883583308922880
968884864270458880
968887206734712832
968891046238158848
968892104029110273
968897448834842624
968898105688100864
968904946165919744
968908840141025282
968919918161874944
968924203901771777
968926052738392064
968930417326874626
968934555473272832
968938639861387264
968940167812845568
968944598671331329
968954419172790273
968954810157367299
968955217390768129
968957057041928192
968958025066201088
968958033186390059
968958345829912577
968958483923132416
968960063183507456
968965910781415424
968971662430359553
968974308209967104
968979293660332032
968982112555511808
968986644069191681
968990184464420864
968991210407956481
968993698053873664
968995881189076992
968998222453764096
