969743782198566912
970203338670256128
970412189856272385
970724632935518209
970724802666299393
970780297083150336
970794760729489413
971102670441320450
971130332895379457
971134058964058113
971135477460987904
971135639335956481
971180909314629632
971194880063098880
971195710988324864
971205065976430592
971285649448931328
972040178742284290
972988763340263424
972988879551770625
973207593631051776
974690537658761216
976106944879570946
977237115602948096
977283873708134405
977360810241556488
977702229540069381
977703028550750208
978065094235049984
978065424775557120
978951815860506624
