1079891756328632321
1079894763736911874
1079904723107364864
1079904753319010304
1079918711111405568
1079920671122087937
1079929334633238528
1079930070125277186
1079933254487212033
1079937647953563649
1079943280517799938
1079953489030197249
1079959741902786560
1079960020387749888
1079967867494432775
1079989514028961792
1079990649217261569
1079991371115712512
1079992483466145792
1080000720231895040
1080017843025072128
1080018819912028161
1080028642145636352
1080031659104309250
1080033830424190977
1080035701574520833
1080036410428538881
1080044843467001859
1080046992183693312
1080047043408785409
1080058617552871424
1080058883509489664
1080059601142325249
1080059607006019584
1080071310364037120
1080098778009473025
1080100669229580290
1080104474717368320
1080105515760435200
1080115147971198976
1080117134389317632
1080119203036831744
1080119868245057536
1080127748075651074
1080129303340351489
1080137782138490880
1080143183256915971
1080144024508411904
1080146694162079744
1080149330730905600
1080151816594210816
1080154369746747392
1080155623029903360
1080156528160714753
1080158168112680961
1080158376028487680
1080159649024880641
1080162770514075658
1080169203343200262
1080177406542036993
1080180162615037957
1080186876051505152
1080191807324151809
1080192001486790661
1080195137119182848
1080196358450106368
1080200235043995648
1080210604055580673
1080212733897908225
1080217908435836929
1080218339602063360
1080219265276542982
1080220880016420864
1080221278974414849
1080221309576142848
1080222187045437440
1080222436585627648
1080229428096053248
1080235844957544448
1080250186520244225
1080252389783949313
1080254244509401088
1080254701696892929
1080258526910525441
1080288991415459842
1080292090154704896
1080297635032981506
1080299818981814273
1080306384745377794
1080310465815896075
1080312777313603584
1080313630837608449
1080315920067776513
1080334529796104194
1080336879483060225
1080342981725642752
1080350343169482753
1080361011809538049
1080385263661187072
1080386383569698816
1080401145842024453
1080401273856368640
1080402755167182848
1080403482904006656
1080405085111357440
1080408749947396096
1080412201163227136
1080412227168030720
1080414649814638592
1080428928483897345
1080429341597671427
1080429861691367425
1080436228468760576
1080436672855191552
1080441064694185984
1080442943314513921
1080443102291263488
1080444314013130752
1080445760263442432
1080446086135853056
1080450687279001601
1080451910740647937
1080457622111862784
1080482934736539648
1080503661736931328
1080508573103185920
1080509097475301376
1080509617225035777
1080528979835129856
1080528985677803520
1080530385321246721
1080532507655733248
1080533233698291715
1080534656825602049
1080556640825311232
1080562232268914689
1080563712031944704
1080567004120133633
1080571750838988800
1080584123171913728
1080585529522114560
1080590679728889856
1080602882628599809
1080603408162275328
1080603416542498816
1080615559908261888
1080616639396233218
1080639589935730689
1080644258997055488
1080650477480656896
1080650771069390850
1080656431295062016
1080659086725836801
1080662168700362752
1080663636681474048
1080667574319308800
1080671882263883781
1080672455226724353
1080675168530432001
1080687939745570816
1080704512581603329
1080720578141671424
1080732438807150592
1080736001222422528
1080744821717942272
1080747586519293954
1080749106509893632
1080750683614269440
1080762013255680000
1080770285266194432
1080771643780358144
1080775006722949125
1080775210628984832
1080777565323825153
1080785739196129281
1080795318617296896
1080801121772490752
1080801334423683072
1080811077401825280
1080816368923090944
1080820571599003648
1080828297083322369
1080828533243547648
1080835511122579456
1080843157942779904
1080844274885906445
1080849341189783552
1080857294433337345
1080857321272692737
1080864624390668288
1080877347820236800
1080879547875315713
1080886402466775040
1080893432141361153
1080898394846040064
1080902207443296256
1080904011421646848
1080904979865493504
1080926971889098752
1080930539572359168
1080930813011787778
1080932106258255872
1080934965385355264
1080951001887191041
1080956859228610561
1080961692312502272
1080962883507441664
1080965731309637632
1080979132656349185
1080979160363925505
1080980028551090176
1080985923234529280
1080991378505637890
1080993228147642368
1080993967511142400
1081019679777476609
1081028162409152518
1081046249095159808
1081054511001677825
1081059494287761409
1081066950464364545
1081074869763276802
1081077384214966272
1081095211281989634
1081106120666562560
1081114076737126400
1081115319215816705
1081116121141395457
1081119613222637568
1081121321646383105
1081121383319552000
1081121708814172160
1081125137250951168
1081125812114505733
1081130770398437377
1081144446056648704
1081151337344131073
1081151718627381248
1081158469372313600
1081163944591613952
1081170238173995008
1081171941459783682
1081174812880498689
1081177364711854080
1081185184987443201
1081195190914813952
1081200807494729729
1081205624665460737
1081207162540568576
1081207271336615936
1081207496990224384
1081208520417177601
1081208936764723202
1081211434909028352
1081212299468263425
1081222309350858752
1081224901254676481
1081225084990353408
1081233816243572736
1081248975297097728
1081255916052365312
1081259455629717504
1081270301265195008
1081271961781719041
1081278983335866368
1081279340074188800
1081282229416779776
1081284700700839936
1081285277002285056
1081289555419058177
1081292992013582336
1081293496173187073
1081298068174180352
1081298154795008000
1081305167662907392
1081308440885047296
1081312443920510977
1081314081376796674
1081316570310344709
1081324370012880896
1081327850446188544
1081328172577243137
1081332055680696320
1081351826098847744
1081353393350660096
1081353578722353152
1081354292186005509
1081354803882668033
1081355829599719424
1081357203011977218
1081374281798430720
1081396611450920960
1081399461484613632
1081407034346651648
1081409975984029697
1081411071297105920
1081411102334992384
1081423306102849536
1081428670605074438
1081438149342097408
1081443846461054976
1081447753878777856
1081448964963090432
1081460346404175872
1081481602725756928
1081481836352593920
1081483458709504002
1081498038600908800
1081523586471510016
1081530741106855936
1081531139540635654
1081535850188554241
1081540267193319424
1081545387180199938
1081553876455772161
1081554908250173441
1081559946355924993
1081562514612240385
1081570801747398656
1081574847136845824
1081580435564576769
1081582599779373056
1081583503760941056
1081584656372383745
1081585273362964482
1081585956094951424
1081598841504309248
1081601603432525824
1081604283609567232
1081604924918644737
1081607149594337281
1081636160449835008
1081639723100180480
1081649720517382144
1081651303447781376
1081654285165907969
1081663227249885184
1081678700607950853
1081705784076050437
1081714891600351232
1081721102961827840
1081737389842853888
1081747220884606977
1081792705166897152
1081801343738802177
1081820527239593984
1081846166172643328
1081848081044393984
1081849190685310979
1081851826394288129
1081854761723482114
1081873289105080320
1081874725637369861
1081875529240854528
1081876737632423936
1081883063066464256
1081891196958588929
1081893299680673792
1081900170336452608
1081902002857263104
1081902468429156352
1081903289262845952
1081903645111828480
1081904128962514944
1081906626649575424
1081911790697697280
1081913348462125057
1081913634069069824
1081920797961273344
1081922172090703877
1081924688987676677
1081924740137320449
1081924859716718598
1081925121873448960
1081928417434578944
1081931365086425090
1081940992704446464
1081943652706979841
1081944274743132160
1081947500582457344
1081960403939278848
1081960894647713798
1081970484692971520
1081973859673403392
1081977907998793728
1081980584799293442
1081980988719333376
1081981748332892161
1081987056354689024
1081988940721209344
1081989136091893760
1081989588737028096
1081989795939868673
1081992006761676800
1081992133408628736
1082006026201772032
1082009676110356483
1082010061952638976
1082010148799836160
1082015387481526274
1082015825769451520
1082017157880389632
1082019204306554881
1082022932593942528
1082024309604917250
1082024562089312256
1082025061685485568
1082029914440617984
1082030301147062272
1082034021922529280
1082040064677425152
1082041020550926336
1082042953697243139
1082043054981349376
1082043091673063424
1082043254013612035
1082044134402207744
1082044222067392518
1082047205060603905
1082048698207608834
1082054569813835778
1082054614290231301
1082060146136641536
1082060228785508352
1082060927120392193
1082065687244427265
1082066185540304896
1082067786984243210
1082070339994103809
1082072000112148481
1082076180969410561
1082076308480446467
1082081592875593728
1082083234526171136
1082092204888330241
1082094361591058432
1082098130596888576
1082101637886414848
1082104038076731392
1082105333479366658
1082116361990619137
1082118927218544641
1082121410305236996
1082122813681500161
1082124119787913217
1082128909678850049
1082137042828562435
1082137424095051776
1082143551138553856
1082154103994748928
1082155823277568000
1082157852465250305
1082168255584690176
1082171355171356673
1082178911629393924
1082179035780632576
1082184524459532288
1082187164614643717
1082187186169090053
1082188027961716736
1082191205138661376
1082200165010866177
1082201570958286849
1082213092396859392
1082214996094959616
1082239271854059520
1082245380723613696
1082245489918181377
1082245857364172800
1082248922117140481
1082250881293340673
1082251080954720256
1082261867861557248
1082264140322873346
1082270247783145472
1082275491783065601
1082282043701104640
1082282436497760256
1082283644666798083
1082287009778012162
1082290836644102145
1082301363529371648
1082302906605420545
1082321941199867904
1082323245599121419
1082335895230074880
1082339402066657285
1082339766786506752
1082347553268617216
1082360008270966784
1082360772032901121
1082367772770922499
1082368387685191680
1082370706862682113
1082371558109196289
1082374115410042880
1082374874713202688
1082375350204551168
1082376552690606080
1082378760173826050
1082382014928449536
1082383701491810304
1082385825873182720
1082386550615363585
1082387831601782784
1082389616299307008
1082394692216590339
1082402986444283904
1082403456982401031
1082407217263972355
1082407251229503488
1082409169708302336
1082409947315478529
1082410305932660738
1082410353328148481
1082411052535635975
1082412437674971137
1082414302282149888
1082415284084969473
1082416565956632578
1082417048720834560
1082419586245378048
1082431142806974464
1082441540914561025
1082445046949924864
1082448183865815045
1082449609933447168
1082450188936138752
1082451501967040512
1082456915127472128
1082463527451967488
1082468667181264896
1082471868265844736
1082481945144000512
1082494868558147584
1082494916398383104
1082504611917791233
1082520432862027776
1082521210880184321
1082532189500334084
1082537652052770816
1082549253988208641
1082550106715496448
1082550385376661504
1082553291458924545
1082553333389426688
1082553798462238720
1082556585220755457
1082564736481460224
1082565828644651008
1082571270322077696
1082572436749631488
1082574222289858560
1082584107828301824
1082585498231689216
1082588473704488961
1082595753485250560
1082596593449295872
1082597799315861509
1082597981314904064
1082604586572103680
1082606520511201281
1082610700885913600
1082611673209421825
1082611705945956357
1082612163544563712
1082615452768104450
1082615679881224192
1082621952639016961
1082623556083691520
1082625892743081984
1082629589615157249
1082632789034520576
1082642852402917376
1082643154413719552
1082643231987458048
1082644739416035329
1082650077930373120
1082652277868032001
1082657586581778433
1082664292028203010
1082664622325448705
1082665407280902144
1082666451251585026
1082666487746310144
1082668412940238848
1082678735931916290
1082681638050504705
1082682859138240512
1082684007345582080
1082689872262062085
1082694884019093509
1082695154102923266
1082695979587973120
1082697500841136128
1082697581384351744
1082698034880831488
1082698514180829184
1082699511192059907
1082699928084848640
1082700413743312896
1082701097834287104
1082701278667567106
1082702316342521856
1082704945730727938
1082706797528412161
1082709500317061120
1082710939382804486
1082713807896657920
1082719110331621376
1082723593304371201
1082725946606657536
1082727515771338752
1082728083227111424
1082729166997471232
1082729535215493125
1082730661415395329
1082731903780818944
1082732227572559872
1082735184762540033
1082736758792568833
1082739407822770176
1082740359929778178
1082740757948231680
1082741035195949056
1082741806545231872
1082742048955027467
1082742617694195713
1082744214922973186
1082744465306075138
1082745034032566272
1082749240940605440
1082751047519617027
1082752720543645696
1082754640263958528
1082755141709844480
1082760620087394304
1082769532991741952
1082770817296011270
1082772443410980865
1082777696793477126
1082779158499999745
1082790960415813633
1082796610973773826
1082799171608883200
1082799536517480448
1082801632079998976
1082820856974196737
1082822785347530754
1082823061525721090
1082824086185758720
1082825909021917184
1082827545253429251
1082829440629919744
1082831539904294913
1082835974097391616
1082837520113692673
1082838197086740480
1082840585743073283
1082843184546414593
1082849495703080960
1082851365531992065
1082855257024200705
1082855633228050433
1082865140477833216
1082879697640402945
1082880399192346624
1082882818038878208
1082889218555367424
1082896853585149953
1082904034976108544
1082904188038926336
1082904222998384645
1082907152782671872
1082909751095279616
1082922912384995328
1082923209752743936
1082923955080650757
1082931853806485506
1082933687149387776
1082933796599672833
1082938903999463424
1082945016639705088
1082947026285805568
1082947080367202306
1082948859611860992
1082958044277952512
1082966169089392641
1082970517320228865
1082971429988196353
1082972708286140416
1082973405517758464
1082974772638683137
1082976024038703106
1082977493303345152
1082979877538668549
1082981542027239425
1082983293581090821
1082988905027252229
1082991984200040449
1082992969857290241
1082993385521197056
1082994309497004034
1082994698728427523
1082995766619185157
1082997325625204736
1083002751800487936
1083010207171653632
1083013725366480897
1083013842790219776
1083014708934991872
1083023109274230784
1083030684191592448
1083033611824181248
1083034639818727424
1083037195017965568
1083037924462133249
1083039850859819009
1083040060981665792
1083041769749733378
1083045782847193088
1083045896550576128
1083046129296699392
1083048806109855744
1083050325924286467
1083052049539973121
1083055097553268736
1083058660597731328
1083058968044363776
1083063055880204288
1083063320905728002
1083066576096641025
1083069055769210880
1083073004735811587
1083073098121863168
1083074129962635265
1083078117571395589
1083078613333884928
1083078755113947136
1083080944540622850
1083088287063916544
1083094734917259264
1083096616985391105
1083097054015119360
1083097762852425729
1083098958141050888
1083099180527218689
1083100853639303170
1083103946179309571
1083104224160952320
1083110236934860802
1083110883042250758
1083115222502645760
1083119630292582403
1083119952415076353
1083121546225508355
1083131271398735873
1083139821239963648
1083165724670087173
1083166334706282496
1083178830381047808
1083182111568416768
1083182801929699329
1083190193979564037
1083190713305710593
1083192791105040384
1083200492249989121
1083208509687238657
1083225752869486592
1083242255975137280
1083242343858405377
1083253086301446146
1083253509116649472
1083256076839972864
1083269339657265153
1083278387194548224
1083278703860301824
1083281622634582016
1083282108808871937
1083287156251013120
1083287519456870400
1083289398077243392
1083317382054055938
1083317600699015169
1083318467556708352
1083332841449181184
1083338077190287361
1083338145532387328
1083339203352690688
1083339220146622464
1083341950491770882
1083347928356409344
1083348617879007233
1083350613428260866
1083353306712420352
1083357242232066049
1083360821617528833
1083361830343458817
1083363866699022342
1083365425738670081
1083368697216057345
1083368723300392961
1083368973373239296
1083370315454009344
1083370487105896451
1083371895033135104
1083372376081891329
1083374732060303362
1083376319574896640
1083381393013592064
1083383443172614147
1083385725305999361
1083388381155999744
1083393684434010114
1083399414557888518
1083402526874103808
1083403809387360256
1083408935732826112
1083411261474385921
1083415567405592577
1083419150553366529
1083423503423062017
1083425489086222337
1083428484129665027
1083429237435052032
1083432740517830658
1083433559652745217
1083434800776503296
1083436705418493952
1083443860083101696
1083444386426310656
1083445508838952960
1083447334132948992
1083448603799101447
1083457470993842176
1083459422997962752
1083461679541673984
1083463769316081668
1083465558450827264
1083467211392442368
1083470003414990849
1083475754795429888
1083482979907895296
1083483835956936706
1083494582606798849
1083501619810058246
1083503959820652545
1083509214448885762
1083509585623900160
1083518355905011712
1083522774201700353
1083526728998359041
1083529353814659072
1083529462853951488
1083538443689431047
1083540825911377920
1083542818335928320
1083546063900831744
1083547572172718080
1083551253534134272
1083559606478090240
1083563374586212352
1083565649631207424
1083573683405406210
1083586358147338240
1083603415132004352
1083610650327334912
1083611435056488449
1083616146958491648
1083620589577924608
1083627499236388865
1083632658675056641
1083634748264726530
1083647947324051456
1083658359667113984
1083661578413789184
1083665829328232449
1083669346252075008
1083675557185900549
1083677738249129985
1083679695672147969
1083685369340616704
1083693203469983744
1083694016431116289
1083695104639012864
1083697880928583680
1083700272524861440
1083702779900760065
1083702901078441984
1083705402162905088
1083707803380994048
1083716210481496066
1083721272155099142
1083723336180555776
1083725614526287875
1083730883289513987
1083733188512493569
1083733704646639617
1083734900266713088
1083736549186068480
1083736567536078850
1083747315419148289
1083750321048961025
1083753655956918272
1083754353478041600
1083758636680208384
1083768529000824836
1083769049119633408
1083769565354647552
1083770566555906048
1083777605441073154
1083787617882103808
1083795450518532097
1083800763011354624
1083807857257017344
1083809352966918144
1083810435940274177
1083810863327395846
1083814468730134528
1083818394611314689
1083819059416875011
1083825364282105856
1083832821754417152
1083834950783164416
1083840297254174721
1083840411347701760
1083842317671456768
1083845683675910144
1083845760104480774
1083850529703383044
1083857800084709376
1083868605874225152
1083870291556818947
1083871537281859584
1083887015521894400
1083888462552621058
1083891865475141635
1083915436104642561
1083915572851732480
1083918081062248448
1083930065451261959
1083937645145874433
1083938452368805888
1083954128173322241
1083954355504582656
1083956743300820992
1083956818815143936
1083965912900718592
1083980150876835841
1084008961198694400
1084010756302098439
1084025063488266240
1084039242685313025
1084042497532325888
1084042919475138560
1084045522866921472
1084047264669224961
1084050395226349569
1084050414721486848
1084053281079525376
1084058713982492673
1084080832845877251
1084081203412692992
1084082308615876610
1084085757172727808
1084088968382156801
1084094493891149825
1084108923546812416
1084110394090840064
1084121637333680129
1084122481236066304
1084127879301156864
1084133359880716288
1084135263889182721
1084140778455293954
1084149828874108928
1084153121482264576
1084156131700699137
1084162365292244992
1084163173102571527
1084163865183768581
1084164996165263361
1084165076913917952
1084169271230504961
1084177434176643072
1084178113557340160
1084178256666988545
1084179418057240577
1084185578680340480
1084187769767972864
1084189716763664384
1084189912230969344
1084191035855654913
1084191500592910337
1084192566806040577
1084196499808911360
1084198277753569281
1084201842488340485
1084202609534296066
1084205888410288128
1084209057957851139
1084209405678243847
1084209739553095681
1084210712614858753
1084229868819238914
1084232493228797954
1084232961715814401
1084240663707828224
1084243356295716864
1084243775864664066
1084247390956048385
1084250545487892481
1084253027702370304
1084253916538290176
1084256843671711745
1084259303224238080
1084267539998359559
1084272320733200385
1084273328548970497
1084273684200804353
1084284306317627393
1084289948868624389
1084292996063997952
1084294719482593286
1084303362290524160
1084310540636352512
1084321042619871232
1084324112762171393
1084325540801269760
1084328133829017600
1084328439195287552
1084329260007907329
1084334287720271872
1084335561110892544
1084337827712688129
1084352011330572288
1084355652674301952
1084355686232965121
1084364738769891330
1084371231133126656
1084372327700279296
1084374853359149057
1084386925383950337
1084387463529984000
1084393354438299655
1084422885039431680
1084425595210084352
1084427747273760769
1084430287797452800
1084432491040198656
1084433139907334144
1084435328511983616
1084435366663409666
1084436499981062144
1084438171377639425
1084447441229877249
1084450447270789121
1084451587706114048
1084452694188793856
1084454376939442181
1084459770394877952
1084461594942296064
1084467793687400449
1084470684804354049
1084480236895506433
1084482397389901829
1084485334266712064
1084485351861821440
1084487371326963714
1084488874255101952
1084495383831695360
1084503322357366784
1084503678436941824
1084506125414907906
1084506357376651269
1084510441362067456
1084527994281095168
1084528771309490177
1084532030279376896
1084532468584271886
1084533095620116482
1084536495980113920
1084545684814974976
1084546503065174023
1084548291176603648
1084551674717499392
1084554183322288129
1084555060351246336
1084555450408853504
1084558641020182529
1084560146385260544
1084560563269758978
1084570388015779840
1084572506575593474
1084572550175313921
1084572566671581184
1084582013380657152
1084586137631510528
1084589401651494913
1084590115513487360
1084597713583460352
1084604689457369088
1084607848196247552
1084609510591721472
1084611769874685953
1084612563411787776
1084615338791264256
1084626908376109056
1084628351640354816
1084637834961657857
1084637963298910208
1084639128480698368
1084640133863825413
1084640466451161089
1084644641054617600
1084644798328422400
1084653287490625536
1084653942737227776
1084659811013267458
1084670928443838464
1084710021429116929
1084710101980725248
1084716499137376256
1084720978750365696
1084727115738537984
1084732853965996032
1084742137227419648
1084744524197494784
1084745801375596545
1084756610499649538
1084760091721695232
1084763432103092224
1084764863623098368
1084766783796580352
1084767610896637952
1084774666143707138
1084777206642024449
1084787775025627136
1084791642584948736
1084793144984719360
1084798431904890880
1084799845523689472
1084800789934231558
1084801742901002240
1084802960482320386
1084806697200308224
1084812438363688960
1084816024912973829
1084820486402555910
1084822579792302080
1084829580052086784
1084834502495617024
1084839392227684352
1084871349875687425
1084875665550147584
1084876424136122368
1084876939222048768
1084881416217714689
1084882344400564229
1084883087216046088
1084888702550192128
1084891076119257089
1084901243129081861
1084904071335534592
1084909624602607617
1084918135654936577
1084918332371931136
1084923788322631680
1084935034522558470
1084941039092334592
1084959372407685120
1084959609637396480
1084961375791796224
1084961584898760704
1084963086023352321
1084963420296962048
1084977318903402503
1084977909121441792
1084978987879796737
1084979079764500480
1084995467732123648
1085002960860532736
1085016603266150401
1085018895029858305
1085026070435323904
1085027858664312832
1085048432887300096
1085050295233597440
1085051583736336384
1085053193086742528
1085055122479042561
1085061447892099073
1085063656608579584
1085065312540807169
1085065942516883456
1085077581299367936
1085084773637373952
1085107885556858880
1085113902613127169
1085114005486780416
1085125518851231744
1085128229206265856
1085138835334418432
1085151129246134272
1085152254578122752
1085157476360695809
1085157727326871552
1085158902449229825
1085159033055690753
1085161638519554048
1085161694270234624
1085165922132914176
1085168745759338496
1085169220558696448
1085170171415793665
1085173439579803648
1085179307029336064
1085179777189924864
1085179870706102272
1085180552284725248
1085188117156442112
1085189220648382465
1085193446866923522
1085194748971761664
1085195393405726720
1085200251701653504
1085200962640171009
1085204372164935680
1085205024375033856
1085205606498267141
1085208446922825729
1085211284822507520
1085212603901726721
1085213728688271360
1085216637983182848
1085218061446275072
1085218436693794817
1085218922687840256
1085219352536850432
1085219975827206144
1085219999986470918
1085221294088556544
1085222169024507904
1085225261573066752
1085225513982050306
1085226107454902274
1085230922851467264
1085234319097061386
1085239020043399168
1085243321210019841
1085250336724582400
1085260389619826688
1085265840096845825
1085271013405925381
1085271189952458752
1085272442631802880
1085273435561967616
1085276478592479237
1085277227657367552
1085280422890782720
1085281531483049984
1085284130697461763
1085287132359520258
1085288465531580417
1085288956609089536
1085289941431668736
1085290282105688064
1085290691075428352
1085291279418830848
1085291326067875840
1085296102453243914
1085296257214623744
1085302872898646017
1085311618425212928
1085318265977688064
1085326471730733056
1085334763492253701
1085338406358417408
1085348227552038913
1085369956160688129
1085373111531458560
1085378877046829056
1085386334498373634
1085396850470014976
1085397917068943361
1085400204222914560
1085400823730003970
1085407231347179521
1085407254411653120
1085412024530755584
1085412136183042048
1085416405137346561
1085420269697712128
1085420652583182336
1085423740546998273
1085425380943491072
1085433516647763968
1085446605963177984
1085447477371772928
1085449699526668291
1085450003626176513
1085455369797816320
1085462456498094080
1085468336501243904
1085474049260584960
1085475333023940608
1085476824912707584
1085479885949358082
1085480141776736256
1085480260408348672
1085482568605229056
1085494840740192256
1085494986676817920
1085495100338257921
1085495893497966592
1085496821265379328
1085497645873942528
1085508281647448069
1085511950971424769
1085514728837992448
1085520860910366720
1085526847440461824
1085528954038116352
1085530877365493760
1085532396517294080
1085535365249880064
1085535971721007105
1085536297647783936
1085537539077955584
1085538496280973317
1085538830567043072
1085539246679703552
1085539699660341248
1085539835140542464
1085540140481724416
1085543839669145600
1085545952511963136
1085548272805138437
1085552187785105408
1085554594040680448
1085557498596245505
1085573363144114176
1085573518031507456
1085576148954816512
1085576975283113984
1085581190956965888
1085582214773919744
1085594417258479621
1085594699241607168
1085595652082597890
1085597721149476865
1085597903333281792
1085598876671782912
1085599854338998272
1085600169746464769
1085601768644452352
1085601847048581121
1085602229254533122
1085602565784510466
1085606555112927233
1085607160820744198
1085608427223687168
1085608781361356800
1085609459739754499
1085611138291847169
1085612043493793792
1085612084950253568
1085614173701185536
1085614229607002112
1085617252739829760
1085619235391504385
1085621335911514114
1085621897558134787
1085623992147431426
1085625201793093638
1085629357077512194
1085634870490079232
1085635082331742208
1085637993581502464
1085638800993370117
1085641414052958208
1085646915297980416
1085647464315510786
1085647980202356736
1085648519195578368
1085650588249907205
1085652333894094848
1085653467203461123
1085654126543876099
1085657736170205189
1085658441228505088
1085662562543230983
1085670179428741121
1085671225874034689
1085672243416449024
1085675379707265028
1085675433180516352
1085676028087930881
1085676318199566336
1085678055887114242
1085679205969522688
1085679922348216320
1085681822376345600
1085690416933072896
1085702517504331776
1085704714455580672
1085706329677676545
1085707293121961985
1085712403050881025
1085725079055478784
1085728471005818881
1085736687647498240
1085763670460772352
1085764616280363008
1085765350279598080
1085766079215996928
1085769707313979393
1085778803501268992
1085784200320638978
1085794743110459395
1085799226804600832
1085803042316959744
1085812519007125504
1085823484092010496
1085830109477695490
1085832551388905472
1085835324654346240
1085836205076480000
1085836530529243138
1085837810639093760
1085870051406696448
1085883205603991553
1085884491149787136
1085884916544479233
1085888081893511168
1085888867075387392
1085891110927360000
1085891436497625089
1085891661727653889
1085893796209090560
1085896779470561281
1085897662107402246
1085898152845012992
1085898329270243328
1085898799288070145
1085902037190086656
1085905244985282560
1085909085688602629
1085909295835705347
1085909317243461632
1085912479304019970
1085914308461117443
1085914758505652224
1085925037058727936
1085925660990689280
1085925732902150144
1085928627575971840
1085933043171409920
1085937922392625152
1085940468821635072
1085941143186145281
1085944244236361728
1085953898924322816
1085955082531848192
1085955139586924544
1085956363883147264
1085956631479926784
1085957640235159552
1085966655543566339
1085968132714516480
1085968659095478277
1085972013267570689
1085972932415885312
1085973552933883905
1085973652812808194
1085978980426149890
1085983045985992704
1085985370968346629
1085986780560658432
1085987338398904326
1085991390104805381
1085995125686353920
1085996197289082880
1085998353479913472
1086000623684853760
1086001358317252608
1086001742926491648
1086003899193020417
1086014904350449664
1086015282982862848
1086016801711013888
1086017751741882368
1086022316797108224
1086023596688977920
1086025439834001421
1086026669863956480
1086027796659560449
1086037158174122015
1086037718704869378
1086040499553619968
1086049851597602816
1086061149764775936
1086064730870030337
1086064974135480320
1086067046981484544
1086079825758973952
1086095209224499200
1086095986823495680
1086096887348834304
1086115534293401600
1086116642931785729
1086126092266758144
1086127548545683456
1086152113745481728
1086152122566131712
1086157459809554434
1086162848244424704
1086163147285848065
1086167760172797952
1086190280255115266
1086190401046888449
1086197093037953024
1086198764061233152
1086203272082403328
1086204705062166528
1086228052512784385
1086230916870086656
1086231533726453761
1086235889859215360
1086236457008750592
1086242331114852352
1086251962495127552
1086252259032342528
1086252697785958400
1086259205105946624
1086271250840707075
1086275076511547411
1086288999877148673
1086293516735705091
1086294546860912641
1086299141318369282
1086302029079810049
1086310984766111744
1086311067368808449
1086313451818020865
1086313977804660736
1086316320768045056
1086321388313628672
1086331934152638466
1086335965621153792
1086338247297548288
1086350023242194944
1086352605658468353
1086358135873458176
1086359449529389056
1086365925484331009
1086368645544955904
1086374967204294657
1086385400933953536
1086386107263188994
1086386360997552131
1086386660907106305
1086404446010204160
1086409221648932864
1086412602836688896
1086412973466361856
1086415159520882689
1086432318829617155
1086438048022310913
1086438962208505856
1086443182081130496
1086448053777719296
1086449164429467649
1086450663066820610
1086452633097781249
1086464565435600896
1086466195832881153
1086466767923208192
1086492848105484288
1086498133339787264
1086498282673713152
1086502726949842944
1086505444854693888
1086512724480327680
1086514873654222848
1086516076291284992
1086518475697389570
1086522758106923008
1086541391306637313
1086542009542811649
1086543987580854273
1086545215668789251
1086550275681333248
1086550967045238784
1086552975559049216
1086572903926239232
1086574613121982465
1086577445132746752
1086578044054179840
1086585410598297600
1086586899072835584
1086587244255662080
1086592917282664448
1086614761431740418
1086623313605132288
1086623393707970561
1086624757292900352
1086625276543623168
1086625804191055872
1086627361116700672
1086634924680011776
1086639469657247744
1086653152886026240
1086653193403002880
1086657760597590017
1086657819217182721
1086660915519467520
1086661404596281346
1086686645062123520
1086689424983969792
1086690534196944896
1086691092727238658
1086691113249976326
1086692466458353665
1086704615138230274
1086722634560294914
1086724732291039232
1086725316611993600
1086726154487246848
1086726494888644609
1086733816616624128
1086735458942545920
1086735593026080769
1086736221311823873
1086740414810546176
1086743555895451650
1086746535528869888
1086753025798983680
1086761298644193286
1086763861368336384
1086775366356795394
1086775852736475136
1086794551535288320
1086795759071252482
1086796041322668032
1086797076485234688
1086797944781561856
1086798451374022657
1086799093987504128
1086799364494893057
1086799798173401088
1086799843035615235
1086800928525606912
1086802839026843648
1086803143558610944
1086804919015874561
1086805054470811648
1086806137855459329
1086806801817964544
1086807392816222209
1086807534143528961
1086807877656862720
1086809212720693248
1086810562854563840
1086810949166735360
1086811150048735232
1086811525866610688
1086814078109126657
1086814634701672448
1086814681233264640
1086814807087443968
1086814919058694144
1086814944627224576
1086815175750180864
1086817116869804032
1086817929310564352
1086818197318369282
1086818273226821632
1086818579427676160
1086820910206730242
1086824844451348481
1086825083543244800
1086827401714094080
1086828332858122241
1086831317092835329
1086833423472345088
1086833675579187200
1086834699811450881
1086835238796431361
1086838246942953472
1086838449099997184
1086838937325395968
1086839964095205381
1086843297711177731
1086845187685535747
1086846207316570113
1086850106739978241
1086851502184968192
1086853239893606401
1086856822256951296
1086861600412307458
1086864569136500736
1086865041406787584
1086865975918686208
1086867985799806976
1086869116588314624
1086872370550398977
1086872976199507968
1086873310103777280
1086879574682750977
1086885995725885440
1086889455615528960
1086891625748590598
1086895691287355392
1086896171518287872
1086896830871465984
1086896974744432640
1086897332942266368
1086898345845481473
1086907225212420097
1086910482919931904
1086912599772614656
1086915302997270534
1086916626723758080
1086917175783305218
1086919299346903040
1086919983836418053
1086922087720210432
1086924669742137344
1086927042036273152
1086929377852411904
1086933598987534336
1086937509349732354
1086941977025875969
1086943495208742913
1086944280168538113
1086944576307367936
1086949758395133952
1086953310115057664
1086954903120023553
1086963404974092289
1086964782366973953
1086968569856835590
1086969978283118593
1086971150570274817
1086974450233430016
1086977763762941953
1086978111378522113
1086978876507488257
1086980943875899393
1086982105278615553
1086982994060066817
1086990184347025410
1086993036901605376
1086993349381218305
1086993859802845184
1086996541217402881
1086998916875329537
1087000511453323265
1087001454035066880
1087002057561853953
1087004712136785920
1087006267405754369
1087006298867200001
1087011302646591488
1087013121749905410
1087013702656655361
1087014184137736193
1087020504974848000
1087024466499194880
1087024804132196352
1087026141691592704
1087032547224231937
1087034267304165377
1087038506977947650
1087039870483222534
1087046261759528960
1087047897659564032
1087049108446035968
1087051565037424640
1087055898172891136
1087060555939135489
1087061180496138242
1087068621191430144
1087071484613480448
1087074166476558338
1087077490454028288
1087086988472143872
1087087634399313920
1087091629041876992
1087100952962912261
1087107309074083842
1087113390256840704
1087129658364227585
1087146710311157760
1087152233354022913
1087154846430568449
1087158838568992768
1087172185519804419
1087172368970190854
1087177131690549253
1087183219617759232
1087198164355108866
1087207708061769728
1087218486185725953
1087219126219784192
1087220376957059072
1087222670004023296
1087230156429766656
1087234989945749504
1087238520287023110
1087239487912964097
1087245656463495173
1087246299026513920
1087250516839587843
1087251757061804033
1087258550588661760
1087273770287620097
1087273772963557376
1087273891674968064
1087276524879921152
1087279471361646592
1087289122031423488
1087290608924934144
1087295468021997570
1087295577472360449
1087300908873121792
1087303054678839297
1087304143096762369
1087306192714637313
1087310801499766785
1087316412673200128
1087319280755138561
1087327281826226178
1087328373184122880
1087329265304158209
1087331515556679680
1087331800316370944
1087334303833440256
1087335413310582784
1087338763720818689
1087344366065250304
1087348406752821248
1087364340032909315
1087364460941983744
1087364536191995905
1087365960003174400
1087366113078452224
1087371498866831361
1087375186628882435
1087382780017819648
1087383325675794433
1087386440357470208
1087392436148727808
1087403883654234113
1087404712851320835
1087404844149821440
1087407594338115585
1087410117618872320
1087417749574426624
1087418339545284610
1087421670439206913
1087422505919414275
1087424789579530245
1087426620548366336
1087428003389411330
1087428549915619328
1087429286007635970
1087432269424353280
1087442990484856833
1087458280400658434
1087459324392361984
1087469666040188928
1087469844528648192
1087480222373609472
1087488499966722049
1087491331939815425
1087500512147238915
1087515197537955840
1087528279165333506
1087536928629624832
1087538963731103744
1087550008587628544
1087568386773594112
1087586465054244869
1087592319036112896
1087592392880988161
1087598717853675521
1087600447177846786
1087600742041616384
1087608105142288384
1087611159421878273
1087625201397960704
1087630410018746368
1087637578461954050
1087638544045215744
1087640462121410560
1087644285229510656
1087651664709013504
1087665897202962433
1087666315932905472
1087669430895734784
1087669534503432192
1087671875759685632
1087676805337690112
1087681554275553280
1087688137927782401
1087690889261142016
1087694917156114432
1087700727957520385
1087706633101287424
1087710591299608576
1087715272977514496
1087716301072609280
1087718356646539264
1087727217487028225
1087728885150691329
1087730084298084352
1087768296240365574
1087772141049839616
1087776077789958145
1087778410942906371
1087778859020414977
1087790031404744704
1087790384573546498
1087792380219215872
1087793875471687680
1087794930343444480
1087800398025392128
1087802389510479873
1087810514305060866
1087810766365962241
1087812434860171266
1087812441164169217
1087813427651846145
1087821276880748545
1087822123077431296
1087822606877843456
1087826852792524800
1087827019704995840
1087829262818779136
1087830524398354432
1087830743013822464
1087833294987767809
1087847418522226689
1087850340869988352
1087850482629046272
1087852917875388416
1087853683738583046
1087854414398922752
1087855403390652416
1087856598347927555
1087858323473469440
1087863541607092225
1087864393482862592
1087866077927870466
1087870681579171840
1087873100845326337
1087873815592480773
1087875746633318400
1087887910530105344
1087906692203868161
1087911090753859590
1087917311334338560
1087921658327908352
1087922232091918336
1087930921850994689
1087935864427171840
1087938439738200064
1087941739611082752
1087945204726939648
1087947814414569473
1087949554622910464
1087968598436519936
1087972106804121602
1087973415171117056
1087976555043786753
1087981378505973766
1087983260884525062
1087984971736932352
1087989149691506695
1087989153470525440
1087998446773125120
1088002571870990337
1088004781883510785
1088015457767096320
1088016149269204992
1088020272349888512
1088022666785759233
1088023627516133377
1088025084391030784
1088026436219265024
1088028392874696705
1088029075694907392
1088029115972812800
1088031915666493441
1088033463758999553
1088033773843828736
1088033873148198912
1088035326478540800
1088041346559033344
1088041767675592704
1088044997688078336
1088045711160238080
1088047025218834432
1088048097039663105
1088048209283477504
1088048622388809728
1088050488870866944
1088053459285360640
1088054394178990080
1088056787868237829
1088063784533544961
1088069890894950400
1088073483320463361
1088077662776684545
1088078127417446400
1088079266842058758
1088080511283671040
1088083612535205889
1088088840764641281
1088089714509471756
1088090041568632833
1088091173330264065
1088096094075215872
1088100571289128970
1088101505889124352
1088103523764654082
1088104581958123520
1088104948125102081
1088115621781520384
1088117888832208898
1088119245697880066
1088122977110147072
1088123595996438529
1088125610973638656
1088126106736181249
1088129567091576834
1088134749078589445
1088135956635500544
1088140810711957509
1088140858510200832
1088141582778408965
1088145687844401153
1088149437556371457
1088156162246279168
1088156283495157763
1088166154756067329
1088168910447357952
1088169754760830982
1088171729422376963
1088174854619258881
1088177774240636929
1088179684746186752
1088192854462218241
1088195300169338880
1088195988030861312
1088197846078312455
1088203468446359557
1088203882965159936
1088206998485778437
1088212478926958592
1088213919087378433
1088215495327825921
1088217066832908288
1088231595574734848
1088239685955129345
1088240338467201024
1088241842649423872
1088243895346049025
1088243983459831808
1088245018157043712
1088247742374133760
1088248687359414272
1088250491736334336
1088250882490290176
1088251259717591040
1088251320530862080
1088254451150921728
1088259895772631040
1088265451162034177
1088267611220180992
1088272613338578944
1088275444896428032
1088277060978528257
1088279550285541376
1088284373332492288
1088284412741967872
1088286885728800768
1088290726872526848
1088297343798132736
1088302702851805184
1088306881217449985
1088321773521854464
1088329600101306368
1088336862698237953
1088338378649673728
1088341551326076929
1088342721142669312
1088344078004105217
1088344538991669248
1088345145446150145
1088345722997665792
1088358277795201025
1088359857789448192
1088372896630824968
1088377499686440960
1088382167242207232
1088382251195338753
1088383449075994625
1088383466499178496
1088384438503800833
1088386001540730881
1088386340641746949
1088386727763423232
1088387343910879232
1088388980117291008
1088390103758585856
1088392158137274369
1088395062692605952
1088397261887979521
1088397423645347841
1088399030076481536
1088399389519998976
1088402177071218688
1088402785232711680
1088415779614326784
1088424225281576963
1088426136911167489
1088427470083239936
1088431127818366976
1088431379489140737
1088441604795322374
1088441981447983104
1088442570055868416
1088443056028819458
1088443352545181696
1088448486259941376
1088450596808474625
1088451117883641856
1088452435721383937
1088454501021798400
1088456044102086668
1088457672318345217
1088458142101364738
1088459427219472384
1088469817752014849
1088471731759710208
1088473206363693057
1088476165449416704
1088476500251140096
1088478902350155777
1088481920445571073
1088484009632514048
1088485983048282112
1088487867922432000
1088487945550614529
1088489631648309253
1088491688744706048
1088492193956937728
1088495918066872322
1088501044353609728
1088506938198052864
1088507956990230529
1088510106013237249
1088510477758537728
1088511209253421056
1088513693414055936
1088517145477218305
1088519090338185218
1088519562654609408
1088523295140601857
1088523699890860032
1088525638489653249
1088526797795479554
1088527088045326337
1088531050836475907
1088532184984707073
1088533166598438912
1088534983411666948
1088536974871445504
1088537219495837696
1088538264200507392
1088538466772758529
1088545220881498113
1088551029136855041
1088551079594340352
1088551238877224960
1088563357500821505
1088564203462541312
1088565714640953349
1088566571126149125
1088571883480645634
1088583272869842944
1088583844528353280
1088588821929746432
1088593556418252800
1088599333270966272
1088600828540264448
1088601934578241542
1088608663110074368
1088610171327299584
1088610642670440449
1088619486046052352
1088622932530786304
1088623663178530816
1088624301119397889
1088624947449204738
1088628181677027328
1088629693824282624
1088630864785879040
1088633594850013185
1088633922844483584
1088636719857954819
1088637336596840448
1088637542101061637
1088638949709377537
1088645593910587392
1088653954282676224
1088654328553000960
1088654746712297472
1088655972728356864
1088669054943092736
1088669366395301889
1088669379800100864
1088670102088794112
1088670562606559232
1088670673340268544
1088672840541364224
1088675850373844992
1088676851982028800
1088684810644717568
1088692171648188416
1088693706360647680
1088696103825039361
1088697303811190785
1088699252195422209
1088699378339115008
1088707785389428736
1088709331296677890
1088712728368173056
1088720059479019520
1088720149765591040
1088720472307449856
1088725710179631104
1088727370264166400
1088729461707755521
1088730674951905281
1088738902079389696
1088739677207699456
1088740473672478720
1088742274287132672
1088744154631454720
1088744556475138050
1088748421060743169
1088750436838854656
1088757985311117312
1088759353493127168
1088762231645335557
1088763821722787840
1088768522484936709
1088773868335054848
1088786025491693568
1088787181563531264
1088790430353895424
1088794942586073089
1088799919979282438
1088802940737990657
1088804808880984064
1088805174192365570
1088805313376075781
1088805706705317889
1088806383305265152
1088806420752093184
1088806700491059202
1088809849981493248
1088811757135687680
1088818668950020096
1088820057113792514
1088820540427694080
1088829338391179264
1088832645625192448
1088835154238423040
1088835788392017920
1088835967920660480
1088837935494057986
1088848117137588224
1088850249517432832
1088852991367700480
1088855843477561346
1088858432604639232
1088862276281647104
1088863152454942722
1088863831114305536
1088864367540649985
1088865303302410241
1088866227295055872
1088873313181396992
1088874204022427648
1088881765312278528
1088882029763059712
1088883087558275072
1088884121131048960
1088888128293752832
1088890857531625472
1088891166215544832
1088894265810436096
1088896391085142016
1088900284213051392
1088902930428760064
1088903056270360576
1088903419866349569
1088904529288941568
1088908906456379392
1088910707071086599
1088919435828711424
1088921897897730049
1088924487444246530
1088925745320284160
1088925921908875264
1088926455982145542
1088927803062579200
1088929336470646784
1088929706425110528
1088932651174674434
1088934721978073088
1088934791163064337
1088936173186179072
1088936546093461505
1088942617746984961
1088949538340171776
1088956426435719168
1088956800366305281
1088957957146988544
1088958152601726976
1088970764479488002
1088971128960356352
1088977609160048640
1088978208089882624
1088984369879048192
1088985365267001344
1088987664563331072
1089005656462376960
1089005986986278912
1089007030956830721
1089009526085316608
1089031438207537152
1089032612851572737
1089037641817907201
1089038788939206656
1089038966135779328
1089040852129705984
1089046540881059840
1089068698533617664
1089076529290772480
1089076741862236160
1089077436933988358
1089078090251337728
1089078532075069441
1089078695636099073
1089081999908847619
1089085246723612672
1089085583140552706
1089086696690470912
1089091840530415617
1089092032264589313
1089092760412528640
1089094964506550272
1089099016237920256
1089100680520962049
1089115370634559488
1089117132263047173
1089122038038646784
1089126407463149568
1089135079257911296
1089139318457798656
1089151058704850944
1089158344701562882
1089159238436306947
1089167341831811074
1089170135930359809
1089173592196169728
1089178366144667648
1089179804874784769
1089180654984720384
1089192312624816130
1089200896272146432
1089200903775797252
1089206522502995968
1089208051213705217
1089212638662483973
1089216009603608577
1089221115703119877
1089221525545381888
1089222070381219841
1089224456529199104
1089226407736168451
1089235409110937600
1089236768673607681
1089243570798714880
1089248666060247042
1089251420883353600
1089256917069910016
1089264571670355968
1089269744937680897
1089281549160337409
1089282253216272384
1089286233191317506
1089288391961657344
1089289396086603783
1089295053334478849
1089301826338357248
1089303240209022977
1089303340490649600
1089303731814977543
1089308840032722946
1089309675152162817
1089311237945602048
1089312029125632001
1089313407235510278
1089313758848081921
1089314882766262273
1089318021804417025
1089325196144726022
1089327104582397953
1089327126535299073
1089327141467099142
1089328264693379074
1089336496035745792
1089340963397554182
1089341363210969088
1089346630321623040
1089354048787103744
1089370877991370753
1089380584227520512
1089380834019344390
1089381156548694016
1089381865763586048
1089390280208535553
1089392008936996864
1089393679062556675
1089393827734061056
1089393973947449345
1089394120320110592
1089394691982934016
1089395140781883392
1089403230327427073
1089407968641236992
1089410694540390401
1089421909249277952
1089423148611788800
1089425459014709248
1089434297117884417
1089434492610191361
1089441689587060740
1089452451760095232
1089452677405335552
1089452956318019584
1089453611946520576
1089454165984772097
1089457018958684160
1089462451404451842
1089464649773432832
1089464895001612289
1089465270400356352
1089465879425880064
1089466519053045760
1089468935966285824
1089471248520830976
1089473687508664321
1089473914999373824
1089474008792338432
1089474609563328514
1089475028016611329
1089475162993496065
1089476897237618688
1089476949414690816
1089479109934080000
1089481541766598661
1089495770536071168
1089496668544872450
1089509817675366400
1089509866329264130
1089518213161984002
1089519130301087745
1089523870485438464
1089526418298626054
1089530995576107008
1089533755826597889
1089541950645174273
1089544826285187073
1089547804664651776
1089549360747159554
1089549428434878465
1089549509619838976
1089562439832735746
1089563943490605056
1089565073843146752
1089567405972561920
1089567915488280576
1089570675344445441
1089576582182850566
1089584077844463617
1089596261009784832
1089597015175192580
1089597611172978688
1089598774824046594
1089599222641512448
1089604249913360389
1089605677675364353
1089607328939339776
1089608068583702528
1089613497917353984
1089614063737413638
1089635430327291905
1089635480205840384
1089636794776412160
1089641048215834625
1089645223247077376
1089648765743566848
1089659484300079104
1089660467004538881
1089661357862068225
1089664023371661313
1089677777320566784
1089680246327123968
1089688955795038208
1089689178713935872
1089689794408460288
1089690306541346816
1089690364024258560
1089690482601390080
1089690973876105216
1089691688614981633
1089692982918311936
1089693495059566593
1089693736668258304
1089693803764727809
1089694295743852544
1089696157612138496
1089696741882875909
1089697710746128384
1089698740024168448
1089700733581049856
1089702443590381568
1089703321911275520
1089703376001019904
1089703407038869504
1089708038401908737
1089709860386533377
1089712210866143232
1089714438892965890
1089714748021764096
1089714871762075648
1089717235646484480
1089717762899927041
1089717983495090176
1089718786272436225
1089719730414338048
1089720329801322496
1089722489855332352
1089722998620282880
1089724604430528512
1089724632322568192
1089725336097419264
1089726017248333824
1089727853271437312
1089729875345358848
1089729975844888576
1089732434147430401
1089733518803062784
1089733620703551488
1089736072681054209
1089737194686894080
1089744121546174465
1089744685277470720
1089745379002929152
1089751059776495616
1089751346234839040
1089753702632771584
1089754107768823809
1089756095046836224
1089761079956103169
1089765594293882880
1089766335846875136
1089767318576541697
1089768214479888384
1089769586445242368
1089774431713382401
1089775907244519424
1089777077862031360
1089781029777240064
1089783205769539584
1089786288578822146
1089786948753879041
1089788380689326081
1089789409132634113
1089789896925925376
1089790554500665344
1089791536093712386
1089791988218523648
1089792785153179648
1089793727600701441
1089795275714105344
1089795478722510848
1089797256260317184
1089797962178322432
1089800547954089985
1089801214647255040
1089801679984308226
1089803162251395072
1089807388008304640
1089808520067768320
1089814494740709376
1089814987265036288
1089815642847481856
1089816616265834498
1089816725816672256
1089817596646412288
1089817601566564352
1089818049509613569
1089821264871534593
1089823321762349056
1089824475204501505
1089825468843479041
1089825996902084613
1089830639166152709
1089833450595586049
1089835142980485120
1089835993618739200
1089839889812803584
1089840023892094976
1089840509621882882
1089840830464937984
1089840973096448001
1089844098654031872
1089844175414022145
1089849985364049920
1089850388444901377
1089861287776006145
1089861917701783553
1089863319479971840
1089864925067919360
1089867251052961793
1089868088626106372
1089868431514427392
1089871723556757504
1089874872694702080
1089875233404784641
1089877490359824385
1089879254496669697
1089879698262306816
1089885004891635713
1089885696121176064
1089887462317539328
1089890366050971648
1089892363382616065
1089899012617093121
1089900982132264960
1089905492367880194
1089907085809254400
1089915352186847233
1089916056150392833
1089916120641921025
1089917318556278785
1089918842858557440
1089918880598769672
1089920203079716864
1089920632479899648
1089922557334106112
1089922746480394240
1089925567556870144
1089926384879685632
1089927940295421952
1089928105550987266
1089935595307233280
1089935803759890432
1089938176511217664
1089943079208005632
1089946943420317697
1089949606383890432
1089950136606830593
1089952547245342727
1089953855654240256
1089956151171694593
1089960267067191296
1089962601197363200
1089963468990627842
1089966098823503873
1089967164147130368
1089968505594761218
1089969160862478337
1089969777655844869
1089970865658187776
1089971483034685445
1089971980072292352
1089973143563915270
1089975150324400133
1089975543955636224
1089975647546601477
1089976381579104257
1089976462940270595
1089978949742952448
1089980003788431361
1089982138659864578
1089987536724717568
1089987605112987649
1089987785442906112
1089988097352318976
1089988266143535104
1089988527847284737
1089988942311636992
1089989357887463424
1089989408655314945
1089991676498726912
1089995330995666944
1089996415676358657
1089996708417806338
1089999873439608832
1090000717778178048
1090001208490774529
1090002499082350593
1090005593975414790
1090006250362978304
1090010172976709637
1090011833505906699
1090012692511739904
1090014625100374017
1090018346408595457
1090021707052507136
1090021874682249221
1090021894248693761
1090022260948242432
1090022686686773248
1090023629558108162
1090025887368658944
1090028028120436736
1090030098458267648
1090031797126213636
1090033002145562625
1090036651211001856
1090038882555424768
1090041556030111746
1090043106748129285
1090043678738001920
1090044263457533952
1090046917608824832
1090047126883745793
1090047439371993088
1090048739593650182
1090050517588295680
1090051555221536770
1090051960831688705
1090055964697526272
1090061523429470208
1090062684412760065
1090067230631571456
1090071535656812551
1090081886758551553
1090085120986378240
1090088405311123456
1090089066568314880
1090092898060660736
1090098071319572480
1090098739065352197
1090100431894839301
1090102621300580353
1090107911576084480
1090112058417307649
1090115639182647296
1090119449292599297
1090119555823820802
1090120977256714241
1090122299741622272
1090125711363297280
1090126470414983169
1090126599301877760
1090127413403676672
1090127940661084160
1090128879333691393
1090131939489570816
1090131994858741760
1090135208974782464
1090135461853622273
1090142499555995648
1090142725574479872
1090143573226459136
1090149938531631105
1090151477094637568
1090152393004720129
1090153198323560448
1090154757757550592
1090157384222298112
1090159811914878978
1090162124989624320
1090162339385667584
1090163225231020032
1090168554899628032
1090168962653081600
1090170815662997504
1090174958813233152
1090175800177942528
1090176190713860096
1090179148465750016
1090187444815712256
1090191991047184384
1090192431864262661
1090198506583851010
1090199342391136258
1090203641955471361
1090205345270644737
1090205973153644544
1090211287630528513
1090211718087823360
1090212664738004992
1090216016842510337
1090217207609651201
1090218049377058816
1090218855136456704
1090219290500960256
1090225547513196544
1090226593174351873
1090226659452608512
1090227616622161920
1090229035953782785
1090233933206306821
1090235191501574144
1090250618596478976
1090252416694566913
1090252860430974976
1090254887261065217
1090254968920125440
1090255159773614080
1090272965004914693
1090274662473318401
1090278461623668737
1090279874563112960
1090280302923132929
1090282658016444416
1090293671877062657
1090298602268909569
1090305891134566400
1090309273408684032
1090309292694126592
1090310870599528448
1090313019836510210
1090314020509401089
1090314439100895233
1090314994867068929
1090315232273084416
1090316110547877889
1090317482081046528
1090317892300824579
1090319739887538178
1090319981907197952
1090321087072616449
1090325852645179392
1090325859381268481
1090330231091724288
1090338432755347456
1090338927540666368
1090346343493746689
1090355173770317824
1090359712426668032
1090362237003485188
1090375916272926721
1090381258155122693
1090384148865388546
1090386768623517696
1090389830477897728
1090398905672650752
1090399706386186240
1090401096797954048
1090404073055141890
1090410062533652480
1090418433953394690
1090419187649003520
1090426062541021184
1090442296191938561
1090443832049782784
1090465509982769153
1090466945273520133
1090474870889050112
1090477012437807104
1090482072437825537
1090488995153362945
1090497239045140481
1090501716468887552
1090505410807848961
1090505581524180992
1090506981079740416
1090507310814900224
1090507403538452480
1090507429945569280
1090508939068874752
1090519707105615872
1090520944815325184
1090522382731788288
1090525557295665152
1090541398703644672
1090542228836110336
1090545572090732545
1090554252118933505
1090556434079715328
1090559816265797632
1090564311859318784
1090565324750159872
1090565800979763200
1090566690855927808
1090567775087677441
1090567833380098049
1090570661599342594
1090578050696310784
1090578106073530368
1090585589970321413
1090587302492098565
1090592092815065099
1090593381724639232
1090599338273837057
1090599514652770304
1090601786690420739
1090602584010821633
1090612838685700101
1090619436741128194
1090621786377646080
1090623538359427074
1090623756022747136
1090624180477984768
1090624380160393222
1090627014187462657
1090631290691469313
1090635325616082944
1090639495156953093
1090642295291084800
1090643575262597121
1090644307495841794
1090649381450248192
1090652610334474240
1090653353539977216
1090658470175617026
1090660446112231424
1090661071503818752
1090662708129742859
1090666219244580864
1090666273694990336
1090674713477767168
1090675152201940992
1090676421041758209
1090676771177918464
1090679437505351680
1090681048118292480
1090681537186672640
1090686779211112449
1090688653087686657
1090688993405161472
1090689410713165824
1090692082925092864
1090692598300401670
1090693201948745729
1090695310450425856
1090697462132531200
1090697736444350464
1090698412973084674
1090700357796331520
1090701182027198464
1090702904762294272
1090702926052499459
1090703103882641414
1090703603696889857
1090705459319918593
1090705639330983942
1090708277539815424
1090711156510072832
1090712327563984900
1090713091778711552
1090716349473701914
1090718512052617218
1090718540599083014
1090718690318958594
1090721026122661888
1090723886658961418
1090723967017631745
1090724147951353857
1090724764098846720
1090725722094796807
1090730750217834496
1090734580032815104
1090738440474382337
1090739022211629057
1090741364302721025
1090741691873603584
1090747908671057922
1090751241896902657
1090752169697980416
1090761960847785989
1090763424273969152
1090765396771291137
1090775507636011008
1090777045259509761
1090777890420068352
1090780039589781504
1090785043117674497
1090798824195608577
1090799931890257920
1090799958758969344
1090803245398687744
1090805561921130498
1090821859283619840
1090856382625132544
1090860781170765824
1090864117748064256
1090864124458926080
1090871803801751552
1090874654472966144
1090875283450646528
1090875431870496768
1090882442238586881
1090883837675143168
1090884654759059457
1090885094326353921
1090896687349055488
1090897725049237504
1090907241484554240
1090913328694743040
1090913905835163649
1090914513153638406
1090918783785623555
1090922993193082880
1090925198549962757
1090926798702080001
1090927942065184768
1090933942851719168
1090945072017887232
1090949934239662080
1090950276872314880
1090954273049825280
1090954296970088449
1090954568354197504
1090957421743357952
1090957477099663361
1090958226605174785
1090963953524436992
1090964346954371072
1090964994131398659
1090965472281939968
1090973841650843648
1090973861292711936
1090974820114800641
1090988129044103168
1090992737481048065
1090993008722497536
1090993370007248896
1090993640804155393
1090995162929610752
1090998595929735170
1091009707936964608
1091011841390714881
1091016658309824512
1091017931696173056
1091023322320695297
1091024095225901056
1091038873025687558
1091039023160799232
1091043735469809664
1091046571653980161
1091056502939570177
1091061397662978048
1091063728861310981
1091068002022375425
1091077597134536710
1091080833656598532
1091089277214023680
1091093962784415745
1091098471984177152
1091108923745153024
1091109001427861504
1091110317524901888
