1091139231400030208
1091142148924284928
1091142545705336832
1091169718507991041
1091182094246498307
1091193558936121345
1091196536489357313
1091207921906651137
1091210341629870080
1091213746977099777
1091225384891359232
1091234942443347968
1091238521120178179
1091238909453967360
1091246159711166464
1091251775032774657
1091256748579700736
1091266420296609793
1091270945522761728
1091274323573252097
1091277771752566784
1091284775007064064
1091284958692425728
1091286588607336448
1091287677721292800
1091296405837279232
1091297673464954880
1091297944698003457
1091305046078308352
1091311196991414273
1091315237389783041
1091319466087141376
1091319500891402240
1091322457452150786
1091323335307419648
1091326004998615042
1091330931607199744
1091333481341378562
1091333484713570304
1091333967893151744
1091334764383137793
1091336711320281088
1091336807025913856
1091341525307535361
1091341687216050178
1091342359005155329
1091343172272381953
1091345121801527296
1091349520162701312
1091352882593574914
1091353133748551680
1091353809459310592
1091373563787898880
1091375448309678082
1091378477620781058
1091378558365327360
1091380331733749760
1091381751568629760
1091384492596625410
1091385119041118208
1091398741364563968
1091402585867730944
1091406612391256065
1091409241154486273
1091410930011983872
1091419032568377344
1091420740916822016
1091422027293044737
1091422772918505473
1091431066001383424
1091431374731513861
1091431660367822848
1091431898155503616
1091433903880134657
1091464389763444736
1091466461334458368
1091472340490375168
1091473071150645248
1091474814307614722
1091478419278348288
1091483886138331137
1091484748495515649
1091485127660584960
1091500105511944193
1091509686988361728
1091521361854586885
1091544032038264832
1091562900551024640
1091564271660683265
1091570408350978048
1091571162897887232
1091571598711087104
1091586691876470784
1091600788126945280
1091604091124531200
1091621032350298112
1091622303203577861
1091622941182312448
1091625304672665601
1091628459598569472
1091631436711555072
1091632564119445505
1091633689925169152
1091641496846127106
1091641570988834816
1091642419093753856
1091642641819680768
1091647057142693889
1091647146493964289
1091647342783197184
1091647379277791235
1091647853250965504
1091648491183591425
1091650541346668544
1091651967418544134
1091655045324701696
1091657228036304896
1091657872578998273
1091660324347043840
1091663076468891648
1091664906447978496
1091665309935779843
1091665862304530433
1091667167580307456
1091667459499642880
1091670822509527040
1091671038499278848
1091673366338195456
1091675851035422722
1091675955926626305
1091676877389844480
1091681056191766530
1091681720154423297
1091685691304534016
1091690976547086337
1091694595409305600
1091696363316731905
1091697271358586881
1091698600520892421
1091699266190495744
1091701870840680448
1091703354382663681
1091709009109762048
1091712414494519296
1091714815704354817
1091717588168724485
1091721345426165760
1091729625728933888
1091733229126615040
1091734381721313280
1091738238375477248
1091738603301097474
1091741655072419842
1091753482170875906
1091760948010987520
1091770311404634112
1091771993299529728
1091772053307473923
1091774199092445187
1091782585183809536
1091785390770524160
1091792685797658624
1091794888763629569
1091803500080701440
1091809621235257344
1091811499037872129
1091818592864215040
1091820643459497985
1091824188896231424
1091828579497926656
1091845893744181255
1091846611637100549
1091856555501338624
1091862432149065728
1091867727474642944
1091870734782291968
1091870924775641088
1091876863901749248
1091885593515175936
1091899442280697856
1091903230554984449
1091918577953849345
1091920788767174657
1091925760682663936
1091936949408018432
1091968674121084928
1091979207851298816
1091985189352427525
1091987168644476928
1091996893129961472
1091998111730462720
1092007208051712001
1092007373043101697
1092010340508946432
1092017613012721664
1092019929526796289
1092023693868453891
1092028997599408134
1092035839742406656
1092046125887037442
1092061105416007680
1092062292819230720
1092065002775814147
1092066818477510656
1092074930697576450
1092076158387138561
1092084848964059136
1092085794427281410
1092086655035625473
1092087071114702852
1092088834819383296
1092088937131266050
1092095007153106947
1092111822130270208
1092115303729897472
1092118453224382468
1092125078609895424
1092125219995701249
1092125295912587269
1092132051229261824
1092134871495897088
1092136425905098752
1092136585544564736
1092138368278937601
1092140645794357248
1092141162109038598
1092149037770387457
1092162778918502403
1092163931311955969
1092165104458780673
1092181439599333378
1092183199097253893
1092191429143728128
1092196477026385922
1092208310634381315
1092209043228315649
1092217347874701312
1092217560932716545
1092217721629171712
1092226501095903232
1092227410324582400
1092228234182356992
1092239583557963776
1092241941582905344
1092255752608202752
1092262778050465792
1092267252097921024
1092272680101769218
1092274644168585217
1092278299471028224
1092284754525851649
1092287082788196352
1092291210230878209
1092293573460975617
1092300299866300416
1092303743658479616
1092305734845444096
1092313207014940672
1092313279748296704
1092314590300565505
1092322158993395712
1092323440697192448
1092330206965178368
1092330693101842432
1092333438223429633
1092333577168146433
1092345132903469056
1092345869314203648
1092346350409269248
1092346761421701120
1092347078523711488
1092347981775413248
1092357009398292480
1092359152658276352
1092361139940442114
1092364118739349504
1092366133896929281
1092367946045947904
1092375361969680384
1092376846774222848
1092381193318948866
1092381219466240001
1092383286280810497
1092394494547423232
1092400376786112513
1092401539216486406
1092402163140055041
1092402543173488641
1092404241384251392
1092405507279736837
1092413416474595328
1092413534342914049
1092413735673782274
1092414668797284354
1092415703469166592
1092416058462560256
1092416099168256002
1092420433859788800
1092421489285054464
1092430426914910210
1092432474762866688
1092439539879161856
1092444007215575041
1092448821852979206
1092451713821351936
1092455858628448257
1092456948308430849
1092457261207863296
1092459409970733063
1092461427011579904
1092464356514844676
1092468319930773505
1092470599082000384
1092472687916662786
1092479943571836934
1092481638511116288
1092484425227620357
1092487295385681920
1092487527741587456
1092491771127521282
1092494045488783360
1092494083837243392
1092494278465605632
1092495667652632578
1092498335188041728
1092498910059417600
1092499022634536963
1092499721841590272
1092501364301795330
1092508551682113537
1092509024359202821
1092509616175489024
1092510666454376448
1092511012073418754
1092511409257308160
1092511861830934528
1092513662009524224
1092515350653091840
1092515666073022464
1092517478851362818
1092519630936162304
1092523051407867905
1092523606716940289
1092528615915483138
1092528685180207104
1092529195626881024
1092529401567293442
1092529933409308679
1092533181310472192
1092533190680592384
1092537116968529921
1092538246104535041
1092539449433620480
1092541576788754434
1092543006199156736
1092545675307302912
1092547995759972352
1092549642565439488
1092550571884793856
1092551684222603265
1092552171202043904
1092556892700794880
1092560314825027584
1092566386918846465
1092570198710804480
1092570764971253760
1092589129701998592
1092592315137433601
1092594109208907776
1092596321687621633
1092630192793751552
1092633728596115457
1092648599643672576
1092654158325243904
1092656641646809088
1092663554300231680
1092667767055106049
1092669317257211905
1092669932133859330
1092670702644269056
1092673170128232448
1092674988782612480
1092685580905996288
1092687173659308032
1092696781576593408
1092697332188094464
1092702447624163328
1092709478150168576
1092709627433766912
1092716072850112512
1092718924108648448
1092719545322819586
1092732226381467649
1092732652505915394
1092736977202544642
1092740006383443968
1092746698802118656
1092747833780944896
1092748842100015104
1092753509102116864
1092755150756823040
1092758230210568192
1092764476137488384
1092769494857076736
1092771014768054272
1092772950963613696
1092785161823870977
1092786215051583489
1092788779000094720
1092789531319955457
1092798432190828547
1092808293016322054
1092812068292624385
1092817643361452037
1092831370919985157
1092836096629788672
1092836292482736129
1092836420136378369
1092836606233460737
1092841211143114753
1092843770511527937
1092850997892923392
1092851995143106560
1092853392257499137
1092855245712080897
1092859045319528448
1092861033033723905
1092862079906791429
1092863377217589251
1092863464458993664
1092865454660636679
1092865541457563648
1092869365840601088
1092873395715391491
1092878455312736256
1092879203148677120
1092879884303638528
1092885806157623296
1092886177034711041
1092887358586916867
1092889015420964864
1092890769785016321
1092893580815990785
1092894078264459264
1092894394917838850
1092897972692701184
1092898618607046658
1092901339842207745
1092902102379233280
1092903145062256640
1092903905112002562
1092904556328116224
1092905285017104384
1092906105448157188
1092910251903467526
1092913679354527744
1092915986351546368
1092919428201639937
1092923299552731141
1092924450469826561
1092924648864522245
1092925311736561664
1092925816160292864
1092930331710234624
1092935990803611649
1092938018225147904
1092940117738610688
1092946588425584640
1092947998961795072
1092950287902478336
1092953589138550784
1092956059168235524
1092961086360305666
1092966541165907974
1092970995097362432
1092978009232031744
1092989676951080960
1092990909237518337
1092992927108722688
1093027822870892544
1093031650454319104
1093032862733938688
1093036427753992192
1093036481994584064
1093041662824194048
1093045261939531776
1093048730230640647
1093056760632496128
1093067726229262336
1093068816316125184
1093071109359058946
1093072704448720896
1093076895380459520
1093080276148862976
1093080335976484864
1093085148537589760
1093097431561052161
1093098044210454528
1093098638656630784
1093099775992320000
1093102051557625861
1093102990511300612
1093103100141944832
1093104391580733441
1093104671735144448
1093105246807752704
1093112639247474688
1093113317449555969
1093115645741490176
1093117149806239744
1093122768386838528
1093132793230561280
1093134908913053696
1093135090794856448
1093137339944038401
1093138528605634560
1093142775326040064
1093145226485616642
1093146183873249280
1093147872831389698
1093149633830891520
1093154115885166592
1093162867313004546
1093169179295805440
1093180330268413953
1093180718690242560
1093185887750574080
1093187936890380293
1093189339650117632
1093193221893705734
1093194501592662018
1093194704571777024
1093197421142831106
1093197474511155200
1093202596192501760
1093203876621234176
1093204327567634433
1093205296040824832
1093205838792179712
1093208775648034816
1093208814202114054
1093208818404724736
1093217395056041985
1093218504336179203
1093232069541588994
1093236455948894210
1093241583057674240
1093243141245698048
1093244540025221121
1093249484283408386
1093262455290167296
1093262559615090694
1093262986175807506
1093267943373369344
1093268637157416962
1093270978598195200
1093272708161462272
1093274017186877441
1093276206210998272
1093277839040888833
1093278198920609793
1093278437970755585
1093284900575371264
1093303450345996288
1093324278777479168
1093336420033261569
1093347887289978880
1093364482858979328
1093368241827700736
1093389245346123776
1093404043555278848
1093405734690275328
1093406514436603904
1093408385507229696
1093410177154469888
1093410221018337280
1093410604688191490
1093410639534481408
1093413185779130368
1093415047320297473
1093420051514834944
1093425993585287168
1093427467899920384
1093431084635877377
1093431871101382656
1093432410476290049
1093433338268971013
1093433409542807553
1093434592248430592
1093436619032616963
1093441693704056833
1093449153714274304
1093449342046912513
1093451444240437248
1093456708058468357
1093456853634174977
1093460047173165056
1093460639794774018
1093474318468739072
1093475884433133571
1093480021686173697
1093481465789272064
1093483933327654913
1093484468504010752
1093488172502315008
1093488673469927424
1093491460400340994
1093495489427922945
1093497911667802114
1093499069283139584
1093501061577535488
1093507944006803456
1093511957112651779
1093513076169687040
1093515352397496320
1093516925701931008
1093518605105410048
1093522266535718912
1093527467661451264
1093534978397224961
1093535391129501696
1093538119532662785
1093540789626589184
1093543737379086336
1093545913543467009
1093549851420344326
1093553114567925760
1093556719979057153
1093557672958414848
1093557980753215491
1093558379681931266
1093559229846339585
1093566899160522758
1093570664827518977
1093575100673204224
1093586008833212421
1093589869690081280
1093593297669492739
1093593491031044096
1093600286399033344
1093602296565559296
1093608704186949633
1093630130931544065
1093635027236204546
1093639535261405185
1093640577969766400
1093643727904612354
1093655205189730305
1093675550919610368
1093680327460089856
1093681226244751360
1093690750645211136
1093695959970795520
1093699757581758468
1093705161028001793
1093722884890132480
1093724641032429568
1093724794426720256
1093748873204510721
1093751331502911489
1093754355185041409
1093768895155048448
1093777788740489218
1093778510584442880
1093781528809783296
1093783357933187073
1093795922394390528
1093808295612174336
1093808556506341376
1093809601097674752
1093811724862570498
1093812153935634432
1093815323567026178
1093817828690616320
1093821506700877829
1093834349768777733
1093836055625850880
1093837247915409409
1093837931297542144
1093838516415578113
1093839386314268674
1093840318259257344
1093844916055220225
1093848401119203328
1093848716119851009
1093852958234734592
1093855046574505984
1093859686309421056
1093867102220488704
1093874670577815553
1093880158640066560
1093882169024544768
1093882807011762176
1093884102204424193
1093885543774081024
1093887656851841024
1093888304884469760
1093889433567481856
1093890099211755521
1093893023165865985
1093893967215845376
1093894436126449664
1093894655106863105
1093895234302500864
1093895989268803584
1093897502372306944
1093899185743630336
1093899791816372224
1093899949971066880
1093901238855454720
1093903032310353922
1093903367649128449
1093903554211807232
1093903806629335043
1093903869669564418
1093904124528082944
1093905768263299072
1093910140695339013
1093910609350049792
1093911951170621440
1093913194291183616
1093919876660498432
1093920202155282432
1093923706487873537
1093924961889136640
1093925700049035264
1093930419484004352
1093936236958486530
1093940125849927680
1093940166606114816
1093942920611274752
1093946650589048833
1093965158400094210
1093972979975946240
1093973313783820289
1093973476518608896
1093978597768003584
1093979051440726024
1093985278451204096
1093991136627167232
1093992364736155648
1093992712024584194
1094001879095205888
1094007264174923776
1094010927240876032
1094011008425840646
1094014961460875264
1094015262972555264
1094016936885800962
1094017976825774080
1094018504490127366
1094019958214983681
1094020820589072391
1094021213146341376
1094026143152394241
1094027263455182849
1094028740236058625
1094033380012945408
1094034253661306881
1094034316995235840
1094034528400683008
1094035247283531776
1094037672874586113
1094042617095114752
1094045249872179200
1094048101596303361
1094055702082043906
1094058728704356352
1094059263482306561
1094060059955523584
1094064149389139968
1094065356954583043
1094065458876166144
1094068420038086656
1094079751994646528
1094080957433430016
1094086868268920832
1094089279590944769
1094089847495483393
1094097699207593984
1094102184600297472
1094113126725885953
1094113575906488320
1094127950222581760
1094129677453742080
1094140144733614080
1094145379669606400
1094156661911101440
1094163467991425024
1094187950173286402
1094209469448364032
1094218944381140998
1094219771908947968
1094225566352297984
1094229649645813761
1094229729211834369
1094229864037732352
1094236112527208448
1094237349830111232
1094241151966740480
1094241804604575745
1094244442385588224
1094252346169794566
1094258428309061632
1094264721442852864
1094278805496176647
1094279826406629377
1094285305836912640
1094287319102828545
1094294157475176448
1094298939015204865
1094315457853689856
1094316195191447552
1094330330587242496
1094335321616142336
1094335456072749056
1094336663835295744
1094338651104923648
1094338943011770368
1094339955105689600
1094342174324547584
1094358025828102146
1094366090241720323
1094366382161047553
1094367034773827585
1094383640262438912
1094386181373157377
1094389510782087173
1094393568360304641
1094400306954293248
1094406146654257152
1094408139389071360
1094410726834401281
1094426930101796866
1094483710232023040
1094486024678330368
1094491203788304384
1094493605018984448
1094521404039589888
1094525638176845826
1094527045361717248
1094529758686298113
1094530099674779648
1094534361008009216
1094536254396551168
1094537701867601923
1094537772667465734
1094538750842097664
1094538795381415936
1094540934816165890
1094543951795752961
1094545250243276802
1094545372792455168
1094548322243747841
1094566705051897859
1094568017504145409
1094574739232821248
1094576291116867585
1094578484343656448
1094578850061844482
1094579379387228161
1094583511191678976
1094590810195218434
1094595329494839296
1094597888032808960
1094604296501583873
1094606022881300480
1094608016832425985
1094608112470892545
1094613226594144257
1094614376236097537
1094619521413873665
1094626056529575936
1094630574969503745
1094638877283893249
1094647663927029760
1094657247890661377
1094657940332691456
1094658280817938433
1094660795869290496
1094661240469606401
1094661946354282496
1094667172029366272
1094668962590126081
1094673615772110848
1094675362678743040
1094682596179615744
1094689138438258688
1094694918214336512
1094696457112829952
1094697909155713024
1094701961172049922
1094702601763991552
1094702614741204992
1094702691106865152
1094706773422993410
1094707729279709187
1094710822574702599
1094715188429930501
1094718842528509957
1094733239888039937
1094740776167198720
1094743044061048843
1094760524653432833
1094763110450323457
1094778057699835911
1094781794832941056
1094782510272262144
1094789578186153984
1094790304627150856
1094790621318074368
1094793201662259200
1094794759430983680
1094794904964947968
1094811540396670978
1094820285092675590
1094821730034561024
1094835938692395008
1094836061996572672
1094836775443288064
1094850323477233665
1094866599037657088
1094866599633448960
1094866812104335360
1094873755338317824
1094876696384172032
1094894682381926401
1094899611993628673
1094902900747321345
1094904195080179712
1094922733513830402
1094923021238841344
1094924593540841472
1094926837204029440
1094930567467028480
1094937646772543494
1094943818263248897
1094945570630877184
1094947264743772160
1094950464930701312
1094952409481265153
1094953195892342784
1094957312786264064
1094957984940212225
1094964359418253312
1094966729254539266
1094969121660432384
1094971862638051333
1094971926827749378
1094976803939086341
1094991601867341825
1094993463492325376
1094993901390303234
1094993969992421378
1094994491436658688
1094998231514337286
1094999887714897921
1095000496329363458
1095001293666451456
1095001733212852226
1095002349351821313
1095004129859112962
1095004253557612544
1095004344154550273
1095008390420545536
1095012106544521217
1095020386566193153
1095021405324734464
1095022729898704896
1095025669283565568
1095036506597658630
1095044937064706048
1095049331428581377
1095052288836755462
1095056627869327360
1095056980161544193
1095057103906131968
1095060131354677248
1095063960762662912
1095068056919920641
1095077096056066050
1095080547615858688
1095098535249395717
1095101136963547142
1095101723344031744
1095111577412415488
1095115022609584133
1095125388026626049
1095130115426656256
1095138798873333760
1095140562162855936
1095140697240489984
1095149076587282432
1095152219387703296
1095153028892626945
1095160009057624065
1095173570924367873
1095175132878917633
1095175579559546880
1095192300379144192
1095199435951230977
1095200349021921280
1095204213242712064
1095209936387067904
1095213268870881285
1095213463775924224
1095214695227838464
1095215923735060481
1095216152320638978
1095216754618445824
1095217571274608640
1095217778980732928
1095217910145007617
1095218160322727936
1095220396561969152
1095227114545209344
1095227164037914625
1095230148394344451
1095231087838662656
1095240640261181440
1095244589299048449
1095250206705086464
1095257163386314752
1095257762584502272
1095259257598066688
1095259846000197632
1095270956363177984
1095276082985648128
1095276450071146496
1095279113886187520
1095282280166293504
1095285943047766016
1095300092117110784
1095302643495391234
1095305118990385153
1095306886021287945
1095310375883546625
1095312999240384512
1095320390837129216
1095326744792498176
1095327663781302272
1095327872183685120
1095329229107941383
1095337840269918209
1095338237239816194
1095340625023557637
1095340743697195015
1095341354438209539
1095345712269803520
1095348732562993158
1095351371652648963
1095356242200018947
1095356429551190017
1095356625454620672
1095357249151746049
1095358801316847617
1095362913806835712
1095363174428160000
1095363488640311297
1095368356079771649
1095368864404262912
1095369435257470976
1095371466151997440
1095371794146443265
1095372431693352960
1095372615793942535
1095373300413300736
1095379933197672448
1095381623745511425
1095381725822308352
1095382306083274752
1095382666608807937
1095384417311313920
1095385204187955202
1095389835530043392
1095393740414435333
1095397174723137537
1095405824221040642
1095406396307374081
1095413896989437952
1095415110409940992
1095415845247946758
1095417561989042176
1095422575436533760
1095422634580430851
1095427496588296194
1095443437460115457
1095444376979877888
1095453619548237829
1095461552654831621
1095465864424493060
1095468828522274816
1095474548726743042
1095476839655432192
1095486927371943937
1095487289743106053
1095490237516591106
1095490932726685696
1095496755460878336
1095510632311472128
1095524761264947203
1095527879721566213
1095550698412883968
1095552112736563200
1095558449071415296
1095558868929662976
1095564662513512448
1095566152648945666
1095567269269168130
1095568775867297792
1095577915230572544
1095577934520295425
1095579079149907968
1095579310096818176
1095579454129213440
1095579723005116416
1095580688802373632
1095581381449662464
1095582666131423232
1095582857374978048
1095583086002155521
1095585425157210112
1095586130190307328
1095589218011750401
1095590375270551552
1095593461024243712
1095593470666948610
1095593565223301120
1095593795024969728
1095594087632142337
1095598045381701637
1095599263843639298
1095599758339497986
1095603810179973120
1095604108659171329
1095606310664658945
1095607009230114816
1095608551999967232
1095609844399251456
1095613490897637377
1095614204374061056
1095614472801173507
1095624083214094337
1095624216995479552
1095624981214621696
1095625229919911937
1095625916972179456
1095626579659685888
1095633515759058944
1095638285127438336
1095639627732606976
1095640456497688576
1095644047748878336
1095651110868697088
1095651318922792960
1095665202895486976
1095665760335220736
1095667177997459456
1095674442540371968
1095675228531896320
1095681640800620545
1095682240590344193
1095688287665221632
1095694667474235400
1095696943303544832
1095697420623773696
1095698393677156352
1095706178733129730
1095709983818141696
1095713494865981442
1095716188448010240
1095718720868175872
1095718788497113095
1095718816452169728
1095721162888409088
1095722556710105093
1095723383780769793
1095723922333540352
1095725103852281858
1095729485230624768
1095730017802145792
1095730037633044480
1095730388700323840
1095730504026996736
1095731127728386054
1095731188059328512
1095731802084392966
1095732021522038789
1095732122168582144
1095733150645395456
1095733281834844161
1095733993687912450
1095734053658071040
1095734388460007424
1095734689258749952
1095735090481717248
1095735632385753088
1095735954571169792
1095736128597098496
1095736852533792768
1095738619577466881
1095740147977650178
1095740676057325568
1095740723855544323
1095741564838727680
1095741880648773633
1095743067234148352
1095743173199085568
1095743404024172545
1095745428627378176
1095746124462415872
1095746528793251840
1095746671370256384
1095746912865660942
1095747618477666306
1095747803844878336
1095748180422078466
1095750148066607104
1095751205832278018
1095754622541750273
1095756538894008320
1095757125706567680
1095759936292880384
1095761080515784704
1095761902569959424
1095765281518088192
1095765514134134786
1095766656834564097
1095771795267801088
1095778556083359745
1095781413658472451
1095786094493396992
1095791334001164288
1095792471085379584
1095792759234015250
1095796360471732225
1095798412749037568
1095806655818842115
1095808959066210304
1095809920245661696
1095810752802316288
1095811619362357249
1095812451910729729
1095824649810632704
1095827460795654144
1095836832552677376
1095853219710930945
1095863361957490690
1095865084562341888
1095866197294247936
1095869452091080709
1095872677909155840
1095879947095281665
1095882466194149377
1095882709455364097
1095891464620597248
1095891631583027200
1095894765986607104
1095903584494018560
1095905768036012032
1095909987098943488
1095913843363061760
1095921862859603969
1095925658717433857
1095929189482577920
1095943638427885568
1095944605629960192
1095944621971124225
1095947706915160064
1095956328273625088
1095963214066712576
1095964409464262656
1095964921983090688
1095967353723150336
1095967456571600896
1095968757279870976
1095973948133535745
1095977179840692224
1095981153608187909
1095982322904649730
1095984011133022208
1095994210388455425
1095995693100158978
1095996968319569920
1095997162603929601
1095998608539901957
1095999986368761856
1096001788681965576
1096002238311526405
1096011426773245952
1096012686570283009
1096013887151890433
1096015992675807232
1096016030068023296
1096016254815604737
1096016259420803073
1096016552183373824
1096017373033832449
1096017630966669314
1096025084270129152
1096028062632669184
1096029905597419521
1096037402517348352
1096043561429204994
1096044765924261888
1096045676591501312
1096046072961658882
1096046455066812416
1096050643494752256
1096055095945498624
1096055453518307330
1096056225303687168
1096057019566620672
1096059920967979008
1096060066447458306
1096062890036015105
1096063154696667137
1096063784261607426
1096064043050127360
1096064373695700993
1096064582634868741
1096065598696628224
1096066057570344964
1096069211686719488
1096069483498680320
1096069706610556930
1096070602928996358
1096071721168355328
1096071801678057473
1096072960983658496
1096074466730229760
1096074704128000001
1096075959046877185
1096077446779207681
1096077577943502849
1096082754259877893
1096083322541883392
1096084289781870592
1096085258271768576
1096085636182933505
1096085880027185153
1096086120830447616
1096086761908756481
1096088021479305217
1096088432080674817
1096088612528103424
1096089331775623174
1096090027401138176
1096090068392001536
1096090475549736961
1096091344706125825
1096091433948336128
1096091868893507585
1096092826897711104
1096094480694894592
1096095067465490432
1096098523580416002
1096099016289538048
1096099042415669248
1096099070924546048
1096099461434994688
1096100399294103552
1096101129505726465
1096102061069029376
1096102481732534272
1096102567296217088
1096102647839354881
1096103679629844480
1096105668153622534
1096106783024865280
1096106837529616384
1096107556001345541
1096110188766027776
1096110682016235520
1096112252388728837
1096112920772124672
1096114103276527617
1096114532408279041
1096115615587282950
1096119097488822272
1096119299138310144
1096121657955995648
1096122295201001472
1096123446457708544
1096124655763628032
1096125117984256001
1096127201299189760
1096127896693944320
1096129477137059842
1096136293292171264
1096138228124606464
1096144637419507714
1096145707390529536
1096146522767470593
1096150164706779136
1096157906527895552
1096160961260675074
1096167399076827136
1096167811821510667
1096177971428278272
1096197310365790213
1096197444159918080
1096198986812125186
1096199601143439361
1096200355002503168
1096203520854945792
1096212455976587266
1096213273156956161
1096216622606573568
1096222582695706624
1096226522816565253
1096226683898683392
1096231242918330368
1096233900551090178
1096233904393068544
1096233987440181249
1096234527666581504
1096234621203869698
1096234946270613504
1096236071992655873
1096237700242231296
1096237784531173376
1096238730795397121
1096239927413489664
1096240325037674497
1096240330897121280
1096241168935874561
1096241452449976321
1096242060619902976
1096242620148342784
1096244645145833474
1096244735331786752
1096245640462516224
1096246883247370241
1096247527505055744
1096250879563378688
1096251878671675393
1096252606811275264
1096253933889220609
1096255971897237505
1096256138390065152
1096256778436857859
1096257479325962240
1096260359139160065
1096260530073817089
1096261863619194880
1096262090535391232
1096262303610224640
1096262800211566592
1096263928470880256
1096264110935805952
1096264279953719297
1096265027403767808
1096265318484258816
1096266042760929280
1096266322600738816
1096266711387512835
1096267512507904000
1096267687846649857
1096267754946977792
1096268640763052032
1096270415368867846
1096270539100803072
1096271620304453633
1096272944534294528
1096273017536012288
1096274939374493696
1096275707758555136
1096276249666715648
1096278151787798528
1096278348899201024
1096278991059640320
1096279160912105473
1096279967896424448
1096280068178014208
1096281383507554305
1096281702660419589
1096282275212185600
1096282592721149952
1096288364079300609
1096288420257705986
1096289401322291205
1096289753215856640
1096291071573835777
1096291340340613125
1096292433367724033
1096292924558589952
1096294640809062402
1096295035123970048
1096295272093646848
1096296008789544960
1096296282921095171
1096299463335911425
1096300113582907392
1096300657148080128
1096301457853210625
1096302935082844160
1096303418266791936
1096303888020500480
1096304017645424640
1096304056132235264
1096304180791205888
1096306217973035008
1096306384465993729
1096308136426713089
1096308324339859456
1096308549179850753
1096308763089424385
1096309772100534272
1096310157686915072
1096312185620316161
1096312961553973248
1096313069788188677
1096313925425983493
1096314174144040960
1096314224886726657
1096314231778091008
1096314518089621504
1096315466828709889
1096315581345587200
1096316029289009152
1096316492742705152
1096316952010735616
1096316957912064000
1096318951871733760
1096319440092835840
1096321520006246400
1096322223848091652
1096329616728313856
1096331388004061184
1096331648461950981
1096334934887854080
1096336419901984768
1096339565193973760
1096340238383734784
1096344418427199488
1096345138996011009
1096348270065053697
1096348812367593472
1096350174144880640
1096350249512251393
1096351376781860864
1096351809222787072
1096354388707225600
1096354572841279488
1096355210803466240
1096355973323620353
1096358045896962048
1096358184959250433
1096361413751246848
1096363073298927618
1096363183323791361
1096364497810247680
1096366261879992320
1096366343740370944
1096369809485381632
1096369873641529344
1096370074972311553
1096372993809235968
1096374627914432512
1096375754080878599
1096378173334450176
1096378258797576196
1096382647008456704
1096387912952889345
1096389405294510082
1096390118141841413
1096392002806079488
1096392179809964033
1096392362660638721
1096393583886659584
1096394941738168321
1096397671525429249
1096399811341733888
1096400108717891586
1096401997836759040
1096405000534683648
1096408227200126976
1096410283273265152
1096410823478689792
1096411314656763910
1096411694631272449
1096412710093369344
1096412950842216448
1096413335883472896
1096414661811916800
1096414876849881089
1096419095493390336
1096419363685613568
1096419363937107968
1096419799301787648
1096420134418149377
1096422672387305472
1096422742038138881
1096422936758624259
1096425787492753410
1096428606891442178
1096431830243278848
1096431989610237954
1096432981172998147
1096434723872739336
1096439044454662144
1096439395249381376
1096439678465703941
1096440067852288001
1096440361885581312
1096440611174076418
1096443800803696640
1096447230452617216
1096452778036203521
1096454134302150657
1096454524821221378
1096457792964124672
1096458263858765824
1096458485036867585
1096458914541887488
1096463108829298688
1096464103734800384
1096465559141662720
1096466103142965249
1096467242148081665
1096467298104295425
1096468588075106304
1096468688092450817
1096469473714937858
1096470669905272834
1096470904777797633
1096473737229029377
1096478425114644482
1096482871135608837
1096484152516493314
1096484154609418240
1096487197736284160
1096487621428035584
1096487787711393792
1096489216702214144
1096491221579636739
1096491641861419009
1096493050317160448
1096494486010630145
1096496083931488258
1096497778128310272
1096499437407518720
1096506864248864768
1096510613612826626
1096511631087915008
1096513182544420865
1096513264341733376
1096513596924690432
1096514333041844224
1096521850480398336
1096527575281790977
1096534032605622272
1096541117464494080
1096541382523551744
1096547879487975424
1096548057745899523
1096550773557682176
1096553476790710272
1096554737195839488
1096556370646622208
1096559359730073605
1096562400592125954
1096572197244669953
1096573665666158592
1096574084660498432
1096577216585089024
1096583837927202818
1096591232258629634
1096591709549391873
1096592641532223488
1096593602032082944
1096593789714604033
1096596014608216065
1096605994921144320
1096612927258341378
1096615129448361984
1096615242266824710
1096616047828885504
1096617767950675969
1096619915430158336
1096622034782732288
1096623761153904641
1096629464992231424
1096636900675268609
1096637413219360769
1096638661431566336
1096638718075682816
1096639147991797760
1096639614817837057
1096640283809337346
1096640826128576512
1096642923582623744
1096644679011950593
1096646543787077632
1096649605628989440
1096650006201683969
1096650839584841729
1096653280266997760
1096662722467516416
1096663472018870272
1096664628807884800
1096669862452051969
1096670411901743104
1096672754399698944
1096673889835462656
1096677380746285056
1096679581640200192
1096679829792006144
1096681861911175170
1096685121409900544
1096685974443065344
1096686274260488192
1096686865330114561
1096692570393141249
1096694941907066881
1096695344530747392
1096696208947642368
1096697841806991367
1096700852100874240
1096702241614909440
1096702521832361986
1096703951808806912
1096705842878074880
1096706223272091648
1096706570145157121
1096707666540400640
1096708303252525057
1096709281347452935
1096711185905405957
1096715730505162752
1096719685742149632
1096721445579878401
1096722525596336128
1096725339257163776
1096725874840236032
1096727371808493568
1096730646737797120
1096733165387898881
1096733287442083840
1096733486927499264
1096736109390938117
1096736458340106240
1096737320701775872
1096737878133100544
1096738018638155778
1096738954798383104
1096738964847894528
1096740120387035136
1096741417290915840
1096743309756772352
1096744944688160768
1096746215541215234
1096746397595025410
1096746449482715136
1096746538095783937
1096747740611043329
1096748482575065088
1096748527894487041
1096751069202247681
1096753121483767808
1096754956898615296
1096756010528559105
1096756584313692161
1096758251385831424
1096761484078534656
1096764359282446339
1096764511099518977
1096768157216374784
1096771358627897344
1096774979679473664
1096776770622185472
1096777803683512320
1096785179375480832
1096787003906117633
1096787704531046405
1096788082689490950
1096792469503647750
1096795210892206080
1096796748465475585
1096797493839355904
1096801536032817153
1096802628934295552
1096804317980516352
1096805408918917120
1096807557673480192
1096809573875417093
1096810773463162880
1096812458726051842
1096815220650061824
1096817252572246017
1096819352454737920
1096820671022317568
1096820804136910848
1096821276809879552
1096822337859710976
1096825214451757057
1096825846109679616
1096828241481007106
1096828295528759296
1096831025647362049
1096831653958307843
1096831866596782080
1096833730516119553
1096836011848540160
1096836382591471616
1096837175730159617
1096846826655965184
1096851616752381952
1096854224325861377
1096864302848528390
1096868496313667586
1096869861534371840
1096870819869982722
1096871672639041538
1096873645232803841
1096876928961658880
1096877001086926849
1096878766046040065
1096880754561171456
1096880964289077248
1096883966148308992
1096884766823989248
1096884871711068161
1096886144153866240
1096886825392705537
1096890176205475840
1096891630416736256
1096892986397474816
1096898284248014850
1096903182419181570
1096903983048900608
1096904321940172800
1096904467277119488
1096920772411564032
1096928940281810945
1096928996321841154
1096932301148180483
1096932913260752899
1096936776197902336
1096937503498608640
1096942427615756289
1096944041600663558
1096947626132623361
1096948070217076736
1096948635592359937
1096950854383517697
1096952776230240256
1096957324768497664
1096961337622757376
1096961617407983616
1096967950643281920
1096970174010454016
1096971528539914240
1096973298116767744
1096974965562195968
1096977364083331078
1096979386572644352
1096979602562404353
1096979639292055552
1096984321565503488
1096988324617699329
1096989720775540738
1096997084216070144
1096997520629293056
1097003746679083008
1097006545089499137
1097007109240221696
1097008656510406656
1097014885068595206
1097015540214751232
1097024538670436354
1097025387580801024
1097036801544351744
1097041471927050241
1097047381256871936
1097053443297103872
1097054882777964544
1097058312057540608
1097059595120492545
1097060167965921282
1097063789369819136
1097066250163777538
1097067826404311040
1097069398840487936
1097070499828502528
1097070623581454336
1097071928827891712
1097072678639415297
1097076566910062592
1097084556631515136
1097086807739719680
1097088321036136453
1097090783314882561
1097093525752008704
1097097871894241280
1097097897861152769
1097100543208710149
1097100578222628865
1097113339203907584
1097113402135244801
1097114963620052992
1097116410298466309
1097117072558096390
1097119900798205952
1097121966060912646
1097127577997606912
1097127702904090624
1097128497439490049
1097130750594428929
1097131504516263936
1097131730392166400
1097135152940101632
1097140132900229126
1097149121243291648
1097149185831432194
1097151347105906688
1097154545216638979
1097155187041554432
1097159701140307968
1097163171654119424
1097164568873168897
1097165325529829376
1097166420637437955
1097167288845905920
1097169648590770177
1097175323060228096
1097175856995172353
1097178056886644736
1097182933889224706
1097183024200982530
1097186531075284992
1097190148666605569
1097192184577777666
1097192220216778753
1097193108599726080
1097193485222973440
1097196801260630016
1097199291830026240
1097203018032918528
1097207518953009152
1097208723540533248
1097210175063117824
1097212517686730752
1097220531357712389
1097223658228015104
1097224402289246213
1097227248099360768
1097230990676762624
1097234525254488065
1097244000568967169
1097244026993029121
1097249660392128513
1097251851471409152
1097266560069263367
1097272260530966528
1097273302853267457
1097279280130805761
1097285666575020032
1097296475531476992
1097298863692697600
1097299021872418817
1097299237350637568
1097303152435572736
1097307209434726401
1097313713131012096
1097314498266963974
1097314537026584577
1097314855818686465
1097315950515367936
1097317517083725825
1097319885875630081
1097321428259622912
1097322970924703744
1097325069368475648
1097329253169983490
1097329788363173890
1097332419454152709
1097333085883039744
1097333810289668096
1097341214507126787
1097342586023362560
1097344625709408258
1097346519873728512
1097352339462242305
1097358445932535808
1097359439152111617
1097361328380039168
1097363914461827072
1097368262646603776
1097368617954484224
1097369182105202688
1097369273545175042
1097370362218713088
1097371410941521921
1097372658344312833
1097374360376147969
1097376604366430208
1097376705851940864
1097377683548311553
1097379149033996288
1097383696481558528
1097384444745433088
1097386626651705345
1097386770503626754
1097388621047443456
1097388952946905089
1097389053035585536
1097389579861016576
1097389861294743553
1097401882140655616
1097409442956623875
1097416533289168902
1097421598330638337
1097424600609275904
1097427862917922816
1097427975342047233
1097436407994302470
1097436450780561413
1097438606661222400
1097438942415196160
1097440085975404544
1097440171530829824
1097441347198484482
1097447313172320256
1097450702195052546
1097451383735926784
1097456916970770433
1097462405532135424
1097466220075454464
1097466526872014848
1097467037302091778
1097468901263175680
1097474230566891520
1097474323248529410
1097478119932551173
1097479631974948866
1097480311049474048
1097485737610629120
1097490255324815361
1097490736554086401
1097491987572363264
1097497354566012928
1097498643056246786
1097501306439327748
1097501382377037824
1097501392435138562
1097501522043142145
1097506389876981761
1097507163805761536
1097507569390755840
1097510589285498880
1097512497278578688
1097513492662439939
1097514164908670977
1097516606878408704
1097519362523713537
1097520656453959683
1097531983998009344
1097533991840874497
1097534732127084544
1097537918556622848
1097540529057947648
1097541252726190080
1097548454212050944
1097548561993093121
1097548975996059648
1097551937162170368
1097555116847218693
1097555160908337152
1097555956559421441
1097556219559067648
1097559544388038656
1097559686134579200
1097560472814055424
1097561732124475392
1097562664941875206
1097564523861426176
1097565662598316033
1097566443162554368
1097568106631872514
1097570599281389570
1097571618518233091
1097574055388110848
1097580309518921735
1097583037079056384
1097587128228331520
1097595203068805120
1097597028434132992
1097597531754770433
1097600052959297537
1097600208979013634
1097600594380939265
1097601992388739072
1097608212210221062
1097616825968484353
1097618225607647232
1097639148481990656
1097651407996551173
1097653302135848960
1097653990022627328
1097672151795200000
1097681167850057728
1097691271521599489
1097692327236247552
1097695162560667650
1097696146972041216
1097698892991418369
1097699393791131649
1097709442496221185
1097714676174008320
1097716491456315392
1097719371256991749
1097722003178561537
1097726246983618560
1097727400400560128
1097740888128671747
1097746590608080896
1097756617427337216
1097769806072143872
1097771580707491840
1097773726907518976
1097774108685799424
1097774217653899265
1097774614426591232
1097774935295098881
1097775392482648065
1097775876903763968
1097778521433403392
1097779509716271104
1097780045622452229
1097781630674952192
1097788110342115328
1097788630943305728
1097802746034479104
1097803236797530112
1097808061081767942
1097811750810861569
1097812155834003458
1097816160689627136
1097816530211852289
1097818757576065024
1097818886144024576
1097820625522094082
1097826254382948358
1097829009461821441
1097829582479200257
1097833661838299136
1097833732738756608
1097834133290696705
1097840257196687361
1097842052971278337
1097849773426536448
1097852617995120640
1097854968915206144
1097856322219982848
1097857086971621377
1097857730851864577
1097858404473819137
1097858476867551232
1097859958035632131
1097859989908054018
1097860629564510208
1097861395859816448
1097867485544620034
1097867748535873536
1097869971080839168
1097871022202728448
1097872317391228928
1097872516213817344
1097874725345333250
1097875820067082241
1097880797875298304
1097881660497018887
1097882300774313994
1097884011094044673
1097888410918965249
1097888618587344896
1097889005272788993
1097892320324800517
1097894590835802113
1097895083070943232
1097896536544022531
1097898905499521026
1097899942356500480
1097900043015802881
1097901450598993925
1097901976573091841
1097902158614274048
1097902507991298048
1097910251947466752
1097911311839756288
1097911352537108480
1097913955102740480
1097918299139178496
1097918807056760832
1097923284467941376
1097924117897142272
1097926005757538307
1097927224588754945
1097930931971608576
1097933437623775234
1097933557165629442
1097939096599588865
1097942481792991232
1097943185198907392
1097944115440951301
1097949357251444737
1097950498370580487
1097952967158833153
1097959274532257792
1097964509002678272
1097967513009340416
1097968324179357697
1097969007850864640
1097970830267633670
1097973228147040256
1097974774343585795
1097979270868148224
1097989052416942081
1097993629816315904
1098000545191788544
1098001912559996928
1098007127770095617
1098007993080311808
1098016016217636864
1098016769233637376
1098016939518046208
1098018391158415360
1098018507751653376
1098030266080260096
1098044868541251585
1098047599460995072
1098047887605420032
1098051943916724224
1098059797763706881
1098060563484237826
1098061911260708865
1098064585125330944
1098065756439293953
1098065992754872320
1098067037132390400
1098075919707705345
1098078881821659137
1098080260493434880
1098082269145706496
1098082576193994753
1098084999197282309
1098086314543583237
1098086765037015040
1098088513633804289
1098091081806184448
1098098215562309632
1098099135272665088
1098101202661838848
1098108223788179456
1098114236159414272
1098114959559540736
1098116007829204993
1098116011054776320
1098116347446255622
1098116697255481344
1098117544928411648
1098118388805783552
1098118904319172608
1098119260038082560
1098122285767057409
1098122839406886913
1098126370595430401
1098126988391391232
1098136975196991488
1098141241479319552
1098141319095046144
1098141631130320897
1098141768112111617
1098142547598143488
1098142838288728070
1098143950169391108
1098144927450509312
1098146669772881921
1098155249607553024
1098157647335960576
1098160467757985792
1098160867047161857
1098162456713748481
1098164113472188416
1098168676849672192
1098172167831896064
1098174876047699968
1098176911514099712
1098177596859314176
1098178002058444800
1098178370121039872
1098178720928595968
1098180764414431233
1098183292724174848
1098183565806776320
1098185148305235968
1098186101653680129
1098188013018861568
1098188235321364480
1098189029739237377
1098189280948572160
1098190067372355584
1098190565668196352
1098190597519749123
1098192352399769601
1098192804172496896
1098194332551729153
1098194473094397953
1098194874552201216
1098196138614759424
1098196262782947328
1098200878190870529
1098202380179554305
1098207985879343109
1098208402734440449
1098209163216334853
1098216455018070016
1098218505609101312
1098220733782609928
1098222201638174720
1098223682214920198
1098224151972798465
1098224272328269824
1098225503394295810
1098227426872705024
1098227899507920896
1098228212889350145
1098229554248859649
1098230107867570176
1098231642978607107
1098232372389179392
1098235902713913345
1098236451760697344
1098236732804231168
1098237981838663680
1098240868614631424
1098242071301885955
1098242079275339776
1098242281432326146
1098242325455691776
1098242466413793281
1098244423895470080
1098246659455307776
1098249623553130496
1098252071462232064
1098252278958567425
1098252601089540096
1098254666775719936
1098255033387356161
1098256957738242055
1098257984503857152
1098258692498178053
1098259656751833088
1098261003542908928
1098261935924105216
1098262542034653185
1098262914039828485
1098266102541504512
1098267564680142849
1098269476028477440
1098269819135115265
1098270186971353088
1098271118203469825
1098271333681647616
1098272387316006912
1098273211484000256
1098274362384240641
1098275555252805633
1098277716158103552
1098278136872091649
1098278854072942592
1098281530475073536
1098283432071843840
1098284710478991363
1098285350621835264
1098286486691168256
1098286995628060673
1098287342509531136
1098288295895740416
1098288736704565249
1098289088178913281
1098290433300594688
1098291469700476929
1098291598146850816
1098292641165467648
1098294083615899648
1098294216973635584
1098299440488738822
1098300288673476608
1098300563396141056
1098305416050692098
1098310357930704897
1098310701431558144
1098311697167638528
1098311987837186049
1098319207790448644
1098320426332291078
1098321757633679361
1098324704119656453
1098327128003756033
1098328018446094341
1098334746562555906
1098335353046474752
1098336612566646785
1098338779377684480
1098339875064041472
1098341868465766400
1098345910810103809
1098346373135638528
1098347300525461505
1098348420392239106
1098349774301003776
1098350721815232512
1098350792677998592
1098350927986216961
1098353471168958464
1098355878682595330
1098358826875740160
1098359643947102208
1098360611816247297
1098361024712003587
1098363592871686145
1098363933021298688
1098364306750619658
1098364710213144576
1098365902649667586
1098368122724208643
1098369651547897862
1098371092291428352
1098371931492048896
1098372129513500673
1098373473796161537
1098374555100418048
1098375654410604544
1098379706112577537
1098384249411928064
1098386089016881153
1098387288986447874
1098390803414564865
1098390997615046657
1098391365455671296
1098399899178086401
1098400858411319296
1098404025110855680
1098405014144466944
1098407733727055872
1098408507160842240
1098412110910914560
1098417618870927362
1098428103792168960
1098428543116161025
1098428713224585217
1098428779888689160
1098429758843441153
1098432891149864960
1098436019278528512
1098436668540051456
1098439671414165505
1098440506332364801
1098441085150363650
1098443446447235073
1098443905513807872
1098444220400947205
1098444602510589952
1098449774490071040
1098449804256993280
1098453611422527488
1098465029572177921
1098466185845317634
1098467420774248453
1098468105708130304
1098469404659015680
1098470053547102208
1098474246538493952
1098474463841026053
1098475175572578306
1098475300176814083
1098476679687593984
1098479686584291328
1098482716562153472
1098487203527905280
1098490004165124096
1098491362704609280
1098491527125438464
1098497591900286976
1098501751144046592
1098503870932807680
1098504468633505793
1098510070252326912
1098512840359522304
1098514162911711232
1098514228128944128
1098515625469771776
1098516220645687296
1098517630774849536
1098522009611522048
1098533461848076288
1098534745229717505
1098535501047435264
1098535620983603200
1098537149387857920
1098540371460538374
1098541469089103873
1098541545878360065
1098543080976846848
1098544530930974720
1098548837256290310
1098551649944006662
1098554668588953600
1098556956157960192
1098560881359798273
1098562827676200960
1098563548333121537
1098565461892087814
1098565868227870722
1098570351494262785
1098570563906400256
1098573862118273027
1098575111198834691
1098576052312514562
1098577190742982656
1098577652959666176
1098578762319478784
1098579287895146498
1098582187845316609
1098583570426130433
1098584315141808129
1098584489234710528
1098586215614480387
1098586646373715970
1098587587973914625
1098590726764617730
1098591663184855052
1098591962645565441
1098598218626158592
1098598646281658369
1098601391449346051
1098602629586927618
1098605673833816066
1098607540701675521
1098609559839625218
1098614681911156736
1098620509514694656
1098621136340963334
1098621250207809537
1098623276912467968
1098626153353568263
1098627788737789954
1098628596111982592
1098630885811855362
1098632584056266752
1098633908642594817
1098634572592529409
1098635933212004352
1098640921149784066
1098643638173618176
1098649662016368640
1098651669422899201
1098657519201804288
1098659044238245888
1098660127824142337
1098660377192058880
1098663794954375169
1098668637567762433
1098672780596396034
1098673773388144647
1098678042766069760
1098681253082132480
1098688044490678272
1098689975976189953
1098691880605442048
1098697727460954112
1098697760184942594
1098703676938555392
1098714710684418048
1098718089141719041
1098718382327771137
1098722214646632453
1098732566817861632
1098734154244653058
1098734856731852802
1098736029438234625
1098749280926527489
1098750290092802048
1098750301404913665
1098751350404464640
1098755691915792385
1098759706712162304
1098761399545798656
1098762315166552065
1098771441535893505
1098773540294123520
1098778208189612033
1098779450962051075
1098779902273175552
1098781428576382976
1098787561928040448
1098794862952890368
1098795269787959302
1098813170649624576
1098816503447805952
1098824733745803269
1098827632676872192
1098829078407204865
1098840150530899969
1098842539610652672
1098844742996058112
1098845235285651456
1098846799337541632
1098846863925616640
1098854607017660417
1098861283095523328
1098870438011256832
1098873121006895104
1098874003794653185
1098874102989930496
1098878051918610432
1098883416257449985
1098884071168638977
1098885160840380416
1098886409505648641
1098886930446643200
1098893249157189633
1098893255037599744
1098894642924392449
1098896430775685120
1098896675043713026
1098900154227187712
1098900205817102336
1098900206031130624
1098901781143322624
1098907122144894976
1098908121743818752
1098909138065805312
1098909559542951936
1098909986946772992
1098913110449111040
1098913580206968832
1098914458745913345
1098914803672862721
1098915366997233665
1098916800996229120
1098916997725933573
1098920728118857728
1098922147475587073
1098926568704000001
1098927561067937792
1098928109171208192
1098928831128367105
1098929709814042625
1098930032377057281
1098933317330587650
1098933726296371205
1098934162503933954
1098936102352764928
1098940857439395840
1098942737729114112
1098944493909233664
1098945041693925377
1098945515281108992
1098946886336237568
1098947349798219777
1098948969651228673
1098950537494446080
1098969582969241600
1098975750676463616
1098976143552655360
1098976665877860353
1098980814476533766
1098988045439770624
1098988649851564032
1098992028799635457
1098993630566526977
1098994757940977664
1098995101945090049
1098999977425203200
1099002663436316673
1099004412184354816
1099004456073658369
1099006076421165056
1099010935870566400
1099011849792610304
1099017903050055680
1099017943298510848
1099022695461781504
1099024343810617345
1099030567738359808
1099033579240284163
1099033645917110273
1099035119824920577
1099036285811986433
1099036517161406464
1099037504282521601
1099038086430830592
1099038519710879744
1099039505464651777
1099041299691376640
1099043897664139264
1099044390071345154
1099048236231335937
1099051241055940609
1099051618941788162
1099053729939181568
1099057293423972355
1099061686953234432
1099064873374441472
1099067167230832640
1099069235861557248
1099070412783276032
1099081463520288768
1099082008054112257
1099087394689683457
1099094746885181441
1099095251464142848
1099100334536998912
1099102799932076033
1099105343383101440
1099111777848180741
1099114993180700672
1099131001182318593
1099131919059554304
1099132024181248000
1099132681424531457
1099132689402216448
1099133238839296004
1099138154156576770
1099146300753395712
1099148402514935808
1099156999592390656
1099158520430243840
1099160523625689089
1099167639677558784
1099172757621731330
1099173882500657152
1099176988361711616
1099183173722869760
1099185939006382080
1099187460720988161
1099189593088286722
1099191011203563520
1099192295059062784
1099194241232842753
1099201128699478021
1099202358880329728
1099204444842065920
1099205990703091712
1099207649567084544
1099211767102754816
1099213256126812161
1099217463802294274
1099219559712620545
1099231675395919872
1099232813306396672
1099233526313046016
1099241432991367171
1099241535386931201
1099247128453566466
1099247555853070337
1099248094825377792
1099248151016423424
1099254187035189248
1099254411858198528
1099255960827281410
1099259778696654850
1099260312405135360
1099263212753747969
1099265364498792454
1099265433662763008
1099265501195313152
1099277462935138305
1099286888714768384
1099290302118998016
1099292944530579456
1099297317075775493
1099298935028547584
1099301875848003585
1099313584285368320
1099317040777580544
1099322650541748229
1099322678337359872
1099325916663238659
1099329573806850048
1099330053211545602
1099331690231558144
1099334597748375552
1099336131571798019
1099340847676567554
1099347399577866241
1099347579937177600
1099349837743644677
1099349956861796354
1099350156074307585
1099360475853185024
1099360547454119936
1099360765163769856
1099361697960218625
1099363535057027073
1099366167712538625
1099367257505816576
1099378361502097408
1099379636151169027
1099389859544719360
1099390939410386945
1099391099133661184
1099393609479192576
1099394631639326720
1099396317753659392
1099404601915330560
1099404775966339073
1099409580155699200
1099412042602168322
1099422900069822464
1099424159942303744
1099428774960029696
1099432252877037568
1099433170578096135
1099444808085618688
1099445313075478534
1099448315786158080
1099460811473514499
1099462870033711109
1099470136229023744
1099474103331741697
1099481168955596800
1099484888443449344
1099486836278226944
1099493608841977857
1099495727770886144
1099498368919834624
1099498559789924357
1099498671358525440
1099508297294536704
1099511374114406402
1099516011018153984
1099518325451837441
1099530046316830720
1099532351619719168
1099532391004164099
1099534634340241412
1099536487182417920
1099539516724002816
1099547670031581184
1099556009947803648
1099556270510690304
1099568723776679937
1099578283010727937
1099585503941328898
1099586715671502849
1099587772216631296
1099587851501649920
1099587903003508736
1099593909326540800
1099597941709393921
1099606220447584256
1099608996363804673
1099610293087408134
1099611947761319937
1099612408698552321
1099618698090999810
1099621766190825477
1099630162532954113
1099663686552166400
1099666869651271680
1099668194627895298
1099679282710958081
1099680120476844032
1099681960971173888
1099682627252965376
1099682925442928640
1099686229740679169
1099694125497049088
1099694322625196034
1099696191623872512
1099698616539774977
1099700120415653888
1099702313193742336
1099704005587075072
1099704299767123968
1099704774277193730
1099704883869937665
1099709311910055938
1099709752236560384
1099711950643179520
1099714636893573120
1099729207091965952
1099730678000824321
1099730848289558528
1099734533824544768
1099736140251361281
1099736714891927555
1099740432710488064
1099760507475685376
1099761949477343234
1099765172070170624
1099765811613519879
1099777846342344704
1099778060218449921
1099785157412880384
1099791134723899392
1099792088923811840
1099799334017814528
1099803684496658432
1099804725950799878
1099805914201128960
1099821440923254792
1099822008983015425
1099851334310780928
1099851383812050944
1099864186065104896
1099865641488736256
1099866329073491968
1099880884704956416
1099880967731363840
1099883421143392256
1099886150800437248
1099892951046590465
1099894382109569024
1099896162184777731
1099899651426340865
1099900010861379584
1099901086293544961
1099901311120785408
1099903489629663232
1099905085130399746
1099909369230176256
1099911000797708288
1099915981399474176
1099921101092782080
1099932000851382272
1099933509949554688
1099942357280018432
1099953320075116544
1099953422806196224
1099954582548025344
1099955202885480449
1099955934787448832
1099957923751456770
1099958280242118656
1099960173127331840
1099960952114561024
1099961621449867264
1099962287924920326
1099962332795596801
1099965778391031809
1099966551845888000
1099968161422692352
1099969876653981696
1099972298033909761
1099973779885867010
1099974862838353921
1099974877963005952
1099975651791007744
1099977935581196288
1099986485284167680
1099990062165622784
1099990911386337280
1099994299272433664
1099997041919373314
1099997930692493312
1099999085795233792
1100000066578849794
1100001011823915008
1100002421928087558
1100008353944629248
1100010338689445889
1100012494498791425
1100012798657073153
1100014898300375040
1100015572342001664
1100016701045964801
1100019117787107329
1100021578602082304
1100022349833719808
1100022641413447681
1100023398082727936
1100025040043569152
1100025189046341633
1100026025809989634
1100026603785125888
1100029130861694978
1100029350215327744
1100032702739349505
1100032964442931202
1100033388889690113
1100036034447003650
1100036116881625089
1100036340010237952
1100039375457525766
1100040850569154560
1100044782330621953
1100048465101348864
1100051182825951232
1100052035544731649
1100053051367456770
1100056992373239813
1100057520008118272
1100060000498667520
1100060054177251328
1100060448458711040
1100060927439835136
1100060956477009921
1100064792071544834
1100065037467627532
1100065294125543424
1100065538670292992
1100067480410734594
1100067809055383555
1100071800359272451
1100072890874150913
1100072921899266048
1100075556362731520
1100076004725440515
1100077987234500609
1100078084676612097
1100078342638833664
1100080002287239168
1100083263811416064
1100083496591245313
1100087170382155777
1100090181036769280
1100092367980449792
1100093159848230913
1100093736988692482
1100095059016466433
1100096862168637440
1100096905781174275
1100096914173890561
1100099082612137995
1100104970139885568
1100107087454134272
1100108565078003712
1100109469973921794
1100109759649333248
1100111877340835847
1100114103589318656
1100114126754533380
1100115723496636416
1100116683992285185
1100123204050345984
1100125505875992581
1100127987662573569
1100133834534805504
1100136781003911168
1100139988908457985
1100141195521679362
1100146066773757952
1100147126695329792
1100160787438600193
1100162007658127360
1100162318023958528
1100164896283602944
1100168579704545282
1100178811709198336
1100182962090455040
1100185014459920386
1100185632482181120
1100190458028814337
1100191101040898048
1100198026239463424
1100204522792718337
1100206294470782976
1100213923897401350
1100216533178085376
1100219082899681280
1100220503749472257
1100220918775906304
1100221710886940672
1100222264715423746
1100222502524071937
1100229012096471040
1100231941792632834
1100232016887513089
1100232190942535681
1100240784673132544
1100242573094998016
1100246000256593921
1100248025702776833
1100250910951985152
1100252311014854659
1100256844633772032
1100257534194069504
1100259060140658689
1100260034624323584
1100261944135770112
1100264667035959296
1100265488670703617
1100265755373756416
1100270290754523137
1100272241391140865
1100274925015683073
1100275203547058177
1100281110783639552
1100282112316461057
1100284024558280705
1100284798856294401
1100285011490729984
1100285552446898176
1100290770676805632
1100291313445060608
1100292219842560000
1100294494812024832
1100295724183412736
1100297237035450368
1100299062853754880
1100304145146212353
1100304692024934401
1100305556043051012
1100307737932718080
1100310906389426176
1100311211625857024
1100313163243884545
1100314707167039490
1100315150077358081
1100315304817840130
1100316296825196545
1100316405021528064
1100318494195961856
1100321530028978176
1100321557723996165
1100321617698275328
1100323100820832256
1100323975740121088
1100326726805139456
1100329585617580037
1100330715554566144
1100334498431070209
1100335607820288000
1100336611915554816
1100337634897842176
1100337807283892224
1100340720672620550
1100341999486623744
1100342116927049729
1100344400331317248
1100344866305785861
1100347052385542144
1100347651315433472
1100350263137914882
1100355835274784771
1100358496128851968
1100359400596881409
1100360100437467136
1100360390955790336
1100361918248673280
1100364541379207168
1100365512712863744
1100366227044741126
1100370582829289472
1100374985770782720
1100378332250615810
1100378455986847745
1100381479639474176
1100383983236534272
1100385794748022785
1100385996057698310
1100387017165336576
1100388505119682561
1100390012531687424
1100391205836410880
1100392227556286464
1100396001582608384
1100400518755741696
1100402405030555648
1100405111828836352
1100408082461450240
1100408396157640704
1100410212748382211
1100411223131152385
1100413001356664833
1100413140355805185
1100415840627748864
1100416161949339648
1100416214579494912
1100418337111199744
1100419323191910401
1100424444403765249
1100424737174577152
1100426203532574726
1100433320704237568
1100433573574774787
1100435157499240449
1100435211182137344
1100435228407943168
1100437090666455041
1100437315048984576
1100438291063681029
1100439703315046400
1100440545116213248
1100441321213431810
1100441777805258753
1100442118626119681
1100443881227792384
1100446173008023553
1100449111977816064
1100450939830452224
1100451055609950208
1100453219019509761
1100455441589592064
1100455659273883649
1100456738678026241
1100459472726777858
1100460384585220096
1100463089047220224
1100463543294590976
1100463864188002304
1100463948480933888
1100464729439551488
1100477031773556737
1100477654854070273
1100481614063251461
1100481874911289349
1100483897417220096
1100485481605881856
1100489096672231425
1100489222081921024
1100490859978534912
1100492246170755072
1100494683061415936
1100494743891595264
1100494839110496256
1100494841627127808
1100494910006931463
1100494939354365952
1100495019046289411
1100495032476348416
1100495177171357697
1100495620484227072
1100495622602248192
1100495906963685376
1100495964454952967
1100496104951595008
1100496258458767360
1100496390583656450
1100496414071607296
1100496428311461889
1100496700538523650
1100496949675872256
1100497051593379842
1100497055812861954
1100497074670321664
1100497095205707776
1100497202600800256
1100498231044333568
1100498596762398722
1100499492275712001
1100499829887827970
1100499927631826944
1100500458228121600
1100500493846097922
1100501285323882497
1100501665348767744
1100502401025540096
1100502517207744512
1100502751249924096
1100503066661584896
1100503255384289282
1100503474331156482
1100504164701011969
1100506154927575049
1100506305897197568
1100506309269499904
1100506604947025920
1100506692607987714
1100507024402599936
1100507037379772421
1100507045373984768
1100507192581607432
1100508280571469826
1100511570172342276
1100512146465738752
1100512398149074945
1100512479090696192
1100512755088531457
1100512854485004288
1100513460574539776
1100515871015919616
1100516988403810304
1100519213050019842
1100521535016701953
1100523575138762753
1100528362064367616
1100528797877706752
1100535945881776128
1100536978016067584
1100537883973246976
1100538365513007110
1100542085860651008
1100542927216959488
1100546577083629568
1100546804867837956
1100547321572540416
1100551677780709376
1100552922239324161
1100553768641445888
1100554006059835392
1100556103203676161
1100557533054406663
1100557556538195969
1100561554959945730
1100565573119881217
1100568533853966336
1100569259904626689
1100569468340584449
1100570861705211905
1100573130542731264
1100574734708666368
1100574800982859777
1100575794219298816
1100576062625345537
1100580293436534784
1100586304713109505
1100586493439967232
1100586551325601793
1100588907681538053
1100589169435242496
1100589317498392576
1100590502372552705
1100590540557406208
1100590691133075457
1100591788782440448
1100592508923334657
1100592808820387840
1100593029004574723
1100594195037736960
1100594470163165186
1100595329584455681
1100595505334235137
1100596838690779136
1100596989576699905
1100597369689632768
1100598986195566593
1100599304966696960
1100602502708289541
1100602832766595072
1100604186717184001
1100604529781948416
1100605677800570881
1100605892108652544
1100608435123613696
1100609081042239489
1100609780211568640
1100610535211421696
1100614502997929984
1100617575782731776
1100617913826979840
1100618409153196032
1100619091579158528
1100620122945978368
1100622343049625601
1100625744575643649
1100626020997259264
1100630924994072576
1100633338950254592
1100633605993189376
1100636207690772480
1100636276468973570
1100639157561577472
1100640637286666242
1100640940115382272
1100641742934560768
1100642096082571264
1100651442690498560
1100652275662385152
1100658032327839749
1100658070525526016
1100662878850433025
1100663549108486145
1100663565894053888
1100663747356516352
1100664604810563584
1100665171041763328
1100665777982705665
1100665840050077696
1100668635557711872
1100670994010828802
1100671782548320257
1100672300947365889
1100680413997981696
1100680832434561024
1100681400469078017
1100681874458972160
1100682207482515459
1100682263673663488
1100686502848315392
1100686702912389121
1100687646236573697
1100687764511551489
1100693160894914561
1100693289248931843
1100694614628069378
1100694947584450560
1100694988357156865
1100696151010000897
1100697216354787328
1100703275907657728
1100703763256541187
1100705349949145088
1100705400276566018
1100706735075934208
1100709319446802432
1100714173523062784
1100714221774417920
1100714938568343556
1100715142415896576
1100716031591497729
1100717024823652353
1100717066351448064
1100718041078423552
1100718357324607488
1100721072322826240
1100724973839118337
1100724989370748929
1100725537574596608
1100726328397950976
1100726703997898752
1100727231943446528
1100728303713808384
1100728787300421632
1100730726331367425
1100735310407913472
1100735644597252096
1100735966690586626
1100736333276999680
1100736501896437761
1100738133476270081
1100741410892992513
1100741550626258945
1100742984201584641
1100744316471803906
1100744453466349568
1100744693736828936
1100745877851918336
1100746527536930817
1100746611423031297
1100746977606881280
1100747584925134848
1100747829876850690
1100748079014195200
1100748236715970560
1100748516056387584
1100748724119064576
1100750916481777664
1100751254513467392
1100751330451148800
1100752069475078144
1100753951891251200
1100754017326530560
1100754410685181954
1100754424589361152
1100754684631904256
1100755286493556736
1100755350691741696
1100756420666904577
1100757705793458176
1100757740610146305
1100760170387464192
1100761218913132544
1100761614100426752
1100762161792438272
1100762877349253121
1100763321626710016
1100763783750975488
1100764417505935360
1100765529818783744
1100765605341196290
1100765791149064192
1100765921185071105
1100766276358524931
1100767021330022400
1100768525872959488
1100768940140093441
1100769233418371073
1100771599815368706
1100773974647205889
1100774239299358721
1100774498507345920
1100774541704318976
1100775586119733250
1100776362581864451
1100776606577111042
1100776927428861955
1100777072983592960
1100779113521053701
1100780698107957248
1100781133912928256
1100781354105606144
1100781803726561281
1100781957682610181
1100782147097509890
1100785383980363779
1100791167539728389
1100791896438382592
1100792348630429698
1100793282727038976
1100794230794932224
1100794981000740864
1100795014953586688
1100796722358484993
1100797968179838977
1100802804216557568
1100803682898071552
1100804835513782272
1100805203337637888
1100807026605604864
1100808762216964096
1100808868760834053
1100808979872137217
1100810228529008641
1100812417552924672
1100813597419151360
1100813716499693568
1100814293669269504
1100815118668046339
1100815528455593984
1100817388935802880
1100817389795622915
1100818551189819393
1100819054602928128
1100820184145817600
1100820494092300288
1100821097673482240
1100822169712394241
1100823156644810753
1100823267785375744
1100823810951892992
1100827367281430528
1100829224972308482
1100829382677913600
1100830530805874688
1100832759092822016
1100834081128869889
1100834838603538434
1100835835618852864
1100836298032668672
1100836924024066049
1100840076030861314
1100840615833755649
1100841793623609345
1100842835887173632
1100852959683010560
1100852988204273665
1100854526238752769
1100856557984657408
1100859578286329858
1100860528312881152
1100871467481337859
1100880098943631360
1100884036967387137
1100885083500830722
1100911020162220032
1100917491562307584
1100922738640859136
1100926277815398400
1100928164044238848
1100929017925062656
1100932047076356097
1100934025517117440
1100935377739628546
1100936170907684865
1100937212747702272
1100937885094682625
1100938833884049409
1100940797627777025
1100944626616156160
1100946701949591552
1100947588230967296
1100947943253663745
1100951017879949312
1100955139656036353
1100959571357634560
1100960939522707456
1100963019897622528
1100965628142333953
1100965823387070464
1100968885644341248
1100970581770424322
1100972158438780938
1100972488950009856
1100973244801212417
1100975651048353793
1100976370782371840
1100978241043685376
1100982556978143232
1100983993510645766
1100985178007134208
1100986265976127489
1100987139666268160
1100987384101888001
1100988105593507841
1100989146225532928
1100990020733882369
1100992521813946368
1101001066412310528
1101001211715690496
1101003676536078337
1101004408853282817
1101004583298654208
1101006646954737664
1101011977487478787
1101014212208406528
1101014322967306240
1101015239389339648
1101015350152495104
1101015715023388673
1101015780873904128
1101016218771865600
1101017092038512641
1101017110464028672
1101018315932295168
1101019461807681536
1101019679932538880
1101024425778933760
1101026000744308737
1101027909987254272
1101030374560415744
1101030413487738880
1101030983162200064
1101034305029955587
1101035193404547072
1101036927296266240
1101038804662607872
1101040770549719040
1101045771825307649
1101046348537683969
1101046610300145664
1101047114002587648
1101047861309890560
1101048642838896642
1101049006074052608
1101049455699263488
1101049994226925568
1101050953061421056
1101051652319010816
1101051884234694656
1101051973946662913
1101051989910265856
1101052346010820608
1101052640769855488
1101053250286075909
1101053305646710785
1101054109292085248
1101054256080211969
1101054479284293632
1101057892118089728
1101058386198704129
1101059741806198784
1101059927605432320
1101060708609880064
1101061499496337414
1101062804507901952
1101063695998705664
1101064088799477760
1101064923021373440
1101066809636282369
1101067781435318272
1101067787726925829
1101068298677116928
1101071370090356737
1101071576081022976
1101071876074418177
1101071962770628608
1101072081024962560
1101072672862146561
1101073057484025856
1101073227735093248
1101073289391165440
1101073339752173568
1101073704245587968
1101073736529256449
1101074103543316481
1101074155108225024
1101074277590286337
1101074356862627840
1101074549808885761
1101075247749582848
1101075354704175106
1101075451164819458
1101076647363530752
1101076713205833730
1101076754318278656
1101077757583392768
1101078181757374464
1101078184588689408
1101078524339867648
1101078562260553729
1101078747871174657
1101078781010341888
1101079213870854144
1101079309475708929
1101079546877698048
1101079560748130305
1101079603102146560
1101079746958417925
1101079865644638209
1101080437340823554
1101080858864181248
1101082006002302976
1101082144833658880
1101082549604900867
1101082953923395584
1101083015583657984
1101085153017782273
1101086153770332160
1101086298461405185
1101086475892994049
1101087365475364864
1101087546698682368
1101087550062571520
1101087816380018689
1101087876761178112
1101089297816539136
1101089535197233152
1101089816660398081
1101089932389494784
1101090171921952768
1101090177781518336
1101092436833529858
1101093397740302336
1101093828063309824
1101095871549190145
1101096006190477319
1101096152965865472
1101096823228416001
1101097258613964801
1101097501468311554
1101097862572752896
1101097917945790464
1101098961497030657
1101099290728947715
1101099431229718528
1101099778962673664
1101100028515573761
1101100378324692992
1101101180254445569
1101101437390675968
1101101460048277511
1101103347472494594
1101103352065097728
1101103573943771136
1101107983839199232
1101108381044097025
1101108717016236032
1101109775641833473
1101110046610546688
1101110236621033472
1101110240387391488
1101110476954632192
1101110607804329984
1101110681649233920
1101110861161103360
1101111766707290113
1101111837989298177
1101112286800941056
1101112584600580096
1101114015252533248
1101114636860977152
1101115809147973632
1101116089759485952
1101117636639780864
1101117811945033728
1101119349589463041
1101119709041344512
1101120358726262784
1101120462749351936
1101120588997779456
1101122685302722560
1101122809466667009
1101123806788272128
1101123997729730560
1101124014058151937
1101124803413590023
1101125066824155136
1101125784918351872
1101125915361239045
1101126281922457600
1101126461858156544
1101126736589324288
1101129071554121728
1101130859183251457
1101130934651371522
1101132643020746752
1101132841402974208
1101132945421623298
1101133456686362626
1101134559372931074
1101134784607252480
1101135893165793280
1101135930490990592
1101135935532646400
1101136432557629440
1101138537251028994
1101138835893760001
1101140025016750081
1101140041752023042
1101140377292038144
1101141331525623814
1101141404481454080
1101141472844365829
1101141613802270721
1101141930027540480
1101142034889560070
1101142502118051840
1101142597358149634
1101143239908777984
1101143272636837888
1101143373300162561
1101143528069947392
1101143613646397440
1101144196650536960
1101144267928551424
1101144299398406145
1101144351390851072
1101144415987425280
1101144420622073857
1101144428163620864
1101144569918472193
1101144627397111810
1101144661366845441
1101144686968930304
1101144746087481345
1101144756556460033
1101144845903523841
1101144987683577857
1101145284225032192
1101145319465803776
1101145382799720448
1101145462902386688
1101145549284106241
1101145596692480000
1101145605085093888
1101145727986589697
1101145906664144898
1101146094577213441
1101146139036868608
1101146192296230912
1101146209064968192
1101146642332303360
1101146727493455872
1101146766903173120
1101146997162045440
1101147117140172800
1101147207707828224
1101147400675061760
1101148244577476608
1101148464757522439
1101148628758913024
1101148656030310406
1101148900977651713
1101149449143824384
1101149738555138056
1101149838375247873
1101150072035663872
1101150150041444358
1101150543475544065
1101150599226187777
1101150928495960064
1101151064802287619
1101151155386691584
1101151334940651521
1101151784117157891
1101152317246566401
1101152700174020608
1101152841090170880
1101152920786092033
1101153883932557313
1101153885043998720
1101154040262516736
1101154078845952002
1101154769232486400
1101155339225976832
1101155434453331968
1101155646664134657
1101156412548243457
1101156480894418945
1101156482605817856
1101157029958348803
1101157055094697989
1101157591978311680
1101157958581346304
1101158362065059841
1101158437549944838
1101158756744781824
1101159016770797568
1101159524294184960
1101160483128631296
1101161006158544901
1101161295976501248
1101161549316599808
1101162031648989184
1101163579368189952
1101164379213447168
1101165000394137600
1101165489869348864
1101166150031826944
1101166413455155200
1101167217062760448
1101167251447701504
1101168885150216193
1101169130080751617
1101169533585444864
1101171076267233280
1101171330022498304
1101174573867958272
1101175021504876544
1101175303680880641
1101175724814274561
1101176163106414597
1101176939056939008
1101177457879728128
1101177868493631494
1101178348871581697
1101178433898508288
1101179903569879042
1101180006363889664
1101180085619453952
1101180409428299781
1101180623329218560
1101181075886243840
1101181173605302272
1101181325892091904
1101181377892966400
1101181387510554631
1101181413515280384
1101181450861326336
1101181510411988997
1101181993167970304
1101182192418476034
1101182626101161988
1101182702462685185
1101183724178341888
1101184108787466240
1101184187665543168
1101184941788811264
1101185662353588225
1101186946674634753
1101188278873542656
1101188789232386049
1101189168787382273
1101189337918644225
1101189991319855104
1101190050442665984
1101190380538671104
1101190728682819584
1101191161505447936
1101191237854351361
1101191553668677632
1101192070851510272
1101192379522998273
1101192652186443776
1101193756194324482
1101194500200906767
1101195237253210112
1101195748413263873
1101197864431046656
1101200628477509633
1101200752226136064
1101200800850890753
1101201024415645696
1101201297473179648
1101202789794041858
1101204368538263553
1101205158317432832
1101205470805520384
1101206592366698496
1101206700986646528
1101206831014146048
1101208678881886214
1101209021711826949
1101210116844650496
1101214536802152450
1101216564760653824
1101217107906244608
1101217834363834368
1101220674335633408
1101220816920985601
1101221167556308992
1101223487031533568
1101225490201882628
1101227271938101248
1101228040338763782
1101228120886177793
1101230228121149440
1101233739982614530
1101239972634546176
1101241361481846785
1101241591711387648
1101245652221259776
1101246202933374982
1101250409409081345
1101251124135428097
1101253308940017664
1101255745578901504
1101255753799790593
1101257266265812992
1101259075705167872
1101260651073363968
1101261733602066432
1101264786644520962
1101265089494048768
1101268454563241984
1101269697352396800
