1057818217857667072
1057974715950813184
1058029794074525696
1058151199466274817
1058151522834530311
1058260656510521346
1058395330599903232
1058517875785383936
1058534289137053696
1058665131293446144
1058733143283384322
1058734583519289344
1058776146567946241
1059148205676470278
1059148730346229761
1059201167161544704
1059218773113294851
1059606634664611842
1059845531739086848
1060109909356957696
1060153488037085186
1060173771267543045
1060308579960451073
1060504083205885952
1060664777071046657
1060679993573945344
1060805274913644545
1060809626504060928
1061015631133319169
1061016245875679232
1061265650532970496
1061297966391140353
1061327380575371265
1061328127211855872
1061328127631286272
1061389254159409152
1061497731536031744
1061505529409880064
1061537905317953536
1061547127350935553
1062003051140128768
1062070986676359168
1062318629868523521
1062320239491211266
1062322221304160257
1062341642563317760
1062343789224906753
1062344463283089410
1062607717909573632
1062676584174252032
1063122656810004483
1064856569907687424
1066803190254002176
1066873375824506882
1067110729109708801
1067112460375728130
1067118786250252288
1067720567237894144
1067722387699970048
1067723499173830656
1067728612856520704
1067750436684349444
1067803049589186561
1068153707408306176
1068409204145295360
