969003418122584064
969004145633054721
969016146807738368
969020528165040129
969025931267465217
969032029793865733
969034147904802817
969038742013984769
969040846648758272
969043852282793984
969045836658245634
969047050850570241
969048027284627457
969049208438243329
969053720217452544
969054406426607617
969055633520513024
969060336304189441
969063445147607042
969063445151838208
969064495401201664
969067464133890048
969075177421262848
969076039807852544
969079067239636993
969082533412392960
969090002641600512
969098747757187073
969105295053123585
969107950479519744
969108806121803776
969109413876436993
969112113728892928
969116099483721729
969116163778195457
969119828580577280
969120167660683265
969120314016911360
969122790350704640
969124182440243201
969125126150197249
969126493866557440
969128381706133504
969131962018488321
969137947219021824
969138320604323841
969140760904982528
969142597108158464
969146238183591936
969146895863091201
969150016827740160
969151198375768065
969151217648656384
969151235268886533
969151313719255040
969151424033681408
969151641273405441
969154611679547392
969154982032367616
969156111994585088
969156503742672896
969157716580036608
969159235073228800
969159664129773568
969159779498315776
969165394396286976
969165573505548288
969166575105466368
969167214711537664
969167299029622786
969169204493672450
969169310848516096
969169583662878721
969171263498440706
969171695088128000
969173277192196098
969173369462689792
969175625142423552
969178173169598464
969179993946324993
969180122694615040
969180442724253696
969182198468399104
969184025079361536
969184243598352384
969185257382703105
969185613445582848
969187141468282880
969188559121985536
969197362823548929
969199043275644928
969200221371666432
969201358460145664
969206285089505281
969206407546458112
969207125632204801
969209415709745152
969211301468786688
969212587043905536
969213137739067392
969214296625438720
969215977866104834
969216455852961793
969217425307729920
969219017721417729
969225568402190337
969227138350985216
969228784598597633
969229386061770753
969229667084378114
969230610777759746
969230717321400321
969232903002607617
969241022751391744
969244272053686272
969255733018615808
969255742212472832
969259208943243266
969261892408524800
969262129739128832
969262375080624128
969264772570058752
969269359888752642
969269806552834048
969269810751295490
969270598873636865
969271976266223617
969273333140336640
969276626503548928
969278839401705472
969286398376214528
969288957761597440
969294955792535557
969296971939942406
969297672254390272
969304428888117253
969306826352287745
969311203083235328
969311972763119616
969316414107586562
969317604035780608
969325292169949186
969325908090695680
969327460075622403
969328377516756999
969333520547053570
969337605803343872
969339524299051008
969343786966011904
969345151377334273
969345689078640646
969346935210508289
969350253303517189
969350683227910144
969358902381998080
969362638697320448
969366940375568385
969367791785701376
969373660040613888
969375156178059264
969377080931577856
969383373234819073
969385525298761728
969385625853022208
969391349547008000
969394395026948096
969395761946464257
969397139364368384
969398389673791488
969418866085556224
969428982901882880
969429040384872449
969431112987611136
969431801084153857
969445627598917632
969447401768484864
969450720721231872
969453647938629632
969455907833659392
969456268980056065
969459827415056384
969467344450936832
969468615404675072
969472012711161856
969477337812226049
969481223591661569
969482097504260097
969484482809036800
969484650547572737
969485335066497024
969487281651310592
969492634824728576
969496855791927296
969502130750058496
969502952825212931
969503836141510656
969504150315614208
969504792665083904
969510778540838914
969511201356034048
969513954480459776
969514413341495296
969518391655567360
969522520092299265
969531184517730304
969535250513711104
969535696930193408
969535874743533569
969538296220135425
969538609878626304
969549808657686529
969551941867941889
969552564747427840
969554016823861253
969554530617774080
969554599127367680
969557831920898051
969558131402592256
969560416031473664
969562526215213056
969570738633166848
969571690761064448
969573249343459330
969574192613117952
969580285321994241
969580519947231232
969580853625057281
969580979764563969
969581148266360832
969581352738750465
969582521729110016
969584805514969088
969584983064088578
969585611656060929
969586226113236992
969588073284579328
969595777550028800
969596130114850816
969597174072819714
969598709607657473
969604560267259904
969608977683279872
969612598575591426
969613093998350336
969614437442187264
969617235881971712
969617300440657920
969617572260958208
969617822669312000
969618030249545728
969618092337774592
969618775615197184
969618851100061697
969619890922549248
969620414304530432
969622357483687936
969622474135621633
969627391109795840
969634435456004096
969636010001879040
969636788045164546
969638977459359746
969642896616980480
969643111109578752
969647200828567563
969648348788555777
969651553991716864
969652658842816512
969659860072706048
969660483354742784
969661263059013632
969661818401624064
969662399291650048
969667852314775552
969670196515475456
969671477447536641
969671733224595458
969672175375585280
969673228569464833
969674360616357889
969675092086140930
969675093336051712
969680328695734272
969682878668840960
969683894281953280
969689023571812353
969690507176751104
969694929474805761
969696405978861572
969696624405614592
969697360908603392
969704422858280960
969708729603100677
969711292301873152
969719568502591488
969720788617252864
969720800700981248
969727894615289857
969728761166954496
969730365492547584
969733949512699904
969735912866410496
969738326696779777
969739137036275714
969744651266789376
969745938905468929
969750551394160640
969752000119308288
969752237928075264
969754868595400704
969768603246612480
969768949729628160
969770635407822853
969772487201443840
969775046364483584
969778603318800385
969778931757912064
969784855788535808
969794639896154112
969795932517789696
969800077337354240
969802601452785664
969805995076710401
969816399861428224
969826997198315520
969829855624908800
969830181501157377
969839428284723200
969843289128972288
969843818055991296
969846055708880899
969846705830137856
969849621689356288
969850586823905280
969856573777432578
969859478333124610
969864485052837888
969866155983867904
969871257582882816
969871795716173826
969879538833346561
969881515587878912
969883575448457216
969884929378136064
969885121460494336
969886695981117440
969887346945609735
969889699937570816
969897094084530176
969901086633947136
969904652656496641
969905425247240194
969912280392531968
969912365952241666
969915674867982336
969920760750977024
969922313180340224
969923013637533696
969929967348920325
969930498154823681
969934849967579136
969935418685706240
969935696369766400
969936273933766657
969936717670207488
969939673127800832
969940671640383489
969944967056588800
969947598697070593
969950627970338817
969953890413268992
969955626003595265
969955785039073280
969958799854403585
969963049351335937
969964465084092417
969965872277172225
969971077421072387
969976979662532609
969979627035865088
969981129167179776
969983331923320834
969983750917492743
969985530577543168
969989048331890689
969995321332953090
970002894568263681
970003714550452224
970020855018213376
970030315917004801
970035592955416576
970040657153806337
970050799400308736
970052135684640769
970053224945405952
970054045791604736
970055445414064129
970056491892912129
970056614379180033
970062055653957633
970076262185103360
970092735712522240
970093737308229632
970099388662951936
970100420331823104
970101525048565760
970101547555201024
970103033513246721
970103132968620038
970103872839495680
970116580750385152
970119163212632065
970122180158738432
970135505860988928
970139005588185088
970152777178583040
970156677059276800
970157407698542592
970157663559364609
970160787896532992
970163215953997825
970164884443942912
970165341635653632
970172639749619712
970174605188063232
970189190452469760
970209358264102912
970238673160679424
970238846444232704
970238955038953472
970239238968168450
970244253011140608
970247334356553728
970248897045127169
970249034769235968
970249176566071297
970256351762042880
970284095812067329
970285576388861952
970291154951528449
970291609052082176
970292619057213440
970297668994924544
970298253261660160
970298782704459776
970298976367980544
970306422935314433
970307106183307266
970309057377636352
970309761156702209
970309903364558848
970313989031976960
970315217967173632
970316406628724736
970322576466743296
970326152937172993
970329479867494401
970336329560096768
970343736315203586
970344911538139137
970345680114941953
970347255315120128
970348987965325313
970349469920247809
970350458488356864
970352501127045120
970353709111635969
970355385516224512
970355828485013504
970356210393378819
970359136520232961
970366178311905282
970373972180262924
970375401204801536
970376622145589248
970379447089160193
970380517400080384
970380734685827072
970381386044473344
970381633525288962
970382590636150785
970393601954983936
970400267547095040
970403608939433985
970405002895396865
970411101627256833
970419317220110336
970426870335459328
970433927679750144
970434516971122691
970435257794211841
970435522765185024
970436260539129857
970439941447700485
970449785508556800
970450762282266625
970451486688890882
970459083869433858
970463863660601344
970465863521488896
970469016820051968
970475939095334912
970484315527270400
970486960023154688
970499973044494336
970504398085541888
970504621813714945
970505020297830400
970505541234647041
970527107909480448
970531537946112000
970537635629404160
970540606924709888
970540681948090368
970543221574008832
970546639936028672
970546696164818945
970562834018000897
970563248557715456
970564285788250113
970570923689553920
970573580391079936
970577448386445312
970579187751890944
970579596688183296
970587239989301248
970589520826720256
970591216541863936
970593426159886336
970595537148923904
970597999058604032
970599373687029760
970600262292377606
970600968328044544
970605590241165312
970607558875521024
970607766493712384
970610328680747009
970614080145973249
970618680878026752
970619091949060097
970620881113362432
970623739242143744
970627429365698563
970627610148470784
970628257312747521
970629113752023040
970629935034503168
970635719398981632
970636951270211584
970637202538618882
970638089398964225
970640404918951936
970640750462554112
970642973041070081
970645040824537090
970645157690445824
970645163302379520
970646056286355457
970651260562169856
970651318862872576
970652511844651008
970654300190863360
970654729679273984
970655356723621888
970655782458085376
970656914920030209
970659724239622146
970660352152276992
970661040827633665
970661045026115584
970661210713677825
970663934087774208
970672006940319745
970672354975272965
970672531593035777
970677848682958849
970679716830240769
970682455802990593
970683292868665344
970685803612557312
970694340275265536
970695858890137600
970696842638917634
970699828228448257
970702737695424512
970705710601461760
970707933179928576
970708036766576640
970708444876627968
970709379350712325
970711858213736454
970712084274143233
970719753970044929
970722520134545408
970726915731488768
970728539359203328
970728567444160516
970729439859544065
970730721663885312
970732570076962822
970739467630899201
970739572366856197
970739744031281152
970739912206151685
970744391328464897
970750854755209216
970754611576541185
970755017580994562
970764738807451648
970764929333686272
970765078415933447
970766074592616448
970772387422720000
970772641194889220
970774080008998917
970774993805049856
970777526309138437
970777951125082113
970778553930334208
970779236352036864
970786904378695680
970788548545716224
970788798941618176
970791070542917633
970811249767452672
970839133508775937
970845909847166977
970868312459677696
970874036841480192
970875368000258050
970876478349983744
970879859382657024
970910771373920256
970918463719006209
970920471532273664
970928161297981440
970929348814540802
970932967206879232
970933319952199680
970933529331642368
970937729029754880
970939420575764480
970944455208513536
970946161644326917
970948459955216384
970949413245018112
970950603022024704
970951679368626176
970954204243267584
970957049243856896
970958878350479360
970959217694781440
970959469780840449
970959830880956416
970959871146209281
970961389098553344
970961766552399872
970970674452926464
970971288050307073
970973714874421249
970980923645849600
970983142784978944
970985255040667648
970985600265457664
970989809249505280
970991892983959553
970993648312741888
970993897047457792
970995390211338240
971000711524814849
971001569239068672
971004993644920832
971006813805170688
971006984001654784
971007281918894080
971007622890450944
971008037711417344
971009527532449794
971010047626153985
971012409837129729
971016176347185152
971017995232440321
971018053700997120
971022269588889601
971024622828294145
971028296484913152
971028445907087361
971028836824616962
971029376065327105
971030668422639617
971033094923980800
971033197659197440
971033323060584449
971034354855145479
971034436224667650
971035715940356102
971037993002786816
971038504733040645
971040890075729920
971042076187152384
971057990320181249
971062413259714561
971064158857912321
971065082359832582
971065329408290816
971066719379869696
971067416901013504
971069471677919232
971075697010794499
971077764257402882
971083085956767745
971083273458733057
971091179969417216
971092213751934976
971093422479208449
971093738255601664
971096569394204672
971097725755379712
971098189674831872
971103078123532288
971104812065411072
971106490626072576
971106594611236865
971120898043396101
971125307095896066
971126940785692672
971127696163000320
971128345026056195
971130760970358784
971150756446339073
971151108532977664
971153451299241984
971155718324842497
971155784582254592
971169705485635589
971171165514252288
971187883586580481
971211281507090432
971215366780260353
971216605769322497
971220926082834432
971230860124008448
971232879245168640
971237683816054784
971250976840732672
971257103020167168
971266405592195074
971281192954880000
971284869752991744
971287152687505408
971288356826083328
971294784093646848
971295057717485568
971295162067537920
971295777040584706
971296134982455296
971300735123165184
971308270072877056
971310574524133377
971316563604275200
971319921580834824
971330458477912065
971334986208022528
971335363284426752
971335421601951744
971344169074601984
971344394879082496
971344759137632262
971345987053604870
971349936401985536
971350758061985792
971352836780052481
971352910566215680
971357545506852864
971358869841641472
971359491865366529
971360506459099136
971365275022094336
971368495345733633
971368679496650754
971369195719069697
971369412652617728
971371380213207043
971373112464936960
971382729156775936
971385608970080256
971386362241912832
971387749268893696
971389767190482946
971394068868747265
971394584340246528
971395747429036032
971397665073319937
971402849287655425
971403307003535360
971403653285228544
971403962808233989
971406740712439813
971407249041248257
971409418570039296
971411526417506304
971413321965604864
971416491185680384
971420146970447872
971422345205174272
971423191271952384
971426402984656897
971426946772033536
971430380631883776
971430707804372992
971436857916616708
971437592326664196
971437830470848512
971437959751880709
971439845485764609
971440556869111808
971451216269000704
971456762380521472
971457606983266305
971461602636640256
971462378993930241
971463761432326144
971472683794878466
971474826262204416
971476244087934977
971479053873176576
971479262736855040
971484233389797377
971486458920996865
971488480567156736
971490208507224067
971492907239788544
971493085501935617
971493941106356224
971494086665420800
971496027378286592
971500286677151744
971505116015726592
971505795245408256
971507764651536384
971524265106292736
971524894235201542
971532677995167744
971533204002832384
971536881568579584
971538466164092929
971546807485517826
971549026175848448
971553744356823040
971555417867288577
971559849162092544
971568717996937218
971569718359461888
971571405727916033
971579557773037570
971586186883010561
971591343364628480
971592956913311744
971602913758871553
971612754447683584
971618415080124416
971626040685625345
971632720588685312
971633691553337344
971634395772870657
971639948196634624
971649375448551426
971649648766214146
971650238929866753
971654619444195328
971654646283595776
971655012035321856
971656197777645568
971662022394998784
971663363288764416
971669024391286785
971670761177010176
971672019744931842
971672294673141765
971678324119359488
971679413233315840
971679503729733632
971680140743786496
971680236264804354
971680378774802432
971685191319150592
971688658247081984
971690675774377984
971690923691212802
971691199223517184
971694523217833984
971696657233408001
971710987974963200
971722796052049921
971722966064091137
971723045768482816
971726094247301120
971726862572376065
971727209856716800
971729539800891392
971732616734011392
971734450487865344
971740987721580544
971743118830784513
971745831731769344
971748598701535233
971753831955562496
971754355408941056
971761789372387329
971780613421387777
971791298129735683
971791359219830784
971797574339481603
971800822928609285
971804337654595585
971807107623383040
971808333580652547
971810364856946690
971814264313966594
971814955526819840
971815177397198849
971817931028836352
971819406547472390
971819694264119296
971823466612772864
971826469751148544
971829321122877441
971833459525156864
971835361658884096
971841736082247680
971844656379170816
971849017037672449
971850831766130688
971851142324920320
971861484186808320
971863223552172033
971870265000058882
971873419527643137
971890195887984641
971891842584231937
971896507044651009
971902956646707200
971904574356369409
971919558952062977
971927256099704833
971927337716666369
971929312826769409
971940117756526592
971944150995226624
971946393270145024
971956242758369280
971958402820710400
971959969821028352
971966767126859776
971976054142222337
971982669373325312
971994584975732736
971997050400260099
971999350124523521
972001731243470849
972007016074952704
972013477819834368
972016254264528897
972027712448729088
972027952778108928
972035021442895872
972045650211823616
972051096528150528
972054057094385664
972058649609809921
972059829073162242
972060709612859393
972060777808039936
972062288109887489
972076356736638976
972077711832289280
972079884137721857
972080478466531329
972083838108209154
972090954999128067
972094673660465152
972096077368385537
972108777599234048
972111999353212930
972112656751620096
972112872754032641
972114509388230656
972115031138684928
972119574396264448
972122105188880384
972124192358400000
972124498513182722
972128414328147969
972128884929056771
972135799218044929
972136773169176578
972139670426415104
972148816244715521
972150039329083397
972150307575816194
972150540112076800
972150992618885121
972151289227264005
972151297175519232
972151816438861824
972153751527079936
972154626228224001
972157513582784513
972160348487741440
972167183961919489
972167493514080258
972177621080530944
972185605319794688
972186180812005376
972189137498443777
972190052993318912
972194962405232642
972196842736766976
972199683539038210
972200784526917632
972208653511135232
972215997280260099
972216241367678978
972216359647105031
972217692181712896
972220726358020096
972224568764059650
972225957443571713
972226028784504833
972226321970589697
972226425574055936
972226539243876352
972226726708224000
972226886079275008
972226892806815744
972227081135382529
972227593272377344
972227732946919426
972227748465987584
972227777821859840
972227923779272704
972228453922680832
972228696441434112
972229070908948480
972230204612423680
972230590924812288
972231142475739136
972231228890939392
972231425171759104
972231465453932544
972231916735926273
972231962902503425
972232218335727616
972232430970130432
972232675502317568
972233461502226433
972233465428086784
972233501352357890
972233526929010688
972233547900649478
972233754272935937
972234096951750656
972234107831730176
972234794888151040
972235526362120192
972235596843421697
972236106862383105
972236286810574848
972237194034384896
972237384443187200
972239039947526144
972240746995769344
972240793564954625
972241001203998720
972241186164543488
972241233966960640
972242618922004480
972244547886632960
972245147265191936
972247048123834370
972247588324851712
972247893259313152
972249673741275138
972249798735728640
972250884666281986
972250979436515328
972251481477976066
972252423946457089
972253227956744192
972258104283926528
972258486401884162
972258690232389632
972260193483591681
972261800732278784
972265299637686272
972265892305350657
972266143544201216
972267286479302656
972268569491886082
972269430595080194
972270079055286273
972271095335342081
972271664623996933
972273052795863040
972274857193889792
972276074389237761
972276495887601664
972277126744469504
972278009611849729
972278612781973505
972280866364780545
972281491303608320
972283070496743424
972283158568738816
972292072303624192
972292159545122816
972301030477070337
972302787047575553
972303993325195264
972304274762985472
972305966325813248
972308209036877829
972308834847924224
972311091371036673
972312159219838977
972313695610007553
972313801721708544
972313860425183233
972317452875911168
972319384751534080
972321138918526976
972326609926676480
972327365257912320
972338710418092032
972347070932807680
972349568217174016
972350293852803074
972357134363971584
972357178815229953
972363706796576768
972369739883442176
972371669686743041
972371771633651712
972373054251614208
972376193243779072
972378237568475136
972381437520433152
972382856310935552
972385994489016320
972396072155758593
972402700464939009
972404053488611328
972414063853604864
972415897355849728
972417388875456512
972417694216654849
972419468398944256
972419614385860608
972424650041982976
972425899047096321
972426466599276544
972432584813764608
972434818737811456
972435833725833217
972438225427017728
972439779760594944
972440087563816960
972440340950142976
972448034557693952
972448110873063424
972448252124475392
972450723953700864
972451166444388352
972452019033268224
972453026593206272
972453879307792384
972454750036905985
972455322555244546
972459735810236416
972461364898861056
972463104272556032
972467650898153472
972468431042891778
972468531697799168
972471449670815747
972473329985687553
972474305173999616
972475644398325765
972479900773908480
972482291967537153
972490100893302785
972493593096138752
972494668930977792
972496622214053888
972496895506464768
972497448475111427
972499768772648963
972500233723752448
972507425487052802
972507795412148224
972511845453127680
972512621374062593
972512698968825856
972513202306191360
972513646877093888
972519042455166978
972529272761016320
972532673087463424
972532696164589568
972535590666240002
972539161675685888
972542630990147584
972542632877473792
972543910064066566
972544368073723905
972550961494462464
972551668041740289
972552948072026113
972553086597287937
972558773410611201
972559056920629250
972561891880030208
972563390085369856
972584330135506946
972585724338941953
972597087102644224
972600511764598791
972609504180342789
972609670849486849
972615444753461248
972616016407785477
972619524951420932
972619688965496833
972619872688656384
972627894290718720
972632880454225922
972635475906256900
972635597545312256
972649896326172672
972651846258057216
972654101107486720
972662669240016898
972676127511797766
972678498866233345
972680711059714048
972698668120895488
972700980889272320
972701815522250753
972704273829044228
972708263857938432
972726348849598466
972729603201540096
972752460010975232
972752818691076096
972757716597903360
972758061583650819
972766782829318144
972766868720189440
972769192410865664
972773941990297608
972774195385061377
972778228636180480
972781653100724224
972784028934983680
972784222715895808
972784532637257729
972784715852931072
972787529056387072
972788812513411072
972789014259490816
972793014363000832
972799736603344896
972802061053014016
972802073992548352
972807790069772288
972809555020099584
972810620826419201
972812164733038592
972814301466710017
972814954377068545
972815495836590080
972817412226764800
972820781687345157
972822078817644544
972826988254846976
972829796161019905
972834195612622848
972835387331653632
972835532458905600
972835967810920450
972836501766787077
972842612855136256
972848311597191168
972849208326852608
972852443875889155
972853013688832001
972855468820443136
972855941937823746
972863909039308800
972864531868381184
972864779323936768
972865255406698498
972871068292698115
972872120614125568
972889498882277378
972906224391020544
972906410735521798
972906606336897025
972918218544250882
972918458055880704
972933737481691136
972936529629908994
972947833467887617
972951136297803777
972953132366839808
972957758680125445
972967285190111233
972974397895168005
972980972047273984
972985725862993920
972988327610773504
972991318115979275
972992495901556736
972995474704646144
973001784196321280
973004432865718272
973004933703192576
973006371926003721
973010276814438401
973018636066500608
973018844083118081
973021517943537664
973023271443681280
973035521231302656
973037900911685632
973039656643252225
973049262853386240
973055832811294720
973055998087909378
973062372729516034
973062507077210112
973062829329797120
973068120045715456
973069801529708544
973070354347278336
973070455425810433
973075883266314240
973076769967243264
973077296763559936
973078306693308418
973078761838202880
973080915172737025
973082067369189378
973083040011481088
973084828886331392
973087548045189120
973087638226964481
973087653741514752
973087855911362560
973087960756350976
973088059771174917
973091222674812933
973091374085169152
973092025473077248
973092508329799680
973101312500887552
973101735299440640
973106473160052736
973110183047016448
973119482234359808
973127885509799936
973129700800323584
973130233477042176
973132088957423616
973137338233737217
973142728279240704
973145968756609024
973155859437096963
973160610295885829
973168407926493185
973174748053110784
973175905660096512
973177653854375936
973177973489766400
973183020906831872
973183671367884802
973184295975182338
973185469096882177
973187233648926720
973191440951140353
973192300355575808
973192898463363072
973205220703563776
973208454205726720
973208525185970177
973215939897544704
973216278365327362
973218493062635520
973218717378236416
973228947268923394
973230197989367809
973236507514458112
973242991035822080
973245607900057606
973250623432003584
973253431942176770
973260100457545728
973260181009240065
973268794838745090
973273483697258496
973279255428845569
973280961688473601
973285951760936960
973286013001977857
973286465021947904
973286509888520192
973287236346183680
973287280793325568
973288565089230850
973288590674399233
973297602136629255
973300902634369024
973302673058467841
973302725076307968
973302776246755328
973306873238736897
973314779929632768
973316990826893314
973321709326688256
973324033814155266
973329318645587968
973330244311699456
973332978184196096
973333320431005697
973339056892411905
973345450840510464
973346719546138624
973355547322875905
973359792369659905
973361776254439425
973362520751788034
973367110574338048
973368600810704896
973380599896567808
973395082908000256
973396022352166913
973396759694192641
973403186173227008
973403533482524672
973408192930529280
973411992986845184
973422490503413761
973423469860880384
973425033925332992
973436268339019776
973445248780251136
973452552330203136
973452891209060352
973453789184385024
973460150307586048
973465061326032896
973465213256204288
973469568193642496
973480122983571457
973481435150635010
973483979805519872
973485596176891904
973491036445138944
973494819161976832
973497854600790016
973520238724763648
973522188266438658
973529737594368001
973530779526619142
973530917905010688
973534636587585536
973538140437794816
973541268964958210
973546229174034432
973547359518019584
973553143068930048
973561032135331840
973561580720967680
973561595854032896
973562415823708160
973563549959294976
973566263246098434
973570289664655360
973571557711806465
973571670987321344
973574135547822080
973583750591217664
973584819270684672
973585146820644864
973592332955275266
973601077663744000
973601778108379136
973608881992630275
973610916250963968
973614272730279936
973614751522611200
973615901181448195
973619183199105024
973619614377635840
973635033964654592
973635671452733446
973642540468588545
973645271962980364
973649708500611077
973654915313696773
973657512447762433
973664770908934145
973666689387724802
973667567037542400
973667859388870657
973669473327702016
973669936785776641
973673073722339328
973673660102750208
973673980967219203
973674937696256008
973676270641819648
973677786442420226
973679330789351426
973682813336805377
973683604172804097
973683988148752384
973684381146497024
973692031141842944
973692945919545349
973695134520012800
973695367312265218
973697550418145281
973710282689216512
973714796129411072
973715574613250048
973717328264421381
973718032882204672
973721595540922370
973721673391312897
973721898357002240
973723117645426688
973732988096827392
973737722241155072
973744938935398400
973748761640890368
973753314524389377
973755912509833217
973758962163097601
973767949705207809
973768960662556672
973771584086274048
973776079113474048
973779355716456448
973779831749054465
973780773819043840
973789499623866369
973793212983922689
973799960247488513
973807732292808705
973829847574294528
973831814715527168
973832160326160384
973848028200296448
973850995275935744
973855207615614977
973866363616944128
973873283392294917
973873596287340545
973875239602962432
973878378339229696
973878481804255232
973891503436124161
973891705685471232
973892395568951296
973892856917233664
973892909836750848
973894318246293505
973895131014279168
973896210267295744
973902967345745923
973903087667728384
973903865732042754
973906339775868928
973908010312585216
973908098199908358
973908155670282240
973910724262031361
973911387352186880
973914695571771393
973915249509326848
973915993138331649
973916994331381760
973917993985040386
973918656936775681
973921274622816256
973924175789387777
973926465086607360
973927299459448832
973930002545807360
973934118395416576
973936906793902080
973937304833273857
973940434618798088
973943091261566976
973943517843283970
973944847307599872
973945884676382721
973946487834120192
973948038866788353
973951109122445312
973952169849311232
973957888409554945
973958277603106816
973958618180673536
973958880303628289
973959640722571265
973961326837026817
973961992498270208
973962211419815936
973965103837208583
973965183465984001
973968648414081024
973979127475777536
973979624546996224
973979713826893827
973982700175441920
973985262471610368
973985494022356992
973986524986355712
973989332280365057
973990019592531968
973990079214563345
973993474516234249
973998550899154948
973999880040599552
974003952298598401
974007518706978817
974010154424381441
974011396768915457
974013711596781570
974016514683645952
974018313163608065
974022876415315968
974023575769374725
974023793130786816
974027231524667393
974027411900829696
974033980596150273
974042558371434496
974046800129781760
974049141738430470
974051232603045898
974055792629313536
974056171400245248
974060921843789824
974062162124488704
974062382749245445
974067136153845760
974069716485591040
974077792617771010
974080491644211202
974088514521522178
974095092968558592
974095358765813760
974100648223371264
974110218337439745
974125050256330752
974141574979432448
974147480953786368
974150304999514112
974150742859702272
974154104598544384
974166195699179520
974168350577299456
974168724960718848
974179392489476096
974180157018791936
974181475070328832
974183233226240000
974189162713763840
974191717879631872
974193355931385857
974195576215543808
974199353198989314
974199983149903872
974212085826707457
974213539018825728
974214004443926529
974221242831179776
974222565722882048
974226354433556485
974226469340745728
974228704099553281
974229416724389888
974233806273163264
974234037144424449
974237506689470464
974240574403481601
974240955644743686
974257697267834880
974257807510917120
974265683566583808
974265692383010816
974269292366716929
974271166377545728
974272418373165056
974273826417766403
974274757108617217
974280108625276928
974282603313315846
974285615339470850
974299246139756546
974299346656223233
974300046261825538
974300628422922241
974304077239611393
974304421751459840
974305261023383552
974311928121176067
974318067512524800
974319892433383424
974322978648416256
974325611413024770
974325670947053568
974329931097432066
974329978895716353
974336772850225155
974339512577933312
974340777764638726
974341245639319552
974341894523285504
974346898143436800
974349781475774466
974351980989689856
974358706963058690
974361271788326913
974374298872958978
974374438652272640
974377635009658880
974379213334728707
974380706917859328
974384401273491456
974384767612391427
974385596201422854
974388533904527360
974392609094455297
974394321213386754
974394551497506817
974401383842672641
974406578660167681
974407073151807488
974410920528154624
974412870120337409
974415761874870274
974420390486429697
974420514625261572
974423634457448448
974426233558781952
974433229670318081
974433980098404352
974436216870440961
974441333048868866
974441649953636353
974456037024718848
974463027679346688
974477961075273728
974480467197079553
974480913051500550
974480988129472513
974486121508888576
974495546541981696
974510565090406401
974517534358519811
974525134651367425
974537839399510017
974540227363487744
974540776251170819
974540887408562177
974543154811584513
974544067089481728
974545295596929026
974545836242739200
974551075339493376
974551778317410305
974556030490193920
974557612585893888
974563419629080577
974566958334074880
974574001854074881
974574477064499201
974575611200069632
974575629650800640
974578893238755328
974579985435582464
974582005835943936
974593187858829312
974597028146761728
974600715342696449
974603180356067328
974604624039763968
974609805145976832
974610352603303936
974611777408389120
974612408248520704
974613707362881537
974622362158141440
974627851986198528
974629130581897216
974629370433294339
974631743151099905
974632677285515264
974633630600491009
974633714469756929
974634712697376768
974636051116552192
974637027554709506
974638361750196224
974642830353289216
974644110903652352
974644332752986112
974647394590740481
974648721278464000
974650257144295424
974651236577370112
974652002457317376
974652114709475328
974659006546489344
974664294733316096
974667861565235200
974668016741892096
974669442390069248
974670123125657600
974671277402284032
974672544803540992
974673686203633664
974675109733715969
974675580745633792
974676368922501123
974680051441721345
974680691073081344
974687169209094144
974688068048510977
974690707523997696
974691449911631872
974695109890633729
974695178232631298
974698632652967937
974700183278768128
974703201495797763
974706340546465792
974706846723428353
974708605856477184
974710608229748736
974712004102492160
974718263572811777
974718423031861249
974718559367647233
974720086928973824
974720850707537920
974721414409474048
974726626691964933
974737330987823105
974737367474073601
974741740031791104
974743999906009089
974746932974379008
974747035256705024
974748673207881728
974749255528194048
974769412782764033
974777561942290432
974783694799015936
974801881750036480
974807538179956736
974811211547082752
974812734054436871
974815693983158275
974816071915069440
974821514859241474
974823647671021569
974827772811120640
974829036072570880
974829963445665792
974834427451838465
974836455783698432
974836983032877056
974838361683673090
974841253677461504
974841840699572224
974842818563887104
974853558511140864
974853802191810560
974858233872396288
974858239320973312
974859100835246082
974867797728808960
974876387872980992
974876722377187328
974876998005698561
974877458045505536
974889314936086528
974891155832918016
974897700603805701
974900736457887744
974908612924538881
974911306099822594
974911334625300480
974914511789613056
974918583561129985
974918965746167808
974919250937860096
974924490466570240
974928451579805696
974928702386655232
974932080898465794
974933230976552965
974935375507582977
974944708198879232
974944800540708864
974945129793511424
974946123826810880
974946268123484160
974948534377238533
974950795039969283
974953288545259520
974959118816595968
974960107665666048
974962825985773568
974964767533289474
974965226809552896
974974954369413120
974975054474895360
974978753414787073
974978851569852416
974981712919846912
974983336966983680
974988611715203072
974993688932777984
974997373196713986
974998187336454145
974998745602379776
974999708589527040
975006175782719488
975015468288368640
975024077470617600
975030147073142784
975030749370793984
975031983347851264
975032445539110913
975033480584318977
975036955275743232
975037181785001985
975037555140898817
975037754177474560
975038422871171072
975040296890306560
975042046724583425
975042846175703040
975048516866330625
975053581916299264
975056470512304128
975057241043697665
975059100345266176
975060095250915328
975061849917018112
975062892256079872
975063360927600640
975068331169468416
975070270619897862
975073043524603908
975073843776602112
975075125946212353
975079617643057155
975081151084793856
975081327665078274
975082639647494144
975083267958493184
975086880503996416
975091961244864517
975092754614247424
975093122458947592
975093806981894144
975094749425274880
975099310751797248
975100045543407617
975100614739771392
975101121839685634
975104326694731781
975108917352157184
975111726705332224
975117140729659392
975118807105724417
975119856948330497
975122800922038274
975123508912185344
975123763120496640
975127085394968576
975128479619526656
975129657350778880
975130015988899840
975132142895165440
975134374713737216
975137530197757952
975138704913240065
975138735510745088
975140959754375168
975144656211234817
975150097871835136
975151273531060224
975152194180837376
975153220954869760
975155298393608192
975156094879322112
975162369163722752
975165446537318400
975171157908340736
975174137458151424
975174247864766464
975181342496391168
975184168232587266
975188031186464768
975205396435689473
975218138701852672
975225818904330240
975227039442710528
975230323159109635
975232382998519809
975235544170090496
975237487458181120
975242825985077254
975243015118667776
975244174529388546
975251053103976448
975251937242345472
975255406367989761
975262378546798592
975272552703627264
975273083257982976
975273666685517824
975273865512353793
975283413295902720
975286347333296128
975286805753819136
975289061450698752
975291281172783105
975292015507320832
975295911621484545
975297594787352576
975300641932242945
975306230020366336
975313702999265280
975315032585236481
975315427701215233
975318846893711361
975322220791848965
975323838530707456
975323973176176640
975324967226179584
975326379427422209
975335330088980481
975346445845958656
975346672753676288
975346963792228352
975347543071772672
975349140266868737
975349325663490048
975349507243368454
975351005935226880
975351788978262017
975351816669024256
975352007291817984
975352570767167488
975353002365214720
975357434498813952
975367404338458624
975367544017248256
975367544424058882
975367780152303616
975367911010459648
975370934717591554
975372484915507202
975373467628564481
975374713684979712
975377698838269953
975381952315514881
975383715592335361
975385035095228417
975388476966350849
975391778282012672
975391859236397059
975394492009320448
975398722782756864
975399416529080320
975401630278569984
975401719629799426
975406020053929984
975406329585074178
975409375916343296
975409886870802433
975410452183355392
975412255285227520
975416160358248448
975427368553721857
975430907778695169
975432785593806848
975432834235199488
975438555261612034
975441963150381056
975444258244177921
975445561838104577
975450547431071744
975451490918850561
975455300051521537
975458660259377152
975463408630943752
975467759386726401
975468222819520514
975470395498422273
975475982701400064
975480381699915776
975494803382091776
975496621797642246
975497958346149889
975498965843050496
975502993608015877
975507729816150016
975509160518455296
975511781505343488
975517962689015808
975527461768323072
975532152858337280
975532312661254144
975535164355948544
975537404114341888
975540459652243456
975548648040869888
975553098344263680
975555755846746112
975560453064675328
975566426156118018
975570559680548865
975577726462709760
975580441427300352
975582356143771648
975582719353802752
975583963677954049
975584104761741312
975584147526778880
975584327458349056
975585597505994752
975585671334301696
975586782850048000
975587245460566017
975588000833855488
975588943281364992
975590045460586496
975590406267129856
975590641588518912
975591079440338944
975591910327967744
975595978823696385
975596316054183937
975598288614211586
975598297430634496
975601994827116544
975602128529117184
975602236737839105
975602477910208513
975605453773094912
975609356539502592
975610422341464066
975618329422499846
975629921241522176
975633727568171008
975638135353753600
975639302209196033
975639827327717376
975640322678992896
975640583132753920
975641286949703680
975642033099481089
975643131172532225
975648330855350273
975648534291763201
975648534728003585
975654444867211264
975654794714058752
975654812762169344
975655263767326720
975657805393915904
975661142789054465
975661277837115392
975669145764327425
975669211950395392
975670974237552640
975673262226190336
975674531980480513
975676329365401601
975677310132215808
975678449745448960
975680438273372161
975680795615612929
975682150950494208
975684277722632192
975684989508640773
975685263409270784
975685309844275200
975691361491005440
975692090020646914
975692796786069504
975693448174100480
975693677564715008
975693844091109376
975698850190184448
975700403986862081
975701643407880194
975703610544803842
975704670021865473
975704865191153664
975706871603449856
975707711286456323
975708919694811137
975709967805280257
975710396916133889
975710647752187904
975710680044236800
975712341391179777
975715500389904384
975716185051246592
975716899785977858
975717777217638401
975717828794966016
975719194070265856
975719456872820737
975719569443770368
975720968021831680
975722469788135426
975722851046223872
975723017983709184
975724578679877632
975724926400331776
975725058038665216
975726568457883648
975727666958684160
975729953705734144
975731868401356800
975737330651877376
975739366969630722
975739970102218752
975740857641943040
975743360773353473
975746060663472128
975756878033641474
975757022053376000
975759120472002561
975765220667863042
975766498659721216
975769076604776449
975769875091042304
975773131141939202
975778334675267585
975778588342460416
975786357430915074
975795575059861504
975811657883705344
975812563744313344
975813395164299264
975828084036423681
975830654733750272
975839978336014339
975848666752868353
975851041983025152
975863733141549056
975865010122608640
975866207772475397
975892071516200960
975894700086480897
975895659583819776
975898137322717184
975926053838389248
975927376235278336
975929879396003840
975934265811709953
975943414398291968
975946734621753344
975966562359242753
975979480413073408
975994576224714753
976000321066557441
976001669082288128
976001827215900674
976008739001196544
976009896243195907
976016502263549952
976023824683749376
976031750236319744
976034313128071168
976036002421772288
976037749869355009
976046572910850053
976048820634226688
976054536434569217
976057738181726208
976059553837182976
976060063893934080
976060924128882689
976062169010917377
976066148570681345
976068192455053313
976070775299100672
976073483980505088
976074348829270017
976077654616141825
976077929498234880
976080690188992512
976081854959939585
976084695778775040
976086919577849856
976088833044426752
976089882866176000
976091595408838656
976095650021543936
976095798923616256
976096158815723521
976097632660664320
976099817892937729
976099896817274880
976103174179315712
976111120707653633
976111783621595136
976111921094189057
976114698864111616
976122272405626880
976126108637708288
976126376225816577
976127269390487552
976127406363701248
976128086663188481
976130084594704386
976131082692255745
976133544727732225
976133704681738241
976135023203180545
976135868539916294
976136318341275648
976137355684909056
976140695168745475
976140900693893120
976142302027624450
976142817515982854
976144060699348993
976147084964483072
976147548678303744
976149549780791296
976149912160292864
976151403252117504
976155499392634884
976159028911915008
976166449805955072
976166778278760448
976167584025534464
976177679715184641
976180819399200768
976182886104576000
976182990966583297
976184436327927810
976185185824894977
976186070856601600
976188440416014339
976195267270795264
976196068399566848
976196693917159424
976200456232816640
976200910266224640
976205293758623744
976209811854393344
976209929315827712
976213613558996992
976213710195785728
976218117843152896
976225954480754695
976228429258477568
976230476775153667
976243070189625344
976250037763100672
976255926985355264
976258201187307520
976259585160790017
976263699873837056
976264562428252160
976264603746422784
976265036988604416
976279131540221952
976281303757803520
976284606784733184
976292312010518528
976294519200137216
976300780448768001
976300945280675840
976302444719226880
976305970031702016
976306102995378176
976308008891420672
976309404764131328
976311103478169600
976313639736025088
976318357497630720
976321652978991104
976322259064410112
976322854210940928
976323401575841794
976326411396042752
976331981012086785
976340255342080000
976341793586364416
976342888295538688
976343569878335488
976347754111762432
976348005782573056
976352767148285952
976354713334681601
976355711549607937
976356878400684033
976359017185513473
976359703297933313
976363042379362304
976365329524944896
976366688487858177
976369882022363136
976371373500129280
976374557413134336
976376180101271552
976377748108251136
976378403174707202
976378907308982272
976380406772748289
976381116444655617
976383011880136704
976386752385515520
976387023731920901
976387650348228608
976387781554405377
976391409707208704
976393547959201794
976394213997907968
976402878138118144
976404480404213760
976404630157570048
976405766755241984
976407968852922368
976410383467544576
976411558736748544
976413199942656000
976416580560187392
976417784631611392
976418467984347136
976418905060200448
976419847230849029
976420113015607296
976420605011603461
976426526223863810
976428054078803969
976428341397020672
976428646205280258
976429073714032642
976432276073603073
976436022425849856
976437625044262912
976438997001146374
976439880665522177
976441209500635136
976441860041437184
976444105696817152
976444981861867520
976445352235560965
976445983033720832
976449670275723264
976450753228427264
976451944012242945
976455555698118657
976455684471574528
976457025411567616
976457608822509568
976458120527564800
976458759319863296
976458814718402560
976459189634596864
976459312527826946
976460057037729794
976460207613235200
976461272966459392
976461497378500610
976464698324369409
976465503332872193
976465801980104706
976468008179814400
976468435977740288
976473875574792193
976475204212985857
976476161860612096
976478370602143744
976479325976432640
976479937623396352
976481392203845632
976485255531171840
976485449786101761
976485731202891776
976485834395406336
976485953501122560
976486366639947776
976487244952293376
976489921300127744
976490903664844800
976491708090408961
976491966031568901
976493570780626944
976494466268741632
976494633625767936
976495652002828288
976496358298406913
976498192505344002
976499206075666432
976501002672144385
976501700612804608
976501780287770626
976503102328119297
976505745175822337
976506123489603585
976507717299798016
976507813815046145
976508013866602496
976508320466067458
976509381209714688
976509903643738113
976510793012391945
976513787309240320
976513806204588034
976515351390445568
976515519581843456
976518817550684160
976519773008875520
976520036411236355
976523207741198337
976524377125740545
976525750328221696
976529164046974976
976530091835609088
976531460504064000
976533494670155776
976534901863342080
976537003629137921
976539082754068481
976540843526926336
976541120099438592
976541994028691456
976542030947143680
976544354142707714
976544885573668864
976545350306574336
976547202347732992
976547702455590913
976547913882066949
976548228907917313
976548622274883584
976549576499965953
976552626178445312
976553227608051712
976559591629774859
976559800929660928
976560699760660480
976561622121664512
976564267859267586
976568211796873216
976574642075983872
976581915426766849
976582781131255809
976586082014941184
976587588197810176
976591056908312577
976591095080472576
976591335409909763
976594277701599232
976595434050342912
976599862425788416
976601253835927553
976603012339773441
976604311328354305
976605584890920960
976606608523497472
976607194916429824
976608199863349255
976609362096488449
976609402697510912
976610299922059265
976610565006282752
976612419308007425
976613121912647681
976613559324041216
976616167757381632
976617978442797056
976621188343652354
976623033006854144
976624102575308800
976624165452238848
976624615094145024
976625798722609152
976626015597408257
976626112057917440
976627237121417216
976631283211276288
976640665026052096
976641308893827072
976647669522272256
976648387176124416
976652734534488064
976657836100018176
976658765532446720
976662079061962753
976678831435190272
976680784412200960
976681161442320384
976687000664399873
976688312407617537
976688409627381760
976698440989265920
976701758838775808
976706427950530561
976706983662305281
976709429365063682
976713171519049729
976714824532054021
976715098483036160
976715168028622848
976716189337620480
976719103963656193
976722710662467584
976726480406368256
976726618059223040
976727180075036672
976728191246176256
976734417375891456
976739764278824960
976743518990360576
976745040700620800
976745356930224129
976750854844928000
976753093328166912
976755621121941504
976756873662578688
976759026200477696
976759137320230912
976759668948258816
976765087213150208
976765483297976320
976768812333723649
976771523125104640
976772231111028736
976773335114711041
976773668821983238
976773970912452608
976780576110796800
976784720506884096
976785153610735616
976789519193296896
976790814989922304
976792406124150784
976793984889688064
976796109279461376
976797582742745090
976798499202371584
976799617412161537
976800889221648384
976801610205609986
976803831437774848
976804259244232706
976804426596962307
976805319182618624
976805613572325376
976805891235250176
976806681014239232
976808307565498368
976808413278691328
976808664500613121
976809444653879296
976812022854836224
976812141155176449
976812695222562819
976814461444149249
976815227340820480
976815885414432768
976816204206702593
976817033710096384
976817953223204864
976818808873717761
976820389060980737
976821549855633410
976822054413533189
976825877114900487
976826080102301701
976826681972404224
976826759478939648
976827328348213248
976837020105441280
976838613504839683
976845446499926016
976847140965187584
976847360159551490
976847574249492485
976847687483052033
976852189628059649
976859043548532736
976860936303796227
976862237611741190
976862301369364480
976863984023494658
976864266727944192
976864805280735232
976865504030855174
976865575770230785
976866213312761856
976866250222653448
976867068938158080
976867882285109250
976868866193272832
976868949672562689
976869127943016450
976871824494559234
976873500072923136
976873729056821249
976873805846077449
976876926819237888
976877511903731714
976878210674778112
976878643128528897
976880494481637376
976881423956180992
976886215512268800
976886745680830465
976887431021584384
976888571444580353
976888745218764802
976889879232679937
976891517292904450
976891628249124865
976892657279619072
976896543973396480
976899342438105088
976903613896450048
976904768621817856
976905445033070593
976907817037672448
976909721247469568
976915417435324416
976916357869551617
976916792005152768
976917050798084096
976918942819209218
976920010080866305
976921441366093825
976922930788601856
976922967190986757
976924218863575040
976925716213354497
976926548363284486
976927058742956033
976927247645933569
976928467685081089
976929050261409792
976931686804934656
976942489117626369
976942597024268288
976943244205527041
976944334305193985
976945080891265025
976947482549735429
976947485066321921
976948154896715778
976954476572610562
976955333464637440
976957352157921280
976958378923773952
976969370659299328
976970104528228352
976970287001595904
976988507062222848
977000441497124865
977001669593477121
977002057180831744
977009588804444160
977010706674520064
977017089532641282
977017980436463616
977021320742522880
977022001092157440
977022116015951872
977039398196928513
977040631750066177
977041790627917825
977053484515119104
977055334044000256
977057835531096064
977059228895477760
977060773636829184
977062676915507200
977071568517033984
977072093799092224
977075521786994688
977076292565848064
977078528150769665
977079286057394177
977083546207686657
977084211428544512
977085776293871616
977086829517328384
977101366257733632
977108297303109632
977110155698548742
977110591285481473
977119054266814464
977119783723458561
977120071033196544
977120473699020800
977122279757877248
977123334625296384
977130241821958145
977133983971577857
977134714598379520
977134772236546054
977138208470454277
977141339514200065
977142952362500096
977143255057027072
977143886723215360
977147992527515648
977148622411362310
977148941677596672
977149333442322432
977153346980151296
977155919338459137
977156042231635968
977156817749934080
977157098776793090
977157713665826816
977161542641713153
977162013649629184
977162436850667521
977164109128130562
977165033548451840
977165729807196160
977168458642321408
977170500848881664
977173805687767041
977174534594887682
977176302410084352
977177363111956480
977177419755999233
977178803859533830
977179433198149633
977181095220465665
977181133392830464
977181903823532033
977182855502749696
977183236404207616
977185337222029314
977188393011511296
977189140310536192
977189524949405697
977193314058424320
977193762702151682
977197322164752384
977200071967105030
977204149229096960
977205519629905921
977208592246943745
977209288904069120
977209723874398209
977210040946974720
977210592934158337
977211119814283266
977211543757770753
977211857088991232
977213026297307136
977213146820640768
977213954253623296
977216104547397635
977216638604005379
977216907450478594
977218942937649152
977219228850892810
977219853118447622
977220323295793152
977220340924510208
977221239323406336
977222122660614145
977224631261257729
977224667709702144
977229412771991552
977231458334072832
977234604485570562
977238131060740097
977240778719318016
977243183066374145
977248092079775745
977248301635391488
977249131038171136
977255993733152773
977256056597434368
977257690023059456
977258702859325441
977259129822588928
977259359263600640
977259689770733568
977260677525114880
977264621030588416
977265820173721600
977268686712172544
977270231990091776
977270305562378240
977272147679858688
977272956777828352
977274052891983872
977274290126114821
977277222384996354
977277973983264769
977280179788763137
977282523855073280
977282812117123078
977286312687493120
977289655115763712
977290034725507072
977290192422952961
977291783724912640
977299494130855936
977303492560900096
977303681728204802
977304463525535744
977307084151762944
977307626923962368
977308005233577984
977310410633351169
977315233277476865
977316327126945793
977325355794157568
977326755433234432
977326880406700032
977336135981527040
977345338733338625
977345793806909440
977367541256302592
977371925725921280
977378519012360192
977379500492279808
977389370943705089
977390250795286528
977391134652559360
977394292128993280
977394968669995008
977398295143227394
977416310131974144
977420684191322118
977423651413770240
977429448352989184
977440188719824896
977442467254624256
977451616491143168
977455037369737216
977462773767725056
977464260644229120
977470140651638784
977474042180628480
977481430472249344
977481703915773952
977483557806501889
977484349267415043
977496614268006400
977499840522412032
977500270845480961
977501645327228929
977501768744689664
977502172538703872
977502949759967232
977505470930935810
977506814802714624
977508005993381889
977511494408523776
977511635723210753
977515039853809664
977515617069780997
977520650083618817
977524754470105088
977525370093293568
977525409817522178
977525804530888708
977526801483186178
977527180254175232
977528871821152260
977536751240560641
977538174758072321
977540289979039744
977541596492288000
977542499521544192
977543376139640833
977545820139589633
977546755481849857
977553378304839681
977564546868105221
977567988743393282
977579089182773248
977579538992500736
977580870692429825
977582245681811456
977584813334032384
977584827280044032
977587101750386689
977587117252493312
977587131106263041
977587135300579329
977589468206071809
977589955970195456
977592196974219265
977592496900444160
977598279499288581
977602513305243648
977605693862752258
977607273307664385
977611698822578181
977612213455392768
977612828344508417
977613384089849856
977613490205679616
977614364080590848
977614453234651137
977615556739289089
977615745495465984
977616086077247489
977620100785360897
977621077697482752
977621138510614530
977631714871783426
977633276914552833
977633443344367616
977634419375771649
977634962122850304
977635579943948288
977643114977480704
977646097165414400
977654547014389762
977659997785083904
977666120344915968
977666296518094848
977670237037518848
977672076235542528
977673199243677702
977677539832459264
977684499894030336
977685048727166976
977687021413195776
977688545589686273
977689460379914240
977689712465920001
977689761107316737
977689877880848384
977689941068181505
977691894762283008
977694300619333632
977703127938945025
977708152316571648
977710507221233669
977711174711091200
977717623860482048
977720509570805760
977721175609675776
977723133925961728
977725738194538496
977726067430625280
977728817203728384
977728942646837248
977734246340202497
977734674968608769
977745953611493376
977759785444610048
977773762971136000
977786222125944832
977787194348883968
977791341269868545
977795898829955072
977796523366014977
977809498000842752
977809512290713600
977811437035778048
977815749300576256
977816552849526785
977818161331474432
977821500031094784
977821609896566784
977827386719956992
977836750495199232
977838464732483589
977843629178880000
977844959159160832
977847857444143106
977849489422774336
977851361789403136
977853270076030976
977857992195526656
977861203715338240
977862712423321601
977863393997619200
977867567745380352
977868512722145280
977873745539936257
977881202999705601
977892551922393088
977893868023828481
977895110888296448
977907166039322624
977909069536210944
977909595493584897
977915242276642816
977922442642509825
977925050308354048
977927919971520513
977928011851935745
977933459426459649
977938042085355520
977938059714064387
977938060540366851
977943529929535488
977944400675442688
977946988149923840
977948454134734851
977948592890507264
977960734540877825
977961821280849921
977962413940264961
977964959895310338
977965477447204866
977967359024656385
977983791879860226
977993720908996608
977993801171111938
977994415171088385
977994759141842944
977994981037060096
977996919317454848
977998422753071104
978000571205652480
978001428928188418
978003175029510144
978003798307287042
978010249562087424
978011835424272384
978021268845989888
978022682339020815
978028813127995393
978030566359687171
978035239342796800
978037581739905024
978040673797632000
978047071797293057
978058716015505409
978058911868768256
978059664633094145
978060874828038144
978061162557386753
978071516180025345
978078106283073536
978086305723662337
978089194751963137
978089714409459712
978108720931631105
978110605818322944
978127526928281600
978133618731159552
978147155016863744
978156901702627328
978166494092603392
978167245531729920
978170506775089152
978177549275561985
978195175590760448
978201040053968896
978202430914605056
978208897256378368
978211187472130048
978220115358515200
978230783990153216
978231206306308096
978234599095627776
978235041208823809
978236141542526976
978236423529795584
978236457600069634
978236631235907584
978239500978569217
978241003793584128
978243301471072256
978244940986769408
978246129233092609
978248929769902080
978251577462087680
978251731585945600
978251866210471936
978256357492215809
978258167745470466
978260236778778630
978261688041529344
978262449278382085
978262648113500160
978265186623741952
978266842383843330
978273179583090690
978273858624086017
978276493867601920
978277964499640322
978278400639971328
978285670652416000
978309790228209664
978312003314995200
978312155161341952
978313584575959040
978319522447978496
978327114536620032
978327723562106880
978332713391415297
978339985203003393
978342103309791234
978345266230251521
978349245391687680
978349403093258240
978350327924711424
978350627398082562
978354417773793284
978354821282623493
978361271690125317
978370382146174976
978375432079925249
978375948394516480
978376968059150336
978377179426971650
978379584944078852
978379860031700993
978399493568724995
978401727039852544
978403442090741760
978403632512163840
978404982822023168
978405744646279168
978406272377659392
978410365213184000
978414458828595200
978418814630195201
978428060545433600
978429453238902784
978433587384078336
978435094401732608
978450038803361793
978451231969554432
978451820442996736
978453180462886912
978453851329257477
978477568000225280
978485538465439746
978491502744621056
978491617656098816
978510377959948288
978512918433198080
978524778838548480
978526947570434048
978533288078868482
978534660471971840
978538230227206145
978543400113856512
978545485534330880
978551944754139136
978557242151649280
978561636561752065
978568595721654274
978568727452180480
978569789844152320
978582908813348864
978586904718430208
978588528308375552
978588924678295552
978595850304733185
978600270576828416
978601276488536064
978602854792351744
978605239698886657
978605712216649728
978609382803034112
978609461433700355
978610432641589248
978610499217707008
978610719980744705
978611847795527680
978613271640137728
978613902320775168
978614235621191687
978617131783917574
978618438745837568
978621580296228864
978624033951379456
978626455319040000
978628187424022529
978629105531879424
978630543087669248
978632383980294144
978634843494862848
978636544419483648
978642104254681088
978643295852290048
978648254622691328
978648584466739202
978648598660358145
978650536064045056
978654119194963968
978657942797996032
978660304186945538
978660967742672896
978663083336978432
978664975790149633
978674373564526592
978675678005604352
978679992723779585
978680173880053763
978680875578687488
978681536450105351
978683246606278659
978693184598564864
978695071582359552
978695595903762432
978699003780042753
978699471457521664
978699716807585794
978700127257989120
978702886443110401
978704521781235713
978709148517969921
978710416070193158
978716977605828608
978717652481953793
978719660722941952
978722453705973760
978739141155442689
978742711372087297
978775082586779649
978784730295480320
978798878140051456
978800628418871297
978813931891212289
978825813662593024
978832180490264576
978832755587932161
978833348171776000
978856751113101312
978857163828465667
978862078315433984
978867269609672704
978872915981684736
978878200343355393
978880772726837251
978888244476694528
978890532880572417
978892534398246912
978895552220983297
978898340162269185
978901191030689792
978908447172431873
978909243481960450
978909816486813697
978911010722545664
978912787450744832
978925925667627008
978928757187710976
978934282835103744
978934893546754048
978935301279281152
978939435541770240
978941122054520832
978941869806698496
978947694109618176
978952014691479557
978953128254038016
978953679817592832
978953878212407296
978958453791186946
978958498250846208
978961215283179525
978962601530011648
978962986126708737
978963078942425088
978963618984230913
978963958358052864
978964052943699968
978964214655143936
978964247374856192
978964544713379842
978965240581906432
978965594572840962
978967359938547712
978973699629092864
978974110486233089
978975102208536576
978975533810835456
978975772483444736
978976504808968193
978977392311062528
978978031103610882
978979578818383872
978979895891066888
978980233553604608
978981103016038400
978983785676066816
978986759034826753
978989391103193088
978990400101793797
978997077018636288
978997519941124097
978998359229980672
979002009503326208
979010025690685440
979011356513972225
979015367124070401
979019448651665409
979020800840863747
979022725590192129
979026055876005893
979027323835076609
979030352546205698
979034870222589952
979037008889819137
979040497288339456
979045808124329985
979046454873460736
979050844632084480
979055637069008896
979059272276262914
979063914951532544
979066925413208069
979067149175181314
979073283327975425
979077834554650624
979089046361305089
979098197569232896
979099940231241728
979103310757224449
979108513455706112
979109158879408133
979119145957683200
979123700548202498
979126189443792896
979127905769803777
979128536580571137
979131905001033729
979145337255464961
979146203391844352
979166797449621505
979174734331039744
979176990858235904
979177967602601987
979178045469876224
979184049452273665
979185904328892417
979193190510075904
979206942089531392
979207595436199938
979208420434808832
979212616013774851
979216582147584000
979221662725009409
979224161255084033
979226894494203905
979228012049727488
979228939007746048
979231244184637440
979239756075761666
979240880908521474
979241245091524608
979244194081460224
979249114415357952
979253357817851904
979254641690103809
979279102879420417
979280579270184960
979280611557822464
979285942895894528
979286837163450368
979286916813246464
979292927691251713
979294103795126274
979295771253202945
979296728183640064
979298667394891778
979302638356398081
979303421437206528
979312355728240640
979314081659260928
979322780670922753
979322807929704448
979324688634703872
979327362935525376
979327637238812672
979327952222588929
979328511742705664
979329846378729472
979330116064079872
979331071132106757
979333001334198272
979342476262760450
979349484131012609
979353044591751171
979353525330247681
979353673401647105
979353890645790720
979354857432911872
979354857453817859
979355572238655489
979358889425670144
979362969229365249
979365599041245184
979366354854670336
979371996646707200
979374072088944640
979374110055772160
979374963193974784
979376871237447680
979381469465505792
979381863306457090
979381869895614464
979382467579842561
979384492304621568
979388243673255936
979388266347720706
979394691581075456
979399057868230657
979409443392774144
979411066579898369
979411123559596032
979411498496937984
979411639777808384
979411985472413701
979412098802384896
979419180884774913
979421034754519040
979427246099312641
979429918709813249
979437269177241602
979438450431680513
979443503146127360
979444644504391681
979446341909827584
979446575113080832
979446818802163714
979448617349066757
979450471575425024
979451411367948288
979451425846677505
979460217954947072
979460846261714944
979463606923382784
979464716757225472
979473060368732160
979479694595813377
979479969737990144
979480957697830912
979482339100291072
979491735607836673
979493050102804481
979493543344525318
979493825210023936
979494937975709696
979495028379791360
979498454400622592
979508915506266112
979517889635082242
979519043068661760
979519043458740226
979521660318633984
979530530839584768
979534947856846849
979538703017234432
979539233772789760
979543163252518912
979547816803622912
979563045922881542
979566465551622144
979574226255515649
979578163884908544
979591289120342017
979601437629059072
979607776065441792
979610712489283584
979619890901463040
979620674812743681
979644120120602625
979648480535773184
979649388166373377
979651832632020992
979652265475739650
979652647555706880
979656164349825025
979657052170739713
979661276526862336
979668946625417216
979670873916563457
979673515090640896
979674199584329728
979674879921451008
979677371757449216
979685892884492288
979688321889767424
979695081753120769
979696118589042688
979697187318910976
979697605914406912
979698010237095936
979707304386945026
979717460067831809
979719898195746819
979723373176598528
979726237047275520
979737760473890818
979739871483957248
979749130607235072
979751313528401920
979758179797143553
979759933657878528
979763375092748288
979771131413565441
979772779150000128
979774555840446465
979785232059654144
979788634864934919
979791645205032961
979793747738353667
979793798887768070
979800320556617729
979804231808020480
979805797751410688
979806446811598854
979807051634429954
979807437958991873
979810144925159426
979817287204196352
979817418292940801
979820842115915777
979829183730933760
979840733590016000
979842973327331334
979846350606098432
979862335127867392
979865163724713984
979870243471413251
979870956050092032
979875091663253504
979875673803247617
979876107070648325
979883063747469312
979886863375912960
979892503464652800
979899127122112512
979912588690690048
979919138536570880
979922077909176320
979934155852124160
979957787374399488
979961515414642688
979962400295342081
979984999188381696
979998265952362496
980001303526027267
980004913462824960
980005543723978752
980008517917589504
980010482932338689
980018171523584000
980022148160020482
980023367829876736
980023996136771584
980029716810801152
980031004411707392
980031352128131073
980032519402938368
980040505777115136
980041358063923201
980052492250689536
980061141324967936
980068393180188672
980074170951393282
980078787617525762
980080694348124165
980084080405495809
980084292125675521
980086298772897792
980086916564602881
980091102530240513
980093667749834752
980097333126926336
980103330981732352
980104816197341184
980106096303067136
980108404093063168
980108468161007617
980108753898016768
980108940880031744
980109310075293697
980112576913838081
980118787834941440
980121417248313346
980121673952350209
980128097096884224
980135476966428673
980139227533971456
980141279383343107
980148285955543041
980150558781771776
980153632015470593
980156641017556992
980166623867711488
980169122343464960
980171160452325377
980177529473585153
980181995178176512
980186553132699648
980193336140140547
980193880124600320
980194654216970242
980196045253742594
980196176518635522
980197893234544640
980198491770191872
980225163777146880
980225799646101504
980232136396558336
980232273109966848
