1013214612123242497
1013230960257757184
1013240653730287622
1013244202098937856
1013306205299728389
1013734415799906304
1013792557938171904
1013798194097131521
1013809208637231105
1013822138426544128
1013823989381148672
1013902906502926336
1013908072597803008
1013921234290126848
1013933246810415105
1013936635787005952
1014075904841211904
1014118060423286785
1014119278776332288
1014144555837476864
1014158548048273409
1014243541416071169
1014257445529628672
1014373023783190528
1014429094019321856
1014439581217849344
1014440271021527041
1014445388110188546
1014472354188222470
1014519455320338432
1014584777414987778
1014675751839379456
1014681254795636736
1014701771216826368
1014703883044597760
1014787458733674496
1014850674100703232
1014852814386982912
1014917641549615104
1014942103409975302
1014942350215450631
1014966215780028417
1015093476457775106
1015101519832612864
1015102446794731520
1015105936447246336
1015127155435556864
1015176732087934977
1015189637965414400
1015201074301587458
1015202359318740995
1015329392732536832
1015337832192323585
1015408335221387264
1015429329885564931
1015462062208712706
1015530384870789120
1015530504874020866
1015544824240304128
1015618870474887168
1015674397787611136
1015677125133783041
1015708083291451392
1015746536674856960
1015887863756582913
1015893668664881152
1015896202041274368
1015969880909045760
1015977919678746625
1015984320161419268
1015999738435469313
1016138192397963264
1016275606198280192
1016307234337382401
1016322859025747968
1016326084659417093
1016402496460283904
1016422171944587264
1016443932010565644
1016571145263316992
1016622437394415616
1016628423849017346
1016672513185669120
1016703860268728320
1016724551902867457
1017093185108144128
1017108020353011712
1017128224327897089
1017140002285936641
1017203656398123009
1017206112532168711
1017292183861329925
1017318677862125569
1017371768623960064
1017371934366027776
1017374274787606529
1017489477894332417
1017506563618148359
1017515421493129216
1017656526268297216
1017668979144429574
1017731382015975425
1017743479416459264
1017764980085714944
1017769583720222720
1017776214906490880
1017780400842829826
1017783072589217792
1017784356054753280
1017817767880224769
1017861061494657025
1017862990882852870
1017989974598324224
1018040783218315264
1018137684588486656
1018141254754996225
1018142105032642560
1018154679367290880
1018162041100558336
1018165135939198976
1018170915690074117
1018175942953439232
1018200859526787074
1018216602976866304
1018322276050087936
1018327426139471872
1018350012483457025
1018361878182072320
1018423240828518401
1018460100388904961
1018496133658578946
1018506335904649216
1018509400225603585
1018510979838238720
1018518350790524929
1018518740944576514
1018591847663521793
1018596289448169472
1018654624637706240
1018695371458007041
1018742901348560896
1018791752319340544
1018792658356002816
1018799331502166017
1018840729269854208
1018866352273190913
1018867409237655552
1018886140991082497
1018901765578620928
1018902112913313793
1018907830458441728
1018910268536119297
1018934228694659072
1018937647073562624
1019120267069554689
1019145924394803200
1019155247531470848
1019203496007143424
1019210662696968192
1019214424987627520
1019249500303646722
1019249799835422720
1019267505452474368
1019267873020182528
1019275301124112384
1019288970339987458
1019299468678696966
1019306376709931011
1019324563212132354
1019373065569005568
1019433195685621760
1019443006158471168
1019445866682339328
1019475134548205569
1019477860829073408
1019519833233416192
1019522463053598720
1019527556255637504
1019554897627373569
1019565110757556224
1019637139519111168
1019651095742648320
1019666050877513728
1019683163642007552
1019721059178721281
1019797106087907328
1019811369833689088
1019828903085576193
1020001242863595520
1020016672340520960
1020017458042884101
1020082165734785024
1020083040163278848
1020085389003018240
1020088396289519617
1020188627572207617
1020272794687496192
1020282445764210693
1020286418369892352
1020287869032845313
1020294319868084224
1020303932290150400
1020331807105941504
1020332488017825793
1020364609998540802
1020384577074974721
1020424217446297600
1020530446587826176
1020532342421688320
1020588344739270656
1020644638225559552
1020648893992914944
1020684679542984705
1020779835596197890
1020861784029360128
1020903761445715968
1020932050407260161
1020941568470118401
1020961981745061890
1020984979109699584
1021013168934604800
1021041409279787008
1021166705727418369
1021168266016972806
1021170323025260544
1021172909082128385
1021238736284266498
1021273853417349121
1021308292856008704
1021310462259081216
1021316823583739904
1021317935535611905
1021318828951818240
1021335660685348864
1021337750627323904
1021346690366877696
1021349114129408000
1021351406081486848
1021352827980050432
1021358156683890690
1021359329117687809
1021359730344824832
1021362730710831104
1021365759019225089
1021370678908522496
1021404120907993089
1021408125679816707
1021408368924209154
1021417068267220992
1021428430313852931
1021434184898875392
1021461896774537216
1021465141232119808
1021474861254754304
1021485107935408129
1021548893287473152
1021551064175271938
1021566997535117313
1021573792303378433
1021621459595157504
1021647263913795584
1021681745287163904
1021689203581767680
1021691817052524544
1021703714262933504
1021711416015900672
1021712506312638464
1021716868367884289
1021738942545240064
1021746429847461888
1021754109601374208
1021754524841607168
1021756454213246976
1021762032654213121
1021777733225832448
1021778340116451328
1021795898525868032
1021796799235780608
1021819817580535809
1021866819081134080
1021877723441115136
1021880156842065926
1021882719549186050
1021896485259104256
1021906270553550848
1021909143660187649
1021915434348498945
1021954379249799169
1021975704693563392
1022021711879983107
1022022754793660418
1022023635022823424
1022031810686058496
1022055622353797121
1022066430051840000
1022094765662330880
1022110385917386753
1022120131022020608
1022130710889603073
1022131410067513344
1022134381341761536
1022134386198753281
1022135929467748352
1022136480590749697
1022137110562852864
1022138037940248576
1022138739621945344
1022144391886950400
1022149488058687488
1022149917471662081
1022150098644598784
1022150452228567040
1022151421930692608
1022157883193090048
1022158928501600256
1022162576715730944
1022163932721676289
1022163987226669057
1022169901644042241
1022173686135250944
1022175169672957952
1022175634238459906
1022178093941710848
1022184358986362880
1022184924789518336
1022186850306478080
1022189987306061824
1022194384605831168
1022195624890916864
1022196081210286080
1022196584531075076
1022197027466301442
1022197957339308032
1022200317876817920
1022203762260226051
1022203914073137152
1022204413618913280
1022205197085540365
1022205371165954049
1022206065327390720
1022206383704420352
1022206391237443585
1022212602150182912
1022222080698449930
1022223376511692800
1022225693000826892
1022230158684704769
1022231292388077568
1022231946733264897
1022233224582389761
1022233690783473664
1022234113057738752
1022234637379219456
1022235996732182528
1022237378469982209
1022239455766179841
1022243362789842945
1022243566595317762
1022245594578837504
1022246515652354048
1022247208824057857
1022247372519301120
1022247591877193734
1022250115589971970
1022260052323983362
1022267644873977858
1022268444828413952
1022271439452422145
1022276758240935936
1022277548884017152
1022281067829620736
1022282015788265472
1022283828159700992
1022285503360638976
1022299759397273600
1022300488786751488
1022318306613575680
1022321901094486018
1022323826296643584
1022327382647033858
1022329050231009280
1022341392868302848
1022347509853769729
1022353248068427780
1022353652403593216
1022355727317262337
1022357877342842880
1022358311029563392
1022359022811406337
1022364348516380672
1022364775269978113
1022368095590076417
1022368847959977986
1022368976729513984
1022370425454518274
1022371182321053696
1022374086641700864
1022377831664369664
1022379912106147841
1022382848555331584
1022388306687012864
1022398049946161152
1022398659802083328
1022405350136401920
1022406759837777920
1022414216916074496
1022423569349976064
1022426772254744577
1022432264154767360
1022432974254563329
1022433171395174401
1022434727058259968
1022437652161814528
1022445586950152193
1022445747604729858
1022446426226417664
1022450662477582337
1022454632705138688
1022460105932124160
1022466152474259459
1022470306487840773
1022475989375442945
1022477147825430528
1022477852464349184
1022481060339298308
1022481324505018368
1022483362949292033
1022484047447162882
1022484567968686081
1022494065529630721
1022496031836200960
1022496242583187456
1022498121438437384
1022500376707096578
1022503723778461697
1022511868269813760
1022518508691828737
1022529538452934657
1022535936029155328
1022536987956445184
1022537787747328000
1022570058835472384
1022570341485436928
1022572454999416834
1022572565309612049
1022573257877282826
1022577820747411457
1022578564426817547
1022579814723674114
1022584076312735744
1022587843884077057
1022594147948142597
1022594610982531073
1022598119513415680
1022599271277912065
1022599934728650754
1022605914614968321
1022606196144885761
1022608908957958150
1022613262636994560
1022631546426204165
1022634266029486081
1022641632473018368
1022642302743916544
1022643428478222336
1022667541536272384
1022670323223879681
1022671433846202368
1022688683751890944
1022693182180605952
1022709443891421184
1022711355646922753
1022716357358567424
1022718445274710018
1022721085597536256
1022723664700006400
1022724105311842306
1022725828520673281
1022733662658289665
1022736176778752000
1022736373420310528
1022743951261003777
1022744150939189248
1022761318628163584
1022768682588622848
1022771033886081027
1022771888689500161
1022775146417807360
1022780964379013120
1022785184649883648
1022785228278923264
1022792112780103680
1022792223929167872
1022797314207887361
1022801973836476417
1022804271664783361
1022807298673188864
1022807316725415937
1022807829671890944
1022808031837401089
1022816490934992896
1022818624162037760
1022821552834994178
1022823135538806784
1022823487004717056
1022825077094711296
1022833008930447361
1022834058433191936
1022834527708893184
1022835505371734016
1022838906105020419
1022847716269977600
1022851146799435777
1022854730404397061
1022857087175548928
1022859657294032898
1022859777800581126
1022862510813143041
1022862705835868160
1022866380079554561
1022869522460467201
1022878195433988096
1022880098784043009
1022880619733377024
1022885352523132929
1022885475059683329
1022886969083232256
1022887986210516992
1022896738452074496
1022899528918294529
1022901549314580480
1022902948936830976
1022911337972809733
1022920112029007873
1022920315460964352
1022928155043094530
1022930264350179330
1022932624929705987
1022946221172957184
1022947671127085056
1023000636378566656
1023009168222035968
1023009673035821061
1023014330780901378
1023017955494453249
1023020574837157888
1023026241346170880
1023032914513219584
1023036639445221376
1023072178634252289
1023084241037537281
1023089275036811264
1023100496075259904
1023112422544965634
1023123554735415296
1023123992947945477
1023142413529952256
1023153405110439936
1023162104931598336
1023170323687071744
1023171413753118721
1023173148852858880
1023174386264752128
1023177327809908738
1023180469670686721
1023184773047566336
1023192650407727104
1023192901172572160
1023194407133167622
1023198048003006466
1023199110873133058
1023230989236162560
1023233022206734336
1023238997865377794
1023240209591349248
1023243780194029572
1023259012639412224
1023264317611945989
1023274847420522497
1023277165612171264
1023282867735019521
1023292096663322624
1023292121661337600
1023308989436702720
1023314250930905088
1023314705820135426
1023314907629015040
1023325770435964929
1023328174212505600
1023341591375822849
1023346220947783681
1023346981471703041
1023348496449990656
1023357679861870592
1023360284944150530
1023360396936269824
1023373298611183618
1023375316083978240
1023406542748413952
1023411941174325248
1023417066173284352
1023427986719158272
1023429285439135744
1023431281940488192
1023434115595620352
1023440065664507904
1023467671730499584
1023471529215094784
1023488832837013504
1023508954163421184
1023512036565766144
1023514145864536069
1023523104918781952
1023523940407246848
1023549640174493697
1023550477785616384
1023552738502877185
1023559753044320257
1023569404565630978
1023579997263618049
1023581450606665729
1023590519522320385
1023596940187983873
1023602310545428480
1023604312352714752
1023606695275114496
1023619602394243072
1023622065708912640
1023634730019946496
1023640842689503233
1023641130955628544
1023641766384336898
1023643801485811713
1023650368457203714
1023659468435980289
1023664416871591937
1023674757072474112
1023675093485006848
1023688809265942529
1023712361142792196
1023712832137977856
1023729001599315969
1023747760200146944
1023752084527534081
1023760015117692928
1023773664230232064
1023775124250656769
1023790212860837888
1023818336918941696
1023829945074823168
1023855941811363846
1023856619585597440
1023856988650983424
1023859531682471936
1023865672152047616
1023875992199331840
1023885808040910848
1023886372728463360
1023889334158741505
1023893525639979010
1023895852706922497
1023895882910052357
1023898039180775425
1023898685946699777
1023899448055717888
1023901127883022336
1023905838757490688
1023908750531416065
1023909142338125824
1023911489915084800
1023916225276137473
1023917228587212800
1023919570636222470
1023920323543089152
1023922226473697280
1023924426822348800
1023925772782776321
1023929437765754880
1023929587481419777
1023934959562747904
1023942782782779392
1023944782916341760
1023944884108046337
1023950232676192257
1023966495267741696
1023972072438067201
1023974918680190977
1023975539420405762
1023979266499739648
1024000109258919936
1024007000496250882
1024009606836768768
1024011213657841664
1024012474683715584
1024013238269345792
1024016796230340608
1024018769365151747
1024035073811726337
1024047043927453696
1024047216758009857
1024055858278420481
1024058168912097280
1024058205536759808
1024059568530382848
1024060013566820352
1024060321839886336
1024068926861242368
1024090323708981248
1024098634697256960
1024105370757869569
1024128064865935362
1024148494909665281
1024159882453442560
1024163252178247681
1024176143371526144
1024179251770155013
1024180335138025472
1024181233021059072
1024190716057145344
1024201259753062400
1024206302069895168
1024210763542671360
1024211326850289665
1024214531315326982
1024217068848271360
1024217681224970241
1024221282857086976
1024227447674470400
1024233284711211008
1024238474776457216
1024242765692067841
1024253175933624325
1024259435957563394
1024261608254652417
1024263006140739584
1024263149166505984
1024263660032667649
1024269926691942401
1024272337636655104
1024274063559143425
1024275822675406848
1024278512474234882
1024281587716902912
1024284077069877248
1024292309654032384
1024292986623025152
1024293108245319680
1024309093136322566
1024310360260587521
1024317172028502016
1024317398202109954
1024318234202447873
1024319439095914496
1024325859027509249
1024327744803483654
1024328056008261634
1024330122130849792
1024332104765763586
1024335341115912192
1024353776734359552
1024358015871451136
1024358756207943680
1024362854491799553
1024365339189096449
1024374746593386497
1024376673465057280
1024377929227231237
1024378823046037504
1024379462442528769
1024384553266364416
1024389088584065024
1024390261315694594
1024395533543075840
1024403043444580353
1024403834934886400
1024404032893399049
1024407825806753792
1024414619991977984
1024418874861731841
1024428575011819531
1024428837600415744
