1046559409864941568
1046562086665498624
1046563975499067393
1046568103813951489
1046577293563494400
1046578338788233218
1046582294411010048
1046589824021352448
1046598872393428993
1046600346720763906
1046602778548867072
1046610156161814529
1046610918027620352
1046620671449608192
1046623583563321345
1046626280932667394
1046630790233112577
1046637321515356160
1046637980453130240
1046639392327176194
1046652471450501120
1046652876993499136
1046656543243030528
1046658530906959872
1046662863069343744
1046664804339859456
1046666904449024001
1046667580969308161
1046672422026584064
1046673758017265664
1046674265456742400
1046674366094888960
1046676067736604672
1046677557192650752
1046687814526660608
1046689643419377664
1046689910617460736
1046694021849059330
1046695460927344643
1046696795991166976
1046698745897914369
1046699924111466497
1046702420754149376
1046704748337025025
1046707297261670400
1046708078643761152
1046709413292232704
1046709455247876096
1046712210452443137
1046714509799378944
1046721316299190272
1046721916919328769
1046727273485717504
1046728210073964544
1046732666937245701
1046737068439871489
1046739686511837186
1046740180172849152
1046740941028057089
1046741576028999680
1046742354856738816
1046742654401167362
1046743257127030784
1046743273082040320
1046743749135671297
1046744277127188480
1046745274591383553
1046745432725098496
1046747610378309633
1046750188377911296
1046750419316281344
1046750559422877699
1046752581203185665
1046755210490667011
1046756101751021568
1046756678912405504
1046757548391628808
1046759036077539330
1046764596890021888
1046764805376348160
1046764835159982081
1046765590516584448
1046765872394772482
1046774089434763265
1046774581850193920
1046777348861890560
1046782316599754752
1046783152914649088
1046787855585095682
1046796046641364992
1046797858786172928
1046800650707832835
1046812152743395331
1046814661373509633
1046815238081765377
1046817219940732928
1046822285263491074
1046825056129732608
1046825307725082624
1046826527919366145
1046827279110660098
1046841356038082560
1046843287502557184
1046844517280886784
1046856243267231745
1046858932654956544
1046862054395715585
1046862090563137539
1046863278406799360
1046868798530301952
1046873871113228290
1046905326279114752
1046906623606681600
1046907035906912261
1046909331428532224
1046913874262446083
1046926442087497728
1046928510718160896
1046943554008944640
1046958818335346690
1046960277965742081
1046967102110937089
1046974219400220673
1046977337772912641
1046985522651045888
1046989608330903552
1046989826409553920
1046999468745379841
1047000511193452544
1047004229737598977
1047004527663243264
1047006842700910592
1047012768824668162
1047017194264125440
1047017938748891136
1047018930273996800
1047024014756057088
1047024848415993856
1047026406608314368
1047027323084705795
1047031089120862208
1047033034871099392
1047043537823522818
1047048166657396741
1047048534078443522
1047048586528219137
1047052408784920576
1047054937123905537
1047063591659167744
1047067073371881472
1047071540246978561
1047071620790140933
1047074828337975300
1047075256438067201
1047080575516008449
1047086698478415872
1047087879485304832
1047090434235912192
1047093144100188160
1047105959565373440
1047106438991101954
1047107009819136002
1047108481382264832
1047109104882278400
1047109711877877761
1047110047338237952
1047112750156189697
1047112824814804992
1047115605197934593
1047117246416465922
1047118701038690309
1047118948074840064
1047127549745205248
1047130013911457795
1047130302886248448
1047133388216373256
1047135493752860678
1047135922402332673
1047141995054059520
1047143003675136003
1047146052070064128
1047155073980223488
1047155764417220608
1047159687341203457
1047160429292601344
1047163700879282176
1047164406348566528
1047175480170954753
1047176467807969280
1047178200999251968
1047179353178685440
1047179624529219584
1047179751620845569
1047180230627143680
1047180510781427714
1047181920512032768
1047182510969344001
1047184761737957376
1047187944799391745
1047188798424195072
1047189470976466944
1047189693388009472
1047190567082504193
1047190931731099654
1047190993613639680
1047192984675078144
1047193230880780291
1047193444773445632
1047194863916204034
1047195646766272512
1047197088034033665
1047197680185872386
1047197711634763777
1047199371325001728
1047202275461160960
1047202652617097216
1047204411204935680
1047205338561347586
1047206130458529792
1047210630955061248
1047213093812690944
1047213346339139586
1047213912578568192
1047215164771069952
1047215911571247109
1047223722460008448
1047223851338424321
1047223851367784451
1047226716081610752
1047226888488460288
1047227627927420928
1047227848690454529
1047229472590766080
1047230807222505473
1047232023134425088
1047237150276820993
1047238276015431683
1047241905757736960
1047267971280900096
1047273819046469632
1047277782689046528
1047283299008184320
1047284914582958080
1047292263838044161
1047306214944792577
1047320339510906880
1047320759922618369
1047321186936356865
1047322884782395393
1047325631602511872
1047325829582209024
1047348060676866048
1047351083503439872
1047354531644887040
1047362127093280768
1047366829792931840
1047368418570190848
1047370972897189890
1047379691605303296
1047389580062801920
1047395374938427392
1047407205400694784
1047409985385373697
1047410452207087616
1047413052235296769
1047418459125174273
1047429301400821760
1047433043533881344
1047435643167625216
1047439415533031424
1047440485407776768
1047441292899303424
1047446821017149441
1047448165715202049
1047455563620274176
1047459118682963968
1047463078420533248
1047465211752415232
1047467571077947392
1047469753781116928
1047481402214809600
1047481478098169856
1047482394591285248
1047491911877971969
1047494026214162432
1047500750090395650
1047501487042179072
1047501654801768455
1047501891381469184
1047502304524607488
1047505106327887872
1047509023375994882
1047514143773937664
1047516736692662272
1047521135255011328
1047524087634055168
1047526322774429696
1047529458427547648
1047535493200707584
1047537303445417984
1047538815097888770
1047542139608080384
1047542319833014272
1047544933761130496
1047553603915972609
1047555991179386880
1047567436483112960
1047568602180804608
1047578249038057472
1047581705219977216
1047587458010009600
1047591210465021952
1047592379887353857
1047593573233938438
1047593641345253376
1047599084310290432
1047602778972065794
1047606201213759488
1047615400983322624
1047622323682119680
1047623011988398080
1047628004459995138
1047628964120813568
1047633711645306880
1047636388852768768
1047672816378806273
1047679079120396293
1047687840409182208
1047687940653178883
1047688503088173058
1047689790332620800
1047691152693059584
1047696794388295681
1047701359099752454
1047703939402145793
1047708904174628864
1047709312305520640
1047710290396241920
1047710806710898689
1047717569183043584
1047724687764197376
1047727004936802309
1047727109123260416
1047729841724952576
1047734437444771840
1047736605459591168
1047740474285543425
1047740888275984391
1047745594679336961
1047756788869861376
1047758886437081088
1047768320706056192
1047771165702455296
1047778915920564224
1047781532738490369
1047782150823714822
1047782597286420480
1047783171033616384
1047790822312349696
1047791175455985671
1047792989496471552
1047803940908269568
1047804791026532353
1047808038164451328
1047808578885701632
1047808852362706944
1047809336788111360
1047809481919385600
1047810043104698368
1047810592566857734
1047811160567926785
1047811354244071426
1047811479657955329
1047812415159775232
1047812660790743040
1047812940550877185
1047813698885246977
1047813963113803777
1047815127330955266
1047815850533814273
1047816548478541825
1047817101271023616
1047818902330335233
1047819266387587073
1047819746639597568
1047822985900580866
1047823641906483200
1047826624857735169
1047828295478390784
1047829772930306048
1047829786108866561
1047830307473375232
1047830766351261696
1047832142481260545
1047833498915143680
1047834867952754688
1047836353965318144
1047836729804247041
1047840020638388225
1047843144581222401
1047847067064913920
1047848239398051840
1047850302559408130
1047851631335731200
1047852804331778048
1047854176842203141
1047861400679239680
1047863014660165632
1047863563686014976
1047864072060985344
1047865950240952322
1047866090741813250
1047868280059310080
1047870787951230976
1047872014806110209
1047872024864022528
1047874975271542785
1047875500331421696
1047876373518450689
1047878778960142336
1047882790098939905
1047883660718956545
1047887394475855872
1047890505822957568
1047893924986011649
1047894768099840002
1047897203031904256
1047898580286103553
1047899433378172929
1047901923536457731
1047904460264148993
1047904542053081088
1047911906386706433
1047917332998369280
1047922176802922496
1047925510628683778
1047927045337042946
1047927870352498688
1047929022523613186
1047929858855239680
1047932150643929088
1047932775884607489
1047934743134834691
1047934829751414784
1047934951260397568
1047935142877167616
1047935438974070784
1047935487627988994
1047936745080311812
1047939481398104064
1047942475309096960
1047949352323469312
1047951939781021696
1047959158580903936
1047959277560889344
1047965192079003648
1047965454231392256
1047968711330521088
1047991218997608453
1048006153685405696
1048006166662414336
1048008074647277568
1048009881968631808
1048010349247483904
1048016288780615685
1048032156675690497
1048041868272050176
1048043910369607680
1048048855898419200
1048067804925186048
1048084701242699777
1048086825225650177
1048090360608706560
1048098734549217280
1048098908596056064
1048099459299778560
1048112373003894785
1048118050158010368
1048121556570968064
1048125229434884096
1048127850983948288
1048127880327286784
1048135073999020033
1048138390858809345
1048144179665272833
1048146633093988352
1048146870906830848
1048146946798624769
1048148917710462976
1048158439195783168
1048161977082761217
1048167308886200327
1048167311843184640
1048167338246385664
1048171680189878272
1048172583647043584
1048172894017052673
1048181822725738496
1048181854342455296
1048188555556573184
1048191792586416129
1048192539315118080
1048192837530083333
1048206587301695488
1048206600429821952
1048210094134054912
1048210310140780544
1048211274843213825
1048211976554500096
1048217803998814213
1048223929041637377
1048224099367972864
1048227665080147968
1048232401963499520
1048233456440754177
1048250539392290816
1048250847673630722
1048251207981129728
1048252124319162373
1048252450753470464
1048252836633563140
1048255452633550848
1048257432726777856
1048258093753225216
1048258681391837184
1048259550015623168
1048262443254919168
1048263349379719170
1048269354079571969
1048272161876725760
1048280703987843073
1048284275471212545
1048295020015636480
1048295184818229248
1048300362837499908
1048300535105896448
1048300820717027329
1048301531676774400
1048302221614600192
1048303484531953666
1048303737457061889
1048304360734830599
1048304726587191298
1048313226319028224
1048313365737734146
1048316532168839170
1048316880694460416
1048317700269858817
1048320380006354944
1048321509142548481
1048321509981392898
1048323510643445760
1048324183153893378
1048328676595695616
1048335061752467457
1048335160381493250
1048335778978250752
1048336438838927363
1048340387671068672
1048345506173407232
1048346712711081991
1048347099429974016
1048347375838945280
1048347384206393344
1048347540637155328
1048359617737236482
1048363429084499968
1048364922260869120
1048365207473405952
1048376241840111616
1048392894069919744
1048397668035190785
1048403831950909446
1048403930558976001
1048404051665326080
1048411087723536384
1048419278360178689
1048422643043586048
1048433349004578816
1048444073831411713
1048450824966459392
1048451083817943040
1048457559785590784
1048464942142300160
1048479829862039552
1048480787841134592
1048489115665276928
1048489574459166721
1048489984272084993
1048497080594038785
1048499184473661440
1048503126741774336
1048515859742748672
1048516191923441664
1048517451913330688
1048519252951683073
1048519962199871488
1048547834939822083
1048548694881173504
1048549092065009665
1048551131742437376
1048555473526562821
1048556761366450181
1048559692342087681
1048560185722195968
1048560607505670144
1048561519359918080
1048561825976131585
1048564189458038786
1048564521651109888
1048566936739696640
1048568013841215494
1048570439830724608
1048572322645508096
1048573160659079168
1048573171153227776
1048576388574236674
1048576967426105344
1048582902781542402
1048583177063649280
1048586484272574464
1048589857763864582
1048593303808172034
1048594469816336384
1048597684335071233
1048598037730402304
1048599768149188608
1048600042670411776
1048601676465106945
1048603789975064581
1048603801706487808
1048603862951768064
1048603930488397824
1048605019757580291
1048605065903099906
1048605867011133441
1048611149724319744
1048611357346607106
1048611394684219392
1048611500087234560
1048611503287369728
1048618129499312128
1048621944587919360
1048631327254302720
1048633993577414658
1048634884049313792
1048635201541341186
1048635587400536066
1048635638587699200
1048636074308915200
1048636319310794752
1048636543286444032
1048637003846340608
1048638113646567424
1048640384442802176
1048642508027179008
1048645000269946880
1048645827407892486
1048646087370854400
1048646248083968000
1048646326529843200
1048649094481293313
1048650034273771520
1048650361026871298
1048651977507463168
1048659203026386945
1048659744523784192
1048662198187413505
1048664398519136256
1048665010015272960
1048670319614070784
1048677365222498305
1048678069442170882
1048685826358489089
1048686398042243072
1048686450068377600
1048687246998745088
1048689771130892288
1048690642686238721
1048691351938850816
1048692420643180544
1048692601430462464
1048694517405274112
1048696955105431552
1048701946926960641
1048714217287798785
1048718658971865088
1048725283854016512
1048727683440435200
1048731028368621568
1048731506942910464
1048732300534587392
1048733177567559680
1048736599671033856
1048738586944856064
1048744739338637317
1048745233343639553
1048747572800749568
1048771482858524674
1048779290995843072
1048808780287242242
1048813019482873861
1048818068992999424
1048823942268559360
1048829864625811456
1048844728844746753
1048844925977223168
1048851803373273089
1048852871675035648
1048855609272094720
1048856456542470144
1048861448590577664
1048862151576887298
1048863228216987648
1048864615277506562
1048864968874106881
1048865329995243520
1048866338712817664
1048866417582514177
1048867529928658944
1048868077688033281
1048869093552607232
1048869709268078594
1048870805071962112
1048871280861229057
1048871900376645632
1048871964956393472
1048871995599998976
1048872168384286720
1048872866337320961
1048889368411299841
1048891228140527618
1048891303642255360
1048891664641789954
1048891729800310785
1048891818300133377
1048891955848122368
1048892827856502784
1048894006464266241
1048895081896275969
1048896678667984896
1048896702135115778
1048897384959430657
1048897564886618112
1048903764101324802
1048905098720497664
1048908905659736066
1048909264088125442
1048911000949465088
1048911108298485760
1048911317627752449
1048911450570444801
1048912628318388226
1048912997417177089
1048913574976999424
1048913662663176192
1048914498969657345
1048914983449493504
1048915251025117184
1048915313956413441
1048915412942041089
1048916108764479489
1048916334816448513
1048916594477473793
1048924624707358720
1048925256100929536
1048930022956957697
1048931557656944640
1048933036966871040
1048937801704767488
1048940410557661184
1048941625634906113
1048942575678377985
1048942997570768896
1048943559087411202
1048945075877810177
1048947719128141825
1048949929102774272
1048951334131699713
1048956475563884545
1048964394850209793
1048966266747346944
1048969065618984961
1048971365368381440
1048971535661391872
1048977200458825728
1048979749756841984
1048980712370536448
1048998791909662721
1049002267624574979
1049002869125537794
1049003171626999808
1049003736146882566
1049004410616143877
1049005559008165888
1049005917180760065
1049005966698721280
1049007267784273921
1049008595684212737
1049009419449774080
1049012088260243456
1049013167878074368
1049013797858566146
1049018045035765760
1049022382772551680
1049024143533002752
1049024698456199168
1049026517525848065
1049027045995548672
1049030388440584192
1049031777615040512
1049031853154480129
1049034972395450368
1049035434188136448
1049036185396494337
1049037817379057664
1049039706078547968
1049040077286985728
1049045451880767489
1049045692604473355
1049046015565656064
1049054674295373824
1049057436689035264
1049059833280909312
1049065467929931776
1049065643675459586
1049070502772240384
1049074736100196357
1049077721165430784
1049078854466379776
1049082057224335362
1049085461753470977
1049100761324552192
1049102260373000192
1049106554509701120
1049108085829197824
1049111942084931584
1049119238085124096
1049122876195053573
1049123336322658305
1049123602249998336
1049130954424348672
1049144395075923968
1049149581324238849
1049174248466669568
1049176181633966080
1049176230795366400
1049178874343387137
1049186568387350529
1049192237412827136
1049199047708426240
1049203194591465472
1049207001794969600
1049210165755609090
1049215530073251840
1049218103689863169
1049227701524025345
1049228344091402243
1049228602447998976
1049228749357633536
1049229956679696384
1049234107740381185
1049234206369439745
1049235175341772800
1049235431609520128
1049235975505829890
1049236986857512960
1049237477523947525
1049237490345959424
1049239091576033280
1049240531451166722
1049248050525458433
1049252543526830080
1049260327337164802
1049267076391751681
1049278825031458816
1049284856528732161
1049286723325362176
1049289592677920768
1049291694435422208
1049292049273577472
1049292095918432260
1049294710987284481
1049295898390487040
1049297867201024000
1049299016008323073
1049300741108781056
1049304192626647041
1049304671603630090
1049305006099365888
1049306187982938112
1049306680247242752
1049307799447130113
1049308756448878593
1049311934187786242
1049312662176366592
1049313753123180544
1049316084304764929
1049319256033255424
1049321788122058752
1049325603294334976
1049347589412466688
1049352623248166912
1049352672745349123
1049352708552110080
1049353182512603141
1049353270567874565
1049354539294478336
1049355486867415040
1049357071450292225
1049372950661611520
1049373983391600641
1049374336501669888
1049377198254317568
1049380270833586177
1049384497165344768
1049386195170578432
1049386243686113280
1049386352750587905
1049390377474646016
1049391171133411330
1049397424437911552
1049398102665367555
1049400932553945088
1049401034911703042
1049402539395829760
1049404518696448000
1049407219316518915
1049409303122128897
1049412909393154048
1049417452646486019
1049420161760022533
1049426697324568577
1049427194760421376
1049432735012532225
1049441196215422976
1049447401663000576
1049447618097684482
1049448592354811904
1049453232580378625
1049456412730916864
1049461304950435842
1049464887305560064
1049469265303097344
1049472717915869190
1049484805233172480
1049486415824908288
1049491383977947138
1049515709674520576
1049519203554738176
1049520750976065536
1049526007944933376
1049526600604282880
1049529167543291904
1049532176084152320
1049538700537778176
1049538813171777536
1049542199191461888
1049546994178392064
1049550529112600576
1049552268914253824
1049554176911572992
1049557614646964224
1049565734312005632
1049566108423004160
1049570150054158336
1049570155095719936
1049578281585008640
1049580127078768640
1049581496489730048
1049582047621197824
1049588121418035200
1049592246507573248
1049593036311879686
1049595739960213504
1049597168087064576
1049599187220930561
1049599714025500672
1049610638933286913
1049615106819203073
1049615138599395328
1049618187854200832
1049624051931602944
1049626573530386432
1049630611403694081
1049630656685334528
1049632401113210880
1049633593239248897
1049635453287194624
1049642513995194368
1049643880075939840
1049645703365095424
1049648739160182784
1049650353313120258
1049651339217854465
1049653147780694016
1049655387128061953
1049655478173753345
1049657349248638976
1049659216535928833
1049659226166046720
1049661547297923072
1049669178410639361
1049669594523291649
1049672550245130240
1049674940566433793
1049684977514876928
1049690457800921088
1049698503318896640
1049700350905802753
1049709303672778755
1049715682194182147
1049718922998673408
1049720974730559491
1049721201105367040
1049724281922473984
1049725186642141184
1049725299884212224
1049725702726213633
1049726226850430976
1049729705610567681
1049731717194543105
1049733192717135872
1049734243411218435
1049735595642298370
1049736695829196800
1049737515366780928
1049740449727037440
1049741323408891904
1049743130713645056
1049747409318932480
1049747468047568897
1049749067763470337
1049751539882045440
1049751593997017088
1049751670333341697
1049754847522754560
1049761029067030530
1049761427936989184
1049762484754767873
1049763558228156416
1049764587095171073
1049764954507743234
1049765604213837824
1049766092011266048
1049771488394534912
1049771559701938176
1049772200167915521
1049774448319041536
1049777497158504448
1049782652805378048
1049787177469665280
1049791288864923648
1049794686704148480
1049798432632786944
1049799487475060739
1049805064653692928
1049805204953210885
1049805701772656640
1049805732374179840
1049806513798348801
1049812269205352449
1049814875973840899
1049817216382918656
1049825658266968064
1049830394063986690
1049853739979472897
1049857761905905666
1049864012345667584
1049867716998385664
1049867741807734786
1049869370988683264
1049874056768618498
1049889674666418176
1049899564835188736
1049904762353831946
1049907328412205056
1049915404196433920
1049917144404758528
1049927260625489920
1049929342707531777
1049930996102164480
1049931459593728000
1049934297602383872
1049935156029591552
1049936754453749760
1049940299911286785
1049941366967599104
1049949129718132737
1049949421709000704
1049949788257562624
1049952760362360832
1049955052562001920
1049967793167364096
1049971908173856771
1049972433325907971
1049983254214975488
1049983312494768128
1049983868244291584
1049985070336024577
1050006211746254848
1050011164040663040
1050014750506188800
1050015274769018885
1050016746982264832
1050018671748296704
1050025112873955328
1050027780920901634
1050027965050966016
1050034540272586753
1050034748112941056
1050038186330783744
1050040342022508545
1050040404945641472
1050041479534657537
1050042314415112197
1050043727278936066
1050048429496442881
1050048726457245696
1050048927779700737
1050051636473794560
1050055475524497413
1050060603153412096
1050061134894702593
1050074734828736514
1050079055033163776
1050080615012425728
1050083836825165829
1050086816194400266
1050091210050871297
1050093419681509376
1050094549639581698
1050095265745530880
1050096291114565633
1050103686095990784
1050104264926879744
1050105495942500355
1050107216454451201
1050110227079684096
1050111469147353088
1050111914053750784
1050112165468880897
1050112913997012992
1050117465211109376
1050121720361865216
1050128439209017344
1050128904785149954
1050129075459805185
1050130208358113280
1050131074477510656
1050131247970828297
1050138795851493376
1050140921378086917
1050150311652978690
1050158149120999425
1050160658166116353
1050160664461942786
1050161143443058689
1050162806060933121
1050165453945851905
1050168928809435136
1050170129323945984
1050174085815259137
1050181010594385920
1050183933630009344
1050188510878150657
1050192214830342144
1050194202435276802
1050195941914025986
1050203521855950848
1050205961661476864
1050209906828238849
1050222833664647168
1050226359212085248
1050230475279794176
1050241692375441409
1050241815016873990
1050252015551565824
1050252245776908288
1050252520122195968
1050253201700618240
1050258389639553025
1050271418825363456
1050280716339212289
1050282985881313280
1050285403880722433
1050287055606083584
1050288809525616641
1050295164265291776
1050302486299504640
1050304145704521728
1050305244209573888
1050309707779493888
1050311350696710144
1050313124472074240
1050314244363833344
1050315821149548545
1050321613323943936
1050349645514256384
1050352090407682053
1050363789160394752
1050369276572520449
1050371209484017664
1050371504146456577
1050371541047922688
1050371734849765377
1050374872596185091
1050377163097161728
1050382720998760448
1050382826665902080
1050386297603407877
1050388075845697537
1050390032484323329
1050390254144970753
1050393699639853056
1050395610925404161
1050399893733355520
1050401794990342145
1050401865874124802
1050402029464629248
1050402656072753152
1050405294705004544
1050407989549703169
1050409186620788736
1050409706798415872
1050411186884407296
1050413023674937344
1050414864450117633
1050420976373170177
1050425188288946177
1050425572084641792
1050425671086829569
1050432186485215233
1050433115976536064
1050438813498130432
1050442309878337536
1050442370276319233
1050448624050733056
1050457936990941184
1050459546345459713
1050460966897557504
1050462395120922624
1050463934006943744
1050467638869151744
1050470412549836801
1050472027965022208
1050473323401007105
1050477641004998658
1050477789483159552
1050480208778801155
1050481187700072449
1050481340402098177
1050481716480172032
1050483634724106242
1050483873757327360
1050485501994528768
1050493486259163137
1050496836232855552
1050499807477985286
1050503580279549952
1050503794172284928
1050515417947693057
1050515762627121154
1050521200114438145
1050521546253639682
1050523947823857669
1050537030659137536
1050543230289412101
1050545833698107392
1050547891402563590
1050551559761874945
1050554176982458371
1050559179977449473
1050560661217038336
1050563491688398848
1050569812521508864
1050571834574422016
1050588477530681344
1050590437591797760
1050595877604155396
1050597095634173953
1050605691034001409
1050621262513373184
1050622627637645312
1050622880105385984
1050623478628405249
1050628953054965761
1050629095497711619
1050629494959091712
1050630823269953536
1050643489669533696
1050646448339996674
1050650931635748864
1050672437090635781
1050672946279112704
1050675779112034304
1050679674995712000
1050682639710150657
1050683005851881477
1050690485579214848
1050691409567604736
1050691605051658240
1050696206593269760
1050700012533903360
1050700644624027648
1050703365431336960
1050704434580328448
1050706477642592256
1050708156165304325
1050708804541849601
1050713189480980482
1050713346641719298
1050713492163047424
1050713611734265856
1050715770412359681
1050718390707527682
1050718494726258691
1050719044603498496
1050723075342381058
1050726777654513664
1050728883602026496
1050731496234016770
1050732171084861440
1050732174855553025
1050738072072216577
1050739415075688448
1050745010289864704
1050749149623279616
1050749728856522752
1050750212052905984
1050751616725524480
1050751869621100547
1050762274850394112
1050767599951368199
1050767731153354752
1050773979085058048
1050775852663824384
1050776627767062529
1050785864484311042
1050786070412046337
1050790187540787200
1050800299600990208
1050800373839974400
1050800586885607424
1050803608193617921
1050805784899022849
1050812132122611719
1050812257129701378
1050815867569807360
1050819689033621504
1050820027073449984
1050822599012507649
1050832196448243717
1050833544128471040
1050835009538543616
1050837813653098499
1050839548203282432
1050840287646547969
1050853836703850499
1050853901103067136
1050867155540078592
1050876331003731968
1050879699440799745
1050880309305245697
1050884923454889986
1050903500656398338
1050904675271286784
1050911359293186051
1050921602228113409
1050928187692212224
1050931647137423362
1050945002245742593
1050962687084048384
1050972200965206016
1050982312652021760
1050986302445969408
1050987257316986880
1050995480333885440
1050997412586803205
1051005593140506625
1051028901311512577
1051033990260555776
1051041261111656448
1051041726662492160
1051042458937774080
1051044505397460992
1051055169406951426
1051059016019763200
1051077279843897344
1051081148925849601
1051086313057898497
1051095573569425410
1051096304548552706
1051096564658302978
1051097707635507201
1051111016556314626
1051112129439432705
1051112182161833984
1051116460809043969
1051116964947492864
1051117433950560256
1051122479182336000
1051125657609097216
1051132314003099648
1051134411972988929
1051135416110407681
1051140056231030784
1051140079308169216
1051141355240607750
1051142659241332741
1051153076642598915
1051153320751104000
1051153833274105857
1051157745322332160
1051158198709698560
1051160598698971138
1051162177736830976
1051162924025372675
1051163010406875136
1051163155919851520
1051166646717407232
1051166903555645440
1051168272597639168
1051169239103664128
1051170031680282624
1051175988858507265
1051181046354587648
1051184528436469760
1051187653213859841
1051192696008830977
1051194607378132992
1051194872881967105
1051196039313707008
1051196131147960322
1051197669190840321
1051197771133448192
1051199963055689728
1051201598016417793
1051203916623474688
1051204243267493890
1051214575201345536
1051215394336382976
1051215580487913472
1051216136321286144
1051217900860858373
1051218666295975936
1051219606680027136
1051223600093650945
1051234539639631872
1051240978315665408
1051249570779402241
1051256940603437056
1051260260013494274
1051262309631315968
1051263213197619200
1051275547362435073
1051277865356906496
1051280701763465216
1051283066491162624
1051308658393604097
1051313871825195009
1051314191598944257
1051324224374226944
1051324886663221248
1051335953724334080
1051349214876364801
1051361541105360896
1051369316074119168
1051370818888970240
1051373761600081920
1051386710670671872
1051399430740631552
1051407763153149952
1051408466542284800
1051409986071347200
1051410733962067969
1051412075325607936
1051427886153039872
1051428173076869121
1051438058611109888
1051448417942216704
1051456460285194240
1051457735953448962
1051459092227739648
1051461992559579136
1051466850817597441
1051476969307688960
1051477250191843328
1051478466518892544
1051493079071514625
1051495389168316416
1051498855483629569
1051503007001731072
1051504604612050944
1051507312861548544
1051514094635966464
1051534991484583936
1051553636231327747
1051558301148880896
1051559806685863936
1051561440375697415
1051561839660847104
1051564641451692033
1051577961596497920
1051584866792497159
1051593761245941760
1051597715648393216
1051608169108176896
1051608637586706432
1051617695219769344
1051619607084195840
1051624348199657474
1051625946636320768
1051651193003339776
1051657648469303296
1051686048919670784
1051700334354030592
1051701398407180288
1051713984284581888
1051721354075152384
1051725607099346945
1051736238410162176
1051738169106784256
1051751457064665089
1051753920316485633
1051756770685792264
1051757648201297921
1051760832533733378
1051767244026499072
1051767306425126914
1051767358031896576
1051767492669046784
1051768565571956736
1051768948100874240
1051769152757817346
1051769767646961665
1051772072001703937
1051774305481109504
1051777564459589632
1051780862864486400
1051780967302606848
1051781624533270528
1051783330377682949
1051783485147545601
1051783580773478400
1051784357109817350
1051785343618478080
1051787335078170625
1051790375948406784
1051802486590373888
1051812604933525504
1051813201111789568
1051813551147499520
1051819042745536512
1051819754099494912
1051820408012460033
1051820470297710594
1051821264048926720
1051821293841108993
1051823523960934401
1051826981682257920
1051827742185086976
1051828088613421056
1051830966732423168
1051831037649670146
1051839131788046337
1051841905498234881
1051843568099188737
1051844082530684928
1051852227671977984
1051854319778222081
1051856265121415170
1051870086166958080
1051870110267441152
1051870167557259264
1051870252534034432
1051873312425603072
1051873936995180544
1051873973036830720
1051880162587897859
1051880748951789568
1051894779737501697
1051894791494090752
1051896199093972992
1051900423269965824
1051900759539900416
1051903340311928834
1051905213081288704
1051909001959620609
1051909952187584512
1051910191703318528
1051912416370536448
1051913935522328577
1051920733243408389
1051922359358251008
1051924033330180098
1051927275518783488
1051934374390845442
1051937367869677569
1051941021502844931
1051946267750817792
1051976032608243713
1051984914705510400
1051995138535432192
1051995339027337216
1051996243717541888
1051997771111247873
1052006435167584260
1052007505839181825
1052010157478240258
1052013781377638400
1052015592474009601
1052026845351182336
1052028121279590400
1052028614940680192
1052030328737546241
1052032976173891584
1052033003445280768
1052053462010220544
1052060884246384641
1052091775676862464
1052091933789700096
1052092209405804546
1052097034096906241
1052101972902510592
1052107917502099456
1052108453102186496
1052114554568790016
1052116013695811584
1052124943830458368
1052127706891083776
1052128146600923138
1052136531434098688
1052147607357845504
1052152229459873792
1052154317946347520
1052163513832153088
1052166110945189888
1052166545449897984
1052167524853403648
1052168453040136192
1052169819108376576
1052171207435534336
1052171803039285248
1052172312630480897
1052174868656136194
1052177737551507456
1052182036713111552
1052198469555744768
1052203312328712192
1052214364302905344
1052215948902617088
1052220749296164866
1052226726472765441
1052230993053175814
1052235644473405440
1052248768937115649
1052252219146305537
1052255491978665984
1052263404965122048
1052267979243749376
1052280356240543749
1052282991525818368
1052283024463880193
1052286625017925637
1052291642240262149
1052292499983732736
1052302857813323778
1052316481365504000
1052318394131914758
1052326822535262208
1052331649617121280
1052340521857949696
1052343509007589376
1052346102786248704
1052368766791606272
1052370833220530178
1052373520116633600
1052375661707329537
1052382272563875840
1052382274027687941
1052394008880664576
1052396350552170497
1052398072725008384
1052412672677941249
1052416879556526081
1052417756606410752
1052425907380588544
1052445814822490114
1052463004321746944
1052463296262103041
1052476936549748736
1052477912132345856
1052481755813416960
1052483808111591424
1052484990036979712
1052486047844786176
1052486705062633473
1052487875294613504
1052488558357942273
1052488658798948352
1052493436920709121
1052494357155074048
1052496082180161536
1052499374402547712
1052501207703531520
1052501823456768000
1052506083187552257
1052506494569259009
1052519310323838976
1052520709887422464
1052520885725220864
1052521790839422976
1052521842009927680
1052525819908825090
1052525896232521728
1052526758988263424
1052528349464137728
1052528452249649152
1052528534466510850
1052528901027758080
1052529422803369984
1052531053116760064
1052532364709105665
1052544366546444290
1052544636370255872
1052549161218953216
1052552057780080640
1052555408613625856
1052556819585855488
1052559901569032192
1052563789676244994
1052570262787510272
1052573591643086848
1052573861860921346
1052577700928339969
1052578976957382656
1052579310832406528
1052579658393358337
1052580857561665536
1052584441154031616
1052584541011886080
1052586415454871552
1052586576482578434
1052587306723491843
1052589852259176448
1052591108050563074
1052594299974619137
1052595632400027648
1052598323037769729
1052603771883147265
1052604324449280000
1052604483589541888
1052606143325822976
1052606253220810752
1052610577749745664
1052610580899454977
1052611212989616128
1052611495249567744
1052611701193863168
1052618336188751874
1052623687676035072
1052624956453003264
1052626099841232896
1052626607356035072
1052637278479106048
1052641850291417088
1052647196775075841
1052650428482146304
1052650734657753088
1052661312277245952
1052663377976328192
1052671640331534353
1052674073455550464
1052674271644913664
1052677344182263808
1052681447608176640
1052681733492105216
1052683113434935296
1052695550368337920
1052697120736653313
1052719478478262272
1052721561348726784
1052725514048233473
1052730153019891712
1052730845440675841
1052732629689270272
1052751872757563392
1052756153870966784
1052756914717806592
1052763252042715137
1052769566336663553
1052773331668217856
1052773668890320897
1052775555035254784
1052775797474373632
1052777190423711745
1052788067008991232
1052789566103465984
1052792586459643904
1052792992443060224
1052794694504050690
1052806191070367744
1052807082376916992
1052808409446113280
1052810127026348032
1052814971845906432
1052815588010078208
1052816836646068225
1052818363255349248
1052826929823457280
1052832187807145984
1052850040451059714
1052852172185133056
1052857993258258432
1052858258757754881
1052860774211674112
1052861851434807296
1052862173297270784
1052862705143599104
1052863749877637120
1052864198739415040
1052867704334495744
1052870680193069057
1052871236353634306
1052876573588770816
1052876947292872704
1052877449355251712
1052878451403833344
1052879198380089345
1052880917230968837
1052880973698723840
1052881118544969728
1052885162332164096
1052885797299507200
1052887713656045570
1052892132183339008
1052892371438981120
1052895315030929408
1052897660066131968
1052899540775268352
1052901415620816897
1052909620514234368
1052912582108024832
1052912671027331072
1052922236565446656
1052923510362763264
1052923769608638464
1052924094214270976
1052926870847725570
1052926898546909184
1052927292807270401
1052931848668622848
1052936991313186816
1052939998599802882
1052942435934965765
1052943672839495681
1052944174042021890
1052945972152737793
1052952980356521986
1052953090284904448
1052962343062142976
1052963357945470977
1052968724985245699
1052972019615244289
1052972894555332608
1052977137060388865
1052979402013700097
1052985913008148480
1052988044788334592
1052994165963980801
1052994941478215682
1052997336006307842
1052998017568124929
1053007824807227397
1053011727481298944
1053037479278850048
1053050638089764869
1053053726733287424
1053056109521575937
1053058195776815104
1053061391429578752
1053075640457543680
1053078134243950592
1053082781520060417
1053085214224846850
1053090475995885569
1053090642493169664
1053098966357827584
1053100283956477952
1053105270258262016
1053107419700707328
1053115534412341248
1053121159632445440
1053123142485458944
1053128607214723080
1053136665328398339
1053137904732499968
1053144197878837253
1053160658861256704
1053167013902909440
1053174062153818112
1053192704602054656
1053192777968873472
1053194079062900736
1053203436303499264
1053217473212760065
1053218055378165760
1053227160381636610
1053229271781687296
1053239850227384322
1053240438268805120
1053261071396544512
1053261541930401794
1053265354527408129
1053270793612918784
1053273364834476032
1053276653571452928
1053277021847994370
1053279145977962497
1053294806946996225
1053295335420948480
1053296059248709632
1053301153759461377
1053301716651855872
1053302695581364224
1053304077197733889
1053304886694211585
1053319987803443205
1053321516287434753
1053321569114734594
1053322349255237632
1053325500880437248
1053333264512020481
1053337491552518146
1053338449095274497
1053342325072650241
1053346383456075777
1053348901321760768
1053350274922762240
1053351451433582594
1053353085362454529
1053355030043082752
1053355635247591424
1053362089614565376
1053363757542526976
1053364697888706560
1053376306904150016
1053376740574130176
1053381913291841537
1053383797528379392
1053383892290490368
1053384211883671553
1053384504235229184
1053385645522149377
1053387160953413632
1053388427188756485
1053389814656106497
1053390425350901760
1053391935107293184
1053393874645737473
1053394576457617409
1053395159440916480
1053395627961389057
1053400144803172352
1053401794657878016
1053402257486766085
1053402621543878656
1053404008596025345
1053409319855763457
1053413847992692736
1053416714803834880
1053416859922563073
1053417108774760448
1053424835425067009
1053425727545069568
1053427129277247493
1053433122086416384
1053436423418925058
1053446017893298176
1053449366210396161
1053463947746201601
1053465039917801475
1053468301416755201
1053468410494046208
1053472403433680897
1053477671110348801
1053479187296763904
1053481510102216704
1053483041857961984
1053484168867307520
1053499235633586176
1053513550809980928
1053514882509824000
1053522820230270976
1053523823071555585
1053531087190810624
1053536517149392897
1053536608593555456
1053536880766214146
1053537403808501761
1053538127342641152
1053538874344030208
1053539083228798977
1053541124156088320
1053541150152409089
1053541179126697984
1053541643016646657
1053541844313890817
1053542213005729794
1053542364436983809
1053542420602851328
1053542522553806848
1053543517858000896
1053543620614258688
1053543873123938304
1053544118490726400
1053544787905785857
1053545656516833280
1053546363256999936
1053546817076559872
1053551632984760320
1053551770964815873
1053552086384893952
1053552377054281730
1053553218851139584
1053554062736678912
1053554392014733312
1053554522428264449
1053554574873841664
1053555633528758272
1053556112522387456
1053556692594671616
1053557465185284096
1053559603424870400
1053563368659914752
1053567784406396929
1053571518314266624
1053573268664475648
1053574499935940608
1053577208579739648
1053583265192439808
1053583925774352384
1053590448327905281
1053590462831816705
1053590545786986497
1053595957990965248
1053600523503448065
1053603044544442368
1053605403332874240
1053622681164242944
1053630580292837376
1053632007593443328
1053635584495964160
1053638527207071744
1053639896232050688
1053646986711314432
1053652726205300737
1053653006300954624
1053655587542781954
1053661268270346241
1053668289535197184
1053668691819278337
1053678899085873152
1053682005513252867
1053682594250928129
1053684230490861568
1053689840519335936
1053690524442345472
1053695541668913152
1053703807786459136
1053713996094693376
1053715472321900544
1053715877323919360
1053720888695091200
1053724940812210177
1053726346508206080
1053730068390760448
1053730211337003008
1053734230340067328
1053738851221549056
1053741587757318144
1053741589242228737
1053742922179301376
1053743446912053249
1053746042506633216
1053746378717843456
1053747434436943878
1053747476379955201
1053747899543273473
1053748602114371587
1053754125173673984
1053754781175595011
1053758254478692352
1053761523074486272
1053765127697301510
1053774371498614784
1053776581922041858
1053777110819463169
1053779401006108678
1053779903362011137
1053779963349028864
1053780745574105088
1053790077074075648
1053794693262307328
1053801389967601665
1053809337729081345
1053816786964148225
1053822460871696385
1053833757797597185
1053839797179969536
1053840167537205248
1053850591674294273
1053859230929825792
1053859408520740869
1053868214034317314
1053869908537204736
1053877366420893697
1053879883829374976
1053883818493526017
1053889560105631744
1053893043882020864
1053899932598501376
1053909128614166529
1053914739171098624
1053915479218233344
1053918281025945600
1053934935734697985
1053938905224040448
1053960587737219072
1053960943363911680
1053960993271898112
1053971293706567680
1053972982299795462
1053973768706670592
1053976246051373056
1053976974849400833
1053980947689992192
1053981387668234242
1053981485403987969
1053983598129373184
1053983719273492480
1053985749316591621
1053986013561778176
1053993483604770816
1053993892985692160
1053994949136605184
1053997546220240897
1053998680380989440
1053999374089494528
1054000715079868417
1054002815104962560
1054003722429325312
1054006571104120834
1054012259826044928
1054012902418665472
1054012990251511813
1054020819163201536
1054023525739233282
1054026152233328647
1054028853788602369
1054029568691068930
1054029962326523904
1054031890347421696
1054032061164650496
1054032793053904898
1054037583804665857
1054037803175014403
1054039077794701312
1054039509380284419
1054040855340822529
1054042475608731649
1054044058103021574
1054055239391891456
1054057026907590657
1054058822082412544
1054067769795403778
1054074348015943680
1054074404311887874
1054075840894566400
1054096702091784195
1054116737430548481
1054125127728738305
1054139715107147776
1054146554343370752
1054152855488262144
1054153476597526535
1054159981551869953
1054162319859703808
1054164382631018496
1054169098308014080
1054169973365596160
1054170693749874688
1054170708492869632
1054170749177683969
1054180147778252800
1054183518421442560
1054186505927745537
1054188570871705600
1054189459107909632
1054189831985815557
1054189944091107328
1054190550767722497
1054191368149630977
1054191400668012545
1054191514761547777
1054191623796473856
1054192323519606784
1054192575899295744
1054194211698950144
1054194994364465152
1054195633572208640
1054197381598654465
1054197935792156672
1054198311614341120
1054202575564619776
1054202660692217856
1054204672808910849
1054208272259997696
1054210082932580352
1054210928101617664
1054210975904292865
1054211620145152000
1054212146530152448
1054212361261735936
1054212956861284353
1054213526229667840
1054213783487279104
1054213887568969728
1054235365354229760
1054235901449113601
1054254849993265153
1054258968392953857
1054262301610729473
1054267627533553664
1054271501787004929
1054276967808335872
1054280005344206848
1054281183528448001
1054283125893804032
1054284057335513088
1054286031732793344
1054300766385700865
1054301790542483456
1054303563923513344
1054306390452436993
1054306862743597057
1054308113061462017
1054308252723412992
1054308464091164673
1054321664425648129
1054323348002533376
1054325847832768513
1054326986099867648
1054330517766705152
1054335495558348802
1054337331812016134
1054338036480249856
1054338478534770689
1054341953532428290
1054344099757735936
1054344695747371009
1054357723612033024
1054358566335844353
1054361345875959809
1054362483790696448
1054364091907592192
1054365030551113729
1054365055339253762
1054372152936464384
1054373505167372288
1054375511034601472
1054377366871515136
1054378915433598976
1054379128072343552
1054384537948569600
1054389292112531457
1054391737865682944
1054392291891314689
1054392985205555200
1054396313809362944
1054398195474878464
1054398358993977344
1054398516657741825
1054399129453920256
1054399845841207296
1054401979068436480
1054407790385659905
1054408102735437825
1054409083766427648
1054411262304681986
1054415173568479232
1054415695818248194
1054416289593262085
1054416342856679424
1054416515041280000
1054418403430027264
1054419379138519041
1054419400919539712
1054421495160729600
1054424215162707968
1054430057987534848
1054434069491208192
1054434918162460672
1054435789344555009
1054440273894428672
1054443173819400197
1054444387231502336
1054451118674231296
1054451137150099456
1054451810746990608
1054459120584019968
1054471883406614529
1054473300695498752
1054474675571580928
1054476121339772930
1054477187137581056
1054480024550686721
1054484923078361088
1054487008503087104
1054487070167642113
1054487659442302976
1054488736967352320
1054489976816263168
1054490666359799808
1054494081756340234
1054497351665180672
1054501368021639168
1054503575592820736
1054508739607199744
1054510970146562048
1054515916908740608
1054517607213293568
1054517920947167233
1054522054719037440
1054525283636662272
1054529272826740736
1054536847744004096
1054540225408581632
1054544849196724224
1054557676523393024
1054560664688230400
1054563642623098881
1054564207180595201
1054565400057327616
1054568577246945280
1054570427350102017
1054573687972786177
1054573750501310465
1054587324925968384
1054587469621067777
1054587637405810688
1054589025317765120
1054589771048202240
1054598173904244736
1054612368704131072
1054613829991071744
1054614533816242177
1054616616258994177
1054618279329681408
1054620578622119936
1054621299203424256
1054628121645928450
1054628542342987776
1054633236180099072
1054646076236537858
1054646883631751168
1054649318412574720
1054651210031095808
1054657242199281666
1054659689236086784
1054661272254509056
1054662577853267968
1054664231776407552
1054668829916348416
1054671686228938753
1054672952485203968
1054673818671857664
1054679929273679872
1054681155927072768
1054685590418087937
1054689860131393536
1054692023981260801
1054693021034385408
1054697047088082944
1054703473596514310
1054706335302979584
1054707264844640257
1054711596629540864
1054719085643288576
1054720497420767232
1054728676426899456
1054730500840058882
1054733617644089345
1054735065492738049
1054744592883556353
1054748926014877697
1054749437505998848
1054750394432348161
1054750496345460736
1054752566679101441
1054755369845751808
1054755856238215169
1054759766382333953
1054760533319069696
1054764451214381057
1054765049334652929
1054766684681240577
1054766832748511233
1054769119919329283
1054769807344758785
1054770577855180801
1054771138214137856
1054781985527341057
1054782519441326081
1054786533398642688
1054788135207485441
1054789390118064130
1054791727209418752
1054793543338938368
1054794431273025538
1054799982442803207
1054800583914409984
1054800907274215425
1054801543118184449
1054805527723687936
1054806196304179201
1054807176500269056
1054810492089352192
1054811229976477699
1054811962192879620
1054816759633588225
1054822292369432577
1054830131175440384
1054830788750069760
1054831842803601408
1054833158514978816
1054834752799162368
1054837044134916097
1054838243701768192
1054841187285139457
1054841965332836352
1054844608570580992
1054856513267867649
1054859058803625984
1054859732794724352
1054876270188810240
1054876650528223232
1054876996151300101
1054877154691964928
1054877815298961408
1054879166707974146
1054884222920351744
1054886722335633409
1054893286811451392
1054897752063148032
1054901492446982145
1054903102325841922
1054905372308393984
1054906942643159041
1054913121272311808
1054914205499895808
1054915908362215424
1054916900340166656
1054917124722839552
1054917370936868866
1054917724109910017
1054920464659767296
1054920892696776704
1054922669731147776
1054923368464474112
1054924505364103168
1054928274873245696
1054937936007966720
1054942439050334208
1054948590378991616
1054951939841114115
1054961052507627520
1054961825111031808
1054962585706131458
1054962966376955904
1054972730695651329
1054973458893955072
1054973872834052098
1054976615044792320
1054977000518152194
1054979919971840000
1054981386497650688
1054984197008437248
1054987413720829952
1054992310134603777
1054994376697503744
1055001181926375425
1055006819066806273
1055015629625966595
1055015919058063360
1055016444604399617
1055017189089140736
1055022784269729794
1055025607044685824
1055028172692094978
1055028863275880448
1055029984241336320
1055030127241973761
1055030479982903297
1055036263504453632
1055037896770682881
1055041365904633856
1055043861066715138
1055044339653586944
1055046951039840257
1055047687949627392
1055049720509489155
1055054087648174081
1055058808316325889
1055062193102880769
1055069065906135040
1055076855156482048
1055080551873499137
1055086007924727814
1055086411026759680
1055090037002551297
1055090178350612480
1055090511395086336
1055095355388375040
1055095393967587328
1055096814603567104
1055099356330766336
1055102148898365441
1055102424455749633
1055104429354086400
1055105131480580096
1055105166993772544
1055105423831941120
1055106762632806400
1055107744955580419
1055107937041936384
1055110524936089600
1055111556315443201
1055113948310188034
1055114611425505280
1055114821564276738
1055115455319470080
1055116882897002496
1055117672092983296
1055117721837416449
1055118235715067904
1055118246746210306
1055119238191411201
1055121366360440832
1055121796268220416
1055122085704536064
1055123167470145536
1055123225246453762
1055125464619065344
1055128041586864130
1055128160315076610
1055129595178090498
1055130804836286464
1055131147494154240
1055134229439356933
1055137633125449729
1055138897309523968
1055139526455255041
1055139602615406592
1055141013759488000
1055141343968800773
1055141422666600449
1055142904132460544
1055142974164746240
1055143105878474753
1055143617570848768
1055144022304534528
1055144051673088000
1055144330187493378
1055144493215821824
1055144867872018432
1055144887379681280
1055145211834388481
1055145241617981440
1055146008303333381
1055146288902234113
1055146812443631617
1055149121600921601
1055149534886744069
1055149604528906246
1055149861195079680
1055150199973314560
1055150220663799809
1055150705927958529
1055152001128878081
1055152039301390336
1055152335851122689
1055152358072582144
1055153724891557894
1055156226907090945
1055157533000646656
1055158047667052544
1055159015418736640
1055160708516724739
1055161976031072256
1055162278461534210
1055162875289972736
1055163113090281474
1055164144800940032
1055165411187179520
1055165800699650048
1055166127544819712
1055166719746990080
1055166849409662977
1055166877910159360
1055167087214317574
1055167137554124800
1055168061957824512
1055168145097351169
1055168163065647105
1055168958691766272
1055169508569202689
1055170292069232641
1055171374636064774
1055171764672700416
1055172233205694464
1055173184482201600
1055173553316782080
1055173658593787905
1055174779156738048
1055175397791490048
1055175472039030784
1055175850805641216
1055176086919831555
1055176237914734594
1055177114784272386
1055178222667624448
1055179785448669184
1055180177200824320
1055180434328317952
1055182556205731840
1055183241563508737
1055183380394975233
1055185985070419968
1055187124679364608
1055189273396293633
1055189559863111681
1055190618077417472
1055192291604922368
1055192352460021765
1055193365770395665
1055196298440138752
1055197649438236674
1055197702282207232
1055200802275577856
1055201038595055616
1055201220883898373
1055201610522157058
1055202130632544258
1055202563883196416
1055203027789897728
1055204480147320833
1055205534318714896
1055208509615202304
1055209244579061760
1055210233168125955
1055210795641044997
1055211147975122949
1055212378969772033
1055213058358939648
1055213772753850368
1055213878882299904
1055213969454043136
1055214312552390656
1055214731995299846
1055214786944921601
1055216010398175234
1055219226854735872
1055220248331411459
1055220321744183296
1055222691119226881
1055222925219909632
1055223683478970369
1055225052915027968
1055227340924612609
1055228269518381056
1055228506064465925
1055229846153035776
1055230385540554752
1055230437579255809
1055230977788674049
1055231045329666048
1055231636286177280
1055231846001315840
1055232198331101190
1055232323736743937
1055233961205682177
1055234741333565446
1055237571662483456
1055238630309052416
1055239793783771136
1055240957971427329
1055241242655842304
1055241786090676224
1055241932908228610
1055242308306657280
1055243336733212672
1055245185137995777
1055245593256243200
1055246861483810816
1055252608099659776
1055253955436072961
1055254023383576577
1055254270579220480
1055255410465271809
1055256068115247106
1055256784053649408
1055257488302456833
1055258421967183874
1055259565724495874
1055259825775489025
1055262037859844098
1055265805607174144
1055267308434788352
1055267677521018880
1055268095298756608
1055270051077648385
1055275497406582784
1055276714580959237
1055277704474439683
1055277818110717952
1055278142720561152
1055280809488277506
1055282747235659778
1055283695144230912
1055283794570174464
1055285049501741056
1055285288170414080
1055285760834834432
1055291106508836864
1055292844171235328
1055297652118700032
1055300190100324352
1055301065011355651
1055303605522063360
1055304024965177344
1055305829757435904
1055311208960741376
1055313974466502657
1055316219035901952
1055320192711057414
1055322249195069440
1055325327818289152
1055328130863222785
1055330212492103681
1055334736057458688
1055335470891220992
1055344904300163073
1055350174451679232
1055352909125337088
1055354666148519936
1055354966016110597
1055358407471857664
1055359552588316672
1055364095346688000
1055364098332991488
1055366584674500608
1055366889273286656
1055373008234315776
1055373781668003840
1055374291322236928
1055376755589107713
1055377408906293248
1055378288854609920
1055383569571463168
1055384037244588032
1055384119385907200
1055384477214654464
1055385899423449088
1055387730232926208
1055389327247708160
1055390006922170368
1055390179723300864
1055393683233591297
1055398004214194181
1055399217081040896
1055401752227397632
1055403679531065345
1055404344743473152
1055404866074484736
1055408222163685376
1055408300190298112
1055408502141845505
1055408992015601664
1055409938246262785
1055414177454546944
1055414459714453504
1055415249501863936
1055417057645420545
1055417728755027970
1055419417780137985
1055420024289136641
1055424103254032385
1055424701378498562
1055425040701931526
1055428017374121984
1055431117375967234
1055432822813532160
1055432961628233729
1055436412265381888
1055437902954422273
1055440394362728451
1055442156796739584
1055442738559283200
1055445469189541888
1055447274283810817
1055449173431066626
1055449249792573440
1055450634755833856
1055451193009422337
1055451250450292737
1055453473863598081
1055454279606054912
1055454635706568705
1055454783350300672
1055456765557522432
1055457481516896256
1055459984694231041
1055461476956360704
1055467605337624581
1055468972672536577
1055469893729050626
1055470641577709570
1055473585974726658
1055474131645407233
1055478151071981570
1055480951176904704
1055480967127801856
1055484699215200256
1055485563237752834
1055489485746659330
1055490844084580352
1055490941178572803
1055491103502168069
1055492198630875136
1055492305166098432
1055495603961151488
1055496526733094912
1055497796747386880
1055498502808100864
1055499349080395779
1055500313489104896
1055502217489326081
1055502693282840577
1055504783224856576
1055504941714980864
1055505093175504896
1055505417789431808
1055506423583555584
1055508865524137984
1055510013085593600
1055512202818584576
1055512867749937154
1055515420801802240
1055516637162463233
1055518207908438016
1055519123537567744
1055521478647541760
1055523176925577221
1055523629058981890
1055525277424599040
1055526514337505281
1055526633417986054
1055529229314592768
1055530252305223681
1055533116553478144
1055533398427660289
1055533593471025152
1055534364803690496
1055535329908846596
1055538551121760258
1055541512971390977
1055544045831929857
1055546736989687808
1055547067676983297
1055547263110574093
1055547390613209088
1055548857776594946
1055549323763740678
1055550565709684736
1055551407108120577
1055552147406897152
1055558348676980736
1055559823369089025
1055559872043868160
1055561890338791424
1055565372018049024
1055565730220032000
1055568996320329729
1055570149204484102
1055571138783444992
1055571853505425408
1055572624808468480
1055573323571191808
1055579163678117890
1055580250501873664
1055587818272112640
1055589198919397376
1055589276207984641
1055591000909979648
1055591491639357440
1055593186138120192
1055597461597835271
1055598651320516609
1055602207674888192
1055603000369168384
1055603266288082944
1055603601446526983
1055603669373194240
1055603971795177472
1055604188628115457
1055607087718252545
1055609954546188289
1055611742565199872
1055613226946162693
1055616678854299648
1055621079937486853
1055623403984613377
1055623781484384256
1055623822169202693
1055628524415938560
1055628617105862657
1055631798493945856
1055632711992233984
1055633864574599168
1055634056690442241
1055635982299607040
1055646358164492288
1055649598683832320
1055654211176804357
1055657485254754304
1055663001569767424
1055674374852935680
1055674475960627201
1055697193145896960
1055715895182536704
1055717020459769856
1055717405895393280
1055721858996363264
1055739073657270272
1055743089703297024
1055746079248052225
1055747686278647809
1055748921463619584
1055749463661334529
1055751176778596352
1055754016314011648
1055757392288378880
1055762652570546176
1055764851883208704
1055776980522713089
1055788122687053824
1055796096675598346
1055796825033228288
1055796959682924544
1055797206303862785
1055799002300604417
1055799323873759232
1055799455289655296
1055800034955091968
1055801598599983105
1055809604691599360
1055811035343609856
1055812200118583296
1055814180631183360
1055816987065094145
1055819287653429249
1055820191727267841
1055820908332486656
1055824540591214592
1055828236200898561
1055828564212416512
1055828984892518402
1055830472184467456
1055830532557340672
1055831670895501314
1055832961512235008
1055835496969048064
1055837338255929344
1055837578887393281
1055837583631106055
1055837980798132224
1055838828915757056
1055839834273734657
1055840891716268032
1055841225536954369
1055841325789134848
1055845411020267520
1055846485311569921
1055846630728044544
1055849061763502086
1055849310066069504
1055849440332931072
1055850698926161922
1055851012953595904
1055851043576152066
1055853798726483970
1055855990753689601
1055857379466592256
1055857858871472131
1055858444157112320
1055858624361304064
1055860662474285056
1055860816702926849
1055861111571075073
1055861351481073664
1055861566636281858
1055861988176379905
1055862370692665344
1055862819424518144
1055862869617721345
1055863689398542336
1055863726719594497
1055863834928279552
1055863876036612096
1055863925084811269
1055864136070918145
1055864310134644736
1055864455697850368
1055865564667801600
1055867423574781953
1055868093816201218
1055870337777315840
1055870355003322378
1055870795807748097
1055872095614365697
1055873069527515137
1055873117782974464
1055874198222958592
1055875599120678917
1055878059927179265
1055878651319848961
1055878818253148160
1055881165784207361
1055881861367398401
1055883223950077952
1055884035946434561
1055884168909836289
1055887534822227968
1055890303503216640
1055894541440552960
1055894730607878144
1055894948334264322
1055895056886820864
1055896606711533568
1055900151313846273
1055902118027149312
1055903326829666304
1055903843987476480
1055904057452384256
1055905934818586631
1055906347848482816
1055906393679630336
1055907348294893568
1055907360466706433
1055907704395522048
1055910176522412032
1055910593046241283
1055914744534781952
1055915705034530817
1055915892549201920
1055916093020225537
1055917654962253824
1055919574703632385
1055920747447808001
1055923632264765440
1055934126002462722
1055935316337614849
1055937773390184449
1055937832513126400
1055937888318251008
1055937905074552833
1055938030488379394
1055938216723972096
1055938357656780801
1055938370239643648
1055938374853386240
1055938400006615043
1055938436056670208
1055938543468601345
1055938684803936256
1055938723395788800
1055938837904613377
1055938886529114112
1055939132336291840
1055939488441122816
1055939547140214785
1055939547140444161
1055939565188456453
1055939778678480896
1055940041673854976
1055940115065958400
1055940270238375936
1055940390182940672
1055940423355523072
1055940612925636609
1055940706861084672
1055940867939229697
1055940958515159040
1055941083086143490
1055941160277958657
1055941193400545280
1055941291572428802
1055941305816309760
1055941346509406208
1055941614928060416
1055941617859878914
1055941668640342017
1055941682053742598
1055941706804289538
1055941710549839872
1055941979010449408
1055942084291649538
1055942325044740101
1055942569564258304
1055942661406945282
1055942760807596032
1055943134113280000
1055943179013365760
1055943413038759936
1055943439475531777
1055943455824900097
1055943639099150337
1055943749841416194
1055943874416381952
1055944032969416704
1055944039655239680
1055944050161995777
1055944281674956801
1055944738866585600
1055944749771907072
1055944784559230976
1055945031633244161
1055945189733400577
1055945678814363648
1055945803376873472
1055945854547189760
1055946247545204737
1055946331867484160
1055946599871008769
1055946811276439552
1055947286063140865
1055947768404078594
1055947795654356992
1055948625308729345
1055948769576058880
1055948894167855105
1055948941974560773
1055949180613476352
1055949237236785153
1055949518695514118
1055949627730595840
1055949684370489344
1055949945650470912
1055950170058149888
1055950684263251968
1055950917483356160
1055950936798040077
1055950948923834368
1055950967387021312
1055951181296484352
1055951240444723202
1055952786448359424
1055952992824897536
1055953039809527808
1055953249948205057
1055953273415319552
1055953422757908480
1055953491124936704
1055953541439746048
1055953679860228096
1055954282137247744
1055954363955310592
1055954813555486720
1055955459071533056
1055955651996803077
1055956722416865282
1055956940101169153
1055957370843607041
1055957713933475841
1055958113214447616
1055958541880778752
1055958952100282368
1055959496500092928
1055960190271410176
1055960339974483969
1055960343363620871
1055960578647318528
1055960666316640256
1055960974598070272
1055961058899304449
1055961120564015105
1055961274469793792
1055961282443202561
1055961685956194315
1055961776129490944
1055962536976224256
1055963775138963456
1055963885021396992
1055964148851445761
1055965001524092928
1055965380697579520
1055965913806225410
1055966205742329856
1055966310985740288
1055966503109976064
1055966651571671041
1055966770710876160
1055966816399433728
1055966834887966721
1055967491694960641
1055968729027219457
1055969550687199233
1055969692437774336
1055970094260473857
1055970545978748928
1055971177649369090
1055971287137378305
1055971437708746752
1055971594164752389
1055971732543041536
1055972317229187072
1055972919141003264
1055976191923048448
1055976440741515264
1055977330689130497
1055978564242362368
1055978607451860992
1055978621276311552
1055980103115726848
1055980968425611265
1055981225544990720
1055981984705478656
1055981990560874497
1055983675018567680
1055984810391289856
1055986357263306753
1055986774168735744
1055986810223058945
1055987372712648704
1055987405419880448
1055987534587707392
1055988295442751488
1055988413286047744
1055988908234862592
1055990741162430464
1055991833757696001
1055994023192748032
1055994425845923840
1055995598996938752
1055996875730497542
1055998011543900160
1055999635989229568
1056000390141902848
1056000431648722944
1056002555661221889
1056003324074323968
1056003811620384768
1056004799622193152
1056005886756446216
1056007671890018304
1056008470049288192
1056009027065384961
1056010557143298048
1056012406382415873
1056013408917643264
1056014006123724801
1056014709910978561
1056015070218670081
1056016851505840128
1056017399302877189
1056020199009345537
1056020516102791169
1056021089019719681
1056021956821172224
1056024548901076993
1056025805535567872
1056026218229751808
1056027752112029696
1056028844208021505
1056029070801190913
1056029373214662656
1056029454567464960
1056030353427701761
1056030799676497920
1056031148638265344
1056031637702533120
1056032893917642754
1056032947592036358
1056034312833953792
1056034803584131072
1056036588243898368
1056037150280552448
1056037747130015745
1056039232332918784
1056041875172290561
1056042508495384577
1056042871328006144
1056044220614492162
1056048494190837761
1056052426371809280
1056052435561734144
1056053542450978816
1056055255828324353
1056056023390183424
1056060052434374656
1056060378768039936
1056062248161067009
1056062846679900160
1056065254201864192
1056065866570260480
1056072495273558016
1056073725034950656
1056074569750994946
1056077482271506432
1056078830752849921
1056079555096498177
1056081616596959232
1056085744635297793
1056086582258794498
1056089364311113729
1056090435561512960
1056091459219275776
1056096912074522624
1056097828420780032
1056099747331796993
1056101446033268736
1056106894002188289
1056106930492633089
1056107236253163521
1056109353126645761
1056112077344067584
1056116702088441857
1056117071044624384
1056118445941637122
1056126482131628032
1056128100822540288
1056128709827182598
1056133697282424832
1056133814001356800
1056139067652497409
1056139899001339904
1056140433766510592
1056140650754793472
1056142050679275521
1056142840873607169
1056142967969406976
1056143942717202438
1056144059306262528
1056144386545803264
1056145290321752064
1056145368335990784
1056145454755430400
1056145828874764290
1056146215593639936
1056146959264870401
1056147119063662598
1056147429429534720
1056147841738006528
1056147951188369408
1056149863564484608
1056150133086183426
1056150279026958336
1056150625912848384
1056151499598848000
1056153561074036736
1056154217482805250
1056156086485635072
1056156236645875712
1056158469269598208
1056159220897210368
1056160406207713280
1056161096304918528
1056161411993427968
1056162213088571392
1056163961714958336
1056164678517342208
1056165047200694273
1056167104901132290
1056172609098969090
1056175340027080705
1056175832857800704
1056177769359568896
1056179435332911104
1056179853916020736
1056180782966833152
1056181571479396353
1056182742105444353
1056184580913287168
1056184898849927168
1056185733080326144
1056186332001824774
1056186933481635840
1056186965769510912
1056188044125110272
1056189776393424896
1056190096398008324
1056190221417619458
1056190373226274817
1056190380784402432
1056191176464838656
1056191238536347648
1056193311340281861
1056194181251633153
1056196480996913152
1056199003874848768
1056200540240015361
1056201151325134848
1056201661767651328
1056201711696588802
1056202530441609216
1056204246306054144
1056205177030533120
1056205239093735424
1056205625821184000
1056208683875463168
1056209823056961537
1056210101164482560
1056210392597360640
1056210601528229890
1056211933211320320
1056212044368756737
1056212250325929985
1056212283871776769
1056213026683138048
1056213965343260672
1056214012403290112
1056214214921084929
1056215367515848712
1056215946732429314
1056216132967755776
1056217014916734977
1056217293540212736
1056217383730339840
1056217661795954694
1056217698693197826
1056220052989579266
1056221235334377472
1056222134173868032
1056222362373406732
1056222656385564672
1056222671913078785
1056223786314412032
1056224066909208576
1056224207015759872
1056225586077667328
1056226287377960960
1056229018285027328
1056229564484120576
1056229749348024320
1056229911248166913
1056230208544690177
1056230538606927872
1056231010596253697
1056231547869773826
1056231719018188800
1056231911545364480
1056232482771587072
1056232534810464256
1056233763720507392
1056234208329392128
1056235308902178817
1056235857957568512
1056236403200327681
1056236672050962432
1056238653863792641
1056238809476726784
1056240086239588352
1056240225876369409
1056240454616973312
1056242313805160448
1056245715335229441
1056250707878252544
1056255417611943937
1056256692977983489
1056256747265032192
1056256797810589696
1056257055948967938
1056257662042755072
1056257688009506816
1056258436021870592
1056258442275491840
1056259788131098624
1056259914367156224
1056260888276037632
1056261891146825729
1056264241659949057
1056264354063179778
1056264475257511936
1056266250085515264
1056266635328270336
1056268947648102400
1056269237474349056
1056269321381519361
1056270058723401729
1056273604160184320
1056276973855621121
1056277309764833281
1056282085453938689
1056284422960377856
1056286174514503680
1056288782687727616
1056288962438971392
1056290342801149953
1056291278546030592
1056292696220938241
1056295125545029632
1056296843955425280
1056297296349007874
1056297780153667586
1056298538454269952
1056298864418963456
1056299415273648128
1056301151933599744
1056302122910642176
1056302885007441920
1056304608874823684
1056307571756167168
1056308817464565761
1056309743138959360
1056314451123671046
1056315322821722117
1056317235013120000
1056319967602176000
1056321592861450244
1056325937690750983
1056326057698189313
1056329398901604353
1056336815668498432
1056346233164455936
1056347089314045953
1056351917692084224
1056354210730643456
1056359749724205056
1056360367969001472
1056360649587073024
1056364087880355840
1056368208804950016
1056368683172413440
1056368730995855361
1056373526322667520
1056375679670013952
1056378345569509376
1056380872645984257
1056388797800288256
1056389473909510145
1056389988957503493
1056394796921610240
1056398995390689280
1056409150656262144
1056416962568286208
1056417132811038721
1056417920094396416
1056429390244929536
1056434723612807168
1056443584210182144
1056448850985213960
1056452289907617793
1056457873696456704
1056465335866585088
1056469963450400770
1056480478600089600
1056480551979413504
1056480921904431104
1056482155864350720
1056484506360799232
1056485843081211904
1056487444474982400
1056489542742622208
1056492488943431680
1056498606360981504
1056499614659067905
1056502031014416384
1056508992292294656
1056513645868273670
1056515122259247104
1056515275749842944
1056515568965169152
1056518073782546433
1056518148042776576
1056518914895683585
1056520069033930753
1056520462455500801
1056522715211988993
1056522790269005826
1056525220817833984
1056525396282408961
1056531989241778176
1056532689262649344
1056534098708234245
1056534792701906946
1056534866941100032
1056537036046417921
1056538167959011330
1056539957156765696
1056543557106962433
1056543700568788994
1056548831863693312
1056550654729162753
1056553026591150081
1056558558484094977
1056558611315548161
1056560816726650885
1056562778775797760
1056563375608451072
1056564360234049538
1056565557078704129
1056565578914283521
1056566348124381184
1056569963639685125
1056571954247933954
1056572102311055363
1056572876147515394
1056575172113772544
1056575447675400192
1056576536088702976
1056579566884569089
1056581860770435072
1056587712248119296
1056591424785833985
1056592932055199747
1056596979562766337
1056599260412678144
1056600213798842368
1056607554984263681
1056608640629686273
1056609471286444034
1056614807011356672
1056615652591575040
1056618627179429889
1056619832198815744
1056620528071405569
1056621950787899392
1056622011961827328
1056622425146830849
1056623207804006400
1056623815566999552
1056626606444228608
1056627505271136258
1056636509732958208
1056640281972539393
1056646550368280577
1056650052163104769
1056650369256763392
1056651037006839809
1056652599791894529
1056655524912078849
1056659294744014853
1056669194564067328
1056673346069368832
1056685692426899457
1056690754947493889
1056692422607024129
1056695819984789504
1056696382877323266
1056698498505236480
1056718978440196096
1056720021991444483
1056721379058434060
1056727141386194944
1056735743052316673
1056744772965199873
1056758264812224512
1056759987412836352
1056763036961099776
1056763410363363328
1056764196824576001
1056772378213171206
1056773751856029696
1056773797582331904
1056778320291885056
1056781705539805185
1056783992224137216
1056789338720210944
1056789800953544704
1056791401495715840
1056795286562070529
1056797718948052992
1056797781002764288
1056798343064633344
1056808780569108480
1056809662639534080
1056810250689343490
1056811759388872704
1056814504204365824
1056814860225306624
1056825554450624512
1056830100631707649
1056835111520555008
1056835168206512128
1056836069990260736
1056836294779777024
1056842074350329856
1056842281326645248
1056842855518556161
1056844178393567232
1056847130357309440
1056855733722058752
1056860338963005440
1056861182118715392
1056862979952705537
1056863517452713984
1056863725557288961
1056863950766329856
1056869680604987393
1056870783698460673
1056875439816355841
1056877020209184769
1056882308400189440
1056886040898617344
1056886124814118915
1056886393669083136
1056893661324197888
1056901005441409024
1056903152014946304
1056903774839693312
1056911068335869952
1056913592782589953
1056914631791403008
1056914684039831554
1056915109124009985
1056917474871033857
1056920537375612929
1056922512825745409
1056924857122873346
1056929226002194433
1056929453635444736
1056929967869702145
1056931161996488705
1056932017194106880
1056938912483024897
1056939980067618817
1056941062214860800
1056941428796846081
1056944158051651585
1056945583687131139
1056948332629843971
1056948908222545920
1056949481030275072
1056951063222382594
1056952412848750592
1056954857280675840
1056956289211744257
1056959864021377026
1056960637866262528
1056962540817670144
1056964374374637568
1056964864890077185
1056968264532836353
1056972067755773952
1056974813787500544
1056974949674496001
1056975786840862722
1056976139921620992
1056977196970061824
1056977662990827520
1056980486403252224
1056988025174085632
1056988098398175232
1056990069729292292
1056993129163907072
1056994385223540736
1057000670363033600
1057001783569072130
1057006104130002944
1057007545729105920
1057010488003969024
1057012463965794310
1057013073385582593
1057014400031342592
1057017310903496705
1057018169867599872
1057020998929842177
1057031386132033536
1057032359206404097
1057038691347005440
1057040600581718017
1057048512725245952
1057050453425487872
1057051089286115329
1057052936042364934
1057053775729512449
1057058397177167873
1057063120223563776
1057064085764952065
1057072015092240384
1057089979313258497
1057090600049078272
1057094108857098240
1057095556462338048
1057095842107076609
1057097235140370432
1057100266347073538
1057101185214230528
1057104702574186496
1057108580287926273
1057110283104202754
1057111432339156993
1057114698011693056
1057116842576109569
1057119836055187456
1057125355310350336
1057129773317701633
1057130589826891776
1057133436056559616
1057146507185582080
1057148185746006018
1057149755703353344
1057152638024790016
1057163772631105536
1057164772125356032
1057166568138964992
1057167726597287936
1057167997935251458
1057169281023180805
1057170314071814146
1057172990868291584
1057179164036513792
1057186655499632640
1057190790638710784
1057192575331954693
1057192599658905600
1057197599676121088
1057197842131935233
1057198157954777089
1057199821835132929
1057203936036376576
1057204154135793665
1057209374836514816
1057209571071156225
1057209753120710657
1057211159038824448
1057212871703228416
1057213694927663106
1057213996900720640
1057214235556659200
1057219657533407233
1057220495559417856
1057226001015549953
1057226300061085696
1057227518237904896
1057227826364059648
1057229497374830592
1057231437643083776
1057233668190670849
1057234918928011265
1057237831444127744
1057241293485731840
1057241500206227456
1057241566060990464
1057242048401526784
1057244686199463936
1057248450193117184
1057252231773388802
1057259474912755712
1057263355050680320
1057266844724150279
1057268383547318272
1057269606262468615
1057270643073474561
1057272020063404032
1057278356809371650
1057283505766518786
1057285427139358720
1057285750427914241
1057288509130719233
1057294369429045248
1057298634675511296
1057299190357901312
1057299479764914176
1057299495258648577
1057301134812082176
1057301298410860545
1057302096712622080
1057303189178011649
1057304425667223553
1057305814161977344
1057305884257329152
1057306362168987648
1057307343397052416
1057308790670843904
1057308883822219264
1057309343090163712
1057311318309564416
1057311731318439936
1057311767385333760
1057312259930816512
1057312327442132992
1057312994634485761
1057313651059838976
1057314487982833665
1057316285485408256
1057316424354414592
1057316880266842112
1057317387001913345
1057317758101266432
1057318099949682694
1057318486492491776
1057321787145494528
1057322959466053633
1057323393983352840
1057324729030258689
1057324764287496192
1057325112607805442
1057325257109970944
1057326238035935232
1057326417258532865
1057326490218565634
1057326787607302145
1057327314764148736
1057327515839000577
1057327946925510657
1057328913737834496
1057330980652953600
1057333023283150848
1057334087206211584
1057334195171794944
1057334768524759041
1057335798230540288
1057335841012494336
1057336001218203648
1057341618242707458
1057345956419534848
1057347920612093952
1057348291812380673
1057348895800406016
1057350976993181702
1057351142609321984
1057351213560291328
1057351586014318592
1057357498296995841
1057361009780891648
1057361555866574848
1057361593611247617
1057362252058296321
1057364998991814658
1057365993427791874
1057372601570549761
1057372993893122048
1057373398475640832
1057373784146087936
1057374050304057344
1057374718020456448
1057376038798409731
1057382834397040642
1057383569612369920
1057384344057249797
1057385412249948161
1057385849699082240
1057386710210879488
1057387321492992000
1057387482138980352
1057387695620718592
1057387774196609024
1057387850403057664
1057387984343851008
1057388267778306049
1057388385587757056
1057389936637341701
1057389998717186049
1057390265059598336
1057391515230703616
1057391532574105600
1057392690206257158
1057392915444613120
1057392923799707648
1057392937670270977
1057393924564807681
1057394834737119232
1057395439983607809
1057396175249309697
1057397919043727360
1057398100745117696
1057398131896143872
1057398173415731200
1057398444338352128
1057398459056177152
1057398507705905152
1057402417644478464
1057404308411559936
1057404343656292352
1057404697655439360
1057405487019307009
1057407122017677312
1057407744548827138
1057408088335093760
1057410733674258432
1057412200007131136
1057412509517430789
1057414169237094400
1057414500981166080
1057415513083543552
1057417821611679744
1057418456621109249
1057418963729219584
1057419685615022081
1057423787828879360
1057423965034082305
1057427442934009857
1057429203124187137
1057430279948812288
1057430810972712960
1057432880429727746
1057433494488440837
1057433962581131264
1057434642872180736
1057435391551328256
1057436145695379457
1057436429222068224
1057437908322476032
1057439111068422147
1057440296781340672
1057440791574925312
1057444984788402176
1057449666466455552
1057450493977509889
1057451448617889794
1057451676846747651
1057452749279977473
1057456666759839745
1057458168731721728
1057463644374663169
1057464546170945536
1057466036088397824
1057469021921042433
1057470753753444352
1057472118126981121
1057472907499065345
1057473391337209856
1057479559698898946
1057481485689733121
1057485979043295232
1057486423245381635
1057492512938582020
1057492995027726336
1057496792382746624
1057497675287924736
1057506565111103488
1057508113245528064
1057509316159266816
1057509751100203009
1057510306442895360
1057512034915532801
1057518126319964160
1057521562268643329
1057521654992195584
1057524432426672128
1057529371639058432
1057530044434792448
1057531162204221449
1057532282922287104
1057533874664865792
1057536748580995072
1057540094339485696
1057542758611775489
1057546228999823361
1057557747812712448
1057561751695319040
1057562927778140160
1057567293763395585
1057567308292542465
1057567808257699840
1057567924850958336
1057569641600573442
1057570339260194816
1057570388576821248
1057570990463496192
1057574243595157504
1057577466041122817
1057579832907874304
1057581784098054144
1057582344876556288
1057583096500051969
1057585048340389888
1057585098873221121
1057588500869115904
1057589314568286208
1057597821858136065
1057600760668659712
1057602855455072256
1057603164164251655
1057604829277773830
1057607792536834049
1057608856665288705
1057609541586694145
1057620527718772736
1057621303232995329
1057624915803803648
1057625424149254144
1057626170722738176
1057627380481581056
1057627479786119168
1057632784464969728
1057635165856423937
1057638488999219201
1057639803901145089
1057640648210178049
1057644975473733632
1057645282089943041
1057647442571808768
1057649608913022976
1057651376392728576
1057667723700957188
1057671241644081152
1057671704527466497
1057671786727333893
1057675652621574144
1057677825262710784
1057678588194054144
1057680224819630080
1057685046209896448
1057685154733281280
1057686141237911552
1057686555282817025
1057687779306438656
1057689398186250240
1057693348981628928
1057693406766555136
1057693435220709378
1057693555035197441
1057696815389138944
1057698062351589377
1057698065715474433
1057698613093130240
1057699651569311746
1057699726362058754
1057701097802854400
1057702601859497989
1057705027446431744
1057706172898254849
1057706473638322176
1057706644337909760
1057707978550378501
1057708048586891264
1057711506358444032
1057718480861085696
1057718831320227840
1057718855613775875
1057718884155846656
1057721065168953345
1057724120744579074
1057724672723337217
1057726027299020801
1057727166895570945
1057728252142333952
1057728634226495488
1057728725230465024
1057728867002081280
1057729288718483456
1057729562849746944
1057730741872877569
1057731661666942977
1057732839867932673
1057734674041241604
1057734952513667072
1057735632431144960
1057736162989801474
1057738361220333571
1057739673206996992
1057740280970051588
1057741795889741832
1057742140737028097
1057747775763427328
1057758062726053888
1057759362129764352
1057759607475593218
1057761116598747136
1057763189180510210
1057766405196668931
1057767228106567680
1057768626898550784
1057774799689211904
1057777482773004289
1057783793925480453
1057784039313211392
