1024445119016120326
1024450101866127360
1024455731024515072
1024456803126587394
1024458988761624579
1024460312886628352
1024460705171267584
1024462998134509569
1024463302582263808
1024468927986982917
1024477027221602305
1024486677039988741
1024498988597141505
1024504552731627520
1024510998563024896
1024511012395995136
1024521291372670978
1024521723394306048
1024523843715489792
1024527234839863296
1024527237641469952
1024534050441187328
1024539737674207232
1024542162942353409
1024542943309443073
1024543108028092416
1024543986290184197
1024544721602052096
1024546762764296192
1024547434045820928
1024550188449447936
1024550220753981440
1024550575160131590
1024555329395281920
1024555394415386624
1024559821788459008
1024560373628907520
1024561842310578176
1024566810056773632
1024567231982829568
1024571060157640704
1024573270136446976
1024576535376941056
1024578028570116098
1024580840850898951
1024581433921220608
1024589444559585280
1024589446283444224
1024589559273795584
1024595731024408581
1024596049392852994
1024597652451680256
1024598726210465792
1024599734915227649
1024601540974338048
1024602946900819968
1024603834839130112
1024605080157347840
1024608855450427394
1024615533617078272
1024616135478661123
1024616675705081856
1024617903751090176
1024618090888216576
1024622655507451904
1024623161793335296
1024623314050805760
1024630102926086144
1024631889729073153
1024632148911947776
1024635242206961664
1024637781472104448
1024637881703391237
1024637940817977345
1024641208210128898
1024641365085483008
1024643139611582464
1024646556761378817
1024649924808462336
1024651588693118977
1024651666677813249
1024652574341910528
1024660135401189381
1024662339923202051
1024662812239441920
1024664405219389446
1024666025894309889
1024667374358851584
1024671283085238273
1024673708621873154
1024677111099846657
1024680573405732865
1024684842380926977
1024689274095067136
1024689367615459328
1024690278186344449
1024696562520399872
1024696872903102464
1024700692257226752
1024701290369101824
1024701338784030723
1024702128772866050
1024707207663738880
1024707368746184707
1024708247838773248
1024711565981831169
1024712656903651328
1024717853646315525
1024722064421408768
1024722136055697408
1024722516886138880
1024726576120913921
1024728356179324928
1024736355149115393
1024736483767459840
1024736884591931394
1024737271164096520
1024738184272531458
1024738242569101312
1024738530038345729
1024739562529148928
1024740775110668288
1024741245271326720
1024743596598222848
1024744493764030464
1024747596714270721
1024747866433060864
1024748955689734144
1024752646660468736
1024754152432455680
1024754564715749376
1024756615713579012
1024757567006892033
1024757672292376578
1024761011679764480
1024765008960311296
1024772446283620352
1024773311815987201
1024775162095460352
1024776701409222656
1024776777749733377
1024779241060270085
1024783656823480321
1024783740726403073
1024784942402658304
1024785217523998720
1024790316979822594
1024792347027103751
1024796161314439168
1024800268779630602
1024801178939482112
1024805418982199296
1024806823214374912
1024810489900097538
1024818371416793089
1024819583964913664
1024827091374800896
1024831939562414080
1024841992482828289
1024850133601669120
1024850765742059521
1024852380498587648
1024862698901782528
1024867682582192130
1024868364420874241
1024870018830540800
1024870379955920896
1024873313850535936
1024873807927037953
1024876607209701377
1024878430465089536
1024879408203612161
1024882855455936513
1024886387064094721
1024886760378183680
1024888002714251264
1024894508926820354
1024901950024732672
1024902698720579585
1024905968172380160
1024909909794676736
1024910520279810048
1024911695494430720
1024911742063792128
1024912732771020800
1024920224225738752
1024922945062416386
1024923024724844544
1024928891314556928
1024930110607175680
1024930431483998208
1024933716878086145
1024937675013464064
1024944377465110528
1024945641708023808
1024947572316823552
1024950045290967040
1024950413974491136
1024950507515899904
1024950834243796995
1024955143878586368
1024956053501423616
1024956910104141824
1024957753150898176
1024961504527802369
1024961580897845248
1024963166768390144
1024964986219769856
1024969195220557824
1024970913010331648
1024973232255000576
1024973982171258880
1024979022457987072
1024983053347823622
1024983496555749377
1024986227890708480
1024986687573770241
1024987253372792832
1024989820551155712
1024991606225559553
1024992733663059968
1024993252892655617
1024997422513221632
1024998544858640385
1024998660613070848
1025000019156459521
1025000232646393857
1025002996697051136
1025004313725333504
1025017366806257664
1025017967833219072
1025022198648426496
1025026861884006402
1025026897095417858
1025028117629480960
1025028891067469824
1025031485231783936
1025035550795948033
1025040029029203968
1025045841596149760
1025047218913456130
1025048919292760065
1025052480214843393
1025052481955409921
1025053557777747968
1025059709139779584
1025061894393081857
1025062179987509250
1025075572010115073
1025089509678100480
1025090309087264768
1025090407665987585
1025090437374259202
1025092891129987072
1025093851026006016
1025100827181109248
1025104447263920130
1025106162746904577
1025111175707729927
1025111892581396481
1025114777322967045
1025115121033441281
1025115389376819201
1025115737080438784
1025116933694402560
1025118510358388737
1025119604673261569
1025120493840605185
1025122808265932800
1025126536989560837
1025128902983929856
1025132635067215872
1025133491430862849
1025134170211864576
1025167805992378368
1025169310908604416
1025171532631470080
1025176165248524289
1025182532621352960
1025192095215230977
1025203400965730304
1025204122822352897
1025212908400246784
1025221569834958849
1025238517365047297
1025252413387759618
1025253803514322944
1025259111817113600
1025259716631572480
1025259776593330176
1025260080260890625
1025266944268615680
1025269402109923328
1025274353062240257
1025276545424941056
1025281136929525760
1025283899323240448
1025291430997176320
1025292218284691456
1025293167204163586
1025293830562689024
1025300312465268736
1025303264424849410
1025307806830944256
1025309226174955521
1025312928935948290
1025314594062061574
1025321090216800256
1025323455359549442
1025325531926089733
1025327490288562176
1025330536619892736
1025331442581004288
1025331576794689536
1025331905070280704
1025334168043974656
1025347784009035776
1025349874881970176
1025350074497490944
1025352476093034497
1025353906862411777
1025357106915016705
1025363410295246850
1025365896259424256
1025367850834440192
1025368645235560448
1025379227921776640
1025383056440545281
1025388374784438272
1025391639639023622
1025391794417229824
1025395870441922561
1025395953921150976
1025396685411966976
1025398539717885952
1025403853460656128
1025403951192190976
1025404630249992193
1025405870920871936
1025407630443859969
1025408330884435969
1025411359989805056
1025411484141146112
1025413071202922496
1025413898411732992
1025417197907267585
1025418498724515841
1025420886936088576
1025421991724113922
1025424656390533120
1025424832945696769
1025425707462283264
1025426430556033025
1025426570285072385
1025426701952659461
1025428597773717504
1025429056630616064
1025429125828304896
1025431877702672389
1025434656416530432
1025435840049111040
1025439417400520704
1025441330212859906
1025442788752674816
1025444976501514245
1025449096595812352
1025449105592598529
1025449897137504258
1025456428218236928
1025456496975523840
1025462083822014465
1025462428279230466
1025462726829727746
1025463970856148992
1025470608757338112
1025473154846732289
1025473579583004673
1025476515180544000
1025478572872491009
1025479026301911040
1025480506895421440
1025481303809040385
1025481419143958529
1025483493223137282
1025485313970384896
1025485753546166272
1025486471204151296
1025487817407967232
1025492009245712384
1025492110840160256
1025492450587168769
1025493359442313216
1025494257086459904
1025494768342757376
1025494858117664768
1025495400449495040
1025495618125475840
1025495841258328064
1025497556720205830
1025497732465577986
1025497870051565570
1025502440580374528
1025503817163395072
1025503876298887169
1025504874132320261
1025507875144093697
1025508601287397376
1025511129072775173
1025511134093344768
1025511528785739776
1025511767068356608
1025512839094697984
1025514392266440705
1025515124142956544
1025516975936626688
1025519524832006144
1025521857263554560
1025522645381603332
1025522650817474562
1025522803934605312
1025524536597467141
1025526127060811776
1025529341566902272
1025535319737806853
1025536953004027904
1025538997295173633
1025539730035941376
1025541005544710144
1025542522171523072
1025545158744526848
1025550532029673472
1025551280943579136
1025552904361525248
1025553791003844608
1025555319437582337
1025556213671632897
1025556666626977793
1025562563352784897
1025563974895628289
1025569756215160832
1025571680557641729
1025572472861745152
1025572745512464386
1025572992544321539
1025583690968195072
1025584916547788800
1025588981633695744
1025589240036564992
1025589317207502848
1025589529435103234
1025591456310992896
1025591593879969792
1025597658407346176
1025602510382350337
1025602689495953408
1025604333235302401
1025608272097816581
1025608455384690688
1025610656131833856
1025611146190102528
1025612134204563458
1025612551923687424
1025612700452315137
1025612972218097665
1025613205387845632
1025616253422129152
1025616356631293952
1025617263414661125
1025624863074074626
1025629246985854976
1025633193397907456
1025637887663120384
1025639417736830977
1025639688701325312
1025641188588580864
1025650806207524864
1025651827415699456
1025655364472188928
1025657921311567872
1025661139223490560
1025662480112996352
1025663847070359553
1025670165361577986
1025670354910568448
1025675766015688706
1025681463109447680
1025688920179322881
1025690699952467969
1025691318897569792
1025691877591404546
1025691924961914885
1025694775842877440
1025696288292134912
1025697693379846144
1025697875018346496
1025708901356847104
1025709478124179457
1025713185498652672
1025714267193057280
1025716220044222465
1025726734333865984
1025727769479704576
1025728496360939520
1025732841240440832
1025733577772658691
1025736195412828160
1025736800239857667
1025738494734467072
1025738662087143424
1025743678462197761
1025744735892398081
1025745144383975425
1025748706195386368
1025751518081949696
1025751968961257472
1025752520608636929
1025755024071290880
1025757825430114304
1025758187444740096
1025759173089419264
1025760758519488513
1025762642659614720
1025767000935682051
1025767582840901632
1025769555665117184
1025772399663480833
1025775690665390080
1025781192770179075
1025787374314377216
1025792352139522050
1025797556335521795
1025797677651513345
1025799722781564930
1025800783923765249
1025802058115502080
1025805151477497857
1025805174118461441
1025807813182992384
1025810311293501440
1025810311306067969
1025814151598432256
1025814824377348097
1025816835126517760
1025831232062611456
1025832444212195330
1025840780819292161
1025847888050630657
1025849512101924866
1025849879090876417
1025850857647206400
1025851818545500161
1025854504737144834
1025858886790729728
1025858905669349376
1025860612340043777
1025862630982995969
1025864003011207172
1025864064671657985
1025866731829567489
1025867214174339072
1025868922912997376
1025870188745568257
1025875099025657857
1025879355841335296
1025882788963045376
1025884949637935105
1025885035336015872
1025888890337472513
1025890471141421056
1025893832884289536
1025899259063881728
1025904124892786688
1025904542611918848
1025915295427452928
1025916966991814656
1025922672914587648
1025943045341163520
1025946265471746048
1025949200658378752
1025954482541264896
1025955492521287680
1025959968674140160
1025966208112361472
1025967218541187072
1025968805225357312
1025975019531321344
1025975893188116480
1025976365479342080
1025979675615453191
1025980921307189248
1025983604441145345
1025984304013295616
1025988300786552834
1025989501984759808
1025989864687202306
1025990991663132672
1025995137485172736
1026008970975170563
1026015232848789504
1026016700435783680
1026024063507091456
1026025454346457090
1026027023851040769
1026029858940284930
1026040635634188289
1026042095239352320
1026044290554847234
1026045882272284673
1026048547341447168
1026054186184716288
1026054503680827392
1026055491825401856
1026058652099207169
1026058674907885569
1026059222688165890
1026061097953095681
1026067843672989696
1026068990374936578
1026070181582385152
1026074999545909249
1026075351041093632
1026076422266179584
1026078177591013376
1026081801884844034
1026083917915451392
1026093972513611776
1026095469045469185
1026095509285429249
1026095932083826688
1026102879541751813
1026104895718547457
1026106201828782080
1026110514420744193
1026110951043555328
1026111975296786432
1026113706269257729
1026114288468013058
1026117313387552769
1026125821092585473
1026131984815407104
1026135775870631937
1026138504265383936
1026145421071015936
1026153620536872961
1026155919112110080
1026156566196695040
1026160836417671169
1026166521800753152
1026167105824145408
1026170061382471680
1026176522707763200
1026183591334686721
1026186826837417984
1026187653690077184
1026188816179228672
1026190327005306881
1026191657849511936
1026192409456254976
1026192619439828996
1026192908582449152
1026194132484517888
1026196808450629632
1026206903720980481
1026208301422395394
1026209051623997440
1026219997495013376
1026220987749163008
1026232954522091521
1026234521946087424
1026234914965008384
1026235047920238597
1026238998803435520
1026240354977177600
1026241020168613889
1026242284772380673
1026243720696487936
1026252713053450240
1026252909351059456
1026253533874724864
1026254972940439552
1026256005586460673
1026256586099097600
1026256606584098816
1026260514488426496
1026266610057838592
1026266646548295686
1026276399550799874
1026276870562750464
1026280382898077696
1026281468794941440
1026284002980716544
1026289616645758976
1026289682903121925
1026296383316287489
1026297163456958466
1026297429367242752
1026301844300038144
1026308817317969920
1026309250174394370
1026315926277222400
1026317897575149569
1026319371025743872
1026320648199696384
1026321622528090116
1026321984857096192
1026332682505076738
1026338353610805248
1026343098220142592
1026343297856544773
1026344556160344065
1026346544268800001
1026359388037148673
1026363040466460672
1026364758868545536
1026367272909250561
1026367935403712513
1026368060444368896
1026368402875662336
1026368563500732416
1026381047871746049
1026383747594088449
1026383980143280128
1026386083108581376
1026394226135891969
1026396045033594881
1026397996630663168
1026403561624793088
1026412576442408960
1026416757341413376
1026417400294584320
1026423208570961922
1026425173183029252
1026425204245970944
1026426835393867776
1026435700323840001
1026438416664289280
1026441170707251200
1026441186624581632
1026441513352523776
1026445217774284800
1026451656463081474
1026459019572117504
1026461654832308224
1026462918982811649
1026468004601704450
1026470385708138496
1026476458229653504
1026477308801167360
1026480465857929216
1026482353311506432
1026483534947475456
1026484747395051520
1026485301882048512
1026485606304632832
1026486855905230849
1026488363321372673
1026489435402194946
1026490563061862400
1026492598331080704
1026493549150433282
1026496464200060928
1026496653354622977
1026500050715901958
1026500811600187393
1026502081639866370
1026502709925568512
1026505697545072641
1026506376607096832
1026507366022488064
1026507871431864320
1026508425038123008
1026508697747349504
1026510826772025344
1026511862328909824
1026514269452623872
1026515042878087168
1026522699974279173
1026527410181824512
1026528497358053376
1026535441850347520
1026538448759480320
1026540800925040641
1026542589644689408
1026543220627365889
1026545963287044097
1026546044228665344
1026548566687277056
1026549063729143809
1026551019939946501
1026553800742461440
1026566821976203264
1026568124718563328
1026573368848306176
1026573424242700288
1026574282795745281
1026576669979668483
1026585081048190976
1026586638972071936
1026588733863350272
1026589663744741377
1026592437844803584
1026603867331411968
1026604651242815490
1026607275392348166
1026609483517255680
1026609766611607552
1026612802461593601
1026613420706201602
1026620121509449728
1026622748817272832
1026629318376673283
1026633792423845888
1026635888430706689
1026638292933115904
1026638448751529984
1026639488301387776
1026642352566362112
1026643302173564928
1026644502180704261
1026646937804713984
1026657028888907777
1026657637881061376
1026659319360770058
1026659926704250880
1026660610401083392
1026665945971023873
1026666330597023745
1026668480169488384
1026671863718662144
1026672102760427520
1026676663797481472
1026678152662327296
1026678993200664576
1026679043503124480
1026679508647067654
1026693482767892480
1026694529737531392
1026697476219101184
1026706441548312576
1026717163007221760
1026724417508986880
1026731158577528833
1026732078812094465
1026734413344919553
1026735707518328832
1026742712610041856
1026753254577844224
1026754587527655424
1026754630305366016
1026754761201213441
1026769317956866049
1026771233059364864
1026772239671287808
1026773451418337281
1026782888329715712
1026783451083694080
1026786528008257537
1026792316969861121
1026794950585921536
1026798798033612800
1026800035776933888
1026801882927452160
1026803258646585344
1026804112376123392
1026804350432276481
1026805920607686657
1026808248630960128
1026808449525587968
1026808976770572288
1026810026156064768
1026812615325040641
1026813514143416320
1026816827677175809
1026816982010736640
1026822058393718785
1026825423651524608
1026830349236621313
1026830510331445248
1026830702854238209
1026832735829155841
1026833361183158272
1026833828831100934
1026834716455002112
1026837042104336384
1026838902693224448
1026840609347264512
1026840730998923265
1026841256972967937
1026842720365629440
1026843927876268036
1026846378226528259
1026847873059749889
1026848286613929985
1026850357333446656
1026851524217982976
1026854371101958144
1026857379042811904
1026861710077034497
1026866703387385862
1026870634725474305
1026872899288719360
1026872973020545025
1026874631448215552
1026876037790162944
1026877172915556358
1026880345340346368
1026884673631342592
1026887654347091969
1026889668024037376
1026893445908946944
1026893698771165185
1026894189081100289
1026899617328373760
1026901179727589377
1026902886368911361
1026903747887292419
1026905953348870145
1026907256422584320
1026910322890702848
1026911078691663872
1026912479585087488
1026912988798832640
1026916332057632769
1026916848825249793
1026919934570287104
1026925844743303168
1026933855863754752
1026935337707360257
1026935348188925953
1026936362795245568
1026937353187864576
1026937944051990530
1026938141624750080
1026941057907548160
1026942502375510021
1026942927308824576
1026946536108945409
1026946920621793281
1026947474341195776
1026948254477348864
1026948813167226880
1026948836244246528
1026952209324339200
1026952317919088641
1026953900882976768
1026958953278840838
1026962182934810624
1026964613970251777
1026965404156133377
1026965647417389056
1026965939772973056
1026966522386767872
1026968173231394817
1026968408146042880
1026970664681402368
1026972364200968192
1026988451529465862
1026989294903328768
1026990770883051520
1027002642474655749
1027005199725023232
1027006265501855744
1027006541919133701
1027014415437242369
1027020338658521088
1027034183762358273
1027037151945469955
1027049487372615680
1027053147737350144
1027054767598653440
1027055749879537664
1027056217980628992
1027057613836611584
1027060305388609536
1027061621049446400
1027063671258632193
1027065218109792256
1027075075982417920
1027075754201440256
1027075875844571136
1027076671910883333
1027076948315521024
1027077226825572352
1027078470868918272
1027078793410703360
1027082950779781120
1027087962142519296
1027089594985144320
1027091460196261889
1027091631340769280
1027097647641972737
1027105641557630976
1027106098740772870
1027107699690020864
1027119689141551104
1027120929388875776
1027122265689915392
1027123073093455872
1027125051945046016
1027125509119852544
1027125535963377664
1027127369746788353
1027128562346803201
1027130301150056449
1027130343092973568
1027133102915833856
1027137849433513985
1027138451072802816
1027138553824854016
1027140864055947264
1027142584987209729
1027143451945693185
1027145704706375681
1027150424552472576
1027150871686209536
1027156558751383555
1027156892601200640
1027158143749566466
1027161231617130498
1027164692312190976
1027168389591121921
1027170306421653505
1027176474971963392
1027177703462588417
1027179914284417024
1027183047437737986
1027184420636254208
1027186787062624256
1027188331409498114
1027189592645160960
1027193833111609344
1027196735133765632
1027206804411838464
1027207332453904384
1027207977881751552
1027208758936719360
1027209949724770305
1027210301614313472
1027212885259378688
1027213076578353152
1027214093659324417
1027214204422512640
1027214874647117824
1027227046110527494
1027228618148208640
1027232132924682240
1027232160632188930
1027233916263038976
1027234319927062529
1027235578167873537
1027236151944458244
1027236521055858688
1027240674649956352
1027249044823990273
1027249643661320192
1027253811621056515
1027254330460647424
1027263331038507008
1027265775466422272
1027266426841821185
1027267063964987393
1027268223669088257
1027269773485326339
1027274004728557570
1027274408182902784
1027290979903201283
1027293580367486979
1027294797101506562
1027297597248102401
1027299570655612928
1027300754724478976
1027309032577622016
1027311512665251840
1027315618486341633
1027316298810904577
1027317110404526081
1027317994739978241
1027321073854033922
1027321787049115648
1027330415558717441
1027340691603632128
1027350801575043072
1027351273841061890
1027353604607201281
1027355181250314240
1027359901117501441
1027365563855560704
1027372186221391872
1027378718023606275
1027382433342058496
1027382738683224065
1027384696555167744
1027389239829426179
1027394298600480768
1027403398549630977
1027404806170791936
1027409728580845568
1027410040670642182
1027410456099606528
1027411247778521089
1027413808799604736
1027415528892059649
1027419494195425280
1027419505952260097
1027421230645829633
1027422931444539393
1027427961652170752
1027429201928957952
1027433319900692481
1027435476146372608
1027436501674545153
1027442390502699008
1027443706251628544
1027449555279904768
1027453358569938944
1027454460166057986
1027454570337906688
1027455204168531968
1027455654968082433
1027464541435768832
1027480535986200577
1027483369263837185
1027488907842281472
1027492522468290560
1027496695389671425
1027501445040431104
1027502726803075073
1027502994819088384
1027503103447326720
1027504566827474944
1027505087768223744
1027505263551688704
1027513558173667328
1027520797559152640
1027523683638685696
1027525849912946689
1027526423358173184
1027530045156417536
1027533976456450050
1027534004566810624
1027537043772121090
1027541370494431234
1027541970808385537
1027545702912745472
1027550191661010946
1027550336561700864
1027551326203301890
1027552595806695424
1027553621326659585
1027554005264678912
1027556545175998464
1027558232947130368
1027559757597630465
1027562748790681600
1027566973859889152
1027568074042433538
1027574030822514691
1027575758426976256
1027581835570761729
1027585206121914369
1027586469039427584
1027589811052441600
1027591553353568256
1027591639341166592
1027595712849211392
1027599286006099973
1027600132810911745
1027602743324827649
1027607448511762439
1027607953929629697
1027610077094731776
1027610154274054144
1027613210243989504
1027613465664466946
1027613546614378496
1027614184127832064
1027615966535057410
1027617271152304128
1027619053324578819
1027621282995679232
1027621961629872128
1027625298228142080
1027626831241834497
1027632545247232003
1027633061037522944
1027635929509490690
1027636877011177472
1027637993933299714
1027640711859064832
1027641828781244417
1027643481756499968
1027646200537919488
1027646560811851785
1027648146241937409
1027651487424344064
1027654383176101889
1027659962888212481
1027662095830016000
1027667016415625216
1027667180790472710
1027667767200104449
1027673911020777473
1027674127442829312
1027674801710739456
1027676552195190784
1027680860995248128
1027683721527353344
1027688070148050945
1027688696806559744
1027690268399726592
1027690368446464000
1027690650081218562
1027691258247106560
1027691853016195072
1027695961307598848
1027725203999215617
1027726305016655873
1027731918761148416
1027732882540900352
1027732912316338177
1027735506052894722
1027735546322452483
1027736465298608129
1027739863964110848
1027740811444801536
1027745506108342272
1027750095515799552
1027751841197506560
1027751910399459330
1027752583593713666
1027753842321043456
1027754488352919552
1027755372382105601
1027758374266523648
1027770882029023232
1027771585049112576
1027777829902135296
1027781700032458752
1027783327846203392
1027785963949514752
1027786016369901568
1027789399503843328
1027796350727938048
1027797213064261632
1027804003315445760
1027804248204095493
1027805068597256193
1027805208628408320
1027805834888273920
1027810501047271425
1027812497112420352
1027812955130421248
1027822427143917568
1027828390588440576
1027830726429999104
1027836410114519041
1027837032532520960
1027837591222190080
1027839268025257984
1027850444238979074
1027851227759955969
1027851989009485824
1027852118634520576
1027852800607309829
1027855740826996736
1027856346820096000
1027856456396275712
1027858435491209217
1027858752924471296
1027859311848960000
1027859729484337152
1027860204413702149
1027860247313043457
1027861697590112256
1027861979845808128
1027862226470948864
1027862338471448576
1027865129763921921
1027867088927514624
1027869467924160512
1027875896554872832
1027877361189044224
1027878167770529793
1027878938260004864
1027879354322366464
1027879814445903872
1027879829968846849
1027881714901766144
1027882250082439170
1027884530089250816
1027887478294962176
1027892174229315584
1027893186394574849
1027896621852491777
1027906143753039872
1027907733004083201
1027908648612372480
1027909824691036161
1027910641338785792
1027911580019638272
1027911954982207488
1027912230107602944
1027912501516791808
1027912550997012480
1027913644854661120
1027914471971287040
1027915946692730880
1027918296778268672
1027918820642631685
1027920437118988289
1027924729993355264
1027935882244808704
1027936171773624321
1027936628097134592
1027936791972794368
1027944163873042432
1027945455311876096
1027955493115842560
1027955617267417088
1027956377279455232
1027956856675655680
1027965117797945344
1027970677599600640
1027974000482209792
1027975255015346176
1027975729374535681
1027979303357767680
1027982734684086272
1027983894430339072
1027986265453387777
1027988100033724416
1027992987249389568
1027993271212167175
1027994331339096064
1027995183806377985
1027998661492518912
1027999176771203072
1028002477289877505
1028004723352371202
1028006892617035778
1028007665220374528
1028011424155672582
1028012443782533126
1028023524752076800
1028035801882472449
1028041990976548865
1028044507563077632
1028048065599557632
1028050156439126016
1028053547114475520
1028056801076363264
1028057225942712320
1028062853046198272
1028066561653760001
1028068668851322883
1028069095047131136
1028070113365307392
1028074514867871744
1028077323365572608
1028078602485747713
1028083587558531073
1028084302297399296
1028086426284511232
1028086634732957696
1028089633228382208
1028089805626847232
1028094839206948864
1028101529989832704
1028111672630804480
1028111808094187522
1028115307326595072
1028115382492692480
1028118212981018625
1028141028325371904
1028141585152860160
1028142977980485633
1028144064389152774
1028151041836163072
1028155730153680896
1028155891084914689
1028157840102490114
1028158141765021696
1028159106031513600
1028159202915745792
1028160071149088770
1028164042123296768
1028165750199119873
1028166071939948544
1028170429964402688
1028170977883111424
1028171326127792128
1028172600357343232
1028173943780372480
1028183260193468416
1028191384124178432
1028207542915223552
1028209210323070976
1028210471436988416
1028212007953158144
1028217586763395072
1028219251088392192
1028229270836002819
1028237568859467778
1028240151317766144
1028243634683039746
1028245009135484932
1028247081620828161
1028247977431715840
1028249494532640768
1028250073749172224
1028257297162743808
1028257843726696448
1028265746617393154
1028268484667625473
1028270554409787392
1028270557077200896
1028273271219736576
1028274741726126080
1028278139519029248
1028281645126832128
1028284841614364672
1028285530507751425
1028286537350504448
1028288629490307078
1028293736466468866
1028299928538234880
1028301524890525696
1028303126674202624
1028303965547651072
1028306551130546176
1028309669377261568
1028311250202181632
1028317490508492800
1028317799037460480
1028318080647262210
1028318495459569664
1028319243270545408
1028322902804971520
1028324051977228288
1028324885880221697
1028327890667163650
1028330524723621888
1028338272005701632
1028344434268635136
1028348182294679552
1028349022006857729
1028349957357686789
1028352458320502785
1028352532639182848
1028354046804062208
1028356563784933376
1028357242838573058
1028357884785172481
1028359582861680640
1028365434305691648
1028370943964590082
1028370959047090176
1028372312125366272
1028385090521292800
1028389463079219200
1028389866298589185
1028390066220138496
1028392537931825155
1028393853240389632
1028394103220797440
1028395175301787648
1028395484841488390
1028400608590454784
1028403498033995776
1028411910155321344
1028414197288316933
1028415767211995136
1028416089347117057
1028416205101690881
1028416731079819264
1028419385642414080
1028420357902880768
1028421653926010880
1028424085213245441
1028430713635389441
1028434790079516672
1028451036699217922
1028451233852534789
1028451304727764994
1028451551336181762
1028465751156387840
1028477690658136065
1028488032125632513
1028488035074158592
1028491614933659648
1028494337443876864
1028494781608079360
1028500283305775104
1028505767773724673
1028510074485071873
1028524021380534272
1028527296699752448
1028528053784207366
1028530237666197505
1028532782686003200
1028533094905786374
1028533134768271361
1028533981569056768
1028534062959534080
1028538059707564032
1028544021499715584
1028547476356313090
1028550434577731585
1028555833507033088
1028557371138879488
1028559227953012738
1028563792618110978
1028566799091212288
1028569213307375616
1028573286404448259
1028573609382633472
1028573864811552769
1028574501934690305
1028575170070552577
1028576487065219072
1028576919942508544
1028577590179581952
1028579845029146625
1028589449985306624
1028596962000621569
1028597291236581376
1028602289177747457
1028602939735265282
1028604510896357376
1028609005508288513
1028609772243898368
1028613555086663680
1028615994913288192
1028618833601413120
1028619277795028993
1028620131344310272
1028621079017934848
1028621400544817157
1028623144104484864
1028624028255375360
1028628107148898304
1028628449068503040
1028628694863044608
1028629717014917120
1028629897348960263
1028631111172345856
1028631265539440643
1028631752091287554
1028633792955797504
1028634947228237824
1028639842891001857
1028640009417580544
1028643819066204160
1028645789566947328
1028649332076163073
1028649491061202945
1028654971317833728
1028656263591337985
1028656761954357248
1028657200162660352
1028660497305006084
1028663203952295936
1028663771819073536
1028664382060982272
1028664916029390854
1028665076654514176
1028672702335344640
1028672913698959360
1028676983444656128
1028684077682122752
1028689453114507265
1028693328001466369
1028694523180974080
1028695804544872450
1028696432860192769
1028706216070049793
1028712724375724032
1028713569515393026
1028713710859239425
1028715143654453248
1028718685421219847
1028725766123675648
1028727760955613184
1028733320077758464
1028734233592954880
1028734626586677249
1028737504747417600
1028739742400212993
1028740667223273472
1028744583855976448
1028745816188624896
1028756965877600256
1028759569307131904
1028760397413801984
1028762872288038912
1028763116845314048
1028764816259907585
1028764934220312576
1028767050267799552
1028770861619335170
1028773599312785408
1028774597909311488
1028775614440988673
1028776583912456194
1028778108533592066
1028778190733549568
1028788164394209281
1028794073895776257
1028795706163781635
1028798473984991233
1028798821671858177
1028805129934397441
1028816657420976128
1028819935823384576
1028825894650105857
1028827452007694336
1028828519894265856
1028828725394251781
1028833409601290240
1028836222179975168
1028836224411136002
1028836405605228544
1028839043793133569
1028839176337346560
1028841324013862913
1028841751220342785
1028846039489490948
1028847756226580480
1028849475031363585
1028850898183831552
1028855897349472258
1028868518555607041
1028868626240028673
1028869062422487041
1028869707087204352
1028871297575596032
1028872462765891586
1028872585654755328
1028878832214847488
1028880997746724865
1028883080646467585
1028883413980213248
1028887605054713857
1028893761009528832
1028898600351195138
1028898989653913600
1028899469474127872
1028903922151444480
1028905042030542848
1028905963921829888
1028911283540815872
1028911333050408960
1028911768100397057
1028913907086184448
1028917426128343040
1028923405939212288
1028924230132412417
1028925826069225472
1028928704167272448
1028929250680872962
1028931305919016960
1028932071354294272
1028933699960819712
1028934433619947520
1028936267365588992
1028937206659014656
1028946805139095554
1028954889638924288
1028957125622546433
1028963700626149376
1028964318841368576
1028965635441741825
1028965871597875205
1028974166257672192
1028974261447413760
1028976928190070784
1028978597233606656
1028980798270128128
1028981720178192384
1028982730581655552
1028984984210681856
1028985497169801222
1028986256741548032
1028988784665219072
1028989614277763073
1028992795233660928
1028995771620896769
1028995957332090880
1028999379062022145
1029001385566720004
1029003436627558400
1029004779610152965
1029006387295277056
1029006396107501568
1029007027350265856
1029008546514591744
1029010199472947201
1029010228883402753
1029010651652476930
1029013786886369280
1029014558210441217
1029015511160385537
1029017229147262977
1029018925323960322
1029024398731292673
1029029544915869696
1029030431591727104
1029031448274034689
1029033367176728576
1029033425058123779
1029033638111977473
1029033747176464384
1029034899452379137
1029034982554132480
1029036104769593344
1029038352106967040
1029038641904058368
1029038711948894209
1029040434566316032
1029047333793800198
1029049240935440385
1029054567697338368
1029056174522548224
1029056928650088448
1029057903024582661
1029058108507578368
1029062901372465152
1029063153517244418
1029063978050355200
1029070782872408064
1029071210271977473
1029073425191653376
1029076610929106944
1029076612543696897
1029080152758775813
1029081339084066816
1029088229373300736
1029089317917011970
1029092821842751489
1029095196225675264
1029095892064776193
1029095909693562880
1029097568100380674
1029100129574375426
1029103153931866114
1029103978167001088
1029115411126804483
1029120112920616962
1029120493784317954
1029122746947694592
1029127047380197376
1029131619167350784
1029133057809436672
1029133535540637699
1029134321947422721
1029135441440780290
1029136633457790977
1029141283690954752
1029143018027315200
1029148919811461120
1029156464974213120
1029157487096651776
1029158368735309826
1029160107270176770
1029160774172729344
1029161441490882560
1029161584931663872
1029170404294897664
1029171768706007040
1029172966590959617
1029173128507871234
1029177958660034560
1029179316347826176
1029179780674080770
1029180354052218881
1029183628289486848
1029184124718866433
1029184370505003010
1029189893988212736
1029191317962649600
1029191914300559361
1029191916489859073
1029207228614467584
1029208558624276480
1029211058446258181
1029223061927743488
1029224970512228352
1029236560720523264
1029236563148820481
1029238242984517632
1029239852766818304
1029239885042003968
1029247434365521921
1029252038180331520
1029252289276592128
1029252939305701376
1029253594128764930
1029254168316456961
1029254614179373057
1029254844861886464
1029259449385529344
1029264219575910400
1029267570371833856
1029271273120129027
1029274398983897088
1029275688312827904
1029275750560489473
1029276649353883648
1029277214372708353
1029281527774031872
1029282368308371456
1029284132034105345
1029284717143552000
1029291612982177792
1029292385568743424
1029294121175932928
1029295478456963072
1029296570225713152
1029300282197463040
1029301119799898113
1029304045737926656
1029305041444917248
1029309198016733185
1029309666927562753
1029312180280352768
1029312659596881921
1029320789642944512
1029324795706372097
1029327810165452800
1029327812748926977
1029328705326383104
1029332137500016640
1029335267306622976
1029335707461017602
1029338957883088897
1029342054118244354
1029350472052703232
1029350739024392193
1029351079681511424
1029352033822928897
1029352070934081536
1029352886306631680
1029355425978834945
1029355646989348865
1029358617831518209
1029358981033021440
1029361783700697090
1029363410104987652
1029373089841381378
1029376267865403392
1029376600163401729
1029377769866780672
1029379406467235845
1029379976490098689
1029381478864642048
1029382147872829441
1029382355495145472
1029382375619227648
1029385028088881152
1029386051494838273
1029389560029962240
1029394150507073537
1029395610003283973
1029401442937970688
1029408492711542784
1029411489118081024
1029421050898067456
1029422653122195463
1029429924426174464
1029435656693379072
1029442838537400320
1029448563003207680
1029453318920253440
1029457204926132226
1029458536638472192
1029463750133383169
1029467637015830528
1029478527366832136
1029481816686817280
1029482055367839745
1029482565399441408
1029484537531781120
1029485251817615361
1029486917337923584
1029487099811192833
1029488843286896652
1029489280039702533
1029490012792999943
1029490227948281857
1029491442488496128
1029500605520330753
1029501360474136576
1029506640670806016
1029512134818971648
1029514570417627136
1029518707280596992
1029530922352369664
1029548313211596801
1029551638002978816
1029557052006453255
1029562468555665408
1029566075225206784
1029583942544969728
1029584176159195136
1029589544729960448
1029593877160906752
1029597437407756290
1029597736373575680
1029599451814354944
1029599534022832129
1029600043639160834
1029600630854377472
1029603576920850433
1029603605458735104
1029607304398823425
1029612843807776770
1029619812220194816
1029619889974206465
1029621307070144512
1029632225287917569
1029632815841730560
1029646319827202048
1029653555005796352
1029654742396481536
1029664996215713793
1029668961074536448
1029671971024515072
1029671988896444418
1029674368400584704
1029676317468499969
1029679622168834048
1029680561705500673
1029681916474220544
1029684373463945216
1029690108772007938
1029691814171705345
1029691835977854977
1029692481150099456
1029700923772346369
1029702785216983045
1029705160098963456
1029706662838460416
1029707425832554502
1029711442667286528
1029713718936891394
1029721889869058049
1029727954815803392
1029730269262237696
1029733806276845568
1029735218616389633
1029735715536613377
1029735717616771072
1029738209067118592
1029739879628988416
1029740683257634816
1029742300174278659
1029743080319188992
1029743881418616832
1029746283773345792
1029747107685715968
1029747957871067136
1029749967798317056
1029750835520176130
1029750838523097089
1029759075272146945
1029763762964848640
1029772290702102530
1029772933680398337
1029773796868149249
1029774436508098560
1029776856193495041
1029777160297504768
1029777802764210181
1029779301070241792
1029779396683390976
1029780320294449152
1029784914734985217
1029788990759682048
1029792702689210368
1029797078212403201
1029798761810284544
1029806465664593920
1029807441905700864
1029808165855158272
1029809336070144001
1029816253714759680
1029818055193493505
1029829715505238016
1029835197976596480
1029836278169329664
1029843190856212480
1029849002311802880
1029851235883642881
1029851258956472320
1029855407546589186
1029857919947423745
1029858797815246848
1029859409361620994
1029859536276996096
1029860587529031681
1029865371954757632
1029865681511018496
1029867584445992960
1029870406805676034
1029870728928272384
1029874420733493248
1029878438465875970
1029878852850528256
1029879101597863937
1029880497881706507
1029883484221915136
1029887414301544454
1029887894549393410
1029902147209584640
1029909959511863296
1029910101686026241
1029919667199111169
1029919993138479105
1029920025002614784
1029921550462603264
1029921624710148096
1029922267684372481
1029922727812124674
1029924130391564288
1029924642104991744
1029925704501260295
1029926087034200065
1029932558841200640
1029932804224831489
1029932806309171205
1029933262628704256
1029935439065632768
1029937191026286592
1029944979412713473
1029947028762226688
1029953334898319360
1029957866847756289
1029958138655584256
1029960029011619840
1029960708048527360
1029962229775388672
1029962513952268289
1029963097157627904
1029963953202495489
1029964992534245376
1029965560879177728
1029965594412634112
1029967302366830594
1029968378625187840
1029969888981524481
1029972248269135873
1029972660590141440
1029976206870016000
1029978373303558145
1029978582913671168
1029984054395846656
1029984095940608000
1029984161766023168
1029985481738657792
1029986732882751488
1029994002043559937
1029996211166736384
1030002326059278337
1030004480245465088
1030004925663731712
1030006048902537216
1030006397046607872
1030006798026252293
1030007945583632384
1030010841758949378
1030013835631947781
1030023062266302464
1030027080845729792
1030028408741347328
1030033866357137408
1030034366750248960
1030035512231321600
1030037751561965570
1030037826811781120
1030042348535738368
1030043312403742720
1030048430272532481
1030049077009031169
1030049550139092992
1030052492007170048
1030052965694943232
1030052978340708352
1030053448757256192
1030054869636460544
1030054872706633731
1030056992084307968
1030057804931854336
1030063315018555394
1030063844645842944
1030064153870970881
1030065143722455040
1030067774826139648
1030067919101747201
1030067946780073984
1030068694355824641
1030069245739257856
1030070181060464641
1030072789930332161
1030073330156687365
1030079112000483329
1030085149306904576
1030086496089530368
1030087536285245441
1030092084571766784
1030095309135728640
1030099123469537280
1030099371319119874
1030101523873771520
1030101634179903488
1030106420707033089
1030107424395603968
1030107665916157952
1030110290359279616
1030110548757757953
1030114022476181504
1030117894229843969
1030122495800532992
1030122707969601537
1030123403850735616
1030123972598280193
1030127598582595584
1030128599750197248
1030133615303249925
1030135340420349952
1030135625238896641
1030137505532669952
1030138037358010368
1030139516705820672
1030140145838841857
1030142537451925504
1030143148956168192
1030143831373754370
1030145594256515072
1030151923469615104
1030160909329735681
1030167322282086400
1030167322407960576
1030167345073815552
1030168584914235392
1030170311285714945
1030172218448375810
1030178458368966656
1030180235411681283
1030180473966944257
1030184878954954753
1030187624143773697
1030188077506027521
1030190304287019008
1030191464423321600
1030191529837715461
1030192319214100480
1030192354022453248
1030194532124516352
1030200476275535872
1030208125448609793
1030209657208561664
1030212517728083968
1030212783235887105
1030213648520806401
1030214554041692160
1030214569594040321
1030215102270717952
1030215435281682432
1030216034236686337
1030217034582425600
1030220667239755777
1030222323587018752
1030227743483547649
1030228847831248896
1030229435012734976
1030232352147038208
1030240304580812800
1030244593672105985
1030245517660311552
1030246173251125249
1030247423564627968
1030252952919916544
1030253845442691072
1030265073619496960
1030266356648820736
1030269168107569152
1030270745585373185
1030273054964965376
1030273446683598848
1030277304193302528
1030282695962710016
1030288635546030082
1030295051975442432
1030302961610706945
1030305275184594945
1030312431476727808
1030313852330803201
1030315813788688384
1030327174883155968
1030333270070841344
1030334718775099392
1030336865394733056
1030339838870990848
1030342654406610944
1030343747412713472
1030349898800095232
1030355073623355392
1030355651292262400
1030356282115608576
1030358423702065152
1030363314692468736
1030371723030327296
1030377301022859264
1030378753933955073
1030383260071645184
1030383264081432577
1030383277914251264
1030386321284653057
1030388784205099008
1030393590130855936
1030393866019659777
1030397460928245760
1030398025510862848
1030401344455233536
1030405298429804546
1030407675765555201
1030411717178781696
1030413051663663104
1030413128746639360
1030415586629541889
1030415589997568000
1030415961608712192
1030416560949669888
1030418366597611520
1030421734229340160
1030422429628280832
1030425000723984384
1030431366020706304
1030437639969628162
1030439606133710848
1030440421116264448
1030441496535805952
1030443516512612355
1030445570463293440
1030448673409314816
1030450439190265857
1030453222937452545
1030457248630300676
1030457582517972993
1030458727126769664
1030460360816578561
1030464007751299073
1030464200689307653
1030464775313076225
1030465943451783168
1030467010054868992
1030468150419177473
1030468592578572288
1030471575571554305
1030473142957891584
1030488351915352064
1030488893852983296
1030498926133161984
1030505776572452864
1030507418378227712
1030507516537516034
1030509114173136898
1030510010835640320
1030510759162392577
1030512353849294849
1030522540526104577
1030522722974085121
1030522769144991745
1030523284595650560
1030531248333221888
1030539790041661440
1030540838395437056
1030541322619375616
1030550030019510272
1030559612330631169
1030564371582398464
1030565954512662528
1030568165774770176
1030569627896766464
1030575503499878400
1030576353450577920
1030576970852122629
1030578272374075393
1030582258216980485
1030587496478990337
1030588164203835392
1030588835275702273
1030594229167370240
1030594411187589120
1030595062995017728
1030595152752955392
1030600504664092674
1030603225513295872
1030604108766568452
1030607407221809152
1030610316072124417
1030610995297832960
1030611589387497473
1030612357376950274
1030614550582898690
1030614845857693696
1030618127036497920
1030625503156285440
1030638131375046656
1030645272991412226
1030648659912871936
1030656614423035904
1030663068597006337
1030670053388288000
1030673142916763648
1030688005432983552
1030689426240929793
1030689435241902080
1030695831970693120
1030701013207011328
1030708121709277184
1030709436208369665
1030709896734539778
1030714681290379264
1030714826308366336
1030718034518962176
1030721722985504768
1030726850123886592
1030726928993402882
1030741088250867712
1030746022710923265
1030746027307876352
1030755757275443200
1030758685302312960
1030759595063566337
1030759668463763456
1030760995952713728
1030761157001445377
1030776226258898945
1030779296577548288
1030779508943597569
1030779855455940609
1030780505757704192
1030787935963107329
1030798488404217861
1030798906182041600
1030800493298180096
1030800533978673152
1030800921100468224
1030801495040647168
1030807293099732992
1030808529576316928
1030809550461521920
1030810072673398785
1030810702628311040
1030813316522954752
1030813379022254080
1030813417194569733
1030813842907910144
1030814100861775873
1030818675987808257
1030819446913413120
1030822647590989825
1030827408562290689
1030830704609951749
1030841391948148736
1030842573450043393
1030847005923442688
1030847485021970433
1030852697707175938
1030853495467982848
1030859606153723904
1030860122275237889
1030863136042229760
1030863261892268033
1030864218621456384
1030865715119775745
1030870102303014915
1030870587651051520
1030872784044482560
1030872992249798656
1030876790603100165
1030882603065384960
1030884350081028096
1030885781546643457
1030888816096288768
1030894322835750912
1030896177108201472
1030897883447525379
1030898790180503553
1030903052407070720
1030904716924993536
1030907042473627648
1030908377084448769
1030908918640373761
1030917373430321152
1030924538173898753
1030924624958246913
1030928654438739970
1030932419237629952
1030932497675108353
1030934344846725120
1030936821168070657
1030938781103337472
1030940701746331649
1030941469304135680
1030942328729550848
1030943145758998530
1030948463712890881
1030949073149411328
1030950971487252480
1030951750864461824
1030951783936471040
1030958228044214272
1030966013544882181
1030976635170893825
1030977728240082949
1030978947088097280
1030985027125825536
1030986468720869376
1030990510377250816
1030996152118730754
1031000155577675776
1031005357101838336
1031008870976503808
1031013142426345472
1031019645267075077
1031020293622571008
1031028327237087232
1031035372229324800
1031038715227910144
1031038834153144320
1031039886554554369
1031040458812583936
1031041255134785537
1031042979006271488
1031044415996026881
1031047402726350848
1031047596083740672
1031049660540977152
1031051975809368066
1031068470358630400
1031071632415055873
1031072276656009216
1031072842455154688
1031073214909300736
1031080226934013952
1031081452937465857
1031089127263879169
1031089650369273856
1031097609824428032
1031099936404844544
1031100260213551104
1031103601861525505
1031108522124226562
1031110307236769792
1031111908164886528
1031113138811404288
1031134938710589440
1031136875233329152
1031136885295472640
1031136895760326657
1031140679882289153
1031140983935655937
1031141087149142016
1031141100956704769
1031141129503236096
1031153326551785472
1031153353349185538
1031153366791991298
1031155122515177472
1031155763408822273
1031163788861628416
1031164125823430658
1031167102319828992
1031171357990707200
1031171634252734465
1031172720980111360
1031177631671169025
1031179665904422912
1031179687727259648
1031185485933072384
1031190106395303937
1031194415619104768
1031198144363683840
1031198703015657472
1031198813757874176
1031205089699090432
1031207029984124934
1031207389389836289
1031207948956000263
1031212064830889984
1031213245523095552
1031214635507216384
1031214977749843968
1031215510858285056
1031220236064837633
1031220521525014528
1031221430694891520
1031221999455166464
1031226613189550080
1031228501892968448
1031228503553961985
1031231929088139264
1031232608909193218
1031233402945654784
1031236623315415040
1031237515842334721
1031237716766347266
1031240643115458560
1031240709406375937
1031243373640921093
1031255222130290688
1031257658173444096
1031258698776293378
1031258937025331201
1031259259131121664
1031261612991229953
1031266113039085573
1031267299616063494
1031278172225060864
1031278177119686656
1031278432955629572
1031278800800235521
1031279310840053760
1031279901385662464
1031281153838403584
1031284733299367943
1031289084046503936
1031293325255602176
1031293716999405569
1031294656540237824
1031294946798723074
1031300056287260679
1031302210053918726
1031307585809342464
1031308370643279872
1031315839021080576
1031323372435648513
1031325068188471296
1031332723430850560
1031333341033848832
1031334486531878913
1031336696707600385
1031337325631078400
1031341416750952448
1031343159039676417
1031356392706326528
1031357606353403904
1031357933072916480
1031363613414576129
1031368113059581952
1031368229686456320
1031371573796564992
1031371630809731073
1031375876448026624
1031381328476819457
1031384358450425856
1031386258453364737
1031387334720344064
1031389486708473856
1031391557109391360
1031393631192666112
1031402380129120256
1031402417282211840
1031402990370996224
1031403263860592640
1031406293825871872
1031408591440367617
1031409516326215681
1031411387786878977
1031416819423145984
1031421469211996162
1031422164229083136
1031423001957359616
1031425403343101952
1031427063218151424
1031427696071503873
1031428217016541185
1031429380927578112
1031429631339978752
1031430485719756806
1031433362479697920
1031434339874222080
1031434343217094656
1031434751759052800
1031434823037079552
1031435279410679808
1031435936230526976
1031437830772412416
1031438123782287360
1031439456497217536
1031440288936603648
1031440737441914880
1031450358751612928
1031453415975673856
1031455734578462722
1031456636362280960
1031458379510804480
1031470834509066241
1031472486649667584
1031473840172367872
1031475872715423745
1031484380022300674
1031485208816746496
1031485669779103744
1031488760129703936
1031490257924120576
1031493475680825346
1031494894295162880
1031496923067244544
1031498224555773953
1031499667823943680
1031499854046842881
1031502044333572097
1031505862463037440
1031506324624789511
1031506441641713664
1031507112210223104
1031509538715914241
1031509599118086144
1031509607892611073
1031511767925628928
1031514219114582016
1031514722015870981
1031516237866524672
1031517884948856833
1031520532686991360
1031521614511439873
1031523111882121216
1031531997540175872
1031534318663946242
1031534715856216064
1031536360023306241
1031538854782746626
1031539129958494208
1031539320774184963
1031540619762696192
1031541635178483712
1031542560466993152
1031545838298914817
1031546644469149698
1031548416961204226
1031549957965139968
1031552245530288129
1031552512698933248
1031553731165339649
1031555273410916355
1031556520373354496
1031558851542310914
1031561579530256385
1031562314531651587
1031562668786831360
1031563215313031168
1031565318320271363
1031565456337850369
1031566655917314049
1031568397421760512
1031568597431152641
1031571218892292096
1031572408384344066
1031572583710433280
1031575718935711744
1031576872809889792
1031577102645116930
1031577700358647809
1031579259767349250
1031579644808507392
1031581649283244032
1031582115681456129
1031582556494458880
1031582891992641537
1031583613069000705
1031584149906190336
1031584584461443073
1031584985420050432
1031586538575077377
1031589200687181824
1031590185513963520
1031591014736322560
1031592117439614982
1031592455064485888
1031593549781848066
1031593850517815296
1031594221298479104
1031595484190658562
1031596855740846081
1031598677301899264
1031600589485039616
1031604027556089856
1031605652165152769
1031606068437237760
1031607104518414336
1031607157362499586
1031607218171510784
1031609347443503105
1031609563693412352
1031613465570562048
1031615548461862917
1031615564421181445
1031615933079535616
1031616347069931520
1031616862147301376
1031617886786187267
1031617894780530693
1031618204748144640
1031618461850656773
1031619660146515968
1031621981693796352
1031623519749193729
1031626273725054976
1031634576345640960
1031635761257435138
1031637918362816515
1031640994893242370
1031642194896211968
1031642247060762624
1031643978297421826
1031644102058762240
1031644551679750145
1031646054083649538
1031647258020929538
1031649606243897349
1031650444676878336
1031659690600456192
1031660858278064128
1031666426661224449
1031666447632752640
1031669743495901185
1031670609628020736
1031671401508466689
1031674447814696960
1031675627672236032
1031683238253789184
1031683468508504064
1031684357730103296
1031688652668248064
1031690422689701889
1031710038283444224
1031714474900811776
1031714891827224583
1031724003533180928
1031724431352070145
1031727901727698945
1031728079553609728
1031728100948799488
1031728784209334275
1031729874292092928
1031730006442106881
1031731301194375174
1031731342747291649
1031734579483303936
1031735649865478144
1031736100727992320
1031737433271033857
1031737776780263424
1031740134813720576
1031744804206600192
1031753846849249281
1031753952977674242
1031757380537786368
1031763999204012032
1031765275916599296
1031769114094825472
1031771253214982144
1031772207398232064
1031772396984750081
1031773973217005568
1031776209619877888
1031777243079487493
1031782414262173696
1031782964550676481
1031783077390020608
1031784893909331968
1031785406487031808
1031786810706251777
1031794938856525824
1031799868828856320
1031800229979250688
1031801272674865152
1031803398763556869
1031803865614766080
1031810312654258181
1031811628428390400
1031811649307463680
1031815605454876672
1031817248770539520
1031817476114403328
1031819028417921024
1031819254088257537
1031826345385512965
1031829264625295360
1031832186792632322
1031835530076536832
1031835649597472768
1031835853624991744
1031839190038835202
1031843424192933888
1031844294045261824
1031844749144215552
1031844798431281152
1031845261792882688
1031845987071881216
1031847269933477888
1031848701864669184
1031853127681683458
1031853683879948289
1031854323758706690
1031854709802459137
1031855994106732545
1031856127447912450
1031856882846236672
1031857290549153792
1031858881855729665
1031859641867821056
1031862366932152320
1031865006755913728
1031865255117434880
1031867225605595137
1031868031721517056
1031870986839310336
1031871389702209536
1031871887985532928
1031872201291694080
1031873324941488129
1031873343413207041
1031877259840434176
1031877676120899584
1031879353490124800
1031881167891386368
1031882390938025984
1031882637986738177
1031883422757605378
1031884711247921154
1031884880274186241
1031885116396589056
1031887328485232640
1031887362022883329
1031889337967894528
1031889881969184768
1031892625056587778
1031894403827281920
1031895606782963714
1031904294864207875
1031905685254983680
1031906701128003590
1031906938122948608
1031907030372507648
1031911558123872260
1031918920800903168
1031919910685999105
1031921998585155585
1031926064963117056
1031928948983300097
1031930375034097666
1031932748188053504
1031933302222008320
1031933423890382849
1031934075244871680
1031937756593836032
1031938107766173696
1031939726666878977
1031941841862762496
1031942515014791168
1031944045952557057
1031946472361738240
1031947801549107201
1031951763467902977
1031953987296260097
1031954191961546752
1031954309414408193
1031957169246220289
1031958059957071873
1031962269763166208
1031966478772383744
1031968514276503557
1031969229791215616
1031971634389938176
1031974505386790912
1031976064430432256
1031978572603248640
1031980725573054465
1031983999135113216
1031986383685124097
1031987209132560384
1031991375737380864
1031992483457232898
1031993900687347712
1031997216506802176
1032001360705847297
1032001440800231424
1032001647998918656
1032005508021080069
1032006711798837248
1032006923590098944
1032009595378655233
1032013688188764160
1032020928379727877
1032023092636184576
1032030738445688835
1032030851251335169
1032031805883351040
1032037031973740549
1032039351021121536
1032045029257142272
1032058024888684544
1032063298815057920
1032066238200074241
1032069662434111488
1032070018945757184
1032072351620505600
1032073465812008960
1032075323490295808
1032083861801328641
1032085966519861248
1032086744999419904
1032089912940617729
1032092076786282497
1032095026225008640
1032095085763211264
1032097547848966144
1032098294854557696
1032106308063846400
1032106758507048960
1032106859182923776
1032108288601677824
1032108580508499968
1032112533656817665
1032113439215415296
1032114257528156161
1032117854131372033
1032119282455519232
1032123176266997760
1032128250141650944
1032130015507431424
1032132413802074112
1032139044577132545
1032139328674099200
1032144019466407936
1032146406876827648
1032146615472021505
1032150002641121280
1032151890073722880
1032158031520382977
1032158766651908096
1032164281742049280
1032164463355547648
1032166760127062017
1032171260208238592
1032179261094932480
1032179861044056064
1032181849576153089
1032182185929797632
1032184991520763904
1032192401249464320
1032193086963830784
1032193124288712704
1032195587066814464
1032195775932104704
1032195947865038848
1032196174361632770
1032198716956889090
1032202514492547074
1032203779083390976
1032205789820215296
1032205877036478465
1032208192326049797
1032213072373399552
1032215369715470336
1032224642356977665
1032225931685900289
1032226581417275392
1032228198321401856
1032235662722969600
1032236750507261953
1032238658072535040
1032239301462032387
1032239573240369152
1032241358306783232
1032241836516155392
1032243424450232320
1032243990295400448
1032245110564696064
1032248055825936384
1032249622813532160
1032250497326084096
1032251126043869184
1032254197960519680
1032256006938664960
1032256725523415041
1032258125061976069
1032260345971257344
1032264268471656448
1032279045415690241
1032280936656891906
1032281230144888833
1032283947751927808
1032285244626362368
1032289605024866304
1032297842625269761
1032300912440696832
1032303926026985472
1032304702837411842
1032304878578745347
1032306668682522624
1032308374518546433
1032308855622049794
1032312345253445632
1032315644526690305
1032317128878317568
1032317280506372096
1032317753175277569
1032318025620447233
1032320764484173826
1032321399937880064
1032321793376235525
1032324608584835072
1032326472105639937
1032327149468827648
1032329040680677377
1032330865303408640
1032331849622798341
1032332285402591232
1032332423403581441
1032337880591593472
1032339669068009472
1032344358304075776
1032346443690864640
1032347040959877120
1032347106416254979
1032349112551858176
1032352101094051845
1032352897051385856
1032363926833573895
1032365135598252032
1032367253482696704
1032367921471733760
1032373847167840268
1032374419270787073
1032377760872718337
1032378565948403713
1032386905214615553
1032390579114536960
1032395124871856128
1032398125913255936
1032402361321279489
1032403818430910464
1032407906610638848
1032408384765493248
1032411145880006656
1032418204054904833
1032424201049669633
1032426130874290177
1032428480082759680
1032431763379769344
1032436736574582784
1032440776939192321
1032442846836654080
1032446011447242752
1032446027389779968
1032450784565309440
1032457976517472256
1032460746871848960
1032463751671365633
1032467178820259840
1032467479786926080
1032468015147876353
1032472162521702402
1032476334151225347
1032481119038570496
1032486021768851456
1032492873546125315
1032493444566941696
1032501323424456705
1032502073340780544
1032507554457427968
1032509501029593088
1032514855922802690
1032516034522243072
1032516132220153857
1032517904326123520
1032518227803365376
1032518240717533184
1032526718471495680
1032530636983214080
1032537136044630016
1032543728676814849
1032545939070676992
1032546747317411840
1032548019021983744
1032553973264216064
1032558104775249920
1032558828984782848
1032558860031090688
1032558982932717568
1032562049816059904
1032566637172600832
1032570466089746432
1032570852393607170
1032571245810745344
1032575798744678400
1032582874518581248
1032583528486072320
1032583557342932993
1032583561583316992
1032584070717468672
1032584991446839296
1032587682470350848
1032588051111989248
1032588479379763200
1032589207901036544
1032589224287952898
1032591187650084864
1032592485132984321
1032592525599502337
1032592590204329984
1032592771419234305
1032592893867786240
1032594262909640704
1032598389265842177
1032600767855620096
1032604712154091520
1032606873927802881
1032607612964089856
1032613031128322048
1032618501763026945
1032623277011857408
1032626480172486659
1032626495703994368
1032627629436923904
1032628461972717568
1032628772351234049
1032630080587980800
1032638134389882880
1032640656768950272
1032641571727056897
1032646512885604352
1032647488597938177
1032647636678057984
1032649382762557441
1032651768071696384
1032653486876516352
1032653821573570560
1032654676402077698
1032656545790812160
1032663525104091137
1032666049647456256
1032667135162687488
1032671872201027584
1032673228223852544
1032678794887393280
1032679323810062336
1032683626541064192
1032686248605962240
1032689206013911040
1032690357501227008
1032690794820460545
1032691459911299078
1032692465394962433
1032692645330444288
1032693586951716865
1032696944051859456
1032697605094952960
1032697822775308288
1032699946754093056
1032701390865530881
1032701425262972930
1032703515284594688
1032703814657290241
1032704025592979457
1032704031196676097
1032704072078553090
1032707834499100672
1032708157976576000
1032718916999700480
1032720794563092480
1032720956047876096
1032723441164664833
1032727387161731072
1032728008350527488
1032731781940891649
1032733840433922048
1032737188432232451
1032738454659129344
1032740634468212738
1032742201443471367
1032745331665068033
1032747511017099265
1032748920726806528
1032749256707371008
1032756639454060544
1032766149681917953
1032767436913750018
1032770400177061889
1032770402253262848
1032771749073616896
1032777952860286977
1032777954953244672
1032780552062099457
1032787588011225089
1032793021748785152
1032800767374188550
1032804475940085761
1032804681909592064
1032809760414945282
1032812735787032576
1032813945428602885
1032821121907916801
1032822238398095365
1032825875845263361
1032825878248452096
1032828212357812225
1032829344832311296
1032829425765756928
1032835688708886528
1032837129037127685
1032838596200472576
1032839503868768256
1032842120657289216
1032847873162063872
1032854326505426944
1032857563283554304
1032858019342807041
1032867421122699264
1032869132843200512
1032870213186936832
1032870217494319104
1032874457159921664
1032874922249527296
1032883616832008192
1032883622905298944
1032884598060081152
1032885042656276480
1032888692963266561
1032890569499074560
1032901272087670785
1032907231153586177
1032907764480262147
1032912498582679552
1032914094515478528
1032914982034460673
1032921723446820864
1032922811516342272
1032937531875180544
1032940574838607873
1032941413258784768
1032941637255622657
1032944912172380160
1032945008922439681
1032945012743389185
1032945290888798208
1032945549685735424
1032945963248234496
1032946401129328641
1032946423359098880
1032946924993818624
1032947709769121792
1032949789703499776
1032951715312492547
1032960857649631232
1032962660344705027
1032965471610449920
1032970830878322688
1032979221164027904
1032987945136017410
1032987949065891840
1032989516481667072
1032994204216184833
1032996472319401984
1033001005963599872
1033002139189211141
1033002501207982080
1033003099340898305
1033003806898810880
1033006799119699968
1033013850587590661
1033015597662195718
1033016545851535360
1033021262749163520
1033025901234188288
1033028765532782595
1033034186683232256
1033037824797356033
1033040603964211201
1033049158670790662
1033050328042618880
1033052774567559168
1033053159176982529
1033054685492432896
1033057135146414080
1033058352580972544
1033060915724386304
1033062789290635264
1033066427840905216
1033070576439504896
1033072053677522944
1033072268866289664
1033072637935853573
1033078647207407618
1033083189546377216
1033083774756577280
1033085792137166848
1033086487519272960
1033086555483766786
1033096468301852672
1033096842442158080
1033097468240527360
1033103139329794048
1033103404422365184
1033103491256987653
1033104810793463810
1033105199571787777
1033111667603894273
1033111807710380032
1033115493257949184
1033116113180262407
1033116196630142977
1033117133578952709
1033117510294556674
1033119530686377984
1033119531106033670
1033120027271159808
1033123574012366848
1033126314537046016
1033127114818519040
1033127139556642816
1033128328247615489
1033129429663399936
1033132075828867073
1033135518102499330
1033138159700385795
1033147691667259394
1033153255419854850
1033154501111439360
1033158202152693761
1033159499065044992
1033160350907203584
1033165092144078849
1033167097042530304
1033172118450708485
1033178611635769346
1033186970879578113
1033190385043087360
1033196194179231745
1033205329541177344
1033207360926494720
1033207958794981376
1033208522618687489
1033210777359011844
1033211420333236229
1033217030051123200
1033217031489781761
1033217125798871040
1033217127115714560
1033221678774591489
1033233129224454145
1033234877402021890
1033236477285683200
1033244191285899264
1033246402510577664
1033249220248068098
1033249777239113728
1033253416091279360
1033266990654414849
1033268514440667137
1033291759453921280
1033291878391836672
1033294289302966272
1033302526915960834
1033304165202702336
1033307648974680064
1033307651080241153
1033312579811192832
1033314559099109377
1033315645847351298
1033319671959879680
1033321122370998272
1033323520812634112
1033328017789968385
1033330727704817666
1033330826304479233
1033334879663079424
1033335653944242176
1033339230431469569
1033349435655446528
1033352578799529985
1033353534664859655
1033354391988981762
1033357328832229376
1033357390501036032
1033359207456747520
1033362408146919425
1033364011222540290
1033364262041870337
1033364324100780034
1033368479842402304
1033369332112388101
1033370571952672769
1033370890690412545
1033370934315368448
1033370941680754689
1033371033741533185
1033372096145965057
1033375270399557635
1033375660884910081
1033380560276615168
1033381731322224645
1033381844971134977
1033383873344880640
1033386566905937920
1033387179698003968
1033387220793798657
1033387300082864131
1033388290454507520
1033389027280515072
1033391373167325186
1033393327729782790
1033393879683219456
1033395402656165888
1033395892114599941
1033396185732665344
1033400937027710978
1033404241728155648
1033405881696669696
1033410688797028352
1033411274619506688
1033412192853479426
1033414753639718912
1033415842330025984
1033419879754260481
1033420860810584064
1033425149469634560
1033427715968262144
1033431851132702720
1033434296822845440
1033436035378601984
1033436672858509312
1033439665133633537
1033443325708300288
1033444371981639681
1033444650479243264
1033444671442309120
1033446126026993666
1033447549594689537
1033450874469851137
1033451501044359169
1033451639733141504
1033451860487794688
1033457296725209091
1033459135935930369
1033461932269953024
1033462436412764165
1033467476737110016
1033469026083721217
1033475640954179584
1033481256250617856
1033485510570733569
1033485971487182848
1033487627008323584
1033489352544931843
1033495319365935104
1033498333392842753
1033500568931770369
1033505497167486977
1033508242402537472
1033510012008558592
1033512593187590144
1033514539315122176
1033515158390231040
1033515845425750016
1033518006331224064
1033518452567367682
1033520698675867648
1033521604649775104
1033521767799824384
1033529588910043136
1033530538123055109
1033531726730076161
1033533882602283013
1033534353635258368
1033543239259832320
1033543472979107840
1033544185922703361
1033550929528795136
1033553661299974145
1033555884666966016
1033556299915689984
1033557079653580801
1033558363077046272
1033568946589327360
1033569183127093248
1033569799643656192
1033581608769449989
1033583585104560128
1033584301101776896
1033585212939280385
1033588304124436480
1033592724518313984
1033593427886108674
1033600229390659585
1033603261855682560
1033603842758205440
1033607159219539969
1033610624461418496
1033612180598415360
1033616299442622470
1033616566187900928
1033616613159796736
1033624033332551680
1033624930057957376
1033625392958136320
1033629430617391104
1033629511080992768
1033630711071293440
1033632681148461056
1033634205765455872
1033643228560539648
1033649482670452737
1033654067749216257
1033655246898118656
1033662740848566272
1033665179849052160
1033667276594208768
1033667873456021504
1033669324265975809
1033669513429045249
1033670581697298432
1033672078183067648
1033672844947939328
1033674433343434753
1033676067171721216
1033676100562563080
1033678206505771009
1033683922121617409
1033684564256980994
1033686859795365889
1033687687323111424
1033687894509191168
1033690607422717953
1033692860158291968
1033693567758290944
1033693685618286592
1033700751317651456
1033708371550121984
1033708835431690241
1033710552596590592
1033711090713206784
1033714127787753474
1033714629850136576
1033715648642342912
1033715655768530944
1033719897497382912
1033723329167933441
1033727583148560385
1033728312118595584
1033733618298966021
1033733773488140291
1033734325483839490
1033734462918615040
1033736479657406464
1033738131315544064
1033742409153294336
1033750177469935617
1033750221480710145
1033751090934767616
1033754604511678464
1033755640496377856
1033757907932913664
1033759123891007491
1033759656559173632
1033762050248462337
1033763867212623872
1033768199110754306
1033770725335810048
1033771151040950272
1033774375734923266
1033775212817313792
1033779571932508160
1033779610113200128
1033787210229796865
1033791394836570113
1033795010758668288
1033797533624160256
1033800083370913794
1033808682499420161
1033815242235682817
1033816223434334210
1033825842651127808
1033831335532654592
1033832978877755398
1033834322728349696
1033835499209682944
1033842092647309313
1033843522087075840
1033847141326835712
1033850515715710976
1033857889251680256
1033862251764043776
1033863110753378304
1033863170706685952
1033864977206018048
1033878017288884225
1033878101590241285
1033879381696040962
1033879790644850689
1033882574815481856
1033889874951262208
1033891653835214850
1033892640721461249
1033896025260470273
1033896305310003201
1033897808955408385
1033900324208095232
1033907504512729088
1033909274940858368
1033911212873007106
1033912934886400001
1033914435595845632
1033919883585630208
1033920785369321472
1033924659262246913
1033925329876742144
1033928187481391110
1033928578755440645
1033931405770874880
1033938595218767872
1033942210587381763
1033942510156967936
1033942818740350976
1033943062970548225
1033944838851518464
1033945691150794752
1033945726173102080
1033954658123960320
1033957268725936128
1033959491669245952
1033964247984746496
1033974842813558784
1033977843946991618
1033979990033948672
1033980191788347393
1033981417389273088
1033981420711145472
1033982910121041920
1033986964754780161
1033988582489423872
1033988968382128129
1033989266597134337
1033989852897918976
1033992948357255168
1033995159183273984
1033996281587355648
1034002780648878080
1034004544349339648
1034005824857726976
1034007008914157569
1034010065290842112
1034011829431926786
1034012617965285376
1034016376393003008
1034016732992684032
1034017833171267584
1034018638905266176
1034021011623223296
1034023557519613953
1034023966065737728
1034023986210824194
1034024175352995841
1034026683555307520
1034027945218588674
1034034556817403904
1034035567925882880
1034038206977716224
1034042244104372226
1034046771352223745
1034047666815160320
1034049500581699584
1034051629165764610
1034051914403663872
1034053435656531968
1034056388480253952
1034063906770022407
1034065521958957056
1034071473521082368
1034071824336867328
1034076001452482560
1034076236342013952
1034079565759606786
1034087817641644032
1034088136836612096
1034088768062599170
1034092113015713792
1034092203184926720
1034094892606054402
1034096108929200128
1034102560188182533
1034102639875829760
1034105066314190848
1034107875218661376
1034108354208165888
1034108637587927045
1034109582317158400
1034113867641774080
1034116034800828416
1034122889170243586
1034124935533346816
1034125714864447488
1034135585307480064
1034136588995854336
1034136869179666432
1034137752525189120
1034140369330614277
1034140574075502592
1034141238407127040
1034143453775646720
1034145812278849536
1034145959696125952
1034147815474307074
1034148369847836672
1034152857459716103
1034153848162738177
1034155715861069824
1034158942967001088
1034164665243320322
1034164856528797697
1034166478445076481
1034171586847408128
1034173533260324866
1034175408948891649
1034178401601560583
1034179807523811329
1034185405665554437
1034185815453249537
1034185993308581889
1034187577904050181
1034193478044065793
1034196557925498880
1034198601797271552
1034198972565401602
1034206999188189184
1034207105324994566
1034207537568989184
1034207660214632450
1034211321435181056
1034212774358867968
1034216544887160832
1034217266018058240
1034219031421640704
1034222838167654400
1034229816210403328
1034234870665568256
1034241796463722496
1034244321304895493
1034245195469148160
1034250479994318859
1034251350610067456
1034254995451834368
1034255642645725184
1034256624536494080
1034258530021326848
1034259443112992768
1034261451748327424
1034267836309372929
1034267968014835714
1034272073831481344
1034272860687269888
1034279647066972160
1034283116196712449
1034283638798671873
1034284124901728256
1034285589577654272
1034286882731917312
1034287237905694720
1034290996828418048
1034297948501291010
1034302609635475456
1034303655279828992
1034307022030888960
1034307433080840192
1034308620500910080
1034311083417325568
1034312717249728513
1034313874684698625
1034314364164222977
1034315419027484673
1034315932003434496
1034315948348588033
1034316335503888384
1034317558978158597
1034318050957381633
1034320704685002752
1034324249077604352
1034324690540670976
1034328707857408001
1034332804430028800
1034335015667150848
1034338375296270336
1034344831986950144
1034346132648996864
1034346998776967168
1034347211860189184
1034347438772047872
1034349526688190465
1034349871048871936
1034350598328475648
1034353473121222656
1034353733575032832
1034357518078799872
1034357840209694721
1034359213030629376
1034361792930164736
1034365180237557760
1034365687047827456
1034368309221883907
1034368821765787648
1034372516528234496
1034377347095511040
1034377647839698944
1034377941419843584
1034380138836885504
1034384385464655872
1034390623745441798
1034390973130964994
1034391954597896192
1034397436947574785
1034401476079230976
1034401768023764993
1034408531305410561
1034408696145690625
1034410411804819457
1034411017718063104
1034411307515240458
1034412444616204288
1034414716679057408
1034415570647564289
1034418825393926145
1034418919765766144
1034419559003025408
1034420428868145152
1034422076898271233
1034422966036164608
1034423287315615744
1034424993554124800
1034426303011684353
1034431457400434689
1034432230813298688
1034432257220440064
1034433905619886081
1034434808234106881
1034438287371448321
1034440723901210626
1034441072410165248
1034450674447261703
1034450832714944512
1034451696179732480
1034451772092436481
1034454560595763205
1034455221907410945
1034455288999567361
1034458641489965056
1034460161094676481
1034465234935787521
1034465300803141632
1034467191586844672
1034468731647348736
1034469204848717824
1034469284561514496
1034470280863744001
1034470294545563649
1034470600717344769
1034470774336303104
1034471531861164032
1034474791674236929
1034475331476963328
1034477513798344704
1034478436113215488
1034480729713852416
1034482003352215553
1034483163089854464
1034490252281425920
1034493345676984320
1034497020726333440
1034505526296498181
1034505639525941249
1034509821993787392
1034510865624694784
1034511382199382017
1034512927137705984
1034513943006519296
1034514438051848197
1034515045986840576
1034516884891291648
1034517221660413952
1034517421728522240
1034519375015886848
1034520356927811584
1034521090499010561
1034523290084229120
1034523880566611969
1034524878270083072
1034526992983629825
1034527161745592320
1034527688541630464
1034531439541460993
1034535976931127296
1034537260383969281
1034537905111293952
1034538423468613632
1034539373876924417
1034540842319372288
1034543910452789248
1034547077160820738
1034547927950082048
1034549771132755968
1034550063090069504
1034551667629457408
1034553434035421184
1034553710444085248
1034554058575495168
1034555755599462400
1034560439366152192
1034563392982446080
1034563930692018176
1034567544517079046
1034571334473342976
1034572896016822274
1034573354458640384
1034575872731299840
1034577047115497474
1034578722760810496
1034581430783942658
1034581659599814656
1034582340348067841
1034582587371601921
1034582680720031745
1034583258070179840
1034589892607655936
1034599495034724354
1034607496105578496
1034610890123997186
1034613881526788096
1034616830512381953
1034621665727143941
1034623461727956992
1034625288351637504
1034626840659484672
1034627185850634240
1034630953182875649
1034634134558265352
1034635599074996224
1034636612112662529
1034638035672068097
1034638756668760065
1034639342205947904
1034643537747423238
1034647775277985797
1034648603229409280
1034649617407721472
1034651673099087872
1034653516957134848
1034653645592133632
1034655234004377605
1034657702323019776
1034658030346940416
1034662387788345344
1034662483405897734
1034662998466473984
1034664154420801536
1034665525542969345
1034665797749284866
1034666005379702784
1034666124510556160
1034666359362269184
1034667252354674689
1034667324509323265
1034667350077788161
1034667442356637696
1034669260981731328
1034669494617165824
1034670799049830401
1034671921428942848
1034673015320190976
1034673171759153152
1034675350276648961
1034677453719916544
1034677792229576704
1034680141014859777
1034683061936349184
1034684415010459648
1034684826077474816
1034685937152942080
1034686286949306368
1034686511319588864
1034686706354548736
1034689050978832384
1034691910261067776
1034693288060698624
1034693413914824704
1034695053866725376
1034695172133552128
1034698016710516736
1034704097444802561
1034704812355543040
1034706414143332352
1034707876437262337
1034711248070311937
1034715976732946432
1034716965342826496
1034719501626089472
1034720183636582400
1034722010230738944
1034727913738911744
1034728702674751488
1034729513853366273
1034734413383389184
1034735348147019777
1034736101867573249
1034737774967091201
1034742518288711680
1034743895265964032
1034744141505327104
1034745219848200192
1034745989901348865
1034746088891277312
1034747270040711169
1034748787112247296
1034748948156755968
1034749199412281344
1034750555854434304
1034751249176883200
1034752597205438465
1034753033849196544
1034754959005429760
1034755430881390593
1034758860265803776
1034761641810751493
1034763533026816000
1034765500566274048
1034765716002619392
1034768384938917891
1034768827895013378
1034770149956640768
1034772814602092549
1034773064569896960
1034774358495903744
1034778562035822592
1034783210994065408
1034788695474298880
1034790127011225605
1034791345024430085
1034799970203852802
1034800176567934976
1034801166679531523
1034813705702203393
1034814549172649984
1034815484926021633
1034816838863966209
1034821585549578240
1034821660854165510
1034823134489264128
1034826406897885185
1034826827993214976
1034835285790613504
1034835865040764930
1034837835549999104
1034839169326100481
1034842370007883777
1034844582494842881
1034845602973143041
1034845604239818752
1034845901171437568
1034846435114672128
1034848984395907072
1034849274255822848
1034849919306268673
1034853119996383233
1034856000237387776
1034856055992446976
1034856328227897344
1034859124972969985
1034861194866294786
1034862074000826369
1034862119706144769
1034863475711987712
1034870770026065920
1034878362160902144
1034878639400202241
1034879195489488901
1034879714819796997
1034889331536744448
1034895970520059904
1034898419721150464
1034898639288782849
1034898792322093056
1034898964154216448
1034899657376374784
1034904632332562432
1034906617504919552
1034908862304997384
1034915289656451072
1034917798181392384
1034918985660334085
1034921545037168640
1034932982073700352
1034934011750244352
1034935089510146048
1034936433570729984
1034940147199102976
1034941793471590400
1034944731980148737
1034944789458956288
1034945567502217216
1034949920325808128
1034952811069538304
1034956891544121344
1034958640699121669
1034961127497785344
1034964859178369024
1034966120414031872
1034967425949753344
1034968191565537280
1034977688295886848
1034979166368747521
1034981379698814976
1034981746696175617
1034982294480662528
1034988168603492352
1034989846400573440
1034991713209774080
1034993170319331329
1034995375705411585
1034996783716290563
1034996814733344769
1034997336521334784
1034999812402413568
1035002953545998336
1035008200590876672
1035008727399772160
1035010976406487040
1035018030798000128
1035022807254622208
1035025461028503552
1035025999119966208
1035032970061639681
1035034633782677504
1035035102030585856
1035038586721193985
1035045780254597120
1035046066348077056
1035046414919913472
1035047872453074945
1035053905523208193
1035054947379957761
1035059051938365440
1035061909106683904
1035062191970570241
1035064580463108096
1035065521237098496
1035068118274473985
1035068185878441984
1035077005644099584
1035079039030108161
1035082649486995456
1035085456323604481
1035086918889996288
1035090440834482176
1035090941650984960
1035092065326051330
1035095135095324673
1035098524118069248
1035100654807732224
1035104783676465153
1035105912774688768
1035107722214232064
1035109329043640320
1035110014841704449
1035112582594617344
1035113361896353792
1035113475981365248
1035114332013641729
1035114648704638978
1035114949415264256
1035116454335660032
1035116476162822144
1035120550925008896
1035121281975369728
1035122171167891456
1035124941073604608
1035124970450550787
1035125925074149378
1035127574286884865
1035129367339225088
1035129380819755008
1035129544171184129
1035131592845471750
1035131660801593344
1035132646865682434
1035133474812960769
1035138127151677440
1035138280675782656
1035139365293490176
1035140213394354176
1035142733587984384
1035144447967866880
1035146366006296577
1035146851719229440
1035146899961987073
1035147099162128384
1035148223680315392
1035148656108871680
1035149751669465090
1035149768027037696
1035149769495269376
1035150259587047424
1035152498095529989
1035157064446865410
1035157538382245893
1035159188429828097
1035163150381920257
1035165124909326336
1035165493705863169
1035168037584953344
1035168066085236736
1035168074893287425
1035168133626126336
1035173806820741121
1035174790410059777
1035174884366802944
1035175646044057602
1035175973594058752
1035183010407018497
1035184503982047233
1035184533765844993
1035186922828845057
1035191149982572544
1035193413094653953
1035193505801486337
1035195701502693377
1035198358183440384
1035198477070942209
1035199206296834048
1035207266469859329
1035208598563901440
1035217370548072448
1035217405377531904
1035220516276260869
1035232966216019968
1035234487515471874
1035243029630734336
1035255945138499585
1035256853347938304
1035258844686024717
1035258868148793344
1035260123919392768
1035265508159967234
1035265660845273089
1035271863771979776
1035272177086418944
1035272918236839936
1035277759705051136
1035281201576194048
1035282932154421249
1035282988357967872
1035286124820815872
1035291919289475073
1035291999400804353
1035298954806611969
1035301166433878016
1035301522568105984
1035302489111900162
1035303822288199680
1035314815550423040
1035319530803712000
1035319533743951873
1035320029506486278
1035333348217036802
1035334580780322816
1035335261092294657
1035336547086856197
1035337913993637889
1035339549361221632
1035345287194324992
1035346002297798656
1035355683577913346
1035355686123712513
1035363987888791557
1035364832613216258
1035365077157855232
1035366209573842945
1035371413899685888
1035375617854906368
1035376952071348225
1035382583310331905
1035382923489370112
1035383404605440000
1035385083551731712
1035388614325153792
1035391532747055104
1035392022226460672
1035392088479649792
1035394264904204288
1035394969526312960
1035395683413647360
1035397385776705537
1035398114033762304
1035404155504943104
1035406934806089728
1035410485955321857
1035412886343045121
1035413872444891136
1035424925677510656
1035426436046352384
1035427459024531456
1035429001307680768
1035430132914298881
1035430675233603584
1035433875495890944
1035437102580658176
1035439098243284992
1035439329747849216
1035445115593080832
1035447532996976640
1035454915777191939
1035457954563190784
1035462071683571712
1035469275430043648
1035469704062820353
1035473227273981953
1035475938484662272
1035481815560142848
1035485750236725248
1035485781685673984
1035491885664673793
1035492115923394560
1035492428818436097
1035492602030817280
1035493655627423745
1035494561181839361
1035496041372680192
1035496698628300802
1035498200591945728
1035499207635988480
1035500628259295233
1035501163465109505
1035501196591681543
1035501728861499392
1035502152033206272
1035502475418263554
1035502951899582465
1035504409004920833
1035504708063059968
1035505056156708864
1035506816103247872
1035508613283028993
1035508667884466176
1035509279422328832
1035510247056650241
1035510958821703680
1035516009615175681
1035526307059249153
1035528363513921536
1035528823218077702
1035531754621345794
1035532865696673792
1035534083269382145
1035536574283481089
1035539566911004672
1035540347898810368
1035542762131574785
1035547326364962816
1035548657934848001
1035550373522690050
1035551378070880257
1035552542015385600
1035553517598072832
1035554861847388163
1035556376867680257
1035556802388209664
1035556818490015750
1035557765157203968
1035564008131256320
1035567598283321344
1035567745931169792
1035572053464805376
1035572407459827718
1035574973967020032
1035583518598983680
1035583890663120897
1035594159573352448
1035598087933370368
1035599806314541059
1035600004340011009
1035601668199657472
1035601702576111622
1035603001996718085
1035603980502618115
1035606071820337153
1035607331340341248
1035610991285940227
1035612320905322496
1035612465176829954
1035613685719261184
1035615823132614657
1035625668434898945
1035629068757004289
1035629475617222656
1035630743941197824
1035632762273689600
1035634401810546689
1035639158574727169
1035660754182189056
1035660851930456064
1035661222698463233
1035666064200196096
1035667161409355776
1035667700809457665
1035668110190288896
1035668493125992450
1035671532704423937
1035671794428960768
