1091124058060742657
1091124710535061505
1091125167445688321
1091127754488074242
1091129472496160769
1091135903630807040
1091138489389928449
1091146665766072321
1091149900845207552
1091157686731919360
1091157877979574272
1091160574506008576
1091160833290317824
1091179732832522240
1091197125776605186
1091198225535696896
1091199214133092354
1091200308406038528
1091200864985980930
1091201140157501440
1091209243955466246
1091209330345558016
1091213170251915264
1091218300321841153
1091221571442696192
1091221636446126083
1091230858449772544
1091241294117199873
1091242002304458752
1091242017395478530
1091244173561417728
1091248533687230465
1091248556810358784
1091251788450279424
1091256452931641344
1091263107199131648
1091265331442667526
1091267071235612673
1091268609735868416
1091276941687250945
1091277422375456768
1091281072673959936
1091286588607336448
1091290076171055104
1091291092883001344
1091291809022730240
1091295999354654720
1091301393221238785
1091308250937479169
1091309761298092032
1091311728414130177
1091315025996853249
1091318125893578753
1091318891874140161
1091327106003451905
1091332541813059585
1091333912100462592
1091335728221601794
1091336506462126081
1091341525307535361
1091343046027984896
1091346359960117249
1091346709878325248
1091349946090090496
1091350506440667136
1091351515162439682
1091351677477797890
1091357830941167616
1091360677221015552
1091364416438841345
1091364849693552640
1091368013897613312
1091371157079687168
1091374420264972289
1091380655961735168
1091382577653403648
1091383715249508355
1091391154707406849
1091391930058063877
1091396311470039041
1091397048581218307
1091402691572629504
1091403090429964288
1091404977438932997
1091406302847201280
1091407652155019265
1091408393305174016
1091415744649150464
1091415912836726784
1091418430685831168
1091423932366888961
1091426418716598273
1091426978786410496
1091430610936172544
1091435468376469504
1091436640663490562
1091436979978424320
1091437624668098560
1091455644635463681
1091467512007409664
1091470041864912901
1091470281917546496
1091472933577506816
1091477868570238977
1091478829078642690
1091480755925016576
1091487057036394497
1091491150274260992
1091491882599735298
1091494148341850112
1091496369242570757
1091501220802555904
1091504358980837376
1091504494846922753
1091507041481383936
1091507967751585793
1091514586522476544
1091514866098008064
1091517094145941504
1091525131690594304
1091525293171458048
1091530421735612416
1091537956177727488
1091540851501588481
1091544974494175233
1091548851314614272
1091551419910574080
1091560532430258177
1091565230470152193
1091572349487407105
1091582969461047296
1091587198145638400
1091589547815723008
1091590809433108486
1091596191568031744
1091597869696471040
1091602153062518784
1091602609293742081
1091610800748457984
1091615383445012480
1091621730701828096
1091623718390882304
1091628291004485633
1091629944831012864
1091631283619282945
1091637404392411141
1091648615976759296
1091649791849836544
1091659133802041344
1091659935774068736
1091666968632008704
1091667755202420736
1091671322047008769
1091673454414303233
1091674051679002630
1091674588155707397
1091679101658849280
1091680746639568896
1091681555314081792
1091681964678172672
1091682137886154752
1091688026034655238
1091693909196058625
1091694234699091969
1091696123822010369
1091699252345126914
1091699974587346945
1091701577641914368
1091705477937811460
1091706923383169024
1091707448426143744
1091708687016706048
1091712648951943169
1091712968121876480
1091714133735755776
1091715045581643776
1091716839883845633
1091719349335928832
1091729924845699072
1091731002806792192
1091734542359117824
1091738042526765056
1091741642925707264
1091744169041842179
1091747024637091840
1091750706204344322
1091753482170875906
1091756184154112001
1091758683959238658
1091758794663776256
1091763265812791296
1091763543886778373
1091764525785726977
1091768509250654208
1091769736365391872
1091770899420925953
1091772652648312838
1091783655586971649
1091789481890533376
1091793041592147968
1091794830437564417
1091802141986037763
1091802497973399554
1091803201463037952
1091803438827163649
1091805897125441536
1091806897903161344
1091807016165752832
1091811025513598978
1091816465941098498
1091823633129820160
1091829852930375680
1091838548951543808
1091840278690914304
1091840489664303105
1091845234651209728
1091845879315730432
1091858408523866115
1091859072012468224
1091859248236113921
1091859989793169408
1091860607442345987
1091863891770990592
1091869295724953600
1091871693058891776
1091878567237971968
1091883616722812928
1091885809962229761
1091887159257300997
1091887610136535042
1091888116821118976
1091888956516458497
1091899011110449152
1091899358382096384
1091901927829450752
1091902553590321159
1091909817306832896
1091910956890898432
1091911302908383238
1091915776217497602
1091920590703874049
1091938458585640961
1091939636266577924
1091941128184549376
1091953047138377729
1091955391330639872
1091961984453509121
1091965156928643072
1091975457338056707
1091981736500752385
1091982925711568897
1091989367726501888
1091990239734833152
1091990866762309632
1091991554632237057
1092002156981481472
1092013225355501573
1092014501262577664
1092022387917316096
1092024915698565121
1092025073853181952
1092034708568006656
1092034930052395009
1092040079386861569
1092041812896858112
1092044408210350080
1092045527359868928
1092047111401730049
1092050656150671362
1092051631745757184
1092052447563055107
1092055563058536448
1092056246323167232
1092063792660471809
1092064191115079680
1092065219617177600
1092065317659045888
1092065779548188672
1092066359205277697
1092069754930638849
1092074946958950401
1092087928849948672
1092087935116156928
1092100677952851968
1092104129055465472
1092105374335811584
1092105629630640128
1092105958476603392
1092105964759797760
1092106295740641281
1092106917730766849
1092108582840086529
1092109898589134848
1092109928762875905
1092111403119452161
1092115764327268352
1092117641697914880
1092118867302891521
1092121005110292480
1092122075102363648
1092122968895963136
1092124188167557121
1092124834513993728
1092130074453774336
1092131880957292545
1092134149215997953
1092142203525390337
1092142431720669184
1092144692039421954
1092147291681579008
1092151628998660096
1092156184847675393
1092156228883628033
1092157889844822017
1092160549427671040
1092162104675643392
1092165419857780736
1092168270315163648
1092169707690606597
1092173008209244160
1092173676764487681
1092174354580832256
1092174466971385856
1092175799074123777
1092186468959760384
1092189974982725634
1092194016660283393
1092194710356144128
1092204244038549504
1092205643652628481
1092208721869049856
1092212302282133505
1092212575587033088
1092221183125274624
1092223784025755654
1092226261823430656
1092236176646459392
1092236838775865344
1092241288110342144
1092242070289375232
1092242533818613760
1092244734138028032
1092248908330356744
1092249797518479360
1092251266766508032
1092255271924183040
1092262724762042368
1092266772701560833
1092271465272131584
1092281503206334464
1092319707355594752
1092324264395620352
1092325148609441793
1092339172696883200
1092346321032413186
1092349329585647617
1092355514510512128
1092359487392890881
1092362317671608320
1092364051617730560
1092366135763312640
1092367334910640128
1092368658981097472
1092369067158265856
1092388254001889280
1092389801519656966
1092398641795530753
1092399937365725184
1092405516104544260
1092408908424056832
1092409208316878848
1092410679703810050
1092419030990893057
1092424757893574656
1092425640773595137
1092426792550481920
1092429348542562305
1092432578567696384
1092432708192608256
1092432729042546688
1092435021816913921
1092436074939457536
1092438446000488453
1092439667797098497
1092441758686957568
1092442154549547009
1092442775583375360
1092442892386385920
1092443015942205440
1092443226915647489
1092443511956430848
1092443761014202369
1092443873568272391
1092445121633767425
1092446273800675329
1092448293370646530
1092451682779316224
1092453134843170817
1092453466189058049
1092453583667093504
1092454017328955393
1092457696597557248
1092458033144385537
1092458247708164096
1092463580371472384
1092467500758024192
1092471297454551040
1092471909420273664
1092475864225173504
1092478327519133697
1092478747784171523
1092481296666898434
1092483128747163648
1092483484436713472
1092484900429750272
1092486453995671552
1092488459275694082
1092489403438694400
1092491159568556032
1092495106958069760
1092495840965386240
1092500189477326860
1092502245961277451
1092506759040827392
1092510353957834752
1092512183123095554
1092517213737762816
1092520291899707393
1092522418474795008
1092530716078891008
1092534475823742977
1092539574021222411
1092542104415420416
1092547307478941697
1092553877826633728
1092568422003687426
1092568497505349632
1092580832542449668
1092581068064972801
1092588500980064259
1092590453420105730
1092591434501361665
1092591645038649350
1092600322202234880
1092610679612280832
1092620015323365377
1092621270649327616
1092623372842868737
1092634957518901248
1092635062795976706
1092640150478303232
1092642468682784769
1092645266686128128
1092646636122034176
1092649119603138560
1092657091691466754
1092657990480678912
1092658686798061568
1092664051719696384
1092666548165038081
1092667827033649153
1092669310143746048
1092671007138172928
1092674760650178560
1092675005572366336
1092682817862025219
1092694391658106880
1092696606649004032
1092702153628618752
1092710212975411200
1092711233852080129
1092714572967002113
1092722827344506881
1092729996051972096
1092733797878108161
1092734344077197313
1092739791609782274
1092756385132134400
1092756838133714944
1092757483628703744
1092757687690055680
1092758257058365440
1092759179780124672
1092764972969472005
1092768729404891136
1092772881744969729
1092773273652416513
1092779830460858370
1092780327892905984
1092781996823269376
1092784758013247488
1092790026402971648
1092794591097569280
1092796682285268992
1092797440665755657
1092799563797331973
1092800505028534272
1092800959263240194
1092801001210425345
1092801361933152257
1092803506849935363
1092805936085901312
1092807147103105025
1092815113785085957
1092817374925869063
1092817744037400578
1092821339818348544
1092824967031472128
1092833231550988290
1092835150788997120
1092843673220464640
1092846288931115009
1092846385270018049
1092846495550758912
1092848841022418944
1092857129449316352
1092867034663272448
1092868713202761728
1092873587822718976
1092875770551164929
1092878709076434949
1092880964945170432
1092881075913850880
1092886676974784520
1092888756934328327
1092898257049739266
1092900020871925760
1092902887989092353
1092906306338545664
1092910706167558149
1092919189977784320
1092922047548846082
1092923380918116354
1092925379076112384
1092932017854054401
1092948379783651328
1092949370083905538
1092950895996948480
1092954362580750336
1092954958205353984
1092955231200182273
1092961169084563456
1092968879494582272
1092975029157908482
1092978875359883264
1092982490409721858
1092986879740428288
1092987465692934144
1092989949144645633
1092989972397854720
1092993625443700736
1092995679419457537
1092996002372567040
1092998586911125504
1092999159420981249
1093003900179939328
1093004177696059392
1093006054034595840
1093012769513836544
1093015715177746432
1093018734803980288
1093022746513031169
1093027623243079680
1093027830001070080
1093028957413347328
1093033190728650752
1093048313316814853
1093054348471480320
1093054708783218688
1093059156829978624
1093061488451964928
1093065219297943552
1093068735747772416
1093072515696676864
1093073190560112640
1093075305332379648
1093075472626434048
1093075515056054272
1093075851862777857
1093076390382133248
1093078027842527232
1093094165825703937
1093095722344480768
1093100785737490432
1093101288210993152
1093106640981803009
1093107986925408259
1093110744277831680
1093114014580625413
1093116143173173250
1093119150497677313
1093119245259599872
1093122177107410944
1093125821127147520
1093132170019913729
1093132685524971523
1093132965167521797
1093133609911926791
1093139686648963074
1093139863208165376
1093143071427043330
1093143222845624320
1093146362126966786
1093147753117609985
1093149132649361408
1093159034528645121
1093164309289553925
1093169558452690945
1093172092240048129
1093172765019000832
1093173062810390528
1093177316677767168
1093177504590901249
1093184987212496898
1093187137200181249
1093191905314103296
1093193765471338498
1093194050524479490
1093194083814629376
1093196837589344256
1093197237511958528
1093199670233452544
1093200277560160256
1093212667966357504
1093214346077982723
1093215307416645633
1093215646903603200
1093216730137137154
1093216944860418051
1093221587929583616
1093222234586370048
1093222389976952832
1093222486315958272
1093222631111680001
1093222720324567040
1093224600672976896
1093228799746064384
1093228981275439105
1093231311223963648
1093235255111081984
1093237165625102336
1093254559512887297
1093257126711947264
1093259111876231177
1093260468762959872
1093270148767776768
1093271577372717061
1093281508654309376
1093287453656522752
1093291298583396352
1093296270511239168
1093297537551818753
1093299834814169088
1093305268518248449
1093305800368504832
1093307915132383232
1093311905597452288
1093311960282730497
1093311980239314945
1093312997374726145
1093317105259372544
1093319977518682112
1093324176474152964
1093328252905623552
1093336115103391744
1093337987457445888
1093342652357963776
1093344788923990016
1093351392956305411
1093356493569708032
1093358021751771137
1093358182628581378
1093360895080591361
1093364480367620097
1093366839642484736
1093367510739681280
1093367712506699776
1093374359190654977
1093376068717694976
1093390130642145285
1093396924554563584
1093396956867522561
1093397094021226496
1093399715465457665
1093400242958069760
1093409406799302656
1093414850859069440
1093417793725308928
1093419133805477890
1093419864037969920
1093420285162868736
1093429436274208768
1093456010159812608
1093458710838603777
1093466287362199564
1093468351878361089
1093476532436258817
1093479748217565184
1093486943214530561
1093487936769875968
1093489363479134208
1093490303171022849
1093491686490165249
1093494632963624961
1093496600259846152
1093500942882877441
1093502449913085956
1093506922597306368
1093507428954574848
1093509156148047872
1093515517082644480
1093518024215281664
1093519649914978305
1093519885215457281
1093521688732549120
1093523684415946754
1093525353291747331
1093525932525015040
1093526094026813440
1093528172296105984
1093528319503544320
1093533503281610752
1093536802256900096
1093538021369176066
1093541169185939457
1093547799550021632
1093556029609205762
1093566736463360000
1093574007226458114
1093576474874052609
1093579591111897093
1093581053678149633
1093581076755140608
1093581108191449089
1093581147181903877
1093588808673779713
1093591024788824069
1093606539955302400
1093613295691534336
1093624046539993089
1093632361332260865
1093636711656144897
1093638201045069832
1093638680063983621
1093642926792601601
1093645519296040960
1093652707058044928
1093654600807256065
1093657380351426560
1093663350519664644
1093678046035562496
1093679151289126912
1093681591543578626
1093683374127017984
1093687765991075840
1093690912117530624
1093693271627448320
1093693315462168577
1093701262011297792
1093716588421799937
1093718501423005696
1093737581735342080
1093742982329786368
1093744490702168064
1093750496001777669
1093751002661089282
1093751310137081857
1093752231193497602
1093754355185041409
1093764030383050753
1093767210290405377
1093771111853146112
1093785190013550594
1093790547007938560
1093795474832805889
1093796646318686210
1093797485217230849
1093800796809019392
1093804373933727744
1093806010953740289
1093816289368461312
1093823703391981574
1093834080075112448
1093834080079220742
1093834080096002048
1093834732314316800
1093839296543498245
1093852770753527808
1093854502988533760
1093859718676795393
1093860445059014658
1093872958769123334
1093877046131023879
1093878882816659456
1093880143175548930
1093887978559160320
1093889965728194560
1093891648591933441
1093894786367447040
1093895643226005510
1093898020154937344
1093902943429058562
1093905830355689472
1093916959245094912
1093920911005282305
1093921319526240256
1093921564364554240
1093921816953978880
1093926225163239425
1093927659216822273
1093936592249606145
1093938345888096256
1093942476409315331
1093962847321800704
1093966773492293634
1093974173188345857
1093975415952044032
1093981642509746182
1093985063728046085
1093986601204662272
1093987441046777856
1093989633384476672
1093991965866250240
1094006097722118146
1094007906708738048
1094013597557104640
1094018186964582400
1094026490944122887
1094038314586238976
1094040703238197248
1094040730912391168
1094041385232064513
1094042635138822144
1094052532861759488
1094052672112476160
1094052964438806530
1094058259760246788
1094062831064907777
1094075854467014656
1094077293096361984
1094084662899761154
1094088550293790720
1094088627804561408
1094089430992932864
1094095720783798277
1094107289508667392
1094111087006572549
1094115980958097408
1094116931374931968
1094117370925383680
1094118385938358272
1094118457271046144
1094127950222581760
1094128877050449920
1094129276964798464
1094130726868525056
1094132553894764544
1094137243961151488
1094137497284681728
1094138087423205376
1094140573068521473
1094142005322698752
1094143011548729344
1094144334004400128
1094172901018869760
1094172921554186240
1094175336638537728
1094176103038636032
1094176219124383744
1094181155815989249
1094183468538515457
1094183532715491328
1094184205913714688
1094186845372583937
1094194983169597441
1094207721505779712
1094211412715622402
1094213093771620352
1094215413607600128
1094217329989337089
1094219724202958848
1094221098588213248
1094221226111844353
1094221982747500545
1094221990716559361
1094222035163795457
1094225624661581824
1094226518878744576
1094228578718359553
1094230430063251456
1094234084589621250
1094242580148178945
1094244942367608832
1094247315496493057
1094254372823990272
1094256099652321281
1094262419185111041
1094263704345108485
1094264664421220358
1094265136267829249
1094270498274455553
1094279768508223488
1094280335989321731
1094290677410738176
1094290955543416833
1094293659627982849
1094296040298213382
1094299361360707585
1094302347306635268
1094312412780605441
1094314720256057345
1094314743127597056
1094321742825357317
1094325233669029889
1094329478581547008
1094330286798561280
1094336089542877184
1094344821148434432
1094345495789666310
1094346387477745664
1094347382773374976
1094355264122339330
1094355830953132032
1094356453798883329
1094360495505711104
1094363868502126593
1094365427092914183
1094367841770524672
1094369283340156931
1094370561348812801
1094372603551203328
1094374327817064449
1094379554783850496
1094384020467503107
1094391259815395328
1094408663266193408
1094410784736768006
1094410944107696130
1094414023150444545
1094418565174870016
1094421347667795969
1094425252979924992
1094425612410744832
1094433290512003074
1094437692451053568
1094439501013942272
1094447008423821312
1094449926375907329
1094455194019086336
1094458451751813120
1094460835349487616
1094461107140546560
1094461880150646784
1094468599446675456
1094468848135348224
1094497165588672513
1094507447895629824
1094509145338888192
1094517515101847553
1094520857504960512
1094544031458091009
1094547899042549763
1094549095241392128
1094549165718175744
1094551082947301376
1094557057892548608
1094557152914464770
1094557689798148096
1094564150296989697
1094568412632690689
1094568474217795584
1094572837531148293
1094572879495286785
1094574060196032512
1094574526178816000
1094576768436957184
1094580798748020741
1094582587178258434
1094585606271889408
1094587996605534208
1094594513992069121
1094601725363740672
1094611613892587521
1094612283274219521
1094619585226117120
1094623310439219206
1094631239313645568
1094632928477351936
1094638842043346944
1094646645541797889
1094648437352615936
1094654271893716992
1094658237339561984
1094659940227133440
1094660661207093248
1094660959862484996
1094661377254404097
1094661748383199233
1094662777657065477
1094663181371355136
1094668279740841984
1094670540504088576
1094674393375096832
1094684952136900609
1094685299421167618
1094689085111894016
1094693853678972929
1094697339137212417
1094713235553636356
1094715221141319681
1094729480940204039
1094729544215470081
1094744246589050882
1094749138384809984
1094762993836089345
1094767430264635392
1094770734440869889
1094774776931987457
1094789036307288064
1094797117435117568
1094799795523248128
1094802311673757696
1094803185791832065
1094804570310471680
1094820272937623557
1094831673047506946
1094835812016013312
1094842993499144192
1094843590352748544
1094845514254823424
1094846006242562048
1094855476318228480
1094856645933318144
1094868422725296128
1094868642918027264
1094870506858266625
1094870834110320640
1094872061183488000
1094872559059820545
1094873557396541440
1094873567462936576
1094876219940560896
1094877227089649666
1094878655128444928
1094885086699241473
1094885918014619649
1094885947974537216
1094888244184010753
1094888822981173248
1094908304269168642
1094908617172676608
1094908651137986560
1094908873016696832
1094909583112445952
1094911459644096512
1094923134283612161
1094925289921044480
1094927044838866944
1094937710115069952
1094950027917754369
1094951830230953984
1094953130897391617
1094955609697464320
1094959330061897728
1094965389023424517
1094967264015720448
1094967341019004930
1094967431192285184
1094967517871775744
1094968776154640386
1094970329619984385
1094970585480904704
1094977658348339200
1094979961318977537
1094989627184869378
1094994987119534080
1095007948005355521
1095008637217574913
1095008884912283649
1095010957321998336
1095011080663953410
1095011334641668096
1095017532195590146
1095020530007044096
1095026135849750534
1095026718677630977
1095028155662954496
1095035322025562117
1095035328354795521
1095035339230474240
1095035643334479877
1095037002335035392
1095038672037122053
1095039548873154561
1095039801982681088
1095041597564207107
1095041629000331264
1095041976746078209
1095042634400305158
1095044024732434432
1095045740496408576
1095046489808793600
1095048261700866051
1095050075640946688
1095052427680718848
1095054741262995463
1095055096495386626
1095055109917159424
1095055127138967553
1095057638696591360
1095060201412079618
1095061199207702529
1095064034167144452
1095067218449178626
1095067471386738688
1095067711120596992
1095068603437797377
1095069779910488064
1095073964601163776
1095078866887020545
1095087671150546944
1095090688109236225
1095091641663266816
1095093809518690306
1095098128389287936
1095101918383345666
1095102993790312448
1095111428527276032
1095111691912863744
1095117910396276736
1095128644031336449
1095134463317598208
1095136690816061441
1095139160866934784
1095139319407431682
1095142956686868482
1095147601475842048
1095155369720958976
1095156733717110784
1095158702108102656
1095160624768827392
1095161033629622274
1095165135339978752
1095165489733615616
1095174748684734465
1095179457994911744
1095179629579530240
1095181608469123072
1095198086635442176
1095200004266958848
1095202640789614592
1095205372137213952
1095211065045069824
1095218322444939264
1095219654153379840
1095219877286166529
1095220259802484736
1095220440581193728
1095221868628451329
1095221902841466882
1095222024773996544
1095223522983473152
1095228108603576320
1095231927102128128
1095232092378677248
1095238187520266240
1095245964586217472
1095257709513977856
1095260615709360128
1095260685351768066
1095261227553456128
1095263029036490752
1095267275882455040
1095270189434916864
1095277211328757760
1095279529935945728
1095279898619465728
1095291602711597056
1095291691039449088
1095298991514963968
1095302712697200641
1095304502008270849
1095311619305951234
1095312848228700160
1095316845844934662
1095337454939209728
1095339065166057473
1095339386864975872
1095339636837146633
1095340816271257608
1095345090707509249
1095349861287936001
1095351254635696133
1095352023040606209
1095359695265714177
1095363345962684416
1095367082257076225
1095367230315999237
1095367746223853574
1095369377388613632
1095370490561159169
1095375073664475136
1095378204712259584
1095379616511021058
1095383930797199362
1095389702130085888
1095390032242855941
1095400793153437697
1095400841010384897
1095401125438738433
1095401169776709635
1095401218430693378
1095401262890274817
1095401312118820865
1095401355601162240
1095401400488603650
1095401602834419713
1095401649613484032
1095401694396059648
1095401738864082945
1095405593534259201
1095412813592449026
1095412814838185984
1095415782572548097
1095417296896569344
1095418369812111364
1095425053431336963
1095425621314940929
1095425872574730241
1095425907785912321
1095426211046715403
1095426362897240065
1095426647266709504
1095426666220916736
1095426906474930176
1095427114067738624
1095427260025397248
1095427382083608576
1095430132418908166
1095431187156426752
1095431592770707457
1095436142751768579
1095448739081117696
1095458612112183296
1095461845845135360
1095463779863687168
1095477186516172800
1095482880686403584
1095484290069155840
1095486024321507328
1095487757806460928
1095489616340287488
1095492445830287361
1095495099113525248
1095496752508022784
1095498521271328773
1095526495173238784
1095529680734691329
1095537777846845442
1095542862169686016
1095543058907697157
1095545861935837185
1095546522538627073
1095549177130639360
1095553269076774912
1095557152180260864
1095563807529684992
1095564661662015489
1095565250965848064
1095567601877565440
1095575630190706688
1095581795821641728
1095586791669690368
1095606796784451584
1095606822826926081
1095608344939823104
1095613367186874369
1095616889970077696
1095616986854223878
1095619864021135360
1095622105612279808
1095633631559720960
1095639218792161282
1095641256800256000
1095651539945836544
1095657555421003781
1095660096334512128
1095677660410363904
1095679440049393665
1095681436118667264
1095686468872425472
1095690242902888449
1095692349554991104
1095692622734258181
1095692890213441536
1095692956198002688
1095693833936035840
1095697800610881536
1095706304142823424
1095707895889575944
1095708011962793985
1095709252730142722
1095720486804340736
1095724867289255936
1095729626595450882
1095735428122963968
1095739316263964674
1095742338247344129
1095744077088337922
1095746530022211584
1095746604693442560
1095749917786529793
1095753149917339649
1095754099511971840
1095757951556554756
1095758110524928000
1095763076052332544
1095763103164313600
1095763130985132032
1095763186811367429
1095763208109998082
1095763223305994246
1095763333293240320
1095763452289843200
1095764040016674817
1095764294589915136
1095764400701616129
1095768348376354816
1095768532925726721
1095771984833716226
1095772525508943872
1095773290940059648
1095773346749468674
1095777042744913921
1095778238146719752
1095778376118341632
1095778782135373825
1095788457971146752
1095790886385004553
1095791631037386753
1095794571617783808
1095796265277972480
1095801432123555841
1095801550918701056
1095809635028676608
1095815015351881739
1095819460198436865
1095820708834430976
1095828055145234432
1095830969330946049
1095843076214525953
1095851122152099840
1095851123401994242
1095851802631856129
1095858328389984256
1095860113481576449
1095871181805273088
1095871835282001920
1095871891489939456
1095873953837535237
1095877592375222272
1095881205369720832
1095882500168048641
1095888167490777088
1095894083984392193
1095900563336806400
1095904363791433728
1095907298558529536
1095921457262022656
1095924920490442752
1095925543365681152
1095937059221659649
1095948938325168128
1095956316537933829
1095973755891916800
1095976046111805440
1095977392064135169
1095979362556334080
1095982628673544192
1095984250204110848
1095991008456626177
1095992153443106816
1096011102553542656
1096019735676940290
1096033315184734208
1096034555922993152
1096035868215660546
1096038774478229504
1096047086309642240
1096047330036305921
1096048230096203776
1096048259481694208
1096051306626715648
1096060224962744321
1096061415318790144
1096062399944245248
1096062699631534081
1096064902895087617
1096065221230252032
1096065988422963202
1096071529463508992
1096073025563381765
1096076892308938755
1096077581009473537
1096078351901560832
1096080971256852481
1096087452312309760
1096092436408029184
1096093894742282243
1096094155216994304
1096095073777926144
1096100590545907713
1096110064643915776
1096113398478184448
1096119427580473344
1096120616221114370
1096125382812528641
1096125697624547329
1096126302472556545
1096127068323102720
1096127303237672963
1096142044513226752
1096149596361891841
1096151938046021632
1096152246751059968
1096159649773088771
1096167791672156160
1096172169703407616
1096173251821133825
1096174841366016007
1096178623479013376
1096178709852286976
1096179661137108992
1096190833483792384
1096203525476872192
1096203693635108865
1096210073183870976
1096212778518339590
1096220122757369856
1096237172582014976
1096243074949435392
1096243097455886336
1096243430064295936
1096250806184148993
1096251173596790785
1096252337939771392
1096252592965996546
1096252698222043136
1096257405921312768
1096261629149237248
1096261878735667203
1096266391781404674
1096268418880139264
1096269293010980865
1096270336545435648
1096270604557266950
1096275383878508544
1096276091969236992
1096276544098652160
1096276796201259008
1096276839390052352
1096278406369591296
1096283288107249664
1096283975985840128
1096283977650978816
1096284156756193280
1096284914683727872
1096285812667207680
1096294832954314752
1096295036428283904
1096297134356418560
1096301038401998848
1096304119957065729
1096307974669303808
1096308341528293378
1096310643576180736
1096311884473499648
1096311965008285696
1096318798204936192
1096320005069815808
1096320822669725696
1096323669645713408
1096324808365801474
1096325597742153729
1096327399636054016
1096330442595336192
1096331873641512960
1096331970580238336
1096333519129927681
1096342789070209024
1096350626802368514
1096360726292135937
1096360852566040576
1096367829337677825
1096369665209786369
1096371229693480960
1096372508096368642
1096372973231955968
1096372993809235968
1096375266262351872
1096377636052320257
1096379491205763072
1096380698309595136
1096381811490312192
1096384722345869312
1096384750451716097
1096387978392412160
1096404353794027520
1096408892450447361
1096417536873324544
1096418791402147840
1096421118448148480
1096421143664193536
1096421365052141568
1096421375944712192
1096425256087097344
1096427519341928448
1096429064112332800
1096431611313356800
1096433180955963392
1096433903047491584
1096434524253310976
1096437666214744065
1096439024854667264
1096439366564499456
1096441600887074816
1096441708236234752
1096445638730862592
1096451756979118087
1096455284351029248
1096461178614628353
1096462048945491968
1096463108829298688
1096463905335894016
1096464407419183105
1096469288318316544
1096475776889864192
1096476861041967104
1096480854099013633
1096481631622156289
1096484020374986752
1096487007981715456
1096487895345508352
1096489282523578368
1096491985379090433
1096494295224328193
1096494380746104833
1096495544644653056
1096500342110502912
1096500684755750912
1096505145435791361
1096505394967560192
1096510652116553728
1096514376260042753
1096516014970417152
1096519512172617728
1096520345979252736
1096521558980468742
1096523974480023552
1096528232524976128
1096531207146348544
1096532122335145984
1096534372176429056
1096536992786104321
1096538991027990528
1096540782310408192
1096545302922911745
1096545402344607745
1096546291172155392
1096546693343076353
1096547114027503616
1096564489384796160
1096568536443572224
1096569788451774464
1096570574870990849
1096583325576097792
1096586811034484737
1096601847161389056
1096604396501254144
1096606578357211136
1096609380991148033
1096612569102585856
1096615085689241605
1096620096204591105
1096621502659784705
1096622230690250752
1096630207811772416
1096633273869000704
1096638195465371649
1096638718075682816
1096640510280765440
1096645060693639168
1096646007348092929
1096646289205284866
1096646625588592640
1096650894534500352
1096651238051958785
1096662573162754049
1096665530579202049
1096670683709493248
1096670821274263552
1096670878736240640
1096674888692183041
1096681078000177152
1096681585963909122
1096683531265298432
1096689295082037249
1096695716980903936
1096699050206945281
1096703067058307074
1096706478717718533
1096708601475883008
1096711614177390592
1096712171243876352
1096712616750272514
1096716826900353024
1096716829861601280
1096719622814998528
1096722686758268928
1096727389021757445
1096727653644726272
1096729096518803456
1096729940106502145
1096733234094854144
1096735609840979969
1096736853011689472
1096739366251216896
1096744594866266114
1096745007447461888
1096745182198931458
1096745951727886337
1096746854774120449
1096749261457444865
1096753716667965445
1096753727959171072
1096753898256322561
1096756369976377344
1096759907439837184
1096761239148089344
1096767127506292742
1096772819814277120
1096775371855400960
1096775726244741120
1096777920729640961
1096785532972077058
1096787474943279104
1096788500412809217
1096790340454047746
1096790477192527874
1096790864767025157
1096790990172667906
1096796148692668417
1096796543372414976
1096799272245194758
1096805170590203904
1096805702968868869
1096808417501593600
1096809537120677889
1096810313754857472
1096810814957338630
1096821623687208960
1096822681499041794
1096827008737263618
1096827138789920768
1096829674242506753
1096831184603090945
1096832138874421250
1096832690404372480
1096832772558241793
1096837081777741825
1096839959070294018
1096842190029029377
1096844002807169024
1096845306828853249
1096848124146966528
1096849353489174531
1096865811514433536
1096871613902016513
1096871652409966599
1096873332337664000
1096875869866467328
1096881611033915392
1096882923456905218
1096883026628247552
1096885409835974656
1096887453699461120
1096894747380236289
1096895048334147585
1096900740856066051
1096902118735339520
1096904199210745856
1096906195951144960
1096906412389748736
1096915338988527618
1096916323559505920
1096918454660227074
1096922784830287872
1096922787795648512
1096923369130377217
1096924660141297665
1096937299248599040
1096939279358529536
1096940083934969856
1096940525909880833
1096942558910009344
1096949864527790080
1096950848515649536
1096951255765635072
1096952424735129600
1096954135600082945
1096954490446663680
1096954859121790976
1096956926485770240
1096960532756774912
1096961298192125952
1096961530170667009
1096965333561286656
1096967815398150144
1096969235945975809
1096970039142637568
1096970548758884353
1096978468439580673
1096978809012785152
1096994634801135617
1096999526353629184
1097000947820228608
1097002823919665157
1097004737352716288
1097005378653437952
1097007527433142272
1097007751807594497
1097009646370504709
1097010960445796352
1097014927401930753
1097029164908138496
1097033093364379650
1097034097883574272
1097037482191921152
1097038246071205889
1097043217982373891
1097046569680060418
1097047252084948994
1097052597280825344
1097055387700940800
1097062438413848578
1097067882180005888
1097069398840487936
1097073271701491713
1097081434819493888
1097082001880829953
1097084447172763648
1097085328370946049
1097089019802980358
1097097448248496128
1097101637511012352
1097102084216893440
1097102717984690176
1097103045115166721
1097105266842177537
1097108749792227329
1097108811469459456
1097109904475725824
1097112564096552961
1097132095720341504
1097142806706049024
1097145114835574785
1097148463995707398
1097152840341049344
1097154697142681600
1097156214641909760
1097159414912614400
1097160509009350657
1097160608196321280
1097163701495447553
1097165333079703554
1097168618880622593
1097173297186390018
1097184404580036609
1097185832719601665
1097188015292596225
1097196512621314053
1097196758935982080
1097196833535860736
1097197233508835329
1097202525181227008
1097207503429853186
1097207848625426433
1097211433174134785
1097211899480018944
1097213652350885888
1097214120359800838
1097217961528561666
1097219566680358912
1097222447319969792
1097224303018500096
1097225194173652993
1097226487256748033
1097230603550810112
1097231213008506882
1097235261761773574
1097236595126796288
1097242178986954754
1097242413893062656
1097243131114909701
1097247191624761345
1097248591993815041
1097249265699692544
1097253080431775745
1097254507723931648
1097254802617073665
1097260006473433088
1097261511377068034
1097272263903199232
1097279939102019589
1097280048967499776
1097281980830494722
1097283328472948736
1097285384516571137
1097293519780265985
1097295926547206144
1097296412683821056
1097296695019229186
1097297615928971265
1097300278087483392
1097300444605427712
1097302373968470016
1097303719912374272
1097304134305435649
1097306213442760710
1097306543991574528
1097307493909258240
1097308254789558272
1097308881183625216
1097309088998936576
1097310069673349122
1097310222358638598
1097313978777137152
1097316822540382208
1097318295550607360
1097321017242832896
1097321380452941824
1097321817826578433
1097322819527020546
1097323867272400896
1097323873987526656
1097324377303994368
1097328926454677504
1097329116867645440
1097329457420009472
1097330075677134849
1097330623461670913
1097331288661405696
1097333137946955777
1097333642919964674
1097334937282199552
1097336975290392578
1097337276869144576
1097342219005149184
1097342454020390912
1097344079627673601
1097345322798497792
1097350282172715009
1097351498936315904
1097353383835512837
1097354680735358976
1097359817490886656
1097361253629128706
1097361775370985478
1097367545923989504
1097367699200593920
1097368302987358208
1097371122826444810
1097375154366119937
1097377487238111232
1097387308612009985
1097388935188234247
1097390353714298881
1097392158917550080
1097392192899956736
1097397496597413890
1097397528457293826
1097399571095932928
1097399640570449920
1097400179521658880
1097401757158785025
1097402432802443264
1097405428856696832
1097409423927009280
1097409579120500736
1097409661769265153
1097410350885027841
1097412981804158976
1097422140297695232
1097424744461332480
1097427716553371649
1097433425844359169
1097434099457810432
1097446031837544448
1097446185755987968
1097447379463270400
1097449385162665984
1097449633452838914
1097457528835883009
1097460058848444416
1097460670361206784
1097468465043120128
1097470610874068993
1097470724539850752
1097475375158956032
1097475596211253249
1097475688280571904
1097486492971130880
1097487533171265542
1097490431464665089
1097493887986397184
1097494618638299136
1097494946196717569
1097498204353060865
1097500543772020736
1097500565737594880
1097502747564232704
1097505426088747008
1097506318234144768
1097512807866736642
1097513040034127873
1097513084485320704
1097514849867833344
1097516391274430464
1097517047674744833
1097519026568335362
1097523960588238853
1097525601316032512
1097528628554936322
1097530775631581184
1097533492710252544
1097534607967150080
1097535813414469633
1097537698460516354
1097540338665824258
1097541266018091009
1097544368519565313
1097546191821332480
1097546399825063936
1097553261735874560
1097553599259992067
1097554346793930754
1097555566917050368
1097559246978367488
1097560754000183297
1097561940992450560
1097562450591797248
1097563185010364419
1097566888157077505
1097567950670831619
1097568010548768770
1097568339839184897
1097568597373800450
1097568696304877568
1097569188246364160
1097570217331511297
1097572620525023235
1097575874889728002
1097578176295751680
1097578229144133632
1097585698369089542
1097586572482949120
1097588704019968000
1097593876846731265
1097595294949216258
1097597815134535682
1097597871426359297
1097598051886288896
1097598201190846464
1097598253875499008
1097598346611560448
1097598534239559680
1097598558713401346
1097599002957225984
1097600376923140096
1097604000629678082
1097607488613031938
1097608190315978753
1097609088601649153
1097610809239396352
1097613578750906368
1097624953699086337
1097625316930060289
1097629942395883521
1097637652814270465
1097640330436866048
1097653765648408578
1097655717262184448
1097657423060496385
1097659480786038787
1097663641950670848
1097664114258862082
1097670935438655488
1097675750512177152
1097675861623521280
1097677760829509632
1097677765040635904
1097681109557616642
1097690926762393602
1097693174900772864
1097702442437959682
1097702571379249157
1097702609060876291
1097708086893076485
1097715165225779201
1097717663759925248
1097723975331954689
1097726599011713024
1097735601531572224
1097736537272446977
1097739787023380480
1097741121449422849
1097741529756647425
1097744862982668288
1097748899635314689
1097749116841390080
1097749186051743744
1097757801152167936
1097762210196217856
1097762744470691840
1097771574256496640
1097771596213760000
1097774690771251200
1097781060228784128
1097783465683152896
1097790675691683840
1097794118774870016
1097795805325520897
1097797727587651584
1097810072644870144
1097810547897176064
1097811544463814657
1097813670120296448
1097814872618868736
1097818582061322240
1097818809828868097
1097822653472108549
1097825198995320833
1097825313923518465
1097825397826310144
1097825563480346624
1097833000845410309
1097835664207421440
1097837825964367872
1097838322569957379
1097838903053168640
1097842434669727744
1097843905071104001
1097844846042189824
1097845309852577792
1097845985990959104
1097851556425359360
1097853198918959105
1097854872454615040
1097856582048800768
1097866438231113728
1097870177025306624
1097870862399750145
1097872530386366464
1097876948737380352
1097878621849415680
1097879170485383171
1097879633045778438
1097879872586768384
1097880663229779968
1097880894755532800
1097882180288741377
1097883436495327233
1097883448235184128
1097883905082998784
1097883985093505024
1097884006077612033
1097890530732724227
1097893062829699072
1097898122439577600
1097898497393737728
1097901635584622594
1097907656902221827
1097908664386682883
1097911351270404096
1097911541679165441
1097912846678216704
1097913730292170752
1097916386439979008
1097922218275819520
1097924961375846403
1097926264093110272
1097926494796558336
1097926540229111808
1097926562739941376
1097928836489113600
1097929553278894080
1097929934503317511
1097932512603635712
1097932541728821249
1097932927613259776
1097935541494923264
1097936803091435520
1097940186246275072
1097940449250074624
1097944761829343242
1097945565462257664
1097946513802739714
1097946590298468352
1097946637102731275
1097947839609610240
1097947976352317442
1097949429057900544
1097950652720914440
1097954113424367617
1097954244307664896
1097956164065730560
1097958039628312577
1097960340313329664
1097960389403336704
1097960619674873856
1097964106387279873
1097967263846670339
1097973625343356928
1097975430244487168
1097979702499717120
1097985788422303745
1097986176382914562
1097987050916085760
1097988562530775041
1097989049917366274
1097990426878005250
1097993338752503809
1097994227374530560
1097998942598504448
1098006286816423936
1098016692062638080
1098019662628036608
1098020158625456135
1098022317458931712
1098029949833887744
1098030044612624385
1098030836908208129
1098033949945798657
1098034522040516608
1098034933497561094
1098038249103216640
1098038340111089664
1098054697074647046
1098055248797683714
1098055254040559617
1098056120189571073
1098056609308266502
1098056775771832320
1098057171277832192
1098060888941068288
1098062829393833984
1098066735951884288
1098068237512830977
1098078518204878849
1098078801723080704
1098079099090857984
1098079907756863488
1098081621117464580
1098082012471033856
1098084833098530816
1098086107793649664
1098093935195553793
1098094971851132935
1098094993820938240
1098095565534048256
1098096065893416960
1098097089723146240
1098100184427520001
1098102571242270720
1098102884556783617
1098102988609007617
1098111208681398272
1098115881891229696
1098120162585174016
1098122458148655104
1098122558803570688
1098123395579957248
1098124853075476481
1098125731991904256
1098125858869518336
1098132585287434240
1098134812353855488
1098135805648953345
1098143006878765056
1098143053125218304
1098143474526887936
1098147412584161280
1098152819016826882
1098157659629461504
1098160009756594176
1098161208040013826
1098161589776207872
1098167466377670656
1098168011649961985
1098169952668913664
1098172850178048005
1098175273244200960
1098177813293776896
1098180370984550401
1098180982111457280
1098182223742697472
1098182482837422080
1098185755225055233
1098185890688655360
1098186487974297600
1098186824747569152
1098190784187125761
1098191078195372032
1098192559640199169
1098193037770047488
1098194229325647872
1098195681859289088
1098195935220428800
1098197821537234946
1098199229837783040
1098200532999725056
1098200986252951553
1098201488906694656
1098202388983439360
1098204750397370373
1098205583805542400
1098206510314897409
1098206684676268032
1098206773301952512
1098212844527529984
1098213530744963072
1098214522689605633
1098216890365808645
1098217412149669889
1098219151519297536
1098219331027054592
1098221370326970368
1098221469291696129
1098224593850888192
1098224615854288896
1098225147713110017
1098225298712064001
1098226318746025991
1098226567036186625
1098226812403023872
1098226838441213952
1098227749850734592
1098227814011207680
1098228162109034497
1098228556822327297
1098229029101096961
1098231015967838208
1098231750793351168
1098234360925470720
1098235936691941378
1098239358845505536
1098240554628993025
1098240825987944448
1098240961891717121
1098242387976044546
1098243227231109121
1098244952801361920
1098245494277496833
1098247090185166848
1098247231549988866
1098248710868385792
1098249865589592064
1098252050289307648
1098252660665450501
1098252893034024970
1098253523622522880
1098254175639666688
1098257818443046913
1098259596546883584
1098259687773032448
1098261793967886336
1098261956920819713
1098265829081268224
1098266692151590913
1098266994703548416
1098267521482817537
1098268869561630721
1098275069552443392
1098275625305960448
1098277525736882177
1098277949369958400
1098280153476673537
1098284808319451136
1098288438493802496
1098289141022896128
1098291622369021952
1098292687025963011
1098294828939575296
1098296519235534849
1098297285946032128
1098298539615141888
1098303766158143488
1098316579752689665
1098316773508698112
1098317872860971014
1098318369458188288
1098320304303149057
1098320460301897735
1098321781516091393
1098322354613161989
1098322774735622157
1098325098384232456
1098325508998205442
1098325618909827072
1098327016439451648
1098327117081821184
1098328544860614656
1098331030061223936
1098332819078680590
1098334694104457216
1098337129330024449
1098337272666251266
1098337501377413120
1098339007937691648
1098340233962246145
1098342474567901186
1098347743867817985
1098351367297646593
1098352220876214273
1098355253320110080
1098355671077027840
1098355999075901440
1098356133729918977
1098356251979743232
1098361423153917952
1098362353848971265
1098363356740759552
1098363823113883648
1098369671240269824
1098369828941975553
1098370930814930944
1098372478919954432
1098376909380042753
1098381532304158722
1098382233201709057
1098383278418079745
1098385240505155586
1098386606191403010
1098388460900139010
1098388590902632449
1098390668341379074
1098391474213871616
1098391940469530624
1098393143404163072
1098394896220721152
1098394973823619073
1098395492210409472
1098395601698381824
1098395853356556288
1098396917875130368
1098401784098213889
1098407351206449152
1098408486579376128
1098410086706356224
1098411116428816384
1098412739603554304
1098414187913580544
1098416768236826624
1098423765619363842
1098424841441628160
1098427155019694080
1098427382887792640
1098432678393757697
1098432739731218433
1098435425792712705
1098435454305742848
1098436158101602305
1098436470145253376
1098443908336549888
1098446014283988995
1098448256139513856
1098448991082098689
1098454950684835840
1098459556089344000
1098461404867244033
1098462399747772417
1098467424133763072
1098468865288359936
1098469681055313920
1098469915953111040
1098471436379779072
1098471479182848001
1098474649237610496
1098480415965433857
1098481132767772672
1098486955719839744
1098487535397818368
1098495043126550529
1098495903415980032
1098496288050446338
1098500532677668865
1098501341792649216
1098501600572633088
1098514554655367168
1098514582371557377
1098515419126734848
1098516364921372672
1098519699833479168
1098523095529373696
1098535314388385792
1098539812347293697
1098544075446382592
1098558738737348609
1098562529125715968
1098566002026180608
1098567339363057664
1098567428894687232
1098572371051462657
1098574279900184582
1098577872728530944
1098581598927183873
1098582117359837185
1098598183654096896
1098598425673777155
1098600105899376640
1098608693724237825
1098609503799529474
1098609823275458561
1098610907121418240
1098614437823606785
1098614826056716288
1098614838329307136
1098616072339681280
1098619059934019584
1098619133783093248
1098619196685066240
1098624905141088256
1098626386963488768
1098626586205712384
1098628845278846976
1098638494694395904
1098640221883850754
1098642076609249281
1098642558530527232
1098643687238656001
1098644546206998529
1098644656919924737
1098644785294917632
1098648672546435072
1098650434196131845
1098651987355197440
1098653251493347328
1098656035244556289
1098656950454308865
1098660019862671361
1098661394684223490
1098666168280207360
1098666220084125697
1098666373780189186
1098670573125808128
1098674073264099329
1098676482489094144
1098677061730865154
1098677507996344320
1098681004355735552
1098683118318436352
1098689812901568512
1098693350285295619
1098704211041308673
1098704638424027141
1098742669461897216
1098744426011217920
1098748116625440770
1098748391343964161
1098748773822578688
1098749340061917186
1098749801020018688
1098751933832196097
1098753200910360576
1098759360027680772
1098761716219863040
1098765718416486401
1098767256870240261
1098769662312108033
1098771033010683904
1098772268631568384
1098773370928316416
1098774937504952320
1098788264453046272
1098789297124229124
1098789412467556357
1098791895046615040
1098795060081164288
1098796028948557824
1098796746593816577
1098797080888262657
1098802385001070592
1098810226667589632
1098810228768935937
1098810873450254336
1098813466058600449
1098813721806295040
1098814413002457089
1098818930297266176
1098833219867299840
1098835574553759744
1098836290504704000
1098839745340280832
1098843245440913408
1098843646466682880
1098845480652599296
1098846917625348096
1098847959482019841
1098849928720384000
1098856069986693120
1098859378877317120
1098865233727311872
1098868072012754944
1098868526662799360
1098875138555199490
1098875847832875008
1098878260375633920
1098880388594688000
1098888158119448577
1098888354391904256
1098890110957961216
1098890691890028544
1098892596120825856
1098893472277377024
1098893481110654977
1098893601457795072
1098897448477646848
1098900142898450433
1098902781950337024
1098914345671479297
1098915036578357248
1098916618569240577
1098918267329175552
1098918987914665984
1098919997433294849
1098920656434065408
1098923311835291650
1098923335252172800
1098923470774095872
1098924683561484294
1098924730340597760
1098924741253951494
1098924853405601793
1098924908199854080
1098926483995799552
1098926500332650496
1098926508729606144
1098926542711934976
1098926575414845442
1098926593035116544
1098926627852111874
1098927560229048320
1098928511103000576
1098932394176974848
1098933295532797953
1098933321097080832
1098940985353162752
1098943039312150528
1098944535588163585
1098946439626084352
1098947873033674752
1098948887425933315
1098956542056062977
1098956592391831552
1098963502016823296
1098963666085601280
1098964970589417472
1098970353894715392
1098971721640615948
1098971886493540352
1098972237120618497
1098976152511746048
1098978917053026304
1098980131631230976
1098980673950494721
1098981774124814337
1098982261502881792
1098983194756608000
1098985824253870082
1098986465898520576
1098987404579561472
1098988742122065921
1098989147321262084
1098989169538420736
1098989388044873729
1098993257281916930
1099000029010890753
1099007158899916800
1099007879049367552
1099012330065723393
1099013155500511239
1099014785390338049
1099021902721343488
1099022119994744832
1099024041384513538
1099026074883813376
1099026097847525377
1099036244435263489
1099037868335513600
1099048576389447681
1099049078472744960
1099049347747115008
1099052406229352449
1099055422344839168
1099056296752439296
1099056629025259521
1099057555534426113
1099061204180447232
1099063116367843328
1099066576668549120
1099067518348517376
1099070806645194754
1099074758082056194
1099077207912259584
1099077553602682880
1099078359722721282
1099078859255877633
1099079006501126144
1099079748049883136
1099079973711695872
1099082785543745537
1099086152336924674
1099089810222993414
1099090651218472960
1099090652829224962
1099091916967301120
1099092302415491072
1099096015242694656
1099101311386169344
1099109033527599104
1099109645862481921
1099116569416908801
1099117305508720640
1099118635333939200
1099119741166223360
1099120990389497857
1099122537923932160
1099123013117714432
1099127772000276481
1099128963157250049
1099150105393987584
1099150542872477697
1099151297826177024
1099151766778572800
1099152367503568896
1099156848576512000
1099159956131958785
1099164013978628102
1099165751389253632
1099167063405416448
1099179358227451905
1099184521772097536
1099185939006382080
1099187720314896384
1099187722424643584
1099187898602135553
1099195560307974144
1099205548279500800
1099206627843076100
1099209153220960256
1099209319944343557
1099210003397849088
1099211112795553793
1099213995532316673
1099216296552611841
1099226302073262080
1099228399632044032
1099233397988360193
1099238597662834688
1099238723080859649
1099239871900733440
1099243045311184897
1099243433653387264
1099243725178458113
1099246209078824960
1099246891794161664
1099247394787655680
1099247506792296448
1099250632781897728
1099259628750323717
1099261736387923968
1099264846871310336
1099266874817347585
1099267628554698752
1099274976547561472
1099275225253007361
1099275738216165381
1099277214598774786
1099283544671690753
1099287660961677312
1099292684324347905
1099294488449695750
1099295546743889921
1099295791628333057
1099300816798785536
1099306288285143040
1099306745053306880
1099306842776166402
1099307870791786496
1099308411865436160
1099308414365257730
1099316937203556353
1099317620438900736
1099321578209198080
1099322122609020929
1099322989173190656
1099323369982513152
1099333023621963776
1099335145914421248
1099338227897565185
1099338988765073408
1099341256210165760
1099341372371468288
1099343729993801728
1099352443148689408
1099354964923744258
1099355155873521664
1099355815033491456
1099356184572772357
1099356380006440960
1099357572367147008
1099358705328377856
1099360518463258624
1099361326751723521
1099361413594791937
1099362206737711112
1099365393586708481
1099368881129439241
1099371923690016768
1099375665399451648
1099375668767395840
1099383058703224833
1099383382532739072
1099386277005275136
1099387047675080705
1099388315864772608
1099399761453445120
1099401343347904512
1099402148264108032
1099402471196094464
1099405865663250432
1099406011851571202
1099406551029350400
1099410140938334213
1099421641296265216
1099422851323609091
1099423003174146048
1099431259242184705
1099438756141064193
1099438795978620928
1099439514055888896
1099441276506775554
1099443577908850688
1099446135582846977
1099451044172623872
1099453780972761089
1099454549780238336
1099459288496463873
1099461629765402625
1099462987054759936
1099467164141133825
1099469839297597445
1099472673783144448
1099473615014240257
1099475692029399040
1099478886390235141
1099480320431263745
1099482229909012483
1099482414248673281
1099483393580912640
1099484513078521857
1099487602565177344
1099492875665059840
1099496571257839616
1099499467022188545
1099503209188597760
1099505039998140417
1099509126705500162
1099529262510403585
1099534639587385345
1099545166472335360
1099550731672211456
1099554132233379841
1099554761790103552
1099558081141399552
1099558256891121664
1099560058340499456
1099564520249405441
1099567633660342272
1099568884850589696
1099572281703985152
1099572393385676800
1099578583733989376
1099580392766652416
1099580438060941312
1099584996409511936
1099591615025430529
1099596589365186560
1099597118359121921
1099598566245519360
1099599055053832194
1099609888341348352
1099612968667566080
1099620721649688576
1099621664269189122
1099621670564720640
1099621872642256898
1099622656943554560
1099622701524795392
1099623846590595072
1099624283633000448
1099625537704734720
1099626414347821057
1099629379267817473
1099636682813591553
1099647656379314176
1099647678210727936
1099649311867129857
1099649376908128257
1099651492905172992
1099651890101522432
1099664925583200256
1099672022345547776
1099673681889034241
1099676802190958594
1099680690495520768
1099680712960045056
1099681515733159936
1099681524151128067
1099681696109203457
1099681903735721984
1099687040642252800
1099688093680988160
1099690365291036672
1099691135369326593
1099691270014947329
1099694360373776384
1099696201669079045
1099696544356405248
1099699630105862145
1099700528945213445
1099710754251366402
1099715806693330953
1099715866139201536
1099716917764358145
1099719015763714049
1099720302555160576
1099724877315989504
1099727864889573377
1099728998609940480
1099730935967301633
1099735492776611840
1099737052931862528
1099737623315267585
1099741939744817152
1099742550007533573
1099750311537885184
1099753385580994560
1099762662521610240
1099764042435084289
1099768228790837249
1099768397393469442
1099771262530928640
1099775228610334720
1099778704912277504
1099781893841510401
1099782538929819650
1099788643311411208
1099798810707066880
1099803935748038657
1099805116838875136
1099805955695525888
1099806520244621313
1099818247065690112
1099818399809572865
1099820040633937923
1099822619690332160
1099827793733529601
1099828650659246080
1099838242189398016
1099845412373098501
1099847236488478722
1099852394211524608
1099853234343051265
1099854871505879040
1099854991731425284
1099855173751631872
1099855244672946177
1099855341548900355
1099855459811577856
1099855714435194880
1099855782345093121
1099856847299887104
1099857020088393729
1099857455050342401
1099862456472502275
1099868076307374081
1099868547306713088
1099870200701349889
1099872937480466432
1099874830361477120
1099879372406681602
1099881610906951682
1099888704305418240
1099891381093335041
1099891592507228160
1099892214522470400
1099893434205106177
1099895707530678274
1099897824194560000
1099897998027284480
1099905912305704965
1099905951690240000
1099912763642540033
1099914806822424577
1099918758980784128
1099921958844727297
1099924277393006594
1099926971436404737
1099933637879975936
1099941020685365253
1099942535663927296
1099943341809004544
1099954844713000960
1099955633233768448
1099956090001870848
1099960833734434817
1099961588306661376
1099962289149693952
1099970904698671105
1099987963327512578
1099993038015815681
1099994514851151872
1099994933832884225
1099998594650816512
1100009545559085056
1100012367893557250
1100012494498791425
1100012798657073153
1100014659728560130
1100017004260614145
1100019345118429184
1100021302038011906
1100025166954930177
1100025339202494465
1100025624847175681
1100025745643094019
1100026314810183680
1100032366192529410
1100033710601064449
1100034747865223168
1100035329619316737
1100036508231364609
1100039144737247234
1100040338461343745
1100041414690422784
1100041715254214656
1100042219615145984
1100042261117763584
1100048260658593793
1100049008066727938
1100051471385677827
1100052894244577281
1100055011403460608
1100055689597251586
1100055698811977729
1100056540193701888
1100059495953244160
1100061082532700160
1100061630417829889
1100067110699626496
1100069236871966722
1100070051728650240
1100071244580429826
1100072788520562691
1100074743087001601
1100076783989338112
1100080793928515585
1100081188881031168
1100081244782632963
1100081307151933441
1100081765606219777
1100081867095715840
1100083274683240449
1100083622843961344
1100084348802486274
1100084934704689154
1100085153731244037
1100085399555371008
1100085548419608577
1100086457740468231
1100086676263714816
1100086770656522240
1100086970712317953
1100088223555092485
1100088817489391617
1100089871912165377
1100090507378679808
1100091292095209472
1100091396965330944
1100092171234037763
1100092623388323840
1100093863031521280
1100094463421177857
1100094598079279104
1100094624469667840
1100096720791314432
1100097182173151233
1100098043271995394
1100101577803739137
1100103786125762560
1100104000005799936
1100105588393029632
1100106171007098883
1100108531569549317
1100109200133218308
1100110955009044480
1100115604827136010
1100115857580179456
1100115898415886343
1100116535497056263
1100116580837539841
1100116608519995393
1100118019483860993
1100118222047711237
1100119273513508865
1100124596978806784
1100124689266020354
1100134842459701248
1100140703965986821
1100142474377478144
1100143138310635520
1100146775627911170
1100153651081940997
1100157029019279360
1100157166588182529
1100163505444085760
1100164795624493057
1100181070782156801
1100181478078627841
1100181831838822401
1100182694397337600
1100186399653986311
1100189319279624195
1100196184529031169
1100197880176857088
1100198158364139520
1100199550445334528
1100199785926197250
1100201216867479552
1100207376651702273
1100208605553455105
1100208989738954753
1100213153437286400
1100213902116339714
1100214371031138305
1100215793336209409
1100219721692135427
1100225051843010561
1100227570102988800
1100229167268818944
1100229895840358400
1100234961687404549
1100238155242852352
1100240469659869184
1100240593832345604
1100241526196707329
1100241785845108738
1100242049226473473
1100243565068849152
1100248890568253440
1100250190383071235
1100252849160835072
1100253555066368001
1100254530212634630
1100258520686039042
1100261035167137792
1100261525061804033
1100261694541053952
1100261798547214336
1100266709724803072
1100267604697116672
1100269212805693440
1100269232087093248
1100269495946567680
1100273171159076864
1100273193221263360
1100273423048163329
1100273969146486785
1100274165045706752
1100274468272963584
1100276650149904384
1100277837964210176
1100281542260285440
1100281637592539137
1100282063750602752
1100288437415018496
1100289035514363904
1100291016001761280
1100295658815348736
1100296460678004737
1100298584258314241
1100301735942209536
1100302541185662977
1100302899345846272
1100304720940449792
1100305866425741312
1100306823553474560
1100307232061677573
1100307478825316352
1100308189642248192
1100309111542083584
1100310183199166464
1100310237708500992
1100310271292203009
1100311199537872896
1100312392339140608
1100312400299880448
1100313716535508992
1100314660610269184
1100318112098988033
1100318135159349249
1100318639767482368
1100320199193124864
1100320592614445057
1100326315725590531
1100326957869400064
1100327245636345856
1100327858000576512
1100329875762642944
1100330057891901440
1100332891979034625
1100332900384456704
1100332950707556353
1100334596984631296
1100334682137346048
1100336892929888257
1100344337404252160
1100349820940795904
1100350719893360640
1100355873019355136
1100357186734018561
1100359313183379456
1100360199737626624
1100360443544129536
1100364454544388097
1100364937807962113
1100367311695949824
1100368086383976448
1100368569991335937
1100369860155097090
1100369974856728576
1100370016636145669
1100370777877110784
1100375995188686848
1100376628935512064
1100376679686524928
1100376705699639296
1100380059511283712
1100380280920133633
1100380468816433152
1100381216660996097
1100381253558259714
1100382430920404993
1100383735365730304
1100385319969447936
1100385371949420544
1100386341693448192
1100386845433696257
1100389593101127680
1100390866508808193
1100391100953423873
1100391159262859270
1100391938572861442
1100395089145315328
1100395185782050817
1100396132461510657
1100397105947000832
1100399296619307008
1100400517614694400
1100401220974534657
1100404901547466753
1100406385425043456
1100407657133797379
1100408602534109185
1100411606788263936
1100412575370510342
1100412798515929088
1100414067758424064
1100414150361018368
1100415978230362113
1100416411481067520
1100416582633701376
1100417079663099904
1100417190799527937
1100419410035130368
1100419467866075136
1100419598682341376
1100419658706968576
1100419756853731328
1100420023636639744
1100420572658450432
1100420774157053957
1100421740352671749
1100423047717228544
1100425539565670400
1100426363733979137
1100427791495946240
1100429743067987968
1100430117627748357
1100430350415609856
1100430749721874432
1100430916244131841
1100437264742649857
1100439654648684544
1100444973210759169
1100445389046628352
1100445440707837953
1100446985033789440
1100448439211577344
1100448820444491777
1100449102326689792
1100450808569778177
1100451885897650177
1100452367173144577
1100452845298475013
1100453520996741120
1100453942528540672
1100454013856817152
1100454948742070278
1100455507846983682
1100455819060170754
1100456337509679104
1100458056763076608
1100458310912884736
1100458739985993728
1100460981854052353
1100461212947509248
1100461324109107200
1100462956121387008
1100463144437235712
1100464480318836736
1100466140818694145
1100467911674736640
1100469491669053441
1100470033166290947
1100471073336786944
1100471161010311168
1100471799370911746
1100473260251082752
1100473431391432704
1100474336094445568
1100479777339789313
1100481272705662976
1100482396267339776
1100483501881729026
1100483622275088386
1100484619277877248
1100484995481829376
1100485271043432449
1100485411145768960
1100486325906624514
1100486878304841730
1100487152679485440
1100487168961712129
1100487999882739718
1100491161951711232
1100493821136248832
1100494625603796996
1100495656555368448
1100501152368594949
1100501641441304578
1100505619302207488
1100507192581607432
1100510046801285126
1100510456605757440
1100510969577566209
1100511773197766656
1100512650641977351
1100512760545398789
1100515757350371328
1100515876053413893
1100516899480317952
1100519096423202822
1100521469589815297
1100522165416292352
1100522185146413057
1100523055443558403
1100523238734602240
1100527907435352066
1100528818220138496
1100530135017684992
1100530503701196802
1100536496522776576
1100537094135521280
1100537606742265857
1100540013857648640
1100540754970193920
1100542372637822976
1100543072780341248
1100544643530477568
1100544818411855874
1100548047967264771
1100548216251211777
1100549045867687936
1100551839710355456
1100552571347824640
1100555114610393088
1100555519347970048
1100556362847793152
1100559082426171394
1100561006760214529
1100561042013388800
1100562486795927552
1100563488106270721
1100563500273786880
1100563639935909888
1100575783712546816
1100582919502934016
1100583736943480833
1100583832598839296
1100584985612832768
1100585434810368000
1100588984437215232
1100589697913573377
1100591809720434695
1100592232531480576
1100595364418195456
1100595549810688011
1100601781283893249
1100605294831374336
1100606211718897665
1100608201488322560
1100609218355224576
1100614688319131649
1100615701314891776
1100616979755413504
1100617964351569920
1100618093355622400
1100619906100457472
1100620975236886528
1100622757803511808
1100623704470413312
1100624501400891392
1100624996731420672
1100625371899355136
1100627170635014150
1100628432281616384
1100631169081753601
1100631854426742784
1100632069611417601
1100633873984245760
1100634074077687808
1100636010994638848
1100636932894269442
1100637561192468481
1100637970380386304
1100640907848765440
1100642294049341440
1100642877074534401
1100644795523842048
1100644966651486208
1100646216587567104
1100646322431016961
1100647307090018304
1100647465202544642
1100647802231767046
1100648226078773248
1100648648831131648
1100649764511727616
1100650415899607040
1100650985503055872
1100651011503542273
1100652060427481088
1100652807902978048
1100653417339502592
1100653781488988160
1100653882089394176
1100654443794653184
1100655120251932672
1100655163008667648
1100656346658230273
1100657035761405953
1100657036612665345
1100659943684878336
1100659994431614976
1100661130236780544
1100661235937435648
1100662748667699200
1100664907245199360
1100665247369580545
1100665310737256448
1100665327505948673
1100665677717749760
1100665737679642624
1100665810660614144
1100666171995623424
1100666468352647168
1100666606752071680
1100667098307616768
1100667273667375104
1100667498062667776
1100668032412729345
1100668773965664258
1100670468862947329
1100671011610128384
1100671220482301952
1100671899535699968
1100672515691741184
1100672900737183744
1100677042591346688
1100677134467719168
1100677925500841984
1100678564549017600
1100678782124355585
1100679577230204928
1100679592749268995
1100679945485979648
1100679973604593664
1100680743309709313
1100681050324389888
1100681277592621060
1100681407637131265
1100682218928783360
1100682752331005952
1100683254783508480
1100683268620455936
1100683376686579712
1100683399075815425
1100684184668889088
1100684623808552960
1100686587573256193
1100687772485107712
1100687918983757825
1100688056527540224
1100688230511456256
1100688441904250881
1100689646474969094
1100689668734099457
1100690468143329280
1100691606079000579
1100692686086930432
1100692794732134400
1100692931462291456
1100693818054201345
1100697568256749568
1100697683394772993
1100697684468486144
1100697690172784642
1100697921845190656
1100698261579538434
1100698587506196485
1100700031181619200
1100701478182838272
1100702251620851713
1100703011209445382
1100703184459362305
1100703570737971200
1100703936892170240
1100704044262264832
1100704136985829376
1100704194841915394
1100705235876659200
1100707865302573057
1100709027443625984
1100709459125522432
1100709785312215040
1100710187676114945
1100710333914775554
1100710622654877697
1100710719086047232
1100710960698843136
1100713037718319104
1100713358146232321
1100713502447005696
1100714747480195072
1100714822788800512
1100716074788634624
1100716171525935104
1100716677120040965
1100717053315559424
1100718878190125057
1100719856377307136
1100720195721678848
1100721139020689410
1100721177151062017
1100721842879369216
1100722066364551168
1100722375048470528
1100722457571405827
1100722831825006600
1100724884500553729
1100725238504058880
1100726010285379584
1100727469466963968
1100727761826729985
1100728045776850945
1100728450493468674
1100730787584868354
1100730874818105344
1100732052469620741
1100732228311502848
1100732330665234432
1100732792462286848
1100733788659699713
1100734602300325890
1100734783083110400
1100735114844098563
1100735449948147712
1100735579585560576
1100735765787533313
1100735999011737600
1100736527905091586
1100736700727218176
1100737466586353666
1100738529863200768
1100739193813286912
1100740641682845697
1100741064472825856
1100741550626258945
1100741742272397313
1100742984201584641
1100744047046680578
1100744158183124992
1100744165300662272
1100744604033392640
1100744606126358529
1100745014680920064
1100745991509073922
1100746157184221187
1100747584925134848
1100749216085725186
1100749616247701504
1100750596875857920
1100752267861549056
1100752376087146497
1100752486804148225
1100752847505899522
1100754583528325121
1100754670786695169
1100754685458333697
1100755070080221189
1100756061215170561
1100756332154707968
1100756420666904577
1100756947857485824
1100757027545120768
1100757686898053121
1100757695508824065
1100757884881813504
1100758394896637953
1100758626447310848
1100759702210719744
1100760080159518721
1100761753174953984
1100761771747561472
1100761826696953856
1100761927347625984
1100762163491291136
1100763039660474368
1100764732926001153
1100766895920148481
1100766967642898432
1100766998013898752
1100767022604939264
1100767463829065738
1100767944064356353
1100768137446711297
1100768872326520837
1100769050953699328
1100769568958615552
1100770388500455424
1100770626443374593
1100771032762265600
1100771110788960256
1100771938329341954
1100772190381699077
1100772431210442752
1100772513733373953
1100772696240128005
1100773314165788672
1100775708568125440
1100775726184259585
1100777416077774848
1100777718465978368
1100778194532208641
1100779616413863936
1100779708243984387
1100780444365217792
1100780537915023360
1100780803405967361
1100781188032024577
1100781515162566657
1100783412208488450
1100783492382642176
1100783672737710080
1100783750714138624
1100783847132798977
1100784078591328256
1100784352021995520
1100785122738143234
1100785352527114240
1100785511923412995
1100785836566740994
1100785961141624832
1100785961317867521
1100786031580889088
1100786940910030850
1100787151334195200
1100788106087809025
1100789124875935744
1100789473455964160
1100791139005841409
1100791691395690501
1100791693497024512
1100791822237032448
1100791888104353794
1100792267705466880
1100792738696646661
1100793341019471872
1100794150100918272
1100794828722335744
1100795012860637184
1100795095497035776
1100795135753900032
1100795565661548544
1100795799712288776
1100796182660435968
1100796573963800576
1100796781586112512
1100797659034632192
1100797948873576448
1100798124182945799
1100798143912988672
1100799027233333249
1100801211194900482
1100802034977013760
1100802273637253125
1100802670833545216
1100802779470352384
1100802781558919169
1100803182953971712
1100803444636614656
1100803557056491521
1100803848564748288
1100804036478074880
1100804396336574464
1100804420697088000
1100805255753859072
1100805678568923137
1100809349813989378
1100809587652001792
1100809632094797824
1100810818558484481
1100810835440500736
1100811285099212800
1100811488942583809
1100812175743086592
1100812820202078209
1100813130127548416
1100814081861267461
1100814259666210816
1100814488671006720
1100816543917604864
1100816644140646400
1100817023288762369
1100818026092474368
1100818461528330241
1100821691582828544
1100821755604668416
1100822792583426048
1100822815220088832
1100822915883376640
1100823180107763713
1100824169996939264
1100824358723948544
1100824621711020032
1100824648969797632
1100825978148925440
1100826969262997505
1100827410906390528
1100827530037202944
1100829397332815872
1100830398932836354
1100830560430125056
1100832391675998208
1100832429000974338
1100833082196713472
1100834528233439232
1100836867803660289
1100837085102120960
1100838301651660800
1100838929324859392
1100839788058308608
1100839993419849729
1100840335251554310
1100841315045175301
1100842946205765632
1100845929173667840
1100846554548760576
1100846655245434880
1100846776041590789
1100847802383589376
1100848817379905536
1100849800524820480
1100850001855606784
1100850647354785794
1100853811139223553
1100855060190384129
1100856294150422528
1100856706454630400
1100862734512594944
1100864348489166849
1100868984595976192
1100869453355642880
1100869627008167937
1100870468800782342
1100870947362537475
1100871276623728648
1100878174592720896
1100880049861844992
1100880246998532096
1100880355186405377
1100880617754058752
1100881221310132224
1100882032090140672
1100882409577463813
1100882601777262592
1100882988366266369
1100883479955468288
1100884640737447936
1100884758815477760
1100885587609841665
1100885837997400064
1100887206585987072
1100887709764149248
1100888045056937985
1100889902030438402
1100891733913669633
1100891982665342977
1100897170159476736
1100899139276193792
1100899455623000064
1100899661739712512
1100901568331706368
1100902571588415488
1100903088314073088
1100903392430444544
1100903688963588097
1100905059662016518
1100906207227846656
1100906541492760578
1100908437335142402
1100908535901126657
1100908742269456384
1100909086185582592
1100909424258895873
1100909771534860288
1100912085540564993
1100913940257742848
1100915984964173829
1100916646414303232
1100918829570494464
1100919711196422145
1100920169617129473
1100921065973284864
1100922714749952001
1100923568290967552
1100924732600434688
1100926528622415872
1100929094273781762
1100931446850678786
1100934300659150848
1100936907834286087
1100937121911750656
1100939134078722048
1100939140831440897
1100939922700226560
1100940428134748161
1100940643474509824
1100941622257299457
1100942429627273217
1100942573517131776
1100943609505898496
1100943930353311744
1100943986150105089
1100944155172171777
1100944492398551041
1100944766303391744
1100945441162698752
1100946000678662144
1100946629815869441
1100946726523822080
1100948081888104448
1100948847356977152
1100950789328130048
1100952293883535360
1100952529523757057
1100954000306917376
1100954254209093633
1100959713511047168
1100960025575653376
1100960268002025472
1100961074180968448
1100961716727234560
1100961893324390400
1100962491822206982
1100964878821416962
1100965404778721282
1100965734207942656
1100967189874528256
1100967467940175872
1100969045845819392
1100969452265385990
1100970419929022464
1100970918594121728
1100970923207745538
1100972754914820096
1100973764450242560
1100974766486257664
1100975926177718272
1100976274305138689
1100979067732533248
1100979942249189387
1100980130556502016
1100980288707051521
1100980998798340096
1100981554950688774
1100983126958985216
1100983933251055619
1100984056840314880
1100986028154806272
1100986906454614016
1100987855646674945
1100988839630438402
1100988947390496768
1100993458393792512
1100993589662937089
1100994366867472386
1100994523310841856
1100994545112604677
1100995674479374336
1100998121197203456
1100998363217047552
1100999606832451584
1101001807973834752
1101002078095200257
1101003544432427008
1101003936171929600
1101005834497286144
1101005936452386822
1101006228799582208
1101008400190717952
1101009936979554304
1101012755543453696
1101012947646726144
1101013464158556160
1101014169862627329
1101014426566696960
1101015294082875392
1101015859760263169
1101015916802760704
1101015940697911298
1101017023251922944
1101017366966743042
1101020080903729152
1101021477183270912
1101025498254229504
1101025527207350272
1101026437773983745
1101026654183403520
1101027201556787201
1101030689107898368
1101030763355619328
1101030826265980935
1101031380354400256
1101034188440911872
1101034208556810246
1101035611559882753
1101036486076583937
1101038018708865024
1101039017741578240
1101039057197563904
1101039732878987270
1101041010950328321
1101041295689220096
1101041562450976768
1101042411705384960
1101043783339266048
1101044579384676352
1101044626390171648
1101044699358470144
1101045558351810560
1101045812094791681
1101047242801274880
1101048408809254912
1101048433337610240
1101048605107015680
1101048834107551745
1101049779499483136
1101050099503906816
1101052514617778176
1101053940685139968
1101054048441122816
1101055087391039488
1101055368426221568
1101056630894944256
1101056754643804161
1101057553650204672
1101057921075630080
1101059478844252160
1101066164136902656
1101066614999416833
1101067734060855296
1101068866506162176
1101070416641183744
1101071256856727554
1101071708683943936
1101071883695468544
1101073267597762560
1101074151354249217
1101074274213875713
1101076139450290176
1101078270966157318
1101078570020073472
1101078886702473216
1101079560748130305
1101079766256496640
1101080795521810432
1101081029153095680
1101082257266139136
1101082599093661696
1101085641620770816
1101086732991295488
1101087121811492864
1101088748371103745
1101089528918372353
1101090724697817090
1101090857271193600
1101091387632689152
1101092812639092736
1101094083513081856
1101094576356556801
1101095513783447557
1101099356164366338
1101099591066370052
1101100207071264769
1101101894968229890
1101103547536601088
1101103591568392193
1101103801728065536
1101105046991880194
1101105169066909696
1101105363674378240
1101107555206496256
1101108081998659584
1101108433464377345
1101108792916303873
1101109449341718528
1101111303228350465
1101111634590867456
1101112123218903040
1101114221188784128
1101114651968860160
1101115392670486528
1101115509641306113
1101115691715973127
1101117225581400068
1101119594121564161
1101121322984357888
1101121345214132224
1101121977165717504
1101122172360314881
1101122330884014080
1101124002725220352
1101125123019497472
1101125444760408064
1101125876345757696
1101125948261494784
1101128831572750336
1101129032987525120
1101129399133450240
1101129740142997505
1101131552900173824
1101133338436222976
1101134958314377216
1101136262122090502
1101136615869698050
1101137126735953921
1101138346833833986
1101138835893760001
1101139000688103424
1101139909224660992
1101140271876714496
1101140600429203462
1101142857375776769
1101143406447915008
1101146529077768193
1101147021078085632
1101147383466000385
1101149490667352064
1101150706185183232
1101152115479592960
1101154747824918528
1101155670563397632
1101156071555514368
1101157113840189442
1101158852777730049
1101164757791457281
1101164983176450048
1101166560234954752
1101166896206897152
1101167997652254721
1101168060143087616
1101168195166064640
1101169837655633920
1101170886672027648
1101171687398105088
1101173116326141952
1101175284408057856
1101175613224878080
1101176481454190592
1101179327809490944
1101179348260917254
1101179557128925185
1101179742957510656
1101180512167583747
1101182261205061634
1101184029934669825
1101187370714447872
1101190299609714690
1101190447240749061
1101190885960757248
1101190923717767169
1101191553668677632
1101191896347656192
1101194631050653696
1101195699742494721
1101195790775738368
1101195996699217922
1101196039070068736
1101196526452441088
1101196952178475010
1101197343519633408
1101198009143042050
1101202636303421442
1101204556015378433
1101205235513475072
1101206740820021248
1101208767096451073
1101210304732692481
1101210674661871616
1101214259114139650
1101217153200590848
1101220020435116032
1101226535019782145
1101227482072657921
1101229455522127873
1101229847664308229
1101233791153123328
1101236339297665029
1101236508655345664
1101237074865414145
1101238248045793280
1101240629135331330
1101248061861478402
1101250957600530432
1101253650771521540
1101253713677697024
1101254485026983941
1101257270887895041
1101258337918709760
1101259761012469760
1101259891883298817
1101260871681142785
1101261371226894342
1101265251780177921
1101269634853060608
