1079895774966833154
1079906237653889024
1079909258425221125
1079912528707309569
1079916502378270720
1079919198925737985
1079920264010448896
1079921780070875136
1079931403071119360
1079940822441881601
1079941152713756672
1079941565043355650
1079953025144442880
1079960690515795968
1079961295875641350
1079965694874341376
1079970063137026049
1079975492739059717
1079984393471561729
1079989284466233344
1080031570189266945
1080035309805436929
1080035631093317634
1080047472481878016
1080052537498193920
1080071530036506624
1080071620314705920
1080072012704464897
1080072184880607232
1080072319526191105
1080072827867402241
1080072839603109888
1080072965448970240
1080072968808644609
1080073105526075393
1080073203668733952
1080073379418378240
1080073484707872768
1080073724177645569
1080074156211953664
1080074186410864641
1080074260654288896
1080074301750108160
1080074309710733312
1080074821424287744
1080074931755307009
1080074990035202048
1080075011442991106
1080075599455105024
1080075662784901120
1080075751737704448
1080076008009728000
1080076091455389696
1080076307868864512
1080076335156850689
1080076381722210305
1080076457223835648
1080076544012357633
1080077122847137792
1080077216363528192
1080077588830216192
1080077629947023360
1080077908864057346
1080077982658691073
1080078199533510656
1080078489343217664
1080079332817670144
1080079374769102848
1080079402875187200
1080079587843993600
1080080110861066240
1080080367552327680
1080080388104556544
1080080570154209280
1080080755114590208
1080080860379037696
1080081283169030144
1080081456830009344
1080081637159899136
1080081877933977600
1080082127885082624
1080082145945767937
1080082926086381568
1080083368585261056
1080083668490747904
1080083792637890560
1080084478377246720
1080085014019215360
1080085641054973952
1080085648600633344
1080085892289699840
1080085962343047170
1080086670760964098
1080086997505634304
1080087114941898754
1080087653461180416
1080088022173999105
1080088166458118144
1080088878655123457
1080089018707136512
1080089282134589440
1080090082420371458
1080090096253038592
1080090542095196161
1080090603738800129
1080091226592985089
1080091268540190722
1080091400262291457
1080091526481526790
1080091575584284680
1080091801246142464
1080092163201847299
1080092679093010432
1080093079661694976
1080093351020498944
1080093474765062145
1080093564103729152
1080094280889389056
1080094914258653184
1080095004402638848
1080095155842093056
1080095182664753154
1080096188936998912
1080096402804535298
1080096599269933057
1080097465620144129
1080097781887451137
1080097852330774529
1080097901408387072
1080097911499825153
1080098247459332097
1080098676968734726
1080099032624709632
1080099469687996416
1080099539292426241
1080099908412162049
1080100025412272128
1080100684324728833
1080100696085721089
1080100837857337349
1080100861769142272
1080101023656497152
1080101201935560704
1080101508526587905
1080101607524745216
1080101763955548160
1080101770246922240
1080101853277421568
1080101993400754177
1080102054624985090
1080102122132168704
1080102205602988032
1080102224506830848
1080102284036591619
1080102594020761600
1080102889702354944
1080103272210300928
1080103562456326144
1080103784360173569
1080103859438215170
1080104133733113857
1080104302771949569
1080104728510513153
1080104769593720835
1080104790984515588
1080105215041376256
1080105372323598337
1080105641161777152
1080106006510743552
1080106053910626304
1080106434317242369
1080106557197692928
1080106696448634880
1080106753486815232
1080107509719932928
1080108097794985984
1080108782271844352
1080108831370178560
1080109338889539584
1080110086716977152
1080110380297248768
1080110580789362688
1080110681884643328
1080110765351284736
1080111100052602883
1080111705307430912
1080112466548482049
1080112810493992961
1080112813002113025
1080113183371771904
1080113185473081345
1080113896827035648
1080114218962223106
1080114576723722240
1080114734412763136
1080114852683829248
1080115931903377410
1080116029630697473
1080116105132343300
1080116213316022273
1080116446552834049
1080116915027075072
1080117948524699648
1080118859091238912
1080118971087626246
1080119767158214662
1080119992803160065
1080119993260535809
1080120932339978241
1080121395806380032
1080122119336259584
1080122388187176961
1080123311768694784
1080123399022788610
1080123425031704577
1080123490051575808
1080124336009289728
1080124543505653760
1080124906430377985
1080125562012737536
1080125606480744449
1080126360612294657
1080126379906252800
1080126657590161408
1080127202849521665
1080127372287004672
1080127543389405191
1080127845400305665
1080127846646009856
1080128472847048704
1080128541252046848
1080128605814968321
1080128671254487041
1080128965287821312
1080129079779635201
1080129312559427585
1080129452665946113
1080129784854835205
1080129984512118784
1080130124987666432
1080130392609325056
1080130575460196358
1080130970991452162
1080131212147068928
1080131414312521729
1080131622798712832
1080131719272038401
1080131739807301633
1080131943663050752
1080132068632338432
1080132077465542656
1080132285050114050
1080132813964247040
1080133391108911105
1080133438508650496
1080133937203154944
1080134741687484422
1080135289442430986
1080135371256672256
1080135858202836993
1080135942067965952
1080136145504292864
1080136700817358849
1080136703367614464
1080139493812785152
1080139515191279616
1080139668312723461
1080139745878032384
1080140218169245696
1080140856563257344
1080141147199229952
1080141264669036547
1080141322114207745
1080142838346600448
1080143504834101248
1080143522445938688
1080144224169967617
1080144272391843840
1080144944738775045
1080145202269118464
1080145317608284160
1080145359555448832
1080145849877962753
1080146002533744640
1080146055377743877
1080146324677246976
1080146514247204864
1080147022605369345
1080147384565485569
1080147405964759040
1080148424744415234
1080148493942120450
1080148550162567170
1080149120587829248
1080149170915364865
1080149312695398401
1080149651154784258
1080149857094983680
1080149947264221186
1080149998858371079
1080150284918247425
1080150288286257153
1080150378895663104
1080152562442092545
1080152828339834880
1080153403798491137
1080154689365311488
1080155378917228545
1080155443077545984
1080156567566209024
1080156745404698626
1080156972320722944
1080157398034190336
1080158277994831872
1080158350564835329
1080159365166960645
1080159414252912640
1080159433529929728
1080159437313269760
1080159927195308032
1080160214119256064
1080161811717124096
1080161936703213568
1080162046182854656
1080162316270948352
1080164370636775424
1080164706634076166
1080167018538639366
1080168371591606273
1080168569558556672
1080168710063734790
1080168948321189888
1080169149635137536
1080169327888867329
1080169572412653568
1080169640804999169
1080169978454781952
1080170261134094336
1080171370930192388
1080172215692349442
1080172838974193664
1080172857425084416
1080174008308518913
1080175982592577537
1080176694361608192
1080176953980788745
1080177124697432065
1080177726173007873
1080178935395172352
1080179426124615680
1080179471406243841
1080179789934350343
1080180158424850432
1080180473857433601
1080180717517185024
1080180952414904320
1080181049286639620
1080181625193938944
1080182033912086528
1080182240913641472
1080182560506953728
1080182636021133312
1080182696003977224
1080182859753766912
1080182900669251585
1080185438642552832
1080185957461225472
1080187191446269952
1080187362976575488
1080187453993115650
1080188063433801730
1080189372891365376
1080190548164726784
1080191039728537600
1080191474262790146
1080192757702881280
1080193409086865409
1080193719029170183
1080194480291147776
1080194756284624896
1080194906038198273
1080194956797661184
1080195207587598336
1080195245755809794
1080195669825150981
1080197110551715841
1080197940486893569
1080198933400510465
1080201099770966017
1080202181473636352
1080202773688471559
1080202837865496578
1080203430931636224
1080203679259537408
1080204120907280389
1080205019327184896
1080205125459824640
1080206384174641152
1080208897372286978
1080209146530725888
1080212777153822721
1080214100402028544
1080214754738745344
1080215051695382528
1080217296080175105
1080218607634841600
1080220943837003776
1080220964808343552
1080220987906580480
1080222759161118721
1080224063971344385
1080226434193543168
1080233981403115520
1080234187381190657
1080234775410081792
1080234881534193664
1080236128056287233
1080236145693331458
1080237850669531136
1080240381915250690
1080242003038928896
1080242123809509376
1080242134748254209
1080247005581111302
1080248065058131969
1080250485573992448
1080251092921921536
1080253605737873409
1080256159641206788
1080257238835650561
1080258367526973440
1080261074946048002
1080261082483249153
1080265950392389632
1080266744801808384
1080268269842505729
1080268274607292423
1080268283708870656
1080268457768304640
1080268526563278848
1080268553809408002
1080268685112164352
1080269414082232320
1080269666558324738
1080269669066555398
1080270216024809472
1080275346480603141
1080275918159921152
1080276358582947841
1080276726847025153
1080277801813475330
1080283358880546817
1080284069399687168
1080286879566782464
1080290129745530881
1080291017247449093
1080293631959990272
1080294121032556544
1080294986321670144
1080295170430640130
1080295280774389761
1080295982481399808
1080297136305127424
1080297645501870080
1080297804055175168
1080302044873920512
1080302347719503874
1080304790482112512
1080305834889043969
1080306573916815360
1080310344587898881
1080313923188985857
1080316753484275712
1080319568302755840
1080323274804944896
1080324574594514944
1080326045990117376
1080326637374193665
1080329587643437057
1080329896776343553
1080330783443697664
1080333302958039040
1080334026467147782
1080338248046600192
1080339935847100417
1080341983510581248
1080342361396445185
1080344933330935813
1080347486412247040
1080349819707813888
1080351480228401153
1080352128260960256
1080352886566080512
1080354805497745410
1080358509454200832
1080359092466712577
1080369353856557056
1080370383537221634
1080372534812557313
1080379445322620928
1080386677586214913
1080388768845172736
1080390040566620160
1080399814133727232
1080400929806004224
1080402517052346368
1080405416037756930
1080406887429009409
1080408151588044800
1080418944366923776
1080421451897933825
1080425399404978177
1080435727723225088
1080439746973831168
1080442297408503808
1080443563236884481
1080449487682777094
1080449995608940546
1080450160881070082
1080451589045932033
1080451761004007424
1080451846156832768
1080455892779311105
1080457871131901959
1080459150944030720
1080466021629284352
1080466731980730368
1080466898666455040
1080469395967758336
1080472153705861126
1080476409695490048
1080480568335314945
1080480805049257984
1080481303575724032
1080482534201458692
1080482948170698752
1080491962174750725
1080493610934652928
1080495021307027458
1080495106635907072
1080501890478161920
1080505416654610432
1080507466402680832
1080509864705773568
1080515644041428992
1080521978262499328
1080521989578768384
1080528491597254656
1080531608392871936
1080531948143992834
1080535559011880960
1080546755685568512
1080548630149382144
1080552308960833536
1080553865882357760
1080558176297197574
1080558544213094401
1080562566131265539
1080572856877101066
1080573397069901835
1080574839402967042
1080575745490079745
1080576133467385861
1080576253390925825
1080576983212404743
1080584263353946113
1080585191469563904
1080599090134700033
1080605684838866944
1080606435199934464
1080609843914907648
1080623700632895488
1080629953920724992
1080638532929097728
1080638962438455296
1080641070126514177
1080642587575402496
1080645804606533632
1080646603613065216
1080651145230671874
1080653604355100673
1080661370922782720
1080677698509393921
1080694357882212352
1080694818844471296
1080701128759799808
1080705555826642944
1080706505849036800
1080718352224530433
1080736043798880258
1080740974979149824
1080741244324794369
1080743752078024704
1080756297249816576
1080783686587432960
1080787372877537280
1080788332500594690
1080795933032546304
1080800961554276352
1080801784506052608
1080808186251173889
1080811962592870400
1080811997636239360
1080812137277284353
1080819171959730176
1080819864472875008
1080827694793744384
1080836423153000448
1080841626178732032
1080843510692089856
1080847276325646336
1080849599990878213
1080854988795060224
1080859962425987074
1080862853127684097
1080865769439690752
1080877505542844419
1080878549916102656
1080883814904283141
1080885189058940928
1080886511527051265
1080887501789704194
1080889611621187584
1080891772006481921
1080892360056336384
1080897970797563904
1080907857074315265
1080910163643637760
1080911231089893377
1080914367565258752
1080914642702979072
1080916111158272001
1080917006621310976
1080926033870839811
1080926219426844672
1080927246607470592
1080931120030601219
1080932705477554179
1080948408968335360
1080948492447625216
1080955525662150656
1080962463644962816
1080968269844992000
1080976901307617280
1080977166802829318
1080978872202682368
1080979323094355968
1080984159949078529
1080984242161516544
1080985350191833089
1080987224538136576
1080990109137231872
1080992071677206528
1080997366134702080
1081010766122119169
1081021284169986049
1081031005316804608
1081032497230565376
1081035110684737536
1081036040964460544
1081041730827313153
1081047440663425024
1081054329820381184
1081059161645957120
1081059330252787712
1081059456513986560
1081064471655702528
1081069047213707264
1081074201157525505
1081076058424717312
1081084359375958016
1081085066279829505
1081085588281933825
1081085759002693633
1081088627898224642
1081089774675386368
1081089916912746497
1081091120598343680
1081091614242553856
1081094689938436096
1081095322003275778
1081099976237711360
1081102127223750656
1081107883532709888
1081112093032628224
1081113220377706496
1081120808704098305
1081121625943101440
1081122676012331008
1081123032503144449
1081124849920208897
1081128304348942336
1081129096787169285
1081134344121577472
1081137679197102080
1081140009795833856
1081143266517626880
1081143330421989377
1081145028284768257
1081146418687967233
1081152476500426752
1081155547624132609
1081158747848953856
1081161060609073152
1081174413167464448
1081174474391777280
1081177819370192898
1081184669096439810
1081186286403149825
1081192631969955845
1081195987400564736
1081207165212413952
1081210870460440579
1081211063843110912
1081212811685052416
1081212965091569664
1081213768749572097
1081214457462837249
1081215202790727680
1081224624371834880
1081231109260787712
1081233961790119936
1081240757409906689
1081241775765897219
1081244787288743936
1081247194861264897
1081249829253246976
1081249904331313154
1081251134864584712
1081253900697636864
1081256316163801088
1081257706600755200
1081258140690112512
1081261093106929664
1081261228977213441
1081263587824422913
1081264131444035594
1081264193918128129
1081265927340126209
1081273892008808449
1081275376335237120
1081275429628010496
1081279178090180609
1081293698753855488
1081294271267794944
1081295571082768384
1081295964932096000
1081307794979082241
1081310239813623808
1081318615423569920
1081320649702940674
1081320786827374592
1081325590576316419
1081331771277541376
1081332568639893504
1081333956090515456
1081334583969370112
1081340327242416129
1081347602988318721
1081354116008357888
1081367602339987456
1081378118751813632
1081379680291352578
1081384067415855105
1081385821612240901
1081386583700451328
1081389806213566464
1081399662257434624
1081402895793180672
1081403950664900612
1081403961989427200
1081404222808047616
1081406210539171840
1081406290646073345
1081409417923444738
1081415196831289344
1081423576266350592
1081450959581122560
1081460776337055744
1081464226152108032
1081472322840682496
1081477599677874176
1081481156875378688
1081481179633717248
1081483165536059392
1081494752707706881
1081496066774745088
1081497599792869376
1081502325120909312
1081520547597598722
1081520567130513413
1081527912027881473
1081532038807732225
1081533622572716033
1081534363702120451
1081539671207890945
1081540779766616065
1081542946124677120
1081546349747859457
1081548375638593536
1081552363976941568
1081553177256886272
1081553973637722112
1081560399865171968
1081562235279941632
1081563924338823168
1081571083575283714
1081586401630547970
1081592259781582850
1081594863219556352
1081597380603117574
1081602167595851778
1081602482147549186
1081605496178659332
1081624511462559744
1081624593197084673
1081626228187115520
1081626732761776128
1081628128240431104
1081628839992803330
1081632377900879873
1081633243638710273
1081634039252041728
1081635293025820672
1081636035321311232
1081636628827906049
1081640055150567425
1081640524476502016
1081648505830158337
1081649952458035200
1081651488827604993
1081656908291817474
1081664180346863619
1081668662388539397
1081669468944826369
1081671988081352704
1081672757295894528
1081676365227790337
1081681657197928450
1081683264849526785
1081688059777818630
1081698905438519296
1081704850419789825
1081708981402431488
1081717996631011334
1081719989776846850
1081734533962256385
1081752954913185793
1081765957679239170
1081778306133815296
1081782988374003712
1081785471678717952
1081786059590004736
1081788021811359750
1081788911855251456
1081809631708618752
1081813807549304832
1081813841934090240
1081824017735213056
1081838065591685121
1081842325888880642
1081873467228782592
1081876383226310656
1081877321064304642
1081881535056396289
1081887941021106176
1081891448709099520
1081891764141785088
1081895675309277186
1081897673496641537
1081904330201014273
1081912325723033601
1081914399542013952
1081917196715151361
1081929525058027520
1081958578561245184
1081960460553879552
1081961590478589952
1081964441791545344
1081965606121877504
1081969161641906178
1081976004640423938
1081978015792484352
1081980756145131526
1081984240139595777
1081984731766349824
1081985399877193729
1081988813201788929
1081989456209555456
1081993293557260288
1081998825844363264
1081999714638331904
1081999764118519809
1082003809944121345
1082003930517827584
1082004821614514179
1082009123502215168
1082009802337906688
1082009908013260800
1082016035094581253
1082018505959067649
1082027585352065025
1082032698334556160
1082036833377284101
1082036897776631813
1082040880893251589
1082041293562236928
1082044507699535875
1082047309486219270
1082048847952658434
1082057748274130945
1082057992235831297
1082059946081112067
1082063675224014848
1082073907421765633
1082075532974530560
1082082918665732096
1082091792584138752
1082094018085965824
1082095375807242241
1082101932309635072
1082115011860824067
1082119934715531265
1082122619057520641
1082127649781239808
1082128768309747713
1082134867268300801
1082137269329424384
1082148599419555840
1082158814672097280
1082182075829096448
1082184961929760768
1082185301668388864
1082215338748596224
1082216784533639168
1082218700483235840
1082219273005744128
1082219373245407233
1082224953615884288
1082225324253999104
1082226075332210690
1082232441031585793
1082232769877630976
1082241133726420992
1082241944913436672
1082244515186917377
1082257723876614144
1082262049466601472
1082267923144597505
1082270901540810753
1082272594366160896
1082276183008595969
1082278419428196353
1082278455713112065
1082280975869116416
1082290264113364992
1082290910061383680
1082292157854015488
1082295237307822080
1082297409047326720
1082297685103673344
1082298338572148736
1082300752989745153
1082301699052707840
1082303283664949248
1082303360836005888
1082312917549240320
1082314478677417985
1082316584977420289
1082316939459002369
1082318602081046528
1082326012174708736
1082339835321303040
1082341213531848704
1082347840188362752
1082350704050622464
1082352297034829824
1082353781843599363
1082354730578440194
1082355275426922496
1082358804929339392
1082362492871942149
1082374494981746693
1082374718550814723
1082378922082201600
1082393289238622208
1082394579398123522
1082400803384631298
1082405512682061824
1082407633749975040
1082415624335298560
1082417366229766144
1082425399144079361
1082429421909356551
1082437812585197569
1082439345217228800
1082442477515272192
1082444201793605632
1082444535530225664
1082446849221513216
1082454857431371777
1082455461406871552
1082459998385569793
1082462941662928901
1082463316507852801
1082470722780438529
1082473413871128576
1082473687767502848
1082474078643126272
1082477265487831041
1082478128264593409
1082483173156626434
1082484398312681473
1082491903914831872
1082493806510067712
1082497953883873280
1082499137386487808
1082499807338328064
1082500981760421888
1082504777601294336
1082510077511258112
1082511531269591042
1082516971726557184
1082517188551020544
1082519677446881280
1082534396106690567
1082541260097765376
1082552497888264192
1082555922126233601
1082556180482928640
1082557100285460480
1082564553551069184
1082568333478842368
1082589889668018176
1082600360869531648
1082601468065140736
1082606763793354752
1082608020411113472
1082618486873038848
1082620894395203585
1082625291715895298
1082625381054722051
1082628582566957056
1082630592452329472
1082631230234025985
1082631284952834048
1082631578143084545
1082633470176825344
1082638798201151488
1082639005827649537
1082642178407567362
1082643173690757122
1082643374174322688
1082647710266740739
1082650055293763584
1082651472565882883
1082654466434912258
1082655683194118144
1082659342724333569
1082661644575141888
1082673671309799426
1082679477929459713
1082683070359261185
1082686523097649152
1082693353945382913
1082697729866899457
1082701980370374657
1082709773034770432
1082716704483037185
1082717037921792000
1082717950581317632
1082718658189766656
1082720333797445633
1082721329084801026
1082721377759711232
1082723824032985093
1082724105730904067
1082724377114959872
1082727387773702144
1082732198225035264
1082749977053536256
1082754163304361984
1082761150687629312
1082770425103429633
1082772625867321344
1082775736342249472
1082789590149169152
1082792904077336576
1082795953738956803
1082816968451809280
1082819351546380288
1082819597881925632
1082830505995878402
1082837195893981184
1082846646528921606
1082847645184544769
1082849381215281152
1082853605240131584
1082855972115267585
1082866838457921537
1082867108009132033
1082874981963522048
1082876863981080576
1082885675727417346
1082889477083648000
1082913662698848256
1082935943164805120
1082940325474304001
1082941488940679168
1082946759930929153
1082949976139935746
1082950847720509440
1082951367566618625
1082952727615946752
1082956344334807040
1082956716382277632
1082957339253198849
1082965720709939200
1082967558649606144
1082970177577336832
1082974825688322048
1082980356318527488
1082980830698528773
1082991448654561280
1082991632721559552
1082992488342786049
1082996709897039877
1082997209430405120
1083000440730447873
1083002398216544256
1083011973405700097
1083018372973977600
1083019613263282176
1083021333582221312
1083023166321188865
1083030753821245441
1083032918933549056
1083033569453256705
1083035055910473733
1083038962904649729
1083046350042877952
1083046440199512064
1083050043811266561
1083051472403791876
1083062452705734657
1083071892406353923
1083072287912443904
1083080986475155456
1083094582747975680
1083096090575097861
1083098923818987521
1083100383868841987
1083101782686027790
1083106696313163783
1083110981184688128
1083111260953198593
1083126731475697669
1083129691584614401
1083143086920921088
1083145373642743808
1083149502096330752
1083150150829330433
1083150329645010945
1083150486511923200
1083159658213330946
1083172762036912128
1083175822628999168
1083190457407021056
1083195818557853696
1083206110939660290
1083232787560321024
1083236211815313408
1083240666145140736
1083270616831197184
1083272216106668033
1083275319065358336
1083279647595466752
1083280265848475648
1083285296794394624
1083287274941546496
1083293714888474624
1083294432080916480
1083305309597184000
1083311923175833600
1083318464603811840
1083319657485029376
1083324419412504577
1083327247505870848
1083346923636051968
1083347888502202368
1083347924145319936
1083354239496347648
1083357708626157570
1083358260160315392
1083368431351545856
1083374584987041793
1083375794452353025
1083376075072262144
1083378460784029696
1083381029384175617
1083384937607299072
1083394631084199936
1083395815954149376
1083396160335872001
1083398072485453825
1083399366046564352
1083402906857029632
1083403715929874433
1083415613069058048
1083422387297755136
1083425039309975552
1083425273834586112
1083446904686604288
1083453723353985025
1083454097511120897
1083455474480177155
1083455581044695040
1083461759237648384
1083466797435834371
1083467847278432257
1083468459630047233
1083474029690998789
1083488264290488321
1083490897059344384
1083499661069934592
1083506296748265473
1083509508314411009
1083523819824832512
1083540177614786560
1083547538643398657
1083550471300763649
1083560097215901697
1083573525695291393
1083577034213937152
1083577985913896960
1083580467683704832
1083582003214192640
1083588401423474688
1083598928933765120
1083611230068240390
1083615814089986048
1083617898042556416
1083617973275787264
1083633011848032256
1083637448410828801
1083640845130256384
1083646467154341888
1083666012199899137
1083673404694245376
1083676544936148993
1083676932066238464
1083683962155868160
1083694066213085187
1083695874398666759
1083696832348327936
1083702059252310016
1083713628866412544
1083715465552281600
1083715554458898433
1083716434038087681
1083717602143322113
1083718590300225537
1083738992674254850
1083740233605304320
1083741709719064576
1083745578968903680
1083750735462965248
1083762200152498177
1083765274170527750
1083767521470283776
1083773529827561473
1083785684505116674
1083786423537410049
1083789144780926977
1083791874689777668
1083792711197618176
1083793099200098304
1083793228493668353
1083807783877779461
1083809359224860675
1083809770698563584
1083810878871535616
1083811116235612162
1083814028143669250
1083816528154447873
1083816762209173505
1083818510382448641
1083827595249111042
1083828115749646337
1083828330095394818
1083837485006778368
1083837603693002752
1083837641416536064
1083838287775744001
1083838605741748224
1083839033959170048
1083840209647796224
1083840308578869250
1083840850076028934
1083846169082716161
1083847554675236869
1083851793443053568
1083854509233778689
1083875722349838337
1083878439927586816
1083879795031605248
1083879922547023872
1083886754229301248
1083892087819563009
1083895553035890688
1083899657594552320
1083900764853018625
1083903366160400384
1083903867027304449
1083907567602946048
1083907729947807749
1083910169589960704
1083913115434209280
1083914875775008768
1083916920078954496
1083933104685961216
1083933139850809344
1083934027374120961
1083935582194147328
1083937877959020544
1083943437035016192
1083943528319741952
1083951718935773185
1083959589157113856
1083960613393629184
1083971776940519424
1083974108268752897
1083975369395458048
1083988055458021378
1083990724687941632
1083992050117292032
1084001399598448640
1084009117579132928
1084012978003951616
1084017308375412736
1084017568782913536
1084018178974457857
1084023457485070336
1084025910339223558
1084026125490290688
1084036177613737984
1084039581668909056
1084042420361314304
1084048282303844352
1084054824612753408
1084058409903771649
1084058578908934144
1084063631803891717
1084070957126365190
1084075270565314562
1084076033920385024
1084078258826764291
1084078797555679238
1084083903273545728
1084085273577902085
1084093340046508032
1084099870141620224
1084100965723185152
1084102718107586561
1084105415435145216
1084107769291132928
1084108168609685504
1084110306412875777
1084117456027901954
1084120634500759553
1084122655723274241
1084124551959564288
1084124955879579649
1084125567421693954
1084130327264743425
1084133115050762240
1084134672282595328
1084135289428180992
1084135294398595072
1084135355224387584
1084139617903874048
1084141532582694914
1084143513149804544
1084147278800187392
1084147468818886656
1084147567791927296
1084148241401290752
1084148327804010496
1084148423857704963
1084148897394712576
1084149282851221505
1084151056605609984
1084155501305307136
1084160017337602049
1084163600074371072
1084165203380584450
1084166164920463360
1084186212829667328
1084186683766128640
1084190194780250113
1084190218398294016
1084190712491577348
1084193817539026945
1084199581607440385
1084200393788272640
1084200897519996929
1084203691358543873
1084210235735228417
1084214828191924224
1084215070509490177
1084215945424445440
1084217174774951936
1084218649064415233
1084223220008534018
1084227639576051717
1084236389040951296
1084236776858898432
1084238506573078528
1084239855473836032
1084241394783395842
1084242920247574528
1084243663071383552
1084249404641554432
1084252375907475463
1084262413711613952
1084271681026297856
1084273469481775104
1084275323343159296
1084277444352319488
1084279618335633409
1084283378520731653
1084294102508859394
1084297335029551109
1084299908662751232
1084314068780048384
1084326548394725376
1084330601027518464
1084332518575407105
1084333953866096640
1084350010358185985
1084357590417530881
1084365525231329280
1084366648461512704
1084381293725528064
1084385136509181952
1084386248863625216
1084387513844883456
1084387648897191936
1084389340048953344
1084394369451479040
1084394429434290176
1084394645839364096
1084402687590916097
1084408403563372545
1084409742825586688
1084413367526322176
1084418965265371146
1084419719371898881
1084425627925708801
1084427482214875136
1084435031139983365
1084441411095838720
1084451624196673536
1084452263018536961
1084459231003230209
1084462596491751425
1084467892673019904
1084470874789552133
1084473418437795840
1084474597683183617
1084476271621369857
1084476579974123521
1084481608466477057
1084494990355636224
1084497521991397378
1084501517141463040
1084502169351524352
1084505300797935616
1084511060701388801
1084512379973570572
1084513106821144576
1084516052506198017
1084517911400759296
1084519314802253824
1084520845723222016
1084522286483271680
1084525519868215298
1084528457583939592
1084529044752945153
1084532082720813057
1084534161384312832
1084541116400222208
1084543538598215685
1084547268609536000
1084548085647360006
1084550829129035777
1084553105809854464
1084554986967703555
1084559109117169665
1084561734772449287
1084566770868989952
1084570966007734272
1084571697892577280
1084576379587448832
1084582962115547137
1084586028172742656
1084588224289239040
1084596855743369216
1084597146836451328
1084619353163735042
1084624422819037185
1084625424833900544
1084625885368586240
1084631599713521666
1084640291544428545
1084641215985807361
1084641646715777024
1084644097049145344
1084645624627249162
1084645781473177600
1084647361878675456
1084648680140013568
1084649835691720704
1084653486074060800
1084657225229049857
1084657572521566210
1084663672688050176
1084678327590375424
1084685456229445632
1084687085708238848
1084688034887544833
1084691520366743554
1084705126282088448
1084708324824604673
1084709233759846400
1084709487087439872
1084713871472918528
1084716380010803200
1084719336315674625
1084719513571074048
1084719719515672576
1084725279883288576
1084728577877254144
1084732494497435648
1084733459619299328
1084743080081850368
1084743406817931265
1084744477879791617
1084744877773074433
1084745137807392768
1084745212075814912
1084758203668353024
1084763968147804161
1084771652121051136
1084775737805152256
1084779377185959936
1084780099428368384
1084782246920441861
1084782746478804997
1084784968478478336
1084786843898572800
1084798323297566722
1084799604229578754
1084800115095883776
1084801307960098816
1084807171563491334
1084808457151229952
1084811638937513984
1084814259136200704
1084816155347480578
1084820349299187713
1084826763589545988
1084835050695340032
1084835053635596290
1084835540615290881
1084838971132334080
1084839402281594882
1084841133296025600
1084843293748404227
1084848749699100672
1084852272935456768
1084853344978518017
1084854456351637505
1084854733725200389
1084857587546365953
1084858433956990976
1084859429248483329
1084859815892008960
1084860731575685120
1084862485218422786
1084871140697427968
1084874696921939968
1084877326788251649
1084878855213596672
1084878876990423040
1084879866837852160
1084881106535632896
1084881128488607744
1084883505417539586
1084893584959127553
1084898494178119680
1084899136741302278
1084900943655849985
1084902959010451458
1084903853634416640
1084904718084775937
1084905211326545920
1084906861814579200
1084909083109613568
1084911146694557700
1084917580358246400
1084918011939749888
1084918240931913731
1084926902194851842
1084934173427675139
1084936743281819649
1084937501188345856
1084940716948815873
1084941202741518337
1084943240011399168
1084952862407442434
1084954199991955456
1084954819037749249
1084960712957542400
1084960734688227333
1084969307249897472
1084970825768407041
1084971035055845377
1084975718411452418
1084977982496821249
1084979678274899973
1084991110701813760
1084995337176211456
1084995685202575360
1084996753294684160
1084999731653181440
1085000888463310849
1085003642896375808
1085004668965670912
1085004729586016256
1085013234707517440
1085013271302819840
1085013278437359617
1085017048147587072
1085017105718628353
1085020079048265728
1085021381652348929
1085021697638625281
1085025608797700098
1085026827716972545
1085029443670851584
1085029708352360450
1085032234153922561
1085032386830716931
1085034811142467585
1085037367151525888
1085038112059899904
1085039296938209280
1085040668500770817
1085042895646806017
1085043375420686336
1085046259499585536
1085047769444814848
1085048903593050113
1085049736158097409
1085050718443188224
1085052907056259072
1085056007250853893
1085056323291672576
1085062432731451392
1085063363032477696
1085071870741819392
1085073627341619202
1085078868111908864
1085090997191749634
1085093858113810432
1085095885250482177
1085099715899867136
1085101779933630469
1085102254288384000
1085102708120530944
1085106639185809408
1085108770974453760
1085114462447783937
1085114680874393601
1085114773870661633
1085115361840848896
1085125628326744064
1085141819560620032
1085144088268156928
1085144430108119040
1085146242596917248
1085148764912807939
1085151471497285633
1085151715219918849
1085152002072633345
1085153642888474624
1085155508124901376
1085156869793107970
1085157260173692928
1085157391283433478
1085157502545735680
1085157829223288833
1085160038367399942
1085161201020125186
1085162310447087617
1085162667457892352
1085163099374735361
1085163296091766784
1085163981868802048
1085166526330744833
1085166665388707842
1085167957628596224
1085170072837124096
1085172191774367744
1085172657350426624
1085173021424394240
1085173242481000448
1085174398401818629
1085175499821891584
1085176894876778496
1085178190476308480
1085178194678960128
1085182447711485953
1085183182557765632
1085184245381779456
1085187206937886721
1085197932255723521
1085200356139782150
1085205679529431040
1085206444658569216
1085206795205992448
1085210880047046661
1085213429353213953
1085219155429576704
1085220064331100160
1085223529237368832
1085229153778106374
1085231802497798144
1085232117901156353
1085236727042768896
1085237404447911936
1085238257934364679
1085238694573944832
1085242916568739840
1085245441535545344
1085245465044705280
1085249897165713408
1085263268585918464
1085270724321906691
1085273837820887041
1085279089521512448
1085282336747458561
1085283962442997761
1085285447662592001
1085289309324890112
1085297353446342656
1085309535013744641
1085309875884883968
1085310322800558081
1085312226192510977
1085320664683331585
1085332907877691393
1085337675115257856
1085342346303102976
1085355905229692933
1085356164018302977
1085375672162418696
1085388540714860544
1085392197883777025
1085394211392888833
1085400910115819520
1085404793198338048
1085409176258576384
1085412693186629633
1085426311689134080
1085426350247297026
1085426692502499328
1085427454104219648
1085430079818211328
1085437720590209024
1085441904823681024
1085450167363559425
1085450372301418497
1085452874845347840
1085455313191559168
1085459634574581760
1085461358529925120
1085462568926408706
1085462606230577152
1085466790900174848
1085468686322810880
1085469825462284288
1085470035613704195
1085472883563024384
1085477313133842432
1085484305239953409
1085486545346486273
1085486759985713153
1085487308621692928
1085488459098279938
1085488672181497856
1085490169040523264
1085493050611253249
1085493568607784960
1085493948582371328
1085494745093365760
1085496636405510145
1085498232648749058
1085498361862635522
1085504042200195072
1085506892217102337
1085507820060110853
1085508994389733376
1085512462265405440
1085516393779474433
1085521623443259398
1085522821361614848
1085523417351311360
1085524717946191873
1085525629867577345
1085527576666427394
1085529005422510082
1085530031785459712
1085534088927371264
1085539247094939649
1085540627440455681
1085543972813135873
1085544458928734208
1085555315020582912
1085558790840291328
1085558831562670080
1085563348949729280
1085564806327951365
1085565077732933633
1085565143969280000
1085565385158639618
1085571120441552897
1085572013001977858
1085573356416585729
1085575793214980096
1085576319633686530
1085577669859835904
1085580374321889283
1085583296069812230
1085591826860466176
1085592794935132160
1085598778093117440
1085598811660136448
1085599702526164992
1085609592191700994
1085610593875382278
1085611085430951941
1085613392298160129
1085613928174936064
1085617788759228416
1085620840136392705
1085622734686699520
1085624396901957642
1085624786498277376
1085624974889635840
1085628946463502337
1085629226651406337
1085631750758293505
1085633800942641152
1085634051753402368
1085639388615360521
1085643846715752450
1085662356200275969
1085665654601060357
1085666138183225345
1085666351677693955
1085668054153842688
1085675244864630790
1085675493188399104
1085677607507636225
1085678019803533312
1085687525392306176
1085689343186894848
1085696935707664384
1085702387451523073
1085707025189928960
1085710834809126913
1085712468460990464
1085712826663165963
1085713067856547841
1085718435735240704
1085722634644537344
1085731093301600256
1085732126748684288
1085738919872716800
1085772723450773504
1085773288192860165
1085782891261358081
1085784990523293696
1085788750289035264
1085791895173750785
1085791900219527168
1085794058243588096
1085794384921079810
1085796377161015296
1085798437038174208
1085806365505978368
1085806400742117377
1085807143851307008
1085808907711324160
1085813125058678785
1085815452478119936
1085819182883602432
1085822334697500672
1085824988643581952
1085831662930444289
1085832790493577216
1085833891074564096
1085834401529978880
1085836402187796480
1085839081530056709
1085839149373030400
1085842676015157248
1085846191705796609
1085846764626870273
1085859898280144896
1085860895681585155
1085875570695725057
1085881863430901760
1085884125825904640
1085885301065568257
1085886186466365440
1085886471712718848
1085888326433947648
1085890352270229504
1085891913813757952
1085892484708925445
1085893402351292421
1085894191731724290
1085896588352937990
1085896703281106944
1085898759756791814
1085899567155924993
1085900328015257602
1085901753218973696
1085905771806773248
1085911943230046209
1085919701077766145
1085920802090889216
1085921626259185665
1085923046047666176
1085929592517320704
1085930170463256576
1085932027340304384
1085936874676473857
1085940492238495744
1085943895484219392
1085944845095583745
1085946781605613569
1085953520061370369
1085956188565581826
1085960991052087296
1085963638924546048
1085969172872466433
1085970279774310401
1085970864468840453
1085975559153172480
1085975794382528514
1085976810733662211
1085981691628396544
1085995132682424320
1085995646090428419
1085996432081997824
1086003403027824642
1086004165128736769
1086004748992557056
1086005050135195648
1086005897380483076
1086006427540439040
1086006508905787392
1086007525185597447
1086009942182686725
1086012556660129792
1086013732755509250
1086017291622465536
1086020863919558657
1086020870622060544
1086021180593717248
1086022715675459585
1086025035968598016
1086027922098585601
1086027927546880000
1086029542765023232
1086030945356926976
1086033796900757504
1086034016422318080
1086034497496403969
1086036474884210688
1086036821572636672
1086037444397547520
1086042460390871041
1086043232545460225
1086046225592283136
1086052075405041664
1086055516416237568
1086056187077058561
1086057705415077889
1086064196536676352
1086064352120184832
1086064355064463360
1086064813065818113
1086066642411503618
1086067655130447872
1086068400873525255
1086074692199305217
1086093029025316864
1086093245010984960
1086094221940006912
1086100368214368257
1086118123533684737
1086121267256795136
1086121632081633280
1086122195372392448
1086128562745339904
1086156509749432320
1086157907333386240
1086162611681533952
1086174641121562625
1086174773485469696
1086178822406447104
1086183725782781954
1086188438947131392
1086207796490788864
1086209996394659840
1086210622197514240
1086213384884891652
1086223128357937152
1086228458047524865
1086230409241903105
1086230668030500869
1086230780009799681
1086231256642260992
1086232259345203200
1086233869140086784
1086241657106898944
1086242642768396289
1086242979197669376
1086246738065870848
1086248097867534338
1086251587545255936
1086253455688257537
1086255888808243201
1086261058694758401
1086261406826151944
1086263529546514433
1086269413739778049
1086271561215107072
1086275628876197889
1086280667925598208
1086284651231092736
1086292677019271169
1086297648984875008
1086298072999649280
1086298138007220226
1086298793585209345
1086298835129749504
1086299213871276032
1086300904599343104
1086308636790542337
1086322514060562433
1086324753806381056
1086325414006525952
1086333052899323905
1086333076173508608
1086344261963010050
1086351044542713859
1086351810867142657
1086352746180153345
1086360718297841665
1086361636426993664
1086369248086237185
1086369969263337472
1086371955689877504
1086373855285964801
1086375718928429057
1086376965190361088
1086379054104625153
1086390289827356672
1086392901196689408
1086396222691295232
1086397726298988546
1086399724502999041
1086401575449292800
1086408861534310400
1086413292199759872
1086415633905082368
1086417831695208449
1086423014206517249
1086436357516419074
1086444318750060544
1086450169082716161
1086469409059807232
1086469581026275328
1086470742873686021
1086476987328151553
1086477209655742464
1086477672253919234
1086491939200008194
1086498327540117504
1086500866750861312
1086503248297570304
1086503486932611072
1086505759905595392
1086506318939205633
1086529848569417728
1086530261272154113
1086537491216326656
1086545052590059520
1086545191354466304
1086546195034656768
1086546200046854144
1086546874713153537
1086548520524541953
1086548668487004160
1086549050093170688
1086556213108711424
1086558918879428609
1086559859473084416
1086560477910626304
1086561001754034181
1086577541144563712
1086584152235917317
1086586684324671488
1086586725856616448
1086589320029503489
1086595447916036096
1086599353639362560
1086600624077225984
1086601949905068033
1086611304054472705
1086611592832315392
1086611828740972545
1086613246969344000
1086613708216795136
1086613797974855680
1086619966957326336
1086620451001024512
1086623839994425353
1086628723854622720
1086630250157625344
1086635318521065474
1086640932353650689
1086645089601048578
1086648655577255936
1086653155218202625
1086653645695922178
1086659933221908480
1086665636217044993
1086674492930195457
1086686751605829632
1086688601302159360
1086700688871251969
1086701198252666880
1086703354745704457
1086705566200737792
1086705682592788480
1086705897357828096
1086709638685429762
1086711433851793410
1086712474458603520
1086714016251170816
1086715605053526016
1086715706153029635
1086716248044523522
1086718479846248449
1086718541624197121
1086719419806609410
1086725363953209347
1086729950835679232
1086734276425588741
1086734486988120065
1086736475083952128
1086742181841387525
1086742532489388040
1086743791636307969
1086746075837464579
1086749327261863936
1086749435466534912
1086753359682523136
1086761134672224263
1086762728897708033
1086763330381856768
1086765244381347840
1086766789542010880
1086770905282420736
1086786060967907329
1086790423492943872
1086793321345822721
1086801678068867072
1086813181782024192
1086820221086707712
1086820775137632259
1086830614156853248
1086835973210759168
1086876361002749952
1086885921071468544
1086888608777334784
1086903594631204864
1086906903907713024
1086906994076905472
1086907077551898624
1086908022956408832
1086908107278745600
1086908208357216256
1086909568565813250
1086909958644330496
1086918666417987584
1086919013710606336
1086921176310415360
1086944917958598656
1086946466265026560
1086949583836581888
1086951984282898434
1086952054332026880
1086956879450796032
1086957300445839369
1086957475981594625
1086962069616934912
1086964952672411648
1086967565283409920
1086969841112805376
1086970126338060288
1086971160225443840
1086986407799898112
1087002133923332097
1087004404614684673
1087009358171566081
1087026565731442688
1087027903865516032
1087032220064403457
1087033688087506947
1087039581738815488
1087041903835705345
1087044599565246466
1087052166391582722
1087054808765423616
1087057560807587846
1087058223062933504
1087060596623843333
1087062380713046019
1087062910629801984
1087063400524509185
1087066604133851137
1087067218607853568
1087069665992466432
1087082327514271746
1087083057130164228
1087085768747683842
1087086064890757121
1087087348310069249
1087093600779935744
1087097066109747200
1087098637283442689
1087099497979629568
1087099838141886464
1087100026382360579
1087100762973528065
1087101167308623872
1087101334476615682
1087103099184054281
1087104427541127170
1087108721665282048
1087111691652001792
1087117163943677952
1087120286003142656
1087120772328574978
1087123690305798144
1087128315863789569
1087128688888401920
1087128856438427649
1087128988114288640
1087138014181117952
1087139243208728577
1087143296139431937
1087146763172102150
1087147368414396418
1087157698548953088
1087163301736386561
1087167837855191041
1087186532702846977
1087187431722573827
1087187736484691968
1087188743117656065
1087189279556730880
1087189420065914882
1087189852519624706
1087190079016058880
1087192054097235968
1087192976424660992
1087193001183625216
1087194259479056384
1087195712377548800
1087195982884786177
1087197667757834241
1087197998281568256
1087199978383130624
1087207338560221184
1087209765388865537
1087209919227535361
1087210216696045568
1087214100202041344
1087219903419973633
1087220817803526146
1087223114080100357
1087223766621478914
1087223905201270785
1087224495792902144
1087230166886170624
1087230377469661184
1087232847495217154
1087238334047576065
1087239479935545344
1087240688159182848
1087240852731252737
1087240938307702785
1087248775767384065
1087250883002408963
1087255185502715904
1087261597733662721
1087262323365109760
1087262495532830720
1087272945855201281
1087273916857532416
1087278971836743680
1087281537484234752
1087283281484267520
1087286441858813952
1087286723615358976
1087289983873044480
1087294073810182145
1087295891638239232
1087299222356090885
1087300619440918528
1087304316325634048
1087305847678685184
1087311055708139520
1087319039989424128
1087323742257270785
1087326579221499904
1087328829943828489
1087333764886380544
1087333817386496001
1087338195912716288
1087338290326339584
1087338746947739649
1087340211997007872
1087358608642314240
1087359761681653761
1087362151155666945
1087365559451336705
1087373088633831424
1087377945654685696
1087381545181216775
1087382543026970624
1087386624072110080
1087386942419943426
1087387139996737536
1087388301454131200
1087389690947403778
1087390758393368576
1087392207114506240
1087393346304335875
1087393489321644033
1087400737485873152
1087405026178404354
1087406427893841921
1087407455099854848
1087409873632063494
1087410197746892801
1087410693081575426
1087421136902737923
1087423512254599174
1087432871336427521
1087439938738630657
1087441062065565696
1087441843724451841
1087442706140463105
1087444660648402949
1087448233369047040
1087451325426778112
1087451524207304704
1087453330698395649
1087454302971613184
1087456286449586178
1087456625869418499
1087457738500784129
1087461737341878272
1087465221948690433
1087465675369652226
1087466346894438400
1087467375107166208
1087467744851869697
1087468002826702849
1087470339054075905
1087471004258054148
1087472940436914176
1087474371441184769
1087478447885221894
1087483140459905025
1087483794364555264
1087486010223603712
1087486383072006144
1087491755992334337
1087492717737848832
1087496055992868864
1087499517564514307
1087500290972995584
1087506824884932608
1087510472214106115
1087510641244401664
1087513907378425856
1087522753559842816
1087524059276034048
1087526340134359040
1087526943698968577
1087527002393915392
1087529987480211456
1087531893917081600
1087532398806482950
1087535190929489920
1087536390496235521
1087546022824300545
1087546773508255745
1087550835704250369
1087552823376498690
1087553543559569408
1087554276270972928
1087555836128448512
1087557499169853443
1087560222531416064
1087560855066169344
1087562370468270080
1087563112016953345
1087568061694201857
1087568949657579520
1087570709990109184
1087576464977944576
1087580829168123905
1087581889899053056
1087582047592505344
1087587793797210113
1087589305852325889
1087589362890670080
1087590730653040640
1087590752450895872
1087591629064679424
1087591803564511232
1087593361563926528
1087593483781791744
1087596741929644032
1087598363879436288
1087599148189200384
1087610248435847168
1087610250512027648
1087621237088665600
1087621923272622080
1087625195689517056
1087626840263573504
1087630236815101953
1087632357522325504
1087634017145376768
1087634305269010439
1087635925532852224
1087637260181352448
1087639694530220033
1087641857960620032
1087642865839325184
1087643799927615488
1087648923811020800
1087651082073923587
1087656818648600577
1087658088230875136
1087661859354955777
1087662359592615936
1087669076057645057
1087672256594100227
1087680707705651201
1087684052306612225
1087687761312780288
1087691810460188672
1087693855997214720
1087696220749946883
1087700823587676161
1087706901960376321
1087710642054840322
1087718224081375232
1087722582378459142
1087725377030627330
1087727096309395458
1087730627473014789
1087732765095804929
1087733512306913289
1087737277961420800
1087737841663258625
1087741495850008576
1087742042682212352
1087742270021996545
1087747352671281152
1087748242056589313
1087753038494949376
1087757469353476103
1087759791731208192
1087768463886684161
1087769029283065856
1087770908318670848
1087771542090645505
1087771586965504000
1087772145634168832
1087773452147273728
1087777453118939136
1087780029210124288
1087785845086511104
1087786147043000323
1087787213683867649
1087792844922937344
1087793542032957440
1087794568379187200
1087798981223243776
1087801112743170048
1087801812357283840
1087807454551961600
1087816317523161094
1087819038389137408
1087819202499694594
1087819651139162112
1087820759727292416
1087821612416684034
1087824279159357441
1087829817297383429
1087832294063099905
1087833869427097600
1087837395989512192
1087839767046381570
1087842353241645061
1087847637632589842
1087853097806753792
1087861771208032256
1087864922367758336
1087885279434887169
1087896387201703936
1087897602706886656
1087898025509511168
1087916519881932801
1087922662846824448
1087924268439093248
1087929989478129665
1087937684331466754
1087938074380849152
1087953009903046657
1087972512007364608
1087976042894188544
1087982099079008256
1087987687989092354
1087990336251719685
1087994613212823553
1087996329937256449
1087996558921089029
1087996626889789440
1088008352897077248
1088009959303012353
1088013425060515841
1088019120501739520
1088019185085632512
1088019700985024512
1088023168839766016
1088028210393219073
1088032118641446912
1088033120274866176
1088034797975494656
1088047198460395521
1088055284080300033
1088057447242186752
1088059694546124800
1088059697062703104
1088060036260261893
1088061769434705922
1088063107149193218
1088066283797655552
1088074667779375105
1088080104838914050
1088080476668153856
1088080935801765888
1088081537202077696
1088082584930869248
1088084504659529733
1088086946184916993
1088086948269436929
1088087287173431299
1088087290134650881
1088088656219463680
1088089933363871745
1088090391788830722
1088093198629560320
1088094826900250624
1088094851609038850
1088100225359597568
1088102311174565888
1088102945374302210
1088107536006475777
1088107851023831040
1088108875277053953
1088111362889396225
1088111697599049728
1088112827964026880
1088116768105811970
1088128175786336263
1088138976114790400
1088153751787954176
1088154061738635264
1088158844881170433
1088166203829432323
1088166278525870084
1088167938496970752
1088169911938179073
1088169940975276032
1088169957320548353
1088170177525698560
1088170222010327040
1088170812119674881
1088171760455843840
1088172598884749313
1088176913988763648
1088177473513246720
1088179594568511488
1088179616374636544
1088185985878450186
1088186350761926666
1088189243506286592
1088197376773361669
1088198043629834240
1088208983641518080
1088232716301148160
1088234378923147264
1088234612940107776
1088240184246919169
1088245018157043712
1088245770212593671
1088249051835813889
1088253741927669761
1088254602775015425
1088258376604082176
1088267158222716928
1088271413788794880
1088273742881533952
1088281214606163970
1088300864056557568
1088304135752089600
1088305862437937152
1088311633385058304
1088313851798536197
1088315357897654272
1088316654784778240
1088322014706728960
1088323107746570240
1088323136834191360
1088333169881948160
1088336128103665665
1088337382196142080
1088346032096796672
1088352093017001985
1088356920535277569
1088357022859513858
1088357575249276928
1088358071863312384
1088367882768183297
1088370407575642112
1088374881799020546
1088376198391042048
1088378140353679360
1088386952158736385
1088388013741228032
1088395930053869569
1088408167380406272
1088410605101436928
1088413449217081344
1088416603392364546
1088420669430349824
1088422185411194881
1088422861293932545
1088424585152946181
1088425707363917824
1088426615196053504
1088429065474846721
1088431185716486146
1088434875324084231
1088438755160133633
1088441223520620546
1088448225491660800
1088449578137903108
1088449613810434048
1088455805026721793
1088458683137241091
1088461909425352706
1088464281715191808
1088464842061742081
1088466632605868035
1088474140363968512
1088479301501177856
1088481879345582086
1088483316762701824
1088483826760908800
1088486829462966272
1088489828793098240
1088490685706182656
1088495188287332353
1088497570605867010
1088498546242924544
1088500743622004741
1088500997373210624
1088507168482082817
1088508169964408832
1088510662316380160
1088514983200256000
1088520709779963904
1088524546292895744
1088526466046984192
1088529335776997376
1088534573212934149
1088534610110107648
1088534768571027456
1088539107675045888
1088543541465358336
1088548157959663617
1088553130923606017
1088553778649808897
1088554523000557569
1088554771303272450
1088561289687982081
1088564330948427777
1088568818606182406
1088569070524555271
1088569767215144960
1088571487693561863
1088572398109110273
1088575864458133504
1088577526258155526
1088577703253626881
1088583092489650177
1088587685265113093
1088608179066454017
1088608226017452032
1088621921674117121
1088625150881353730
1088647586628669440
1088649215272775680
1088673398400708608
1088689108992622592
1088691188927000576
1088697514801254400
1088701526204403712
1088718781176791041
1088730124227358720
1088737561994977280
1088738183179890688
1088738345507803136
1088738756532846592
1088742124143722496
1088748545635692544
1088748797696634880
1088750618863374336
1088753387955544064
1088756888748085249
1088758146389196801
1088759168125804545
1088761996332404737
1088765481392181248
1088767785734467584
1088769955053608962
1088773073313030144
1088773242356199426
1088773662373761024
1088773904796209152
1088776253610446849
1088798493098037248
1088800761444655104
1088801281886560256
1088802176951046145
1088803616016793600
1088804335176372227
1088806943756496896
1088807664333844490
1088812458452623360
1088813209635770370
1088815381853229057
1088817562471841803
1088820935946252288
1088826246677626881
1088826489628516352
1088826495504707585
1088828089285705728
1088828260476248069
1088829637898240006
1088831959030099974
1088832270214012928
1088836282510397442
1088842641905799169
1088844104463613952
1088850105950646272
1088856372790349824
1088857306429878273
1088857875613712384
1088858778219487233
1088865666520834049
1088866461337247745
1088867869373407232
1088871008818343937
1088879862591512578
1088881457676849153
1088885355418398720
1088888606033350658
1088904692451737605
1088907794105851904
1088914523204005893
1088921329968009216
1088929576808534018
1088933985026301955
1088944467879567360
1088951087175004160
1088951400640454667
1088957836799881216
1088964541394763776
1088969431500406784
1088988583950761984
1088990241564778496
1088990395910901760
1088994874165211136
1088997545953689600
1088998839040819201
1089002929317691392
1089013534627749889
1089015189268123649
1089018184852631552
1089028314096943104
1089047182584492032
1089047806289932288
1089047828096139264
1089048627094454272
1089052633946566656
1089057927963521024
1089059234933866496
1089062609222070272
1089064467730714624
1089072007000612868
1089085936271388672
1089105417546784774
1089108163608092672
1089110852110667777
1089116943947317249
1089123623380623360
1089133666054348802
1089142022022168576
1089142094646648832
1089142499736612876
1089153167994933248
1089153421096177665
1089159507568218112
1089160696833572865
1089161336871837696
1089164109319417858
1089164562270703616
1089169316174589952
1089169335841509376
1089169680193880064
1089169725475643400
1089172239117967361
1089175753701445633
1089180224221261824
1089182459059679232
1089188811639320576
1089193357434408960
1089194249181163521
1089196119396110337
1089197603940716546
1089199492040089601
1089199688341905408
1089209148145725440
1089209173752057856
1089209476979273728
1089209879632334848
1089218429717041152
1089224083248603138
1089227584209072129
1089230174615412736
1089235849097576448
1089237471882371074
1089241246332272640
1089242159008624640
1089243300291203073
1089246793702035457
1089253567079292929
1089255721693339648
1089255727498227713
1089255934340284417
1089256684298616832
1089257289557655552
1089257471976325121
1089258981086834688
1089260878174867462
1089264412899319809
1089266235156713472
1089266394955423745
1089271860850774016
1089272238870810624
1089273555488047104
1089274880883900419
1089282296832614401
1089284096168202240
1089285789425512448
1089288511927345154
1089290850260213760
1089295551332577281
1089296189613326336
1089310771664674816
1089311775214981120
1089313223084515328
1089313939048071169
1089314163481026561
1089316257260724226
1089317174139858944
1089325756105158656
1089326468721565696
1089329825418866688
1089330427284865026
1089333318837952514
1089335911345733632
1089338137690677249
1089339920701743104
1089345510845091840
1089351649624313861
1089356678187823104
1089358253975310336
1089358255237881857
1089358828586631168
1089359135219613696
1089364204455223296
1089367025934368768
1089368159352750080
1089369450258800640
1089369845366435841
1089376720342310913
1089382669450919936
1089386581474058240
1089388228585627648
1089390536979607552
1089395178539020288
1089398265529937920
1089403334774177792
1089412825229885440
1089414229487104001
1089417483432407040
1089419195111145473
1089421529912410112
1089422768263843840
1089423334054477824
1089423537474023429
1089425385480179712
1089427682738270209
1089427852569784320
1089447116177657862
1089451239207849984
1089453767517446145
1089455279551533057
1089458458091552768
1089467406555131904
1089469179478962176
1089469755164114944
1089470508641464320
1089471311011811329
1089478954723897344
1089479419058708480
1089480218039996416
1089480947865735170
1089484479486410752
1089491899621298176
1089493157916696581
1089499260616232960
1089499305897938944
1089500918217916416
1089502582416920576
1089502676856066048
1089503060215263232
1089503540077359109
1089504619686912003
1089507182222233606
1089508591676125185
1089508882353922049
1089511668625952768
1089514549265469441
1089514704068898817
1089521414347112448
1089521490851217409
1089521709374472193
1089522862799683586
1089523971756822529
1089525555119173633
1089525722648113153
1089529053596602368
1089531877864673280
1089532677051596802
1089535060678717441
1089538649321025537
1089539356899987456
1089539386696331264
1089539415624450048
1089541467469680641
1089547467861970946
1089549694190190592
1089550143387402241
1089550746121617408
1089553879698759680
1089556650015387648
1089557339122806785
1089559042463358978
1089561417374728192
1089562062362157056
1089569017759711233
1089574809665765376
1089585169193988096
1089588693654999040
1089602276904325120
1089605750916304900
1089614328758747138
1089616099237335041
1089620100179607552
1089621932247523328
1089623851573616640
1089624905174470658
1089625589680664577
1089627561016127490
1089627730918993920
1089628277843611649
1089628305106423808
1089628601220284417
1089629206433001472
1089629350289395713
1089629471114706944
1089630197576597505
1089631039335682054
1089643599627800576
1089645429170601984
1089647110264422401
1089648203304222720
1089648589578665984
1089660670436618240
1089662749968420865
1089663248264249345
1089663814495281152
1089664264514633728
1089674169820667904
1089675334121807872
1089678241634357249
1089678826748035072
1089681601703755777
1089685126160756737
1089686619769225216
1089689744072617984
1089700168193081344
1089701385782714369
1089708496176726016
1089708842013913089
1089710673666457600
1089712958299459584
1089716481112170497
1089721186286616576
1089726843949744134
1089731786115026944
1089732301188157440
1089735463672471552
1089738399680999424
1089739627362013184
1089744763706732551
1089744816144027649
1089745896609337344
1089757539129020416
1089758389343682560
1089759995330289671
1089760429436354560
1089762005249081344
1089765927346794496
1089768046305120256
1089778995963416577
1089798856827654144
1089799748502994944
1089802656439255040
1089802825482280960
1089810325308878848
1089812802854883328
1089818056652742657
1089826969557090304
1089831432715886593
1089834971865460738
1089836944853483520
1089837744707248128
1089843083246817282
1089848988478640129
1089849082338861057
1089850444791320577
1089853141607243776
1089862296913039360
1089863761572315137
1089865658639237121
1089870966954573830
1089873678999920642
1089886875534483456
1089887773140574209
1089890070780395520
1089890103902654466
1089896363058327553
1089901425554018309
1089902155350331392
1089902853722906624
1089908538716114945
1089909674516852736
1089910997001875456
1089914799964729345
1089925611097870336
1089928654984044544
1089929455693381633
1089931067572785152
1089931362839216128
1089931539629178886
1089933435672637440
1089936787760398337
1089938593819299847
1089942848877805568
1089943603911319552
1089952040783097862
1089956156427005953
1089969656851509248
1089971381968658432
1089974400160591872
1089976656079532033
1089978565649711104
1089978845728526336
1089978921657880577
1089997552731254785
1090000531538341888
1090002648399577088
1090007372440002561
1090011336879296514
1090014193653293057
1090015355903373313
1090015977495035909
1090017041153699840
1090018770045812736
1090024022589480965
1090031940990914561
1090038816310726658
1090041020828528642
1090058375998685186
1090068842481664000
1090071726074011648
1090083870668701696
1090086160754528256
1090108525194477568
1090115593443762177
1090118528643026944
1090118841831772161
1090119329755119618
1090128084106264577
1090135823427743744
1090136486454968320
1090156111137632256
1090157093158612992
1090160790017982464
1090162763006124032
1090169560303616001
1090170651653165056
1090180124513837056
1090192016175255552
1090202897252601862
1090203020783177733
1090203529959096321
1090205430402424832
1090206689981329408
1090206831300042753
1090208699883417600
1090210249649340416
1090213551426330625
1090227056602898433
1090233146795347969
1090234640793849857
1090239325017722880
1090244204230569985
1090245995198377984
1090246969870700545
1090247528623325184
1090250533460475907
1090251686046826497
1090255860209659904
1090267497733840896
1090268201785602049
1090268971595575296
1090270008419086336
1090277556488523780
1090284186873675776
1090293783441358848
1090293847580651522
1090295853309403137
1090297275593703425
1090299278797336576
1090300160452714496
1090301564265197570
1090304667215642624
1090307124662480896
1090309394208837637
1090311094164283397
1090315136936566784
1090318329317707776
1090319189573799936
1090322395280404481
1090327226279780354
1090330281846996993
1090333857486946304
1090335327997222912
1090338442276417537
1090365700630138880
1090370625607208960
1090372441321418759
1090383584320315392
1090385032181473281
1090387597845766144
1090391964128854016
1090395697348792320
1090396043949363202
1090396374439550976
1090398516051099648
1090406069967425536
1090412579527278592
1090413252717277184
1090415486196768774
1090418847797018624
1090423286335442944
1090429241202749441
1090429403438428160
1090429845048299520
1090430255184166912
1090432757065543680
1090435008026816518
1090439705366315010
1090456412122169349
1090462287909908486
1090464883362226181
1090465392525484032
1090468049608687616
1090468646047109120
1090475913098260480
1090476115276161024
1090479559202492416
1090481565346480130
1090489403242352640
1090491341015007233
1090491467284598785
1090494617609519105
1090499722085834752
1090508902159003648
1090514973653110784
1090515342491832320
1090517826119569409
1090528454737461249
1090528805373034496
1090535432390041600
1090536008666341377
1090537341616353280
1090541454559232000
1090541653784432640
1090544257608441857
1090547218380136448
1090548590479589376
1090550281069383680
1090550821312434176
1090551206727086080
1090556404488957952
1090560737888686080
1090569101318139906
1090579430643093506
1090580702775701505
1090582458909802496
1090587936666529792
1090593144738115586
1090595902916648960
1090596079077339137
1090598621664432128
1090603253837058052
1090606558126444544
1090614037417730051
1090617013251305472
1090625945554214912
1090626237788246016
1090626703045476352
1090627277136777218
1090627727600898048
1090631061237833728
1090631582182985728
1090634811784548363
1090636968935997440
1090639506913542144
1090640789531693057
1090650786659557376
1090652044099235841
1090656204836294657
1090663242907742208
1090673204354600965
1090679335261007873
1090683501375090690
1090683584015421440
1090691052804210688
1090694392728440832
1090707411088928768
1090711785257295874
1090713034308403208
1090716563391594521
1090725597926617089
1090727640137232385
1090727750040731649
1090729304835657728
1090731278280900608
1090732576002715649
1090734965078208513
1090736029173252097
1090736980420288512
1090737898549321728
1090738425139998721
1090742740881760258
1090743054619811840
1090756556084400131
1090764147367858177
1090766460090306563
1090768660438765571
1090769641478242305
1090770969822662657
1090773417475878912
1090781566303981568
1090781735342800896
1090790123111763968
1090792697584005120
1090792973149896705
1090794166009950208
1090794638263443462
1090796578959437825
1090802163671011328
1090807975311273984
1090813624195735552
1090817131896365057
1090818797026582530
1090836723058294784
1090838113491054592
1090840763645284352
1090841252944404480
1090841642981097472
1090845480349827073
1090851462270324737
1090855954814521344
1090866102907752448
1090874124099047425
1090875368133644289
1090878325130702848
1090878409423679488
1090878582656811008
1090881559924797440
1090892172176617472
1090896092605153281
1090899996671725569
1090900641315205121
1090903050972291072
1090905297445679104
1090906980175106048
1090927635872534528
1090929858442604545
1090931173407313922
1090931186359300096
1090932098196742144
1090932269517283329
1090932445078343680
1090941212415152128
1090941527822606337
1090942877994082304
1090949333418213376
1090949571256053761
1090950441544941568
1090952180532736001
1090952814719836160
1090953869163745281
1090964176720326657
1090964386355785733
1090967612216037376
1090968402850709504
1090968994654363654
1090971686554558467
1090974236708098049
1090975209929261056
1090975495380967425
1090976429901262848
1090976744453083136
1090984836532039680
1090987726000832514
1090992697094098944
1090995073179926528
1091000531638779904
1091005352957693958
1091006331493015552
1091012523569135619
1091013033156141056
1091015232242237440
1091018442122108928
1091035190405853185
1091040646767484928
1091041704998711296
1091042757605576704
1091044240891805697
1091044393144979457
1091048565634490374
1091051405597642755
1091051628726308864
1091051813682536449
1091054620103897090
1091054706854645760
1091062569979297799
1091065027438751745
1091066130960138240
1091068693663100929
1091070291831283712
1091070569796243456
1091083383818469376
1091084830798999552
1091086959433330689
1091089678604881921
1091095642926186500
1091100222116319234
1091101403362312192
1091103290824318976
1091103555908444164
1091103563869310976
1091104228221820928
1091104423265353730
1091107691471257600
1091109803299090433
1091111321632952320
1091111726827954181
1091114418719592448
1091115134280495105
1091115236193648641
1091115470630080513
1091118395754467334
1091123090845822977
