892862138087297026
892875056761667584
893220931237285888
893225722441084929
893916108587241473
894480568393576448
895571383559876608
895601527599104000
896374453915062273
896463285037543432
896732880700919809
896767537802825728
896778406104367105
896825328571645953
896849863459123201
896896828922224641
896945265973895168
897012444039663617
897032742172536832
897042469803638784
897087118182408192
897200794323136512
897562625172787201
897810800043204608
898212266469937152
898222983952572416
898223222583427072
898242393920679936
898244099949703168
898246039177744384
898254509155024896
898257565565321216
898265089312268288
898267591642370048
898273318515597312
898274278818197504
898274334392934400
898275017229836288
898292832074702848
898295286614941696
898297080535371776
898299703623794689
898309398778396673
898432033625587713
898438839605182466
898458757918842880
898478027646144516
898481571598143489
898491003761512448
898491468934983684
898492731244392449
898493627265167361
898493961995788289
898494571797245952
898494856322048000
898494943433547776
898494946390548480
898494973246676992
898495147285106688
898495238729347072
898495249634521088
898495351996518400
898495374196850688
898495493344571392
898495627138609152
898495688379682820
898495742456868864
898495782294368256
898495789458223106
898495851517050881
898495871247101952
898496028462264320
898496041942757376
898496146364145668
898496169013264384
898496270955945984
898496300311879681
898496533083164672
898496561197580288
898496650515292160
898496749505040384
898496771768365056
898496947073495040
898497049825509376
898497051100536832
898497080439832576
898497087993774080
898497280520663042
898497288066056194
898497499861856257
898497518752980992
898497635358789633
898497736005349382
898497776266379264
898497777960972289
898497807321006082
898497824949719040
898497835007651840
898497889118429184
898497893740490753
898498223404462080
898498306015461376
898498602141614082
898498818970353664
898498953213345792
898499045907365889
898499109648302081
898499300505858048
898499432597131265
898499503925469185
898500421651759104
898500470293102592
898500678305316864
898501169496150016
898501211850190849
898501409376808960
898501797358313472
898502038962745345
898502143396786176
898502332153028610
898502500793319425
898503069511667712
898503200348807168
898503645565792256
898503668454109185
898503699496042496
898504235100372992
898504342063525890
898505489591529472
898505537859571714
898505703106785281
898505838154985473
898506058775318528
898506898894458886
898507354404159488
898507454161596416
898507461350625280
898507553608544256
898508027166433284
898508371111944192
898508444478705665
898508663446482944
898508730559418368
898508732639965186
898508816966463488
898508943604948992
898509704451825665
898509740606726144
898510071898009600
898510098749947904
898510274067607553
898510464480661504
898510766474657792
898511085220671490
898511180859396096
898511300409610240
898511749615411200
898512182475980801
898512641311768578
898512770903281664
898513359586439169
898514777907105792
898514792981385216
898514878973046785
898515150348599296
898515209089953793
898515539596890113
898515574413815808
898516378847760385
898516899801305088
898516997939527681
898517482398527488
898517566280388608
898517723122196481
898517941679009792
898518029755183104
898518124093374464
898518596372111360
898519273353687040
898519821142380544
898520188567638020
898520551337185280
898521090338811908
898523579234611200
898523833799397376
898524231457280000
898524655073492993
898524858493149185
898525096318521345
898525102308020224
898525462028275712
898526297546207232
898526524042817536
898526597447340032
898526907406442496
898527152769036288
898527388061097985
898527719843139584
898529301930311680
898529854739685376
898531102561882113
898531247240224768
898531487720538112
898533545316057088
898534005016064000
898534809479327749
898535350938853377
898535893295919104
898536725839990789
898537264803975169
898537688428576768
898537798759829504
898538921994399744
898539908922396673
898540674361982978
898541644496154624
898542444383547392
898542497541926912
898543498814668801
898544016383504384
898544877050503168
898545152632991752
898545483139997697
898546295954178048
898547565616148480
898547659987922944
898547730188054528
898548116760260608
898548969441243140
898548979503378432
898550638761701376
898550798560501760
898551117784784898
898551268318117888
898551505317490689
898551939838885888
898552150833463296
898552449446940672
898552985470586881
898553393605726209
898553692311474176
898554869140914176
898556060902060032
898556253277999104
898556679872294912
898557126527811584
898557523300671488
898558433053552640
898561441644589056
898563237213609984
898563744304947205
898564285483425792
898564445156278273
898564765202513920
898565219840122880
898565441332838400
898565505069527041
898565578482429953
898568742245892096
898569078188724224
898569165841330176
898569326495756288
898571596033658880
898572756186517505
898573707878203392
898575116329680896
898575412443455488
898575572225454084
898576361186627584
898577094979969026
898577358189346821
898577380402319360
898577769642299397
898578712928464899
898579817695596544
898580196797952000
898580441409695745
898580526109470721
898581381785300992
898581897651138560
898581947152306176
898583194122964992
898585609614307328
898588696232026112
898589780878950401
898589822792728576
898590927169736704
898592643910860800
898592742019919872
898593005455540225
898596366343176192
898598799437910016
898602573900509184
898603659805597696
898606203986558976
898608639296098304
898609484859420672
898611699028287488
898612013043240960
898613217387323394
898615940417441792
898618442206588928
898620626201718784
898621540971012096
898624104944865280
898625249138356224
898628448977117184
898629253020893185
898629582701461504
898633545484296197
898635224887644160
898638040104669184
898639845731573760
898648528007950336
898649512381747200
898655532038275072
898657182887137281
898657273517449216
898657598987280386
898659182341087232
898660111798816768
898665303424585729
898668527665778688
898671854998745088
898672599915483136
898674086376685568
898678258560094208
898684804908158976
898697262825689088
898711619517206528
898747135629213696
898754505822670849
898754877156929538
898759946296320000
898767147471585285
898768271163494400
898772819038752768
898774606890156033
898779738373840928
898798727674179584
898799745535066112
898800971190476800
898801422929678336
898805878123618306
898809557765509120
898811651134279684
898813085200371712
898820277143879682
898823117103083520
898826244380213248
898828214465736704
898830343075180544
898837027092918272
898841236945195009
898848636511035392
898849162912870401
898857751152967680
898888051555880960
898898485004685312
898898506399850500
898931120024190977
898933699093291008
898936552914432000
898940455307628544
898947264743387136
898952948037898241
898954005401006083
898955389546491904
898959704621273089
898962668341665793
898969504641929216
898975543953170432
899012040324509696
899047160410329088
899058964108914688
899100033039183872
899189494179655682
899220206844878848
899220948934684672
899222500000894976
899275153623982080
899320166131040256
899322100455964672
899341373224124416
899344487151009793
899367354504806404
899374797712486401
899508748242350080
899537963658379264
899591334926974976
899653660182945792
899664646084321281
899666056469413888
899688141015179264
899709339149139970
899726267368517632
899824784858546176
899824984931151872
900006880172527616
900021863866396672
900043137808248832
900304572996038656
900472265883701251
900489531601932289
900611444634525698
900614087033454593
900746408944336897
900760721587417088
900796337922473985
900810190857150467
901027485655195649
901027974530703361
901030226595127296
901031583435677696
901044464122310657
901097007011549184
901097937090093056
901098795471187970
901101823569911809
901105903935598592
901112067603783680
901113851357343746
901115099565481984
901116822593974272
901117321292500992
901118769602465793
901124343060713472
901125075293876224
901131122654027776
901138451348824064
901142776548438016
901145921341317121
901149663151222784
901162263700267009
901163163793711108
901166286012649472
901174229198131201
901179642765336578
901181814584340481
901193065553158147
901196559265796098
901203653083660288
901213556267503617
901222555125784577
901234683811434501
901256279854678016
901349668973670400
901352322265219072
901358013117853696
901367601288409088
901372796374310912
901375173273812993
901385057935425536
901392908481433600
901425621502504962
901428113778888704
901441359801966592
901446603516628992
901450117508734976
901451609514889219
901454404079034369
901460583266099200
901461650158628864
901463244010905600
901465356342108162
901465468241936384
901467197142429696
901469251919392768
901469318625579009
901469666727653376
901472684135067648
901473229365235713
901476087791833088
901477264717733888
901477364118552576
901478653221105664
901482460210491393
901483951264600065
901485362660487168
901486478198439937
901487004843745284
901488341471842304
901490557305978880
901494610131857410
901497317798313986
901497607092129792
901497725384110080
901500241559638021
901502747849129988
901503127656046596
901503228713594881
901503607874490368
901503726162202625
901503762245849089
901503765601234946
901503809628893184
901503923294482432
901503935042736128
901504107420241920
901504255890161665
901504778949275652
901505208022441985
901505218084556800
901505508749836288
901505694960058368
901505887910625281
901505939567763457
901507099217285123
901507333687214092
901507537127845888
901507552193728512
901509023559819265
901509043528884224
901509226551533570
901509348194750464
901509673689460737
901510243280183296
901510376638078977
901510380438134785
901510494946820097
901510813298589696
901511255772585985
901511787639603200
901511803569676289
901512283372888064
901512650382864384
901512686084784130
901513047575076864
901513060577415169
901513437645352961
901513855846805504
901513868412956672
901513888545599488
901513992560160768
901514048898039810
901514772272865285
901515100284223488
901515102809182212
901515223609245696
901515553680084992
901515627495555073
901515669455458305
901515887114690560
901516143810277377
901516219320336384
901516481061629953
901516605217280000
901517161763663873
901517221330952192
901517785460813824
901519750521655300
901519926674038791
901520740364816384
901521072956354561
901521672318193666
901522012069179396
901522111063367681
901522490631090178
901522704569954304
901523950685106176
901524276146253824
901524306789896192
901525082291548160
901526166552666113
901526312468262916
901526958856712194
901527353947500544
901528645361184768
901528702818942976
901529216231059459
901530565920403457
901530731184357380
901531393494323201
901531495382298629
901531840586055680
901532004998623233
901532607715962881
901532636228800517
901533475093831680
901536365384540161
901537456343875584
901539370615885825
901539641563787264
901540684699664384
901541348251230209
901542879587311617
901545268633587712
901546201463398400
901546567626366977
901547010536460290
901547481967845376
901547692542840833
901547943794139136
901548290667417602
901548412285456385
901548944534241280
901550017457958913
901550521164713984
901550625607036929
901551161244868608
901551375645122560
901551602053652480
901553420301107200
901553426013835269
901554207135858688
901554229780905985
901555740560830464
901556485074935808
901556732530483200
901556796195786753
901556800910237696
901557202300874753
901557767261085696
901561172188479489
901561644911865856
901562358774067202
901563068458688513
901563641945874438
901563707658035200
901563707658039296
901564104124637184
901564379157725185
901564396358557696
901564842229858304
901565485199884288
901566158788284418
901566625199083520
901566644077592580
901567973676253185
901569601485631489
901571455779004416
901573252610478081
901574869544034304
901575534328647681
901575547762900992
901575656823287808
901576023816286209
901577305989931009
901577785407401986
901577786263040001
901578804191211520
901578982067404800
901583389437943809
901584789068709888
901587417198678016
901591202553847814
901591483597324292
901592676465876992
901599894019985409
901601946271920128
901609109325135872
901617561258704897
901622159889506304
901639753740820480
901663143285276673
901673813569503232
901687763006742528
901690053516242944
901691008131272704
901696245558902785
901700758210584577
901708130542694400
901713500912979969
901715121189347332
901717379801120769
901719722328240128
901722867238400000
901724216948658176
901731882903199744
901735532757180416
901737136671608833
901744184343842816
901744795034554368
901745580644474881
901746536941592577
901752026035519488
901754261184409601
901756614604197888
901758158095429632
901760841216905218
901764306940952576
901770060691259392
901770989335228416
901771602106474496
901782134007922688
901786091753230341
901791213396877312
901795742850809856
901795882512809985
901806463466790913
901812419407876096
901812458825940992
901819239748825088
901821581848186881
901826245066981376
901837111661404161
901837336895381505
901840300980805633
901846941046370304
901861595931963393
901866206289911809
901903015107600385
901903124557914112
901903503328759808
901907118818828289
901907520192745474
901913173716070400
901922328212365313
901934116702183424
901934989125840899
901996304808632321
902049299005149184
902056196550602752
902072201599471616
902176499561893888
902187901043257344
902188614074986496
902245636891955200
902506670219284481
902587821642395649
902813347241963521
903178653944696832
