858873015509151744
858878308687245314
858903533336240129
858907723458412545
858920633517973506
858943558270767105
858980360394334208
858981049568817152
858987301988220928
858991936702697472
858996341367869440
858999117350969345
859004137324916737
859009523398455296
859016485930496000
859022261495504896
859036962535165954
859040129238708224
859096534260092929
859111793100296192
859112553800228869
859138804434821121
859139987224317955
859159562032644096
859180093159198720
859266210629898243
859275657834094592
859286901118947328
859295778807963648
859344595708235776
859352609093758977
859355889047941120
859357190271913984
859357910681255936
859381746923696128
859396766722076672
859420095445172224
859473576986107904
859514014287749120
859548717979971585
859587143420846080
859588563834462209
859606142179307520
859644876555681794
859712354522603520
859741312026804224
859763642484625410
859764462588440576
859769707435511808
859773390063677442
859836453110652934
859843283916398593
859854007942094848
859859581836578816
859860311679139840
859862154085662720
859886306993819648
859929481057890304
859934044582227969
859952235182084098
859972060243783682
860001576957509632
860016533862592512
860094669526626304
860111714314014721
860132015617835008
860135593354907648
860144334288465920
860228710355525633
860256452237283328
860258929728782336
860274571609616385
860325394809049089
860328496547188736
860333161858965504
860393139818958848
860397175104253952
860397280196784128
860434058677014528
860435372853088257
860473218720772097
860474312775618561
860479526308073474
860480847862005761
860489923970957312
860491475855036416
860506210448965632
860528457033371649
860567136909094913
860567309596991488
860595461043888128
860619897067511809
860625437734645760
860685479183867904
860695138670186497
860699298023038976
860699588851838976
860701698578276353
860725958415753216
860740126778859521
860778519164588037
860833982719680513
860854362846973952
860875107861966848
860882175264215041
860912888608940032
860923810467467265
860923921201278976
860947337979584512
860964777920692227
860970171770470401
860970213705228288
861021312915001344
861042913601564673
861124962588827648
861165978649993217
861172156859916288
861212527056887808
861249176885231616
861259039233064960
861260769937293314
861260820289908736
861261269046898689
861264628680204289
861272748886077440
861276552280948736
861311051253637120
861324775033012225
861363312285671424
861447622002970625
861468287342960640
861507004933844992
861527786225258496
861538231552233472
861540219656470529
861540433528225792
861553138104496130
861576136287031299
861595320219840513
861637410010132480
861647606421835776
861720067192565760
861823507134648320
861825667184373764
861884861405069313
861887445108793345
861894944528707584
861902337375326208
861908420814831616
861909138573578241
861910319194554370
861912011147542530
861916705957785600
861919854483427328
861929652385873920
861944684779888640
861971383605239808
861990587414786048
861994936731918336
861998128580354048
862013304428015617
862030678526787584
862031095797358594
862043167004217346
862094765357228032
862097655220011008
862101588005056512
862108572993421312
862138741527334912
862142400071843840
862147596801802241
862150415596605440
862193067243196416
862232145582067716
862238474136682496
862241024927813633
862243113666060289
862244719820251137
862246729181253632
862253142267748352
862254354434326528
862281596405039105
862343257723990016
862390610573103105
862403147343515650
862410583848624129
862412446237159425
862412882318852096
862434055173832710
862470273001562116
862481245518909440
862490867013009408
862499998021242880
862547494340878336
862551149194465280
862564300887650304
862625071872999428
862628368910626816
862637811673038848
862676712441688064
862678004270473217
862678411839500288
862682555497230336
862710539503501312
862721972454555648
862722023503441920
862730877687795712
862736472079831041
862753866651021312
862837538842705920
862893279926521860
862895260833161218
862895319570194433
862903590733598720
862906061195497472
862906795165196288
862964861139111936
862965536409440261
862966094264500224
862968015251546112
862990361664290817
862997252952010752
863017239431315456
863022172088004608
863032365442007042
863033022760849408
863038491965276160
863039477786308608
863055361632198657
863057832912015360
863092006620454913
863103474472538112
863122013241606144
863138127820365824
863152073889554432
863197624932937728
863197850506756096
863212695868153857
863224761161310209
863234563258150917
863234848487591936
863247150368608256
863269870925791232
863273943570014208
863281090684956672
863289680657252353
863290720802684928
863341643835035648
863343767998169088
863363772995469312
863391581239484418
863398388603265024
863438272235786240
863463861135003648
863468476970795008
863473680524947457
863477128259665920
863496154587189248
863529286870999040
863636402772221953
863690496702644224
863700529452634112
863734813701922816
863762167052595202
863764320638779394
863789637461868544
863790393778995200
863790807664529408
863865373992419328
863908059449446400
863926707308318721
863944209618931712
863963579543953408
863984290928906240
863985167534178304
863987096884617216
863987755423891456
863997817559429120
863997834324045824
864005956543193089
864035633874051072
864037625694498816
864046031079649282
864085243627753472
864096274647273472
864100812536123396
864109876749971462
864121822152978437
864124661675773952
864131666188484608
864169332993085440
864172558500990976
864198975988973569
864207172040839168
864232996370612225
864242794247966721
864263816107917312
864273819502071808
864296611362590720
864311333390569472
864325287827427328
864334364288532482
864338869268787201
864350977956040705
864356979984093187
864385945847685120
864398671386992640
864414764927242240
864442866734690306
864443844036878337
864483954136580097
864503512197201921
864524711954456577
864527448595206144
864533337871978496
864642641438396417
864689563138174976
864710472515321856
864779191207768065
864786732583092228
864789651785216000
864798392723136514
864836724479975424
864848572365369344
864849257039355904
864856410634547201
864856550954893315
864942026676219907
864966538172002304
864969590614437888
864992744195989505
865017070039293952
865026807044681728
865032913049571329
865037244301807617
865048767321579520
865049031763996672
865089280288452608
865095066020454400
865095697602928640
865096951699779585
865098562283163648
865103226374377473
865145026791264257
865148038301528064
865176593114816512
865194813171400704
865196206963793920
865204279732252672
865205026322624512
865216233477681152
865358391056748545
865406960392224768
865448434353922048
865465407112593409
865465849125023744
865465865881362433
865498966460215300
865504067589611520
865565925201915904
865587244853334016
865612007889936384
865682195351969793
865692096195428352
865695218653442048
865696472926494720
865699908065648640
865713195603947520
865716064520470528
865731361130328064
865748360627712000
865749660874424321
865764946482692097
865800169773821952
865806279809302528
865810746722201600
865818506188668928
865819462489972736
865869055936180224
865884064779206656
865919488239316992
865919706351456256
865963666872582144
865984843884187648
866035355908276224
866053324302430209
866067098384162816
866088728426668032
866122345781579776
866151936592154624
866162264621150208
866173503694942208
866191774720684032
866192621307351040
866230705587539968
866238079186718720
866250022807064576
866262934619656192
866305200436297729
866314441800986625
866316995033255936
866351421972779013
866351744825135105
866408133069025280
866425967241310208
866427596078272514
866429721118158850
866467185362862081
866472783412330496
866503960303083520
866519143687651330
866525615507341312
866605266908966915
866608642375790592
866623011436322817
866647086741282817
866673382317846528
866746135242829825
866758508443824128
866811524475531264
866818615600742403
866819644606296064
866820256983117824
866820708571074560
866831191529357313
866839051642454016
866847100528721920
866848088140513280
866853840779399169
866885230937899008
866889252310720512
866892342212657153
866897230837424128
866912949327327232
866921876571832320
866976960920125441
866987697797292037
866988477946224644
866993942440628225
866999140504489984
867004902819627008
867015809201209348
867017397655543808
867024196630528000
867029347235803137
867044538996727808
867054844389056512
867060569605636096
867066466822180865
867094757411041280
867110649519906820
867116513249054720
867161287460962305
867162552634966016
867175942325665793
867194111765479424
867206606966095874
867209098311475200
867265666893709312
867305826020708352
867320591312973825
867341080471232512
867356371464925190
867356653930393600
867358117738283009
867360638539931648
867410290710896642
867415151879827457
867423701649588228
867425088186052612
867425507616460805
867442880432005120
867450445295480834
867455245252796416
867476391444586496
867497522817662977
867502995189137409
867514191971835904
867521062250196992
867532454005010432
867538792080527368
867541320750989312
867542440609239040
867545137546711040
867565903562584068
867597713159966721
867620458891534336
867632848865562624
867665319560695808
867665426028916738
867667492352778241
867672707302862849
867680185767927814
867682626869624832
867687995457105920
867691699119763456
867696157694316545
867696379984052224
867707482289909760
867715893903544320
867741123158081536
867746464159715328
867753535756275712
867798133786505216
867799589197369344
867800654558904320
867817700210470912
867836402628673538
867874471960555520
867882154067451905
867904421635739649
867909019578621952
867928501135036416
867994907239165952
868001914755174400
868006410340249600
868012259880075264
868020459828281345
868029899256336385
868031433561972737
868072755849310208
868083983975886854
868100285771730944
868103013545775106
868112320723136512
868112556803543040
868158625319202818
868158630008242178
868167471605334016
868172102117060608
868200598222647298
868229555697455104
868246496516485124
868252431435649024
868272429860311040
868373177055019013
868419050170351618
868428193732186112
868436314257055745
868436758521884672
868457268412657664
868458061396094976
868492832151130116
868504983049777152
868505272490360832
868507243800666113
868537250786791425
868586088318853125
868615385553281024
868642845674045440
868649611065520128
868659316655403008
868665452922376194
868676303599185920
868680851126702080
868683861751775236
868691302485041152
868724375293501441
868731303516155910
868776413272444928
868842033145950209
868856694490771456
868886736021147648
868891222517006337
868902860603486208
868909561436139521
868946764891439105
868947050133684225
868948786571354113
868949201815732224
868949327623933953
868949478639902721
868951563213000704
868965742108172293
868970454328819712
868992809998659584
869024888027312128
869028293793652736
869036221011550209
869036900509782017
869060091722510336
869075425196167169
869172380723269632
869185517367308289
869186876225208321
869186880423723009
869194021687750656
869194853804015622
869196616007393280
869275826747060224
869276575610679300
869276672452898816
869287522358226945
869334075311628288
869341151102480385
869420465416228864
869424806307000320
869426639028895745
869426846143844354
869443335445938176
869455693362978816
869478482979565568
869488689956573184
869503037253070850
869505935785570304
869508431056691201
869508570731225092
869510880530239489
869512361119555586
869517655501352962
869518178174611456
869520264018751488
869521389765750784
869521884056100864
869523468068564992
869524228411973632
869524902902194176
869525027896475649
869525084553322498
869525917932146690
869527449134129152
869529697419493376
869529793200611328
869531916621447168
869539307131879424
869539368234614785
869540089218695168
869540759485247489
869541293013082115
869552685158080513
869554341891506176
869555421098508288
869556259548270592
869562960766799872
869563556211150850
869563658715713536
869565489109970945
869566360665325569
869568422618607617
869569038162173952
869569218240532480
869576912695431169
869578766179291138
869582532664324096
869583304403681285
869583742700064768
869586790700724224
869587341840703489
869591941721325568
869592387189854208
869597636361408512
869598012405841920
869600082445955072
869602469432766468
869615690323558405
869618784432259073
869620851834073088
869624535800270848
869629461041426432
869630582191411200
869631725562933251
869637722578747395
869640392232140800
869647329493753856
869648206669508608
869656205605707776
869660046350745602
869670496849330176
869674999015190528
869681251044782081
869683569261719553
869685376134205441
869685594984722432
869686353415602176
869694325118119940
869696787992465408
869699420367052800
869702334837903360
869702355519918081
869709338633539585
869709669555728385
869717361062023168
869719932610596866
869727125816750081
869727980204941312
869729350232309761
869729685206319104
869730904054403073
869737841433223168
869745827836813313
869749072931864576
869749660990271489
869750600526778368
869753223216676864
869756060235694080
869763814232907778
869767657062576129
869773455272660994
869778485916479488
869783428895526912
869784555070382080
869784723714752512
869788206241243136
869802316056203264
869833922137468929
869853982142889985
869854666649210880
869860926123421696
869861830616903680
869862158930259968
869862225636405248
869864681820782592
869871359140212736
869874569062076416
869876183839715328
869885835373666305
869887556367917056
869888055825625088
869892138645024768
869893883173281792
869900366095073280
869902497401450496
869903018589925377
869905200819171329
869909089182253056
869910876182237184
869912376488992768
869912979201970176
869916968853401600
869920204314247168
869923524949004289
869929155382702080
869931171576152065
869932691600285698
869933638250512384
869934648687722497
869943803150467074
869943903398572033
869944250254761984
869944343825702913
869946301718425601
869949766611984384
869950337049706496
869954314508398592
869958439178444801
869958500826230785
869958763813281792
869958939546271744
869960072025092097
869960546816106496
869963226980548608
869963716858654720
869965512050065408
869966495173885953
869967659122688000
869969396067905536
869970013368848392
869974358248357888
869974990766133248
869975120332193792
869976444075692042
869978005606682632
869983003140915200
869986163943022592
869989234601492480
869996226506362884
870000024016502784
870001850669350914
870004491394863105
870005279492100097
870011281138429952
870011646445588481
870016161194180608
870016890181009408
870019774159310848
870022416164044800
870025450751492096
870029181995720704
870029731441369088
870030452442238976
870034020943396864
870037502249148416
870041316528332802
870044586835574784
870046124026937344
870055140954263552
870061635020443649
870062590478630912
870065266868269057
