858853769651597313
858855084947640322
858862445921808385
858898915403243520
858902390161977345
858907417261879297
858946692711931904
858966494046281729
859002070115987456
859012915407540224
859014955047108608
859019958826782721
859024304150917121
859089307470102532
859089693312417792
859116599781064707
859116931139465218
859131980289540096
859137147692957696
859144923932614656
859146421294858240
859157449458294784
859166600083189761
859189106705932288
859207120146882560
859216453597319170
859225806882562048
859250156562247680
859256903456636928
859280857105879042
859317893581983744
859321831261687808
859338482648457216
859340600805543937
859343012496908289
859344220477194240
859347768862756864
859370241922658307
859386134790639617
859390202615353350
859394061379096576
859394564720873476
859397353912053760
859404169005776901
859429905922232321
859438856537391104
859444770514587648
859450319037763585
859452899105157122
859452982966063104
859457424734007296
859462374021111813
859463506466353154
859478152988504064
859485862140104704
859503264051724288
859514077218983936
859517868836364288
859526433621725184
859546818660765696
859555441445150721
859575343384064000
859581873923776514
859584807793283076
859607283042574338
859626190952333314
859635066091294721
859644717201596416
859650635372929024
859660850600312833
859662782060527618
859672957450424322
859687494891077632
859711159141793792
859731098888286208
859731409258385409
859738329851379712
859739353286811650
859754901542502400
859758181488054272
859762812020805632
859764112246661124
859765827729448960
859767606101790720
859773352281481216
859794755814739968
859794994919608320
859796089641197568
859807355533381632
859814896879325184
859828352206741506
859858085631762432
859859281016889344
859864641307947008
859870437601423362
859874405681418240
859884241328291840
859892018054647810
859892646692696064
859896580937310208
859901718972289024
859910870935236608
859916357080670210
859916694369820672
859923411908296705
859926205839138816
859933239175258113
859946367774490624
859957012477730817
859982740342448128
860033853670424576
860035596965867520
860046421579497473
860050390259290112
860064474765692928
860074763372314624
860080842667851776
860092199106727938
860119256540827648
860155226761953282
860170527712915456
860173300156125185
860173472143732736
860178463327526912
860191513237528578
860191771476840449
860192312923639808
860204103141666817
860205504039067649
860222008612732928
860238387382558720
860243957422235649
860266063384195072
860374161193041920
860412274837790721
860419863487156224
860457309063008258
860459167131213824
860462652623003649
860470143616520192
860474639948144640
860492839016419328
860494678952738819
860502732683325441
860509969128583169
860510018881368065
860523558086246400
860529853749186561
860542793155977217
860579271022190593
860652608452796417
860654999197671430
860657834551377920
860730496648720385
860734355425120256
860751468177096704
860752443868667905
860754114782924802
860781189010931713
860787744741535744
860787970999058432
860793679656624128
860812008765173760
860822750402924545
860837640161067009
860841981261606912
860847731463659520
860848251737657346
860894527506104320
860895173424840704
860899871045189633
860922527933243393
860925208831680513
860936114043068418
860974894586245124
861024626427568128
861030758517018625
861049469286174721
861057971127689216
861068750522429440
861088988018466816
861134034839126017
861157166438207489
861165197788155904
861165219485163520
861180318987964416
861187129933787136
861231648872030210
861233775417724931
861247763400413185
861267246059933697
861275907176247296
861283154937688064
861283498874650624
861323613189931010
861338353379065856
861364184684089344
861382291502882817
861396510206021632
861419604039618560
861439169209524229
861440546216173568
861464879546462209
861465582004310016
861468090177130496
861478164895289344
861501153879642114
861506388626984960
861525588984680448
861551263242170368
861555793094598656
861577951585882112
861598415624392704
861598574622253056
861607047498018817
861610931406516224
861627924595838978
861639268132954113
861663280502370344
861670080333197312
861670767355756544
861678258387136512
861698655283236864
861701075400671232
861708495107891200
861711984756236289
861740445034041345
861824378295791617
861824673151102976
861824916395507712
861825636477919232
861825811317501952
861827219089391617
861862887450591232
861909750413484032
861917803468783616
861932663866785793
861938112284565505
861941509687586820
861950926000705536
861956621748011009
861971792528687105
861973055043543040
861979690407522308
861982546728497153
862000363523756033
862003007130664960
862005875464130563
862007020496539650
862014572647133185
862026314294980609
862027723581116417
862030772835946496
862035210417975296
862036846200725509
862041036306096128
862053354985410560
862085063911014402
862139068095893504
862183299761946624
862203766925398016
862216907482513409
862220498612211712
862245995182252032
862256993771409408
862263766427332608
862269807114244096
862286088538378240
862299455785234434
862299810157793285
862301234136457216
862304623163342848
862334427896045568
862379516630638592
862398525220507648
862399389247066112
862402400765845505
862411955381739520
862420490803068929
862431555385425922
862450224215674880
862454638750162944
862466617502031872
862494415419559936
862497779238809600
862497916459548672
862560412776222721
862580113434697728
862596974532378624
862599428665995264
862599942879272960
862602779449327616
862603354073178112
862605191186718720
862608152335986688
862610593433387008
862616974509133824
862618222885056513
862624145217028097
862630440867377152
862680504105041920
862681565331116032
862681682675195904
862691291838242816
862699253105340416
862700787763363840
862703358863220737
862718873568673793
862742860793339904
862768496400359424
862776864020017153
862777082123878405
862813630898810880
862827098821410816
862830062080536577
862830379178139648
862836746098266115
862845587691118592
862846070031699968
862849828166004736
862857491129933824
862857742809092096
862915305433116672
862941985392521216
862951405803458562
862955886561681408
862956443145785344
862962207503601664
862971274221559809
862989431367774208
863018632091185154
863036080404127745
863056014618353664
863065939650203648
863068959561723904
863093045130133504
863093185849028608
863097602476089344
863117936453496832
863304515881185280
863362449176616961
863365891098062848
863371763488620545
863375393134436352
863387756004880385
863387894450458626
863390356498509824
863392392463908864
863393636440059905
863400698339139590
863400972260958208
863401705853014021
863402331211255808
863403690190921728
863417560737370112
863429237679763457
863454827149492229
863456555475365888
863464838940512256
863465098979024896
863469905823227904
863471499516182528
863471876974235648
863482489938919424
863482761209884672
863488632249868288
863498091902623744
863498162681647106
863509097248935936
863581540134944768
863616207169179648
863647937083056128
863712626441822208
863722331465801729
863739658127200256
863740354977304576
863757106431873026
863763632785547265
863781408241852418
863783537652244480
863783576935911425
863783874488348673
863787506734571521
863787888437108736
863789763274264576
863808389305991168
863811724666974208
863818225838116865
863827495224836096
863830120892686336
863843102250991616
863905303783288832
863923067281698816
863933317514768384
863945536730263554
863950967154323462
863967618532646913
863978852250378240
863980297939017728
863984680982515712
863995183184007168
863999897900654592
864001923757875200
864011543087898624
864016041780838401
864035126531018753
864047863986343936
864077723244875776
864100078855663619
864105417248526338
864110090323808256
864113500658036740
864120194729336833
864124221282107392
864128633668943872
864134526686994432
864134728001003520
864135063574896640
864149345179885568
864155397522833408
864178105509924864
864188654184419328
864190582243119105
864191179134455808
864191208523939840
864191409854844928
864193725089579013
864208665196277760
864211127248572418
864226834916843520
864244044154769408
864280540953837570
864281516062498817
864295511175680000
864315145987780608
864322417098752000
864358796117721088
864405277411561474
864408871930011648
864415907820572672
864423644256194560
864429885372190720
864438181709697028
864440404682444800
864456548587909121
864461757905068032
864473569065086976
864474344986226689
864489675196649478
864518833725480962
864525544875933696
864558642443538434
864565511824257025
864572064916795392
864572336539934720
864578195978240000
864578941079531520
864579469385879552
864586714580488192
864587700246130688
864597856073732097
864598878099611648
864618855540420609
864627830264647680
864630561842778113
864631258088976385
864664032950857728
864669128489127940
864679240930779136
864705803487506437
864716020786900992
864740129654546432
864743883552509953
864759983103016960
864762888698777600
864771754689929216
864797994280943617
864801437800251392
864813685155528704
864816473251823616
864820354119630849
864829447375134720
864832034279182336
864832253351866369
864835436845219840
864837458466394116
864862871766749184
864884501805060096
864921461991067648
864924490274189312
864960007661662210
864978967685730304
864992417023500288
865002315614375936
865029872166612992
865053221877825536
865070901750116352
865148168345862144
865163594995875840
865183966726201348
865184742676869121
865196830648348672
865224244594188288
865226622776909825
865237360212008960
865250421278822400
865272418885001216
865318952007815169
865331203548643328
865348337289089026
865349557844037632
865380808684711936
865381954639757312
865409699956441089
865439271741562880
865442746860883968
865459439779758080
865463066200121347
865463366071877636
865467686230212608
865516000380190720
865536124684345344
865588402472730624
865592940722360320
865599438189932545
865599455332114433
865600469493665793
865600482080735233
865600519808602112
865603015423606784
865603413891043328
865629900908011522
865692786116485121
865713526953914372
865721073714810882
865721416435589121
865774784780619776
865810717349261313
865822398490202113
865823722183196672
865824499828051968
865872288930873344
865872342014185472
865874051369226240
865874135221641216
865915178193473537
865915243607855105
865919073032560640
865940254263529473
865952761644494849
865954573613244420
865957450897346560
865967743735971840
865977660618362880
865977956862132225
865979819414114306
865979999463120896
865982822779154432
865986186053111810
865989075794362370
866002426423373825
866036519043203072
866039529211392001
866039907793289217
866063008958644224
866064185469399040
866084714473340928
866103609808879616
866107792918183936
866113512539422720
866142020653461504
866177198863941632
866188070512676866
866213274060296192
866253308696068096
866277087421673472
866283504249827328
866294463219367936
866308453119275012
866347537959186433
866361731643170816
866366291074068480
866370359255289858
866370556282773508
866380068981022721
866410625563480064
866411073255165952
866412444817784848
866436700440055808
866440089458667520
866458632472465409
866465368511922176
866467289528270849
866495399745531905
866532116674338816
866543600686911488
866544959628988416
866566069590253582
866567583734132737
866587833808461824
866590610425237504
866611999945478144
866626404636610561
866643722930458625
866654986574458880
866659858413735936
866663117379338240
866697653291163648
866743248261455873
866745225217048576
866751952734105602
866755169786228736
866771657561714689
866783254829039616
866787976025710592
866795078584586244
866812493330624514
866831044745482241
866837012762038273
866846081308426240
866850983586009088
866855849842573312
866920089785737216
866939014498091011
866944760698875905
866952697890713600
866954141960208384
866967267980062721
866968106203316226
866968710115868672
866971537114517506
866983489882738688
866992236034220032
866992424786300929
867000163251957760
867015694776492032
867020052855488512
867023924000940035
867025232602820612
867043674982690816
867070818211160065
867076218579030016
867088034310758400
867092039770537984
867101170468216832
867102160328290304
867103708030611456
867116261586743296
867120011307044864
867158337829384192
867161979504537601
867177110582038528
867177309693812736
867220205914771456
867224831162449920
867225196062703616
867227293202223107
867231227463553025
867232477349367808
867291419911835648
867306510694699008
867313103092019200
867327931353374721
867331123197685768
867337477559857152
867351549449826304
867374572013850626
867388195083890688
867421267175100416
867431169918464007
867455583095590913
867456776169455618
867475289160400897
867475562469539840
867493786716442625
867510354204655617
867557221357543424
867565129206034434
867568269166653440
867580461974945792
867580923361071104
867582949197324288
867604833641148416
867608173749952512
867609486579683328
867619401910034432
867620387584081920
867623973688758272
867626062456299520
867637907171004416
867653497407361024
867666568725049345
867669746141065216
867684698843004929
867686443258441728
867688410797924352
867705909438447618
867711714330107905
867712036809191424
867738507556528128
867749865748668416
867771382498807810
867801719731666944
867808241928904704
867811853350707200
867813367326670854
867822011954995200
867826906720227328
867837677684441088
867852085139832832
867864424761118720
867866891007565824
867877292881707009
867898977445957633
867975796119425024
867979818456956930
867991252133756928
868012093638836224
868015696516722688
868019014798385153
868019173624086528
868019373771980800
868019654329061376
868020343818137600
868024030821052416
868024575031996420
868024822390980610
868025562148765696
868025716910247936
868027837709733888
868027948091273217
868030741510332416
868044314324213762
868044637243572224
868058415532265476
868060701427875841
868072810358427648
868091416303378435
868107811829551104
868109279831642112
868110512982065153
868117592963207169
868117622302416896
868122911311351808
868126118100033536
868131497081008128
868133426460741632
868133455808217088
868141160740663296
868148790192111616
868149524203806720
868159864769568769
868165986821844992
868178448124194817
868180989859827712
868206835156832258
868209355354771460
868213772535681024
868225651320524800
868235054429982721
868241330367082497
868242956502913024
868261742807330816
868275986663694336
868291203573440512
868309981501804544
868317392811704322
868346807465549824
868363546958209024
868386829527121921
868407918466609152
868435441489457152
868454647240966145
868498582562721793
868519532821925889
868526222241869824
868531545598025729
868545802012065792
868582460887638016
868593713546702848
868633018386317314
868645982992453632
868646725380001792
868649355183628288
868718703814344704
868725079177285634
868732812857417731
868733740385751040
868749376751120384
868756923084140544
868776656529391617
868802787051806720
868837503276433408
868851225462263809
868853089314459649
868853391748890625
868856595769315328
868871351322521600
868873595283525634
868889829857275906
868889833875406849
868891601061507072
868892167636254720
868892903598436352
868900828907753472
868911474047168512
868966490703183872
868982575867604992
869008060458704896
869019515123679232
869041631801950209
869041971397971969
869045616277671936
869069838353936384
869071943923671040
869074678593318912
869095175297093632
869095722796404736
869101708445716480
869101895427739648
869103350880624640
869120807175368705
869127971440914434
869170992383483904
869177969666686976
869187795356712960
869201223341268992
869206928546820100
869207628106301440
869208434956042241
869214713833431040
869216290883465217
869222271969370112
869229276457041920
869259915180654592
869307189848150017
869310893405999105
869316673165295617
869335814731423745
869336579319451649
869340835632091136
869349904639905792
869354472228745217
869402014652018689
869410768839524352
869411971933896704
869412068402790401
869425047600996352
869435652990959616
869457572436332544
869472554762809344
869472793565552642
869489873492860928
869504292989927424
869506439596826624
869507412809658368
869508177699778561
869508579145003008
869509842909761536
869510682139660289
869511386359091200
869511739930533888
869512169431326720
869512265489240065
869518556936912897
869519938976968704
869520306796363777
869522194665287680
869524220102967297
869524869804896256
869527550787235840
869529515416059904
869531067279134720
869536783712825344
869537362115674112
869540586688135168
869545428152221697
869550122836738048
869550620713172992
869551997707583488
869554469406519297
869554895963258881
869555332196032513
869559433382182912
869560143234682881
869561920168148992
869563027485466624
869563881848524804
869564957272264705
869565055595143168
869566740677525505
869567293478641666
869567771239206912
869569657807798272
869585554236731392
869585930306408448
869589985925767168
869599191609348097
869603715162017794
869606399936008192
869611088337186816
869617898184204292
869619356984119296
869631620281769986
869638148309102595
869638917099839489
869642928100188160
869646032035954688
869649320664076289
869652137554264064
869659499069673473
869670282520281089
869671920840716288
869672873371324416
869674315620524032
869677013568811008
869678877936889856
869680290981183492
869682790794764289
869683830113710081
869688542154412032
869689846029103104
869704152355676162
869706015062634501
869706580027211776
869707219679551493
869708809308037120
869710710179110912
869713290095542272
869714980823851008
869718123166879744
869719745137922049
869719948138090496
869721267242500097
869721736576729088
869723651280707584
869724184791982080
869725161204969473
869725532438618112
869728057518505984
869728963354120192
869728999030702080
869732687921242113
869738734824038401
869740597954977793
869742006804914176
869742673715904512
869743042810478593
869744785933950976
869748775149084672
869754653050773504
869764653127225345
869766440039186433
869766647921258496
869769154433359872
869771951627055104
869775186702340096
869776770471538688
869779326048382977
869788081922203649
869788544289587204
869791146028838913
869791472576589824
869794207908679680
869796619146870785
869800862960451584
869816724220194816
869820860093353984
869847256157085696
869851081798320129
869852849668186114
869855919483506688
869857006236180480
869857022153560065
869860621910769664
869862169831026690
869862219332407296
869873774652477441
869874064470552578
869874433971900418
869877004245520384
869877346098192384
869881572937396225
869882474884673536
869882605734289412
869888704457957378
869890751513153537
869895284708356096
869895777971253248
869896024592048128
869896329098661890
869900907084881922
869900996096516096
869902032517214209
869905764189560832
869908177596411905
869908277416480768
869911215593730048
869911370283745280
869914070597632000
869915045765021696
869916094756040704
869916436248109057
869916520490696704
869916718864453638
869917294759104513
869918415053402112
869918755597537280
869920733660680197
869922432345194496
869923163823513600
869926441672216576
869926781419102209
869929257333432321
869931582630621184
869934131920216065
869934540478980096
869936479056928768
869940231281270784
869941076433543169
869941172927569922
869942112426614786
869951601196371971
869953916456189952
869953933652901890
869956174250225664
869957345295642626
869959225031643138
869962199376244737
869965798101700608
869965843811246080
869965977181724672
869967249314127872
869970946194628608
869973474067881984
869974579287949312
869975120785354752
869975603939729408
869977448615694342
869978567244894208
869979070540292100
869980252914798592
869980668784201733
869984777721438208
869991753293725697
869995726863859716
869996148915916801
869996182268936192
869996859003162625
869997106060185600
869997211739799552
869997541433032704
869998014630215680
869998263667130368
869999928403042304
870000136742739968
870000846125314048
870000966057156608
870005311771463680
870005559273160704
870008139571134464
870011427091820544
870012178291503104
870019490221887491
870023349782671360
870023706327867396
870027510980804608
870029005000392704
870029120977211394
870030410104885249
870030723402432512
870032942193573891
870033441315803136
870034765465956353
870035535963856898
870036240170614784
870037411656585216
870040784426479622
870042918333153280
870046548494864385
870049764297068544
870051819426377728
870052119805648896
870052671335653384
870056030151086081
870056938205097984
870057084620075008
870058188107898880
870059661579472896
870060403568594944
870061875320455168
870063204918939648
870065384728260608
870065718280290306
870065974862544896
870066970175078400
