1091132026424516610
1091135685107494912
1091138429830787072
1091141380557209606
1091142834726461440
1091144019604893702
1091152942160404480
1091156946852311041
1091157534050840582
1091157797029404673
1091157832291024896
1091158130069626881
1091161772822810624
1091169937111044098
1091170974706348034
1091172290451197952
1091175537287024640
1091194064353939463
1091204697762004992
1091205298377900032
1091206226145349634
1091206364574220288
1091206767650848768
1091206888862044160
1091208395099537408
1091208416842924032
1091209404592975872
1091212169469935617
1091215880871006209
1091216711087382528
1091217312563240960
1091218861930700800
1091219035994365952
1091219468003479552
1091220351327981568
1091220440649949186
1091222454779793410
1091222965218365440
1091226047163613184
1091226519878266881
1091227873782964224
1091229075052453888
1091232913243332609
1091238848619782147
1091241400446930944
1091250919415652352
1091266229870956546
1091271160258547712
1091275396123934721
1091275977525772288
1091276372545286145
1091277345602920448
1091280645698043904
1091283074602528768
1091284534635552768
1091287231157854208
1091290677634158592
1091291904468082688
1091297277786886144
1091299941169942534
1091299980583817222
1091304119124615168
1091304354848608256
1091311403439394818
1091312852097556481
1091313665335279616
1091313676685070336
1091315777595162624
1091316738933743616
1091316748995969029
1091318678799437825
1091320381280043013
1091323215778119681
1091323338675417088
1091323789122695169
1091324049630867459
1091325327203319813
1091326785571209222
1091328514010181632
1091328721234087936
1091329248038506503
1091330216478134273
1091332037674442753
1091332410128642048
1091332712533774336
1091333600447029248
1091335151521390592
1091335809167474689
1091338742667902976
1091338907520811008
1091341276056879109
1091347618242985984
1091348552746483713
1091349913169022977
1091358889042427904
1091359677714034688
1091359920119795714
1091362354518994944
1091363464331718657
1091371550106890240
1091372290800082945
1091373212317949954
1091375991891595265
1091387143266668545
1091387293863198721
1091392665902563330
1091394395637723137
1091396144242995200
1091403355103084544
1091405372148002816
1091405984914948099
1091408397897879552
1091408742258798592
1091409328194707456
1091409771117326336
1091412035622051840
1091412516717166592
1091412548992356352
1091415426301452288
1091417144280133633
1091419447401897984
1091421406540283906
1091421733695963137
1091445177758158849
1091445207554347008
1091448082317881344
1091451524167946241
1091452146254524416
1091452366807879680
1091452410445398024
1091452836150460417
1091454653521289217
1091454666855141377
1091455165230694401
1091455486916849664
1091456340478676992
1091457758992498688
1091459753384034309
1091462293039149057
1091464650661584898
1091468225458499584
1091470836823928835
1091472944902164482
1091477821170495488
1091478913795026945
1091482056608104451
1091482652165648384
1091484514461769728
1091486975239049216
1091487436226482177
1091488218862755840
1091488240660447233
1091494864322220033
1091496895195811840
1091497142663798786
1091499745246367744
1091504762460221440
1091504831670480901
1091513569668186113
1091521879238529024
1091524684569591813
1091524711413108736
1091526160557711365
1091529875419213825
1091532260740919296
1091533768182120448
1091535017652695040
1091540682467168257
1091541238627663873
1091542007447728129
1091545316782944256
1091548215877484544
1091549511506288642
1091551508796182529
1091556820492214272
1091564381991849986
1091564565266132992
1091566187618553861
1091568511267360768
1091569248646787072
1091575292848689152
1091575855082541056
1091585287971495936
1091585363557081088
1091589127592648705
1091589481122226176
1091590411611598850
1091590500304379906
1091591558116327429
1091593565099184130
1091598321876115456
1091599133469741056
1091606598047465472
1091607397490151425
1091608635225112576
1091619306390151168
1091624100039143425
1091626795739369472
1091630683846569985
1091632505843793920
1091634890720886784
1091635288361889794
1091640654982045701
1091642271001427968
1091642312998952965
1091643663950721024
1091644022584737792
1091653976930615297
1091654764197302273
1091667648675545088
1091679074777468929
1091693485986598913
1091694214994251777
1091698107325255680
1091701651055001600
1091702902140342273
1091704349242273794
1091707025640177665
1091716133303042048
1091717407389958144
1091727468245995520
1091728266443083776
1091729317535444993
1091731124869623808
1091737960293257217
1091740458840195073
1091746543130968064
1091751218920243202
1091755296207171584
1091764463697625090
1091772681236692992
1091773018378887168
1091773516796571648
1091776381795663874
1091778060796510209
1091781448959430656
1091787634295406592
1091793432912248834
1091811301909774336
1091819805043232768
1091820338122493952
1091824296278794240
1091824913671950336
1091830242967195653
1091835280313774080
1091842430758924288
1091853926524043267
1091865158442516480
1091866472937373696
1091866990531223558
1091867314121789441
1091870925627113473
1091871683118620672
1091871955752501248
1091872970115559424
1091873779830177793
1091875692453773317
1091877282493464576
1091882078701015041
1091886358967214082
1091887992665325568
1091889579362340864
1091890240397156352
1091891434926587904
1091899515651665920
1091903644138651652
1091905370925162502
1091910149927825409
1091911273988673536
1091912459298967553
1091912548214104065
1091919474675122176
1091924260799549440
1091953239245770752
1091953797922996224
1091959241299189760
1091961187875512320
1091962189911605249
1091971402666774528
1091978463811055617
1091979965766217729
1091985569532407808
1091993808676384768
1091995942717407235
1092001366376091648
1092001622648070145
1092020123286659072
1092021981371949061
1092045102472548352
1092048052733513728
1092049334512902145
1092050741295046656
1092051335648854016
1092051964781912064
1092053381206691840
1092053646705975298
1092054171417829377
1092055691018321921
1092062827622420480
1092065470457495553
1092070846263250944
1092077457878990849
1092078047048724480
1092079464324882437
1092080257476280321
1092080959573409792
1092082767750459393
1092083684222464000
1092084478363688961
1092085088857161728
1092085864807784449
1092087319824220162
1092091040180420608
1092093262721093638
1092093756818354176
1092100381318868992
1092104352485957633
1092105695493668865
1092107842130083840
1092108237258870784
1092114890209280000
1092115303784435712
1092117876536983553
1092121841454510080
1092123315580235776
1092125800453812227
1092126517700845568
1092128841760264192
1092129267046064128
1092135451144736769
1092135791302725633
1092136397551689729
1092139352686252033
1092139645448552448
1092140665910251520
1092141250617200641
1092146470851989504
1092151071991123968
1092154466873204737
1092155137836109825
1092158667040804865
1092169129711276035
1092171575439314944
1092173044280422406
1092174070601240576
1092175749539221505
1092178018284593152
1092195618015961088
1092206666316042240
1092206784910163968
1092206840287510528
1092206857479831553
1092206905299218432
1092206905307656197
1092206906981130240
1092206907404808199
1092206959812440064
1092207010982981632
1092207011402563585
1092207059657986053
1092207083985006592
1092207111667437568
1092207115874127872
1092207126330658816
1092207153593630722
1092207212309602304
1092207237487939585
1092207238331142147
1092207264772038657
1092207272296677377
1092207273571745797
1092207320329678848
1092207344044441607
1092207372557303808
1092207421639086080
1092207442170208257
1092207469001166850
1092207544926384129
1092207550404145152
1092207575561658373
1092207596512133120
1092207615839395840
1092207633849823232
1092207644335587328
1092207650211811328
1092207657761624070
1092207699700432896
1092207766813454337
1092207807498240006
1092207810853720065
1092207848690462720
1092207849030279170
1092207861185298434
1092207884245655552
1092207921163837440
1092207953887678464
1092207977388523520
1092207996548063233
1092207998750076933
1092208000016809989
1092208002965344256
1092208108670275595
1092208140932861952
1092208243714281473
1092208348131340288
1092208382969331712
1092208479861760000
1092208526422872064
1092208549491605504
1092208595620356096
1092208642177331200
1092208674880262144
1092208676998402053
1092208684522971136
1092208688285261825
1092208688293646336
1092208758762209280
1092208769671618564
1092208903906045953
1092208974353629185
1092209005055889408
1092209039772131328
1092209077957074945
1092209078389141504
1092209097263456257
1092209116641140737
1092209153857077248
1092209201693319168
1092209265006297088
1092209381205331968
1092209393356001281
1092209395457556480
1092209406341771269
1092209459634585601
1092209464684490758
1092209480169914368
1092209512470249473
1092209512910532608
1092209577511276544
1092209605612957697
1092209612315475969
1092209691151675392
1092209786790256640
1092209835016441861
1092209835863654400
1092209946589097984
1092209952482045953
1092209973013155841
1092210079535902721
1092210079976157184
1092210095482724352
1092210145835261952
1092210285916622849
1092210290102493184
1092210335820533760
1092210392871378944
1092210412165177345
1092210585381621762
1092210643279712261
1092210720882786309
1092210742676410369
1092210850063138816
1092210901216706560
1092210988881973249
1092211053050634242
1092211058943631360
1092211059363139585
1092211102950326275
1092211156222136321
1092211254368878600
1092211322333347840
1092211338682736642
1092211398661140481
1092211519050399745
1092211530798641152
1092211532027568129
1092211667512057857
1092211941400084480
1092211961524379654
1092211962392518656
1092212082760695810
1092212180894793728
1092212201023328256
1092212223672573953
1092212288700989441
1092212344078381056
1092212359148523521
1092212392707178499
1092212430866853889
1092212486663794689
1092212553785266176
1092212624224333824
1092212781518995456
1092212865421987840
1092212917402025984
1092212929213149184
1092212947210960900
1092213343547543558
1092213476095856641
1092213717255815168
1092213731960995842
1092213861133025281
1092213999117262849
1092214036467458048
1092214042746331136
1092214256223834112
1092214271327387651
1092214401350930432
1092214727688814593
1092214741962031105
1092214747817222146
1092214767966736385
1092214811969159170
1092214819971874816
1092215098444107778
1092215210029527041
1092215237695209474
1092215559427624962
1092215607641194496
1092215608081555457
1092215629862658048
1092215684837376000
1092215741036838914
1092215922654412800
1092216059384512513
1092216063994068993
1092216143270559745
1092216375186243584
1092216541314199557
1092216659560017920
1092217079002992640
1092217148615917571
1092217167494434818
1092217295022313475
1092217352903688192
1092217432607879169
1092217531555663872
1092217543757058055
1092217649000517632
1092217693065883648
1092218001770901509
1092218260551098374
1092218798629892096
1092219019283836928
1092219195604041729
1092219242861101056
1092219417780400128
1092219486533492736
1092219560789401600
1092219610705903622
1092219733594783746
1092220067041955841
1092220204191494145
1092220353072386048
1092220387046367234
1092220419904552960
1092220424400777216
1092220518755749890
1092220600527904768
1092220674796593152
1092220742723399680
1092220877796753408
1092220912601055233
1092221135310278663
1092221352147324928
1092221467075461120
1092221686030782465
1092222439327707137
1092222487574859776
1092222625974083585
1092222847433539584
1092223075624587264
1092223250074091520
1092223506761371649
1092223724055601152
1092223737884262400
1092223739125788672
1092223909007712260
1092223925797437440
1092223927059972097
1092224125458960384
1092224439192821765
1092224541496094720
1092224567534370816
1092224581404975104
1092224832161415168
1092224961786400769
1092224973517795330
1092225202958680064
1092225237775777792
1092225501182083072
1092225585487724544
1092225789750321152
1092225916418314240
1092225955417018369
1092226094663643136
1092226131581960193
1092226142466134016
1092226165568344064
1092226185671725056
1092226192814497792
1092226215874834432
1092226285080928256
1092226290520858624
1092226382820724737
1092226452853088256
1092227000650084352
1092227053896765445
1092227152475496449
1092227201959907329
1092227614696194054
1092227807621599232
1092227989218091008
1092228443889156098
1092228606200287238
1092228948031877120
1092229338953588736
1092229661936009216
1092229725257453568
1092230135875600384
1092230147607064577
1092230275541528576
1092230463463325701
1092231136200208384
1092231843783426049
1092231862246793216
1092231998146576384
1092232392817795077
1092232670090801152
1092232907064791040
1092233261475119104
1092233311404113922
1092233499711545344
1092233640635969538
1092233646940004352
1092233680502677504
1092233748861644802
1092233915790737408
1092234497935003650
1092234916547518469
1092235260878905344
1092235278494904321
1092235338075066368
1092235404357652482
1092235426146983936
1092235796516605952
1092235838455394309
1092235893824544774
1092235998258446337
1092236064113217536
1092236156790435840
1092236416011116544
1092236451675291648
1092236802289750016
1092236925195431936
1092237021228253184
1092237071144665089
1092237669277421568
1092237788823543808
1092237811032514563
1092237812303384576
1092238047167610880
1092238231305887745
1092238238855512066
1092238305553395712
1092238501817528327
1092238760211820544
1092238915795386368
1092239124260638720
1092239169575944193
1092239245924884480
1092239312605724672
1092239752177299456
1092239787371708418
1092239965642141696
1092240217732456450
1092240457223077894
1092240558708408320
1092240617847980033
1092240639234846721
1092240661045071872
1092240737381556225
1092240931191906304
1092241183676477441
1092241556117975042
1092241618223144960
1092241629929451527
1092242315731718144
1092242424351678465
1092242527120433162
1092242619822952453
1092242998149013504
1092243326143811584
1092243376441823232
1092243378975064066
1092243390316638216
1092243496843366400
1092243654117273602
1092244591560994816
1092244602873098240
1092244756938309635
1092244825187987458
1092244972814954496
1092245172451184640
1092245281922519040
1092245505491550208
1092245621673623552
1092245840603815938
1092246082183196673
1092246489894547456
1092247112341803008
1092247569516892160
1092247595907457024
1092247608913870848
1092247648789090306
1092247802707611650
1092247917627355137
1092247993980317696
1092248223375347712
1092248536303824897
1092248553894932481
1092248650359554049
1092248868467736581
1092248925501837312
1092249543750701058
1092249599975120896
1092249703570460672
1092249735019274241
1092250158635589633
1092251128769728512
1092251333481115659
1092251445020188672
1092251535646560257
1092251605251051521
1092251856506638338
1092252047334879232
1092252342190247938
1092252390433136640
1092252553578856449
1092252610214674437
1092252736039600135
1092252760781729793
1092252826217132032
1092253242715590657
1092253309396754433
1092253564855033858
1092253656693518336
1092254146596687872
1092254216213721090
1092254406643539968
1092254675087151104
1092255009369219079
1092255133105217537
1092255193067151361
1092255401935077377
1092255583971958786
1092255669527425025
1092255687990788097
1092255903183790081
1092255961484484608
1092256004669169665
1092256214401069056
1092256228632346625
1092256345246572545
1092256395590881280
1092256466893852672
1092256656036114433
1092256658150080512
1092256964338429957
1092257140494999552
1092257431139377154
1092257447908122625
1092257784299704321
1092257927753289728
1092258075816415233
1092258239398449152
1092258282587201536
1092258766601535488
1092258911745396743
1092258927662780418
1092258965851914240
1092259426785026051
1092259571928891393
1092259739285753857
1092259748098043905
1092260086582530048
1092260092437807104
1092260539148001280
1092260698514702336
1092261167865741312
1092261507583410176
1092261808746967040
1092262112414466049
1092262205112938496
1092262255037739009
1092262296133476352
1092262658924077056
1092263524351598592
1092263985599123457
1092264419277582337
1092265379341185025
1092265636049313792
1092265787870642176
1092266767689416704
1092266970483834881
1092267401859588098
1092267423640813570
1092267752931450882
1092267835970080768
1092267900113702913
1092267988625981440
1092268215529553920
1092268361906614272
1092268477283352577
1092269305230696453
1092269441105256448
1092269460013015040
1092269778344071168
1092270212471230465
1092270409184133120
1092270800508502016
1092271401535455233
1092272071802085376
1092272122960007168
1092272160289083392
1092272288618172416
1092273289383370752
1092273778460114945
1092273903014199298
1092273960484511744
1092274468397805570
1092274574941548544
1092275014085136384
1092275551392415744
1092276344933756928
1092276522784837632
1092276738795716608
1092276881414606848
1092277237917851649
1092277806975864832
1092277859937280000
1092278019727577088
1092278577566023680
1092278641726242816
1092279080471457799
1092279663492284416
1092280389501153280
1092280660033703936
1092281706952839168
1092282798319099904
1092282807546564608
1092282826802704384
1092282874231832576
1092283124623511552
1092283257583034368
1092284187451813889
1092284638775652353
1092284673588412416
1092284911384489984
1092285379456061440
1092285530056867840
1092285912158035968
1092286795474194434
1092287479128846336
1092288632147329029
1092289536028278784
1092289830053076992
1092289932377362432
1092290121557250048
1092291033814257664
1092291357190864897
1092291480109174784
1092291885278941184
1092292974090862595
1092293236679413762
1092293688401817600
1092294197166649344
1092294260915761152
1092295683195850752
1092296486409236480
1092296952807596032
1092297449857724417
1092297682616504320
1092298110041317376
1092298612485382144
1092299434594045952
1092299640127410176
1092301849661767680
1092302732579491840
1092302982949957632
1092303028282023936
1092303268171124736
1092303776952782849
1092306522946920449
1092307418036490240
1092310102374199296
1092311009853870080
1092311595559120896
1092311667675987970
1092311714232713216
1092312816944476160
1092312876071743488
1092313032536010753
1092313555137847296
1092315115850887168
1092315529409376256
1092315549944725505
1092315724834582528
1092315960583880704
1092316024307965952
1092317241096527873
1092318831991754752
1092319000183431168
1092319217028874240
1092320294960803840
1092320837292752896
1092321703844184064
1092321800720187392
1092322535147012096
1092322610212306944
1092322802311548929
1092323293875585024
1092324153292611585
1092324847873601537
1092325913633701888
1092327019260596224
1092327321254707201
1092327328368082944
1092327452112764929
1092328038912667648
1092328100560547840
1092328125705404416
1092328421001170945
1092329633595428865
1092330226670030848
1092330612541792256
1092330866297241602
1092332648423452672
1092333416006209536
1092333982199439360
1092334105142968321
1092334501471182848
1092335016548405248
1092335361731297280
1092335442253377537
1092335626811129857
1092337033174020096
1092338405118275585
1092338494448504832
1092339248173330432
1092339880699535360
1092339897892065280
1092340048886972416
1092340667966255104
1092340678443626496
1092341022368124928
1092341313465397248
1092341955168751616
1092342464780873729
1092342626685210627
1092342817521876993
1092343182455652352
1092343407262027777
1092343545241964545
1092343805699915776
1092344016673267712
1092344306495410176
1092344490625548288
1092344595508154368
1092345593303842817
1092345937270370305
1092347025692282880
1092348098163105792
1092348615333478400
1092350277515005953
1092352518947069952
1092353406046556165
1092353897656737792
1092353917319630848
1092355788407009281
1092357292916465665
1092358041603837953
1092358187985104897
1092358945472155649
1092359788955164672
1092360233102569472
1092360260805890048
1092363153214717953
1092363875452964864
1092364563318738945
1092365062436782081
1092365307405049857
1092366886547918849
1092369170757574657
1092370568719024128
1092370650520539142
1092370943274639362
1092371155510591489
1092371791790526464
1092373326897377281
1092373374716669952
1092375691222372352
1092376069372608522
1092376439071092736
1092377475471028224
1092377670115979264
1092378030817927168
1092379411590991872
1092379580218912768
1092380855677472769
1092381044005879809
1092382812748025857
1092385434607468544
1092386667707678721
1092387346362834949
1092388735948390400
1092388913753264131
1092389048818241538
1092389726194155520
1092390849005072384
1092391322965692416
1092391785597493248
1092393750234578945
1092393807256133633
1092394014899236864
1092395015219888129
1092396029398450176
1092396589757448192
1092396877058924551
1092396885044838400
1092399129823768577
1092399920047407104
1092400216601444354
1092401748755517453
1092402940797702145
1092403682774257664
1092404567768289280
1092404691923857410
1092404853396201473
1092405282058260480
1092406747531235333
1092408095601557510
1092408098088722432
1092408133736153089
1092408737296498691
1092411612907167745
1092413066258669569
1092413106930704384
1092413926078218246
1092415696074620929
1092416747993554949
1092417177494454273
1092417908594987009
1092418694184091649
1092418777206145027
1092418854947565570
1092419240685174786
1092419891657887745
1092420086084841472
1092421227099107328
1092422882200817665
1092423513405829121
1092423690665504769
1092423778930475008
1092425434850041862
1092426076163358720
1092427540801687553
1092428441729683456
1092428577201684482
1092429252920819713
1092429520492220416
1092431707423342594
1092433771423510528
1092434137196183552
1092434889209794562
1092435284334002178
1092437124765360129
1092439673253883904
1092439965147910144
1092440459266400256
1092440581706518528
1092445513826234380
1092446979735646208
1092451011694739456
1092452196610912256
1092452478451372033
1092453134847361024
1092453464536465410
1092454754297540612
1092456269666045952
1092456305896247297
1092456705462624258
1092457584597090305
1092458565900607488
1092459096232681478
1092460625475915776
1092461273084805124
1092461336381009920
1092461754557157376
1092461849776455680
1092462917637808129
1092463001549094915
1092466479046496256
1092466586416496641
1092467202559602688
1092469080076898311
1092469532504018945
1092471103262461952
1092471822166061056
1092472256691884032
1092473719228895232
1092477170306482178
1092477256302235648
1092477838459052033
1092479051040768000
1092479260755816448
1092480036714754048
1092480119325765638
1092481181768134657
1092482338116829184
1092482590202679297
1092483153137225729
1092484840442740736
1092484927667535875
1092485375636004869
1092486303432753154
1092490702385307649
1092491356709310465
1092492432988614658
1092493199707394048
1092493391798173696
1092493705540521987
1092493855675596800
1092494758306631680
1092495231835140098
1092496331590037507
1092497035369025536
1092500426484633600
1092500510790336512
1092503979903332352
1092504366592999425
1092505558626660352
1092507293802029056
1092508779843850240
1092512422181593089
1092516163907657728
1092521546881646594
1092527155534286848
1092529474132893697
1092529841549778945
1092531948751409154
1092534234663841794
1092534266968322048
1092534342860062721
1092535525657989120
1092537322208456710
1092537552345673728
1092540152004526080
1092540971118706688
1092543417241034752
1092546596972175360
1092549307306332161
1092551297524469760
1092551930851876869
1092552831855415299
1092552856526299136
1092552902672035851
1092554203728211968
1092556304655233030
1092558848106397696
1092559739806990336
1092561518204456965
1092562820502355973
1092562865255600128
1092565952410120192
1092567299607867392
1092567717784244225
1092568864800440320
1092571186490421248
1092572091201789952
1092573250490650625
1092574785622556672
1092575232320262146
1092580338050711552
1092584627540250624
1092586755306475520
1092587262410477569
1092588489642782720
1092588984998477824
1092591707097653255
1092594354563235841
1092595415302713345
1092596824576270336
1092598556429611008
1092600262643064832
1092601264683266048
1092607404275945472
1092607801896198144
1092608644569387008
1092608876497625088
1092612214740172800
1092612791872086016
1092613721350914048
1092614253159374848
1092615499643580416
1092616121717379072
1092617061673697280
1092617505032425477
1092621491265507328
1092624415978934273
1092625642800111617
1092631961951121408
1092632968999256065
1092633644710199297
1092634664294989824
1092635183176503296
1092636664592257025
1092640991432052737
1092642177593868288
1092642256853614594
1092643052122980352
1092643648682901505
1092644178696097792
1092648356227235840
1092649119603138560
1092652066076573696
1092653093672681472
1092654509703213056
1092654757997699072
1092655467258626048
1092657091691466754
1092657227180105729
1092660527593996289
1092678195776770053
1092682471416557569
1092683720505593856
1092684914623885312
1092691359155261441
1092695922155405312
1092697339804954624
1092699446201237504
1092703055831883776
1092703274778669056
1092703863629537280
1092707195194609665
1092714869495873536
1092722745996165121
1092724997066551297
1092726481434959872
1092738243500654592
1092739070227140608
1092741493377417217
1092749844546912256
1092750471570305024
1092750737094922240
1092750787820900352
1092754070362906624
1092754872682930178
1092755021991682048
1092755173812903936
1092755194805395456
1092756739559120896
1092760654686019595
1092761769792147456
1092766712368369664
1092768862787985408
1092777067261976577
1092777380991635461
1092779350217371654
1092781406244106245
1092787891502227456
1092791114824904706
1092792722887458816
1092793061816655872
1092793969031942144
1092796817367068673
1092802817084047360
1092803687607689217
1092804315973074945
1092804577676746754
1092807313642143745
1092808030750756864
1092808485270667266
1092808569051930624
1092810476965294080
1092812806079033345
1092812920583606273
1092816655137288192
1092816774733721600
1092816816676761600
1092817087213514753
1092819096704495622
1092819623446278147
1092821607394037760
1092825736287846401
1092828396885700608
1092829679348637696
1092829721275047938
1092830771109392384
1092832530624139268
1092837742055165958
1092838402641190913
1092839321185460224
1092841354609283074
1092841430526160902
1092841657437949958
1092842673709314048
1092845194498768896
1092846757296238592
1092849084598272000
1092853632591192064
1092855090518491136
1092858897482813446
1092859440594911234
1092860442479919104
1092860455469572097
1092860493616812032
1092860637062021122
1092860723066257413
1092860821212823553
1092860993594671104
1092861393718730752
1092861436110336001
1092861657137795075
1092862545919201280
1092862877684457472
1092863018587881472
1092863219520229377
1092863222238101504
1092863305486618624
1092863334439890944
1092863964403257344
1092864575953764352
1092864635496222720
1092864890115641344
1092865368660627456
1092866274210865153
1092866379080843264
1092866620727402496
1092866716701548544
1092866850940248064
1092868065614798848
1092868558034481154
1092868693476880384
1092868760610861057
1092869548707958784
1092869752983216128
1092870191279673344
1092870559132602368
1092870696282267649
1092871306108915713
1092871429844946944
1092871607708577792
1092871701652746241
1092871885367492609
1092872077877473280
1092872124837126149
1092872182298898432
1092872195745988611
1092872754422898688
1092874130590883840
1092874249289687040
1092874295842344967
1092874305040515073
1092874346140499974
1092874703532969988
1092875380887773184
1092876284353495042
1092876962991751168
1092877016263729152
1092877835834937349
1092877996896206848
1092878101321674752
1092879109624135681
1092879365074051072
1092879436775534592
1092879472427098115
1092879525300658176
1092879984975405057
1092880270175494144
1092880589386964992
1092880944657162240
1092881813284937729
1092881957988585472
1092882793053351936
1092882900004073477
1092883149988790272
1092883208306212864
1092883241860763648
1092883387826823168
1092883577807798272
1092883821110784000
1092884732935835649
1092885134733463553
1092885307119276033
1092885715648688128
1092886096520888320
1092886439182782464
1092887289783439360
1092887903401857025
1092888237272633346
1092888706191626241
1092889366379315201
1092890475789352960
1092890573495652352
1092890586082758656
1092890692618194950
1092890926656118784
1092891232827834368
1092891417322627072
1092891643903164416
1092891661104041985
1092891893447434240
1092891898077822976
1092892165221638146
1092892603534766084
1092892639634935808
1092892831709048832
1092894155456630785
1092894295965741057
1092894583669743616
1092896256370925568
1092897601882648578
1092898020083957760
1092898146726879233
1092898706691670016
1092898723435368448
1092898957913509888
1092900171342663681
1092902220360761344
1092902409007968258
1092902427429347330
1092903882856923137
1092904376954433538
1092904552293052416
1092904625253044225
1092905749322362882
1092906849911885824
1092907005516308480
1092909146737905665
1092909758246461442
1092912750060339201
1092913629610020866
1092915656280936448
1092918088150933507
1092918976928112640
1092919060776521728
1092919340570238976
1092923555430318080
1092923667409973249
1092924068800548864
1092925190764261376
1092925633682845696
1092926040954032128
1092926387818844162
1092926550130020354
1092927398239264771
1092927624320638998
1092927651994456064
1092928573910986752
1092929560415559680
1092930111538634753
1092930567027474432
1092930688238596096
1092931551858511872
1092931821556371456
1092932203242229760
1092935099795062784
1092935973900611591
1092936691113959430
1092937007385448450
1092938005197795329
1092938786194026496
1092939641404166146
1092939672878239745
1092940227340050432
1092940992821420034
1092941079639404545
1092941637049872384
1092941871113031682
1092942034237882368
1092942629841453056
1092943279539113984
1092945324287627264
1092946276356841472
1092946381239508993
1092946861906972672
1092946888326828033
1092948062723424256
1092948409579982853
1092951518414860290
1092951560353652736
1092952063259168768
1092952734762967041
1092953440651685889
1092954500153909249
1092954518143197185
1092954755989553152
1092955073494142976
1092956197576044544
1092956397229137921
1092957814920638464
1092960084433326080
1092960376780578818
1092960839420628997
1092961119197528070
1092961992854257666
1092962524696170497
1092963665949601796
1092967985659006978
1092968509967978496
1092968550237593600
1092970789136097280
1092970829426634753
1092971058821382146
1092973200466735107
1092975850419412992
1092976275705212928
1092976664928272384
1092977370674343936
1092977700120064000
1092978369522741248
1092978486531112961
1092980625194274816
1092980680554799104
1092981388582813697
1092982167053848576
1092982236641583104
1092982634295119872
1092982724447526912
1092982943839121409
1092983241215262722
1092986370551758848
1092987307139977216
1092987359598182401
1092994087240851457
1092994278945546246
1092998832256966656
1093001217075105792
1093002426762711040
1093003320606699521
1093005374116966401
1093005830050463744
1093008253267652609
1093008766486798336
1093009504650678272
1093011200022114305
1093013930081947648
1093018953167835136
1093025869738754048
1093033139138674688
1093039217553346561
1093049319089795072
1093053369118322688
1093058852340359168
1093069028959105025
1093073671223169024
1093078917903253504
1093080430750781440
1093088882311213056
1093096865724284928
1093098238528372736
1093099950232256513
1093100973625671681
1093104460342218752
1093106979889922048
1093109337923485697
1093112781421858816
1093118935745130498
1093120251057844224
1093120778281771010
1093122436285882368
1093125554625232896
1093126433478651905
1093132880543449088
1093133045383729153
1093135827453050880
1093136199068332034
1093151117792477186
1093151640830525440
1093152852153901056
1093158706513104896
1093162082000764928
1093162787168169984
1093165019813085184
1093165062183927808
1093165075588923393
1093168607184318464
1093170147341279233
1093172046547374081
1093174996787027971
1093175018203348993
1093175868795564033
1093181658617049088
1093186943028932608
1093188223126462464
1093193328861110272
1093194037262045184
1093194162244067329
1093195222140502017
1093195339174051840
1093195673892093953
1093197621718585346
1093197652752257024
1093200332098846721
1093200836249800705
1093202107958734848
1093202522779631616
1093211257824374784
1093212939320991744
1093215402333736961
1093215764608360449
1093216440310730757
1093230497998622720
1093235182981779456
1093238816062631937
1093240307163037696
1093241648065187840
1093248619862523913
1093248867326459904
1093249840388153347
1093250096257482752
1093250203195445249
1093254676471074817
1093255486772838411
1093256047534530561
1093257327220875264
1093258725593239552
1093259428982190080
1093261836529664013
1093269260934115329
1093269382502010880
1093273101150945282
1093274395093684224
1093275161405648896
1093279924440358912
1093281280458977280
1093282109245083648
1093283801239879680
1093284101136830464
1093287529577500672
1093287948592787456
1093288694746939393
1093289556655386624
1093293794168950784
1093298027475791872
1093311268914716672
1093319035914203137
1093326026996891648
1093326323102081024
1093327682463506433
1093333307863908352
1093334337997570048
1093338487468756992
1093344663954747392
1093347469088489472
1093355923995746305
1093357007782985728
1093368909951131648
1093372442007891968
1093373926338633728
1093381909391003649
1093388426890670080
1093389046385016832
1093392382144507905
1093394355786723328
1093394921380302848
1093404813197488128
1093406109644320768
1093410820728320000
1093416230113861632
1093416997243613184
1093419015114878976
1093419522634084352
1093426655954128897
1093427152073019392
1093429924906569728
1093438307659378688
1093443302710538240
1093443615139876864
1093449049691353090
1093449759807827968
1093462492431482880
1093465753100144640
1093474704151797760
1093490845532082176
1093493110439579655
1093496233937850368
1093502979620200448
1093510134742040576
1093510950089572352
1093525754267254787
1093525761405796353
1093528630880129025
1093529409632563200
1093533133725712384
1093534371905073152
1093537024399814660
1093537113327497217
1093541024088158208
1093541684258979847
1093543484013699072
1093551033358274566
1093552338613268480
1093561441934893056
1093562786628730882
1093562930929508352
1093567876144005120
1093574450153426944
1093576263757975552
1093583981277106176
1093586135488425984
1093586793587331072
1093587163478777856
1093587544753741824
1093597734429437953
1093603911372394496
1093608611077652480
1093610698997936128
1093615870172004354
1093616267360174087
1093618640908255232
1093620937713283078
1093625385781202945
1093627958076424192
1093629783085383680
1093635505806295042
1093635995256315904
1093638076474232836
1093643682601873408
1093646835019743232
1093648223342858242
1093648871786463232
1093648991793876993
1093650916916559872
1093664711160164353
1093666911907278848
1093676973367398401
1093678242836422656
1093695843230638080
1093701955745021952
1093703799573753856
1093706972539510784
1093710081357688834
1093714411309678592
1093719298332332033
1093723886494142469
1093728389503045632
1093730743036141568
1093740430108315648
1093748243085721600
1093753364083425280
1093766713714360320
1093771030475112449
1093772424598872064
1093776643515187200
1093777621416996866
1093779808323072003
1093787639491297280
1093787693048156160
1093795203498950656
1093798013275795456
1093804306443259904
1093804462425235458
1093823719732989954
1093824434878722048
1093827475677868037
1093828736984637441
1093840049425268736
1093848402939412482
1093852496420716544
1093853055752167425
1093853090371973121
1093853682582450176
1093855322530349056
1093858766515261440
1093859228689719300
1093859265616535552
1093859664503042049
1093859832283742210
1093860500859961345
1093860597303668736
1093861135877435392
1093866106136158208
1093871739048730624
1093871796099694592
1093872039386116096
1093873684790628353
1093874253991038976
1093875137705762817
1093880993390329856
1093881733236195329
1093899536802693121
1093905935888601088
1093907876362346496
1093909278946152450
1093909924441149440
1093914299507052545
1093919163226173440
1093922133221113856
1093922893216600064
1093935145197932545
1093938562284740609
1093945267311837184
1093950483352481792
1093960676756914178
1093961995873701888
1093981232201908226
1093984956114657280
1093984981901287425
1093992441903017985
1093993046734135296
1093996870672834560
1094000153546108928
1094005615385563137
1094008912930660353
1094011383790759936
1094014387663396871
1094023132451606528
1094037810032459776
1094038149146267648
1094040301868539904
1094041037100724224
1094052085337853952
1094052906976841728
1094056762834108416
1094056797218975744
1094062013880377344
1094066147174109186
1094068683461312517
1094072051479076864
1094077653810855936
1094083117726351361
1094085160692338688
1094085221572579329
1094086354458226688
1094087197123239936
1094087600162435074
1094093936925134848
1094094602984775680
1094101150306131968
1094102188958326784
1094104298563215361
1094104363142803457
1094115525431578625
1094138701477756928
1094139712917389312
1094139915321765888
1094140112038973440
1094143821493895168
1094143872639225856
1094144570554765315
1094148306874261505
1094149022393290758
1094155984547794944
1094169530656481280
1094172035708788738
1094174726879150080
1094174822391865344
1094177783062953984
1094177980295852032
1094180899946745856
1094183376284729344
1094184253707956224
1094215189656948736
1094217249890729986
1094229424462069761
1094229945646108672
1094232890852950017
1094233088840876033
1094237144317657089
1094238793115160576
1094244515911778307
1094244749865771010
1094245567725690881
1094250297638023168
1094252173708460034
1094253617043910656
1094255678116515842
1094258851518529537
1094258888025796615
1094259812022403072
1094264187071725569
1094266662164090880
1094270498274455553
1094271810261172224
1094281284350869504
1094282941490970625
1094285771803103233
1094287377806311430
1094290892230483969
1094292140027449344
1094297675405488128
1094298994359046150
1094310397417422848
1094310513918513152
1094315864684462082
1094319741890633729
1094321472074584070
1094322195554279424
1094322660715180032
1094322699311009792
1094324025965400066
1094329034786459649
1094329267159289858
1094329643803529219
1094334744949678087
1094340825830514688
1094343192269541376
1094346926017863680
1094348848041000960
1094355030101147649
1094357559018962944
1094357837495578626
1094358575298670592
1094360232887611392
1094360424550563840
1094363639929163777
1094366479854710784
1094368978787545088
1094370232108494848
1094372018462412800
1094372322960728064
1094386092445319168
1094394301931433984
1094403217771753472
1094411241320108032
1094413453584809984
1094413858314375168
1094415276404236288
1094416979862142976
1094420732786982912
1094428829446258688
1094437013409943552
1094437166497681411
1094442477732417541
1094446265277075456
1094446843587629056
1094447204285251584
1094450523665776640
1094454295171350528
1094462486231826432
1094463182083633152
1094468438351904768
1094473161561833473
1094500979867901954
1094504222492688384
1094542764358987777
1094547838317531136
1094549365954412544
1094549726496804865
1094552972879552512
1094558132104298496
1094567458776723457
1094573054800343041
1094585407851974657
1094587256701181952
1094587351509204993
1094588114230788096
1094589190723911681
1094594218406920199
1094596964593868800
1094616950980907009
1094621678951432194
1094622272869019649
1094623025230737408
1094623628052914177
1094625658918055936
1094625702975016960
1094626134971637760
1094626136670105600
1094627736797073408
1094628914536869889
1094629708107599872
1094630652228587526
1094634344495206400
1094635593131147264
1094639396123561984
1094641072972546048
1094648939838664704
1094649960291844098
1094652162326446080
1094662553316352000
1094663789352550400
1094665097975398400
1094666694746750976
1094667726595997698
1094668588458409985
1094673165287153664
1094674462761398273
1094688414983692288
1094693161052516353
1094701723032051712
1094725287072346112
1094726041178963974
1094727094381105152
1094731095340445696
1094734722985410560
1094740628133560320
1094746914166194178
1094747635586609153
1094750671394476038
1094750830681411584
1094751636092641280
1094752297546969089
1094756782910701568
1094773537901039618
1094773854021529600
1094773926314627072
1094774185954557952
1094775630451752960
1094777995179499521
1094778221206401025
1094784118477545472
1094785523577769985
1094788116433518592
1094793518252314624
1094794114757910528
1094798017583042560
1094802226114121728
1094810451140063232
1094812809605640192
1094814132493139970
1094819151800000514
1094819816202850304
1094821060237819904
1094828350349234176
1094830640426598400
1094832125193392128
1094833838591602688
1094835557849534464
1094842615537709056
1094842945277186048
1094847561914040320
1094851425308356610
1094861783150546945
1094866178357510146
1094867494945189889
1094870920857092097
1094879744385007616
1094883859496222720
1094884799800430592
1094884896282198017
1094885280031490049
1094885404203864064
1094885778314817536
1094886002714267648
1094887542577496070
1094887877157122048
1094888777271496704
1094889916864040963
1094890361447636993
1094890593799426049
1094890871898628096
1094890881138679808
1094891227995140096
1094891357120782336
1094891728350445569
1094891868888870914
1094892389380935680
1094892763542216705
1094893524368027648
1094894675708731395
1094896737196462080
1094897276995207168
1094898094469234688
1094900111786762240
1094900540297797632
1094900668106752000
1094900871521984512
1094900889561706496
1094902041749716992
1094902074473500672
1094902237216759808
1094902413788622848
1094902785823383552
1094903406152609792
1094904079757660160
1094907051409473536
1094909003463835648
1094910511701991424
1094911125446148096
1094911695972167682
1094911931507527680
1094912740135788544
1094913933012545536
1094919399465603073
1094919449801568256
1094923235995602944
1094923616817430528
1094924224169500674
1094927150526988288
1094929042615066625
1094931986047791104
1094933834154631168
1094935360986144768
1094935584852840449
1094935730827210752
1094936630085935104
1094936659416604674
1094937322532061185
1094938167692677121
1094942095251570691
1094944351380258816
1094946033740668928
1094946886409207808
1094947230765801472
1094952903570272257
1094955415107002369
1094958357813682176
1094959415223033858
1094962718627557377
1094963126758338560
1094967123820957696
1094969319866462208
1094969367027220481
1094969572141211648
1094972177869201409
1094972416298606592
1094972704074039296
1094973102046367744
1094975041941504000
1094978008996368384
1094978032052273152
1094979173725147138
1094980472701181952
1094980813698056193
1094980852700852225
1094980877044666368
1094985671561875456
1094995306280902656
1094997090978226178
1094999182014857221
1094999485506351106
1095000411180879873
1095001159847239680
1095002561176879105
1095003208764796928
1095004538543792129
1095004646983102464
1095004676767002630
1095004680982331393
1095004852504219648
1095004864176930818
1095005011908616192
1095005374279766017
1095005405753888769
1095005506417111041
1095005567234568192
1095005662017478656
1095005716123918337
1095005758062702592
1095006481160855552
1095006489121640448
1095006666997841920
1095006760073654273
1095006786497724417
1095006821729951744
1095006969826500608
1095006995814498304
1095007252073930752
1095007351088824320
1095007518831624193
1095007531016118272
1095007631264100352
1095007714281951232
1095007763791527938
1095007994893553665
1095008062023352320
1095008144202350592
1095008303611039745
1095008790968258560
1095009565245128705
1095009714990137345
1095009853406396421
1095010332798525440
1095010539154083842
1095010672541401088
1095010691424108545
1095010935503233024
1095011028633567232
1095011083583213568
1095011122602786819
1095011253448257537
1095011350743576576
1095011386407698434
1095011397296103431
1095011482054651907
1095011825983340545
1095012005470240768
1095012195476361216
1095012439194849280
1095012493707997184
1095012528088862720
1095012706342580224
1095012848126840834
1095013420649377792
1095013461317337089
1095013478098624512
1095013559489175552
1095013726397308931
1095014106845843459
1095014167650611200
1095014504453201925
1095014839582408706
1095015081124028417
1095017103659356166
1095017320106188800
1095018489448939521
1095018933625765888
1095019540994387969
1095019649190842368
1095020440664313856
1095021069394739200
1095021235468230656
1095021665384308741
1095021669444390912
1095022032385986560
1095022032797028352
1095022510540816387
1095022582267445248
1095023188352950273
1095023488237268992
1095024188224466944
1095024400083095552
1095024400934621189
1095024428600254464
1095024438653923329
1095024698272948225
1095024892926414848
1095024929391759362
1095025103023292416
1095025385752985601
1095025558533083138
1095026525747990529
1095026527828410369
1095026680102563846
1095026803813609472
1095027364172574720
1095027501343092736
1095027626765254656
1095028125459574784
1095028837228969986
1095029713435795457
1095030190315577345
1095030428979875841
1095031154170830850
1095031573190184960
1095032331503632385
1095033390586302464
1095035890773213184
1095035991889510400
1095036027088105474
1095037554263511045
1095037975765778432
1095038219064770561
1095038301667504128
1095038589832962048
1095038719030185984
1095038805403410432
1095039429104652289
1095040346411749376
1095040444961079299
1095040475592048642
1095041055660089347
1095042164613107712
1095042470805729280
1095045036033622017
1095047206191673344
1095047649097670657
1095048518581080064
1095048911587295239
1095048980394901505
1095050071715078152
1095050512989335557
1095051806076473351
1095052834104500224
1095054594034593792
1095055946710204417
1095055968071704576
1095056122849972224
1095056200037744640
1095056470574534658
1095057022519779328
1095057653355679744
1095057779616858112
1095060640962617344
1095061047822729218
1095061300323987456
1095061340689977346
1095064177578835968
1095064696443625473
1095067521718386690
1095068718760116228
1095071670715535366
1095073993537785859
1095074522020089867
1095076474896482305
1095077828809379840
1095078658442711040
1095081837410439168
1095081861615886336
1095081982013435905
1095084086698348546
1095085156652802048
1095085819797348352
1095087063391715329
1095087829716221953
1095089159725895681
1095089600941514752
1095090104283082753
1095090303478968321
1095091338649968641
1095091542900031488
1095091668339044352
1095097966073925632
1095099762091716609
1095100551459565568
1095100695706062848
1095101324813774848
1095102940921151489
1095103392672858112
1095103658176532489
1095103968521408512
1095104605640425473
1095104844715704321
1095105643759857664
1095107342012698624
1095107632703176706
1095107655767609350
1095108565906247682
1095109464775147520
1095110689922928642
1095110797703798786
1095110905929584640
1095110986372132865
1095111492708515840
1095111955734396928
1095112226695008256
1095112281648697344
1095112939336548352
1095113185957298176
1095113201878999042
1095113284938878976
1095113380992438272
1095115033095286785
1095115057439145984
1095115151823507456
1095115202125877249
1095115576261910528
1095117860509237253
1095118072313233408
1095118508097196032
1095119270609068033
1095123876814774272
1095125229045796864
1095126089280630785
1095128094166470666
1095128136537292801
1095128592860667905
1095128680530096128
1095129888493842432
1095131198379184129
1095131285603799041
1095131407255588865
1095131706426826752
1095132443231817734
1095133051431145472
1095133093348954112
1095133403341615104
1095133460384096256
1095134442681700352
1095135134309728256
1095136864032321537
1095137084233342976
1095137741094948870
1095138012453842944
1095138040564142082
1095140192644608000
1095142138810114051
1095142465127043072
1095142913909157888
1095142960902094849
1095144241389621250
1095144254811369472
1095144338298949632
1095144708223971329
1095144806391734282
1095148628245708801
1095149742236073984
1095150261486665728
1095151407777411073
1095151504279912448
1095152921526890501
1095153020571189250
1095153259172384768
1095153941996883970
1095154736381202432
1095155505197170688
1095156736674144257
1095157398921248768
1095157473617559552
1095157528109953030
1095157833870368769
1095157851071205377
1095158151819739137
1095158322947227648
1095159955374596096
1095160112644345856
1095160544678469637
1095160860081827840
1095162888430456833
1095162999193518080
1095163321731342339
1095163499553214465
1095163741140856832
1095163791061336064
1095164268352282626
1095165280442028033
1095166025795018752
1095167011435438081
1095167502588497921
1095170309014069248
1095171312274665473
1095172980768997376
1095173611604844545
1095175902965551105
1095177993402621954
1095180603098488833
1095180889984663552
1095185936546177024
1095188258533838849
1095192110997884929
1095193203622510592
1095194435883692032
1095196036019224576
1095197619373199360
1095198574013571072
1095200926598680576
1095203562274009088
1095203751013437440
1095205250498097152
1095207517926449152
1095209321502130177
1095209359225675776
1095214728379432960
1095219049754255360
1095222103635361793
1095223936114151424
1095226394412503041
1095226918289526784
1095233145975169024
1095233166086991873
1095233271703584768
1095236966986051584
1095237423305392128
1095242951830036481
1095249080987439106
1095249099001974784
1095251446545764353
1095251980510023680
1095256690709155841
1095258261102637056
1095261195395829760
1095269128498221057
1095270812079321088
1095274917883301888
1095280175644721153
1095281111629000705
1095282649264881664
1095283199695962112
1095293856424312833
1095299000759173120
1095300665893502976
1095301109869092864
1095301760158117889
1095303447971213312
1095304244880703489
1095306240752738304
1095308465168400384
1095314418143903745
1095315902910746624
1095318817587322880
1095320469559857153
1095320712154415105
1095320834871222273
1095321739310047233
1095321749791617029
1095322022438158339
1095322157486362624
1095324836379774977
1095325148855513088
1095328793726574592
1095332743758508038
1095333012349247488
1095333284966326274
1095333540357595136
1095334303767003136
1095334971495989248
1095334993725874180
1095335280226099203
1095336926075224068
1095337899141124096
1095340075578052608
1095340953445883907
1095341999912177671
1095343561447563264
1095345078955114496
1095348797201399808
1095350033245982720
1095352611920740352
1095353345932439552
1095356494571286528
1095360950205591553
1095361104543444992
1095362258413207552
1095362301174136832
1095366154053390336
1095379702070407168
1095380548514652161
1095382937829138432
1095384188306509824
1095384339305553921
1095385236064464896
1095389794849288192
1095391294682251272
1095392191881588736
1095393150250700800
1095393836065542147
1095403409132335105
1095406939884974081
1095412453733588992
1095414808009043968
1095415053371625472
1095416618665021442
1095416670687035392
1095418441513779200
1095418504415772673
1095418692756738049
1095418772859641862
1095419605424750592
1095420419954393094
1095421057505337346
1095423564428333057
1095431036169789445
1095431123700797441
1095431497950085120
1095434022514290688
1095437255899000832
1095439057071603718
1095445651234672650
1095446819721670656
1095447118406471680
1095447339219615744
1095453890106003456
1095454134613000193
1095454230255714304
1095455366089977858
1095455588383895553
1095456911670067200
1095458224478646272
1095462970753146881
1095464817106829313
1095466171007025152
1095469781455695872
1095470879969083393
1095471084214849536
1095475185417781249
1095479411175026694
1095480056686804992
1095483463694716928
1095484417923964929
1095485251759951872
1095485478642405377
1095488239463481349
1095490173268303872
1095490708130185217
1095492577950924802
1095494034611687426
1095494119357505536
1095503872783724550
1095503966719410177
1095505987551809536
1095512469425004544
1095513754975064065
1095515290492907520
1095515503601246208
1095516115105710082
1095519886200266752
1095521325295255552
1095527169923661824
1095527292095229952
1095527857495797760
1095532017813516288
1095541994703802369
1095543332770664448
1095548300504285184
1095551494911344640
1095552024651972610
1095556165268836353
1095562498231676928
1095565513500037120
1095566266834841600
1095572173559816193
1095581551272882176
1095582369594126336
1095590176854888448
1095591536258097152
1095597956965781504
1095601920910143488
1095604125880983555
1095607625167921152
1095608735005884416
1095610882267271168
1095610928190509056
1095616210073538560
1095616675230015488
1095619821386022914
1095624171726487553
1095624662866976773
1095626946254438400
1095632055331889153
1095632627552251904
1095633101387108352
1095634777418289153
1095635227454525440
1095635703940157441
1095636296142213122
1095636619560996870
1095639779297832960
1095642447969951744
1095644680304447488
1095645571904401408
1095649900413497344
1095650179729027072
1095650264034492418
1095652424109473793
1095652663205810177
1095654596750557185
1095654735590256640
1095655587902357504
1095655634022871042
1095656608657399808
1095657214843412480
1095658565434523648
1095660360982560769
1095661801734205441
1095662333177806848
1095664724321148930
1095672388186828800
1095672938035101699
1095674683301810177
1095680450645843969
1095680478143688704
1095680674873303040
1095680954616692736
1095681412219383809
1095683481194110976
1095684242955227137
1095685595630694400
1095685607785934848
1095686085521428480
1095686247392133121
1095688144358379522
1095689615434932224
1095689957253963777
1095690200972328960
1095690579281797121
1095690684156260352
1095691065393405954
1095691304464453632
1095692166502834176
1095692279635836928
1095693937673687040
1095694292935417857
1095695322624544770
1095695360792584192
1095695527713345537
1095698428909285376
1095700169998266368
1095705760573485057
1095705832719876096
1095714109767659520
1095718168579002375
1095721136460042241
1095722766379216896
1095724951171145731
1095727726995025921
1095731091233693696
1095735013730074630
1095745085533290497
1095749281099730944
1095757261601935361
1095757968757350400
1095758140870672385
1095761258320560128
1095776202227372033
1095776631296274432
1095778133293305856
1095781115028230146
1095790997626343425
1095800716244013057
1095803313377820672
1095804988142436352
1095816228478861312
1095817164634894336
1095820778011086848
1095827121904091136
1095829360815140864
1095831897559760901
1095835535686418432
1095836433703686145
1095838186905821184
1095848699517960192
1095849725868367872
1095851463253712897
1095852917729435648
1095853801041481728
1095855005226029056
1095855009416114176
1095865058989670402
1095866854956912641
1095868864041078786
1095870080817102848
1095880360888434688
1095880758261149696
1095881194032422912
1095886832464732161
1095886985556824064
1095888807562338304
1095889416130908160
1095889558338789377
1095894724014206976
1095896510817058816
1095904265644564481
1095916108169859073
1095919068186583040
1095920687171227648
1095923261328617472
1095923627818708997
1095923721339056129
1095925948506091520
1095926389746716672
1095927578131492864
1095930540866207746
1095933328832704513
1095942750061637633
1095945607666196480
1095946516542349314
1095964555434487808
1095978366417612801
1095978598765350912
1095987181355556864
1095987228126306304
1095988474681864193
1095991125087645696
1095993282214219777
1096005226761519104
1096007864131436544
1096008045333753857
1096012226635407361
1096012443027877888
1096012998802460672
1096013323861139456
1096014542725730304
1096016600430452736
1096017991249133568
1096023462718648320
1096023609104130049
1096030465553809408
1096032693542825989
1096035479852630018
1096037068713582592
1096041626160545793
1096047408000237568
1096048074902986752
1096048729768054797
1096049688451665920
1096050109165510659
1096054010686177281
1096055195623055366
1096055448094953474
1096056051626061824
1096062567544483840
1096064436492820481
1096065623896010755
1096066005162434560
1096066962898251776
1096067350238056448
1096067785619312640
1096067797770297344
1096069586305380352
1096069672653520896
1096070121867669508
1096071487918915586
1096073983533989889
1096081320235683842
1096083984860278785
1096085532155686912
1096091923864080385
1096096135326752774
1096097745121624065
1096098066388709376
1096099360419368960
1096100366150643712
1096100837141696512
1096103373458161664
1096103635602337792
1096104549939478528
1096105269283688448
1096106358133293056
1096106714619936768
1096108875982487552
1096109125526798336
1096109976957915136
1096110779324157952
1096121494877495304
1096123699894370304
1096124813054300162
1096127827508785152
1096132109045882881
1096139523317207040
1096147753380577280
1096148033551679488
1096148124165386240
1096149426496651264
1096150853398884352
1096154974298488832
1096158854025539585
1096159218506162176
1096162308441718785
1096167490084917248
1096168958242152448
1096171077896527873
1096172592480698370
1096172881451630595
1096177538819375104
1096178331114852352
1096179398116560897
1096186106947592192
1096187037668048901
1096193498569678849
1096196180395151360
1096204530851762178
1096209280485728256
1096210863848009729
1096211064730071040
1096211992078102529
1096212008851058688
1096212723568914433
1096216315579301890
1096217225315471360
1096220442770264065
1096220919259951104
1096223025622466560
1096223126306713600
1096224963831492608
1096226212035334149
1096227035804983296
1096227176737837058
1096227616728608768
1096227630125182976
1096228552863817730
1096228604889812993
1096230234796417024
1096237408910229505
1096238544975089664
1096239975216152576
1096245220184862720
1096246255385079808
1096247355114811392
1096248871330762752
1096248999538053120
1096250852849836034
1096251263786700800
1096255956541997057
1096258762782973956
1096259112579391488
1096259135664939013
1096259269022765057
1096259538725072897
1096262791412047872
1096265144416591872
1096265544121155584
1096266166119542784
1096270808811491329
1096271606995795970
1096272746592514048
1096279433974030336
1096284422968696832
1096289239405338624
1096289439091961863
1096296419948933120
1096296812665810944
1096306113966993410
1096308457714511872
1096310648814809088
1096310686152642560
1096312951101739009
1096315224406151169
1096318019054301184
1096318327352369152
1096318898616430592
1096327160808263682
1096327433178021888
1096331873641512960
1096336585560342528
1096342963851051009
1096346904408084480
1096347238698283008
1096348393281126402
1096350175952601089
1096353786828914689
1096355212049219584
1096361855394738176
1096363779770777600
1096364469700177920
1096366303886143489
1096369607315734528
1096370987250212864
1096371639783047168
1096372584852029440
1096374095241830402
1096376691495178240
1096379907280642049
1096381176888078337
1096384216063975424
1096384413204570114
1096387355089473536
1096387813006864384
1096391874036678656
1096393602186371072
1096395003834691584
1096395920701341696
1096396710488784897
1096398654145998849
1096400149390213127
1096400258475671554
1096403843322064896
1096403979641257984
1096404334496100352
1096408095083909122
1096408279633354754
1096408293063315457
1096409842850385920
1096411573541842944
1096411959308750848
1096412078842142720
1096415719917584384
1096417586823204864
1096418961707753473
1096419104318279681
1096419340876824577
1096420500169940993
1096420975598542849
1096421474083237890
1096425249392844800
1096425360533700610
1096425578616578055
1096425784976105473
1096426621345677314
1096426868847198208
1096428908499648512
1096431089940291584
1096432668273795073
1096433169077800960
1096434504095264768
1096437719885058048
1096439869897883648
1096440064492605441
1096442463361921024
1096442529472487428
1096443017718910976
1096445480593252354
1096454250476040199
1096455074673500163
1096455075910819840
1096458661633892353
1096458870497652737
1096459088622469121
1096459920323502080
1096463123932897280
1096465459313033216
1096468551328661505
1096469701448871936
1096475354124840960
1096478878179065861
1096479927577174016
1096486433357852672
1096492043264802816
1096496850348228608
1096503075940909056
1096506763686244352
1096507179253858304
1096509044452483072
1096513314237177857
1096515114453352448
1096515453332189185
1096516322404519942
1096519841433952263
1096520791028572161
1096521461672611840
1096523219941580800
1096525869072482305
1096526452068110337
1096529087328387074
1096532144137089024
1096533930692378625
1096534071868604416
1096539830228525056
1096541577579769856
1096543762371686400
1096546130039427074
1096548235605409793
1096551124235182081
1096551476107886592
1096552607760318466
1096552781379321856
1096554582401011712
1096557444615073792
1096557746168557569
1096561477006381057
1096564692795969536
1096565480486289409
1096566028274933761
1096566789083930624
1096567043678236674
1096567156106498048
1096567826763128833
1096567890944409600
1096568892141522945
1096571819757355008
1096572816755838976
1096574142126510080
1096574822463754240
1096575489341181952
1096577773144031232
1096582070200160256
1096582885992218624
1096584090168496133
1096586052284895234
1096586896615055360
1096588017727352832
1096589655611449344
1096594186021806080
1096595655991197696
1096596876957237248
1096596941939662848
1096597059807989760
1096598893553364992
1096599663656951808
1096599880888283136
1096602875231297536
1096603207399292929
1096604003474042882
1096604211100307456
1096608592042643456
1096612819909386240
1096618060713209862
1096620767272259585
1096622008362782721
1096622284796772353
1096624424701386752
1096624537947389954
1096630373067513856
1096633348104118272
1096635296781864960
1096636513545347072
1096637808746393600
1096638058307510272
1096641827711737856
1096643257566670849
1096644656354320387
1096644884960825344
1096645934795108352
1096648784371535872
1096652161625309184
1096653106509623297
1096654386305159168
1096655075445895168
1096655318715514880
1096656262417141763
1096656494349684736
1096659042834022400
1096665645473648640
1096666255766028293
1096667601277775872
1096674837366538240
1096674890160193536
1096676070126829568
1096676505785032704
1096677301872279554
1096681842223271936
1096682636632702976
1096685627985162243
1096686687038656512
1096687861892567040
1096689701141073920
1096689768618967040
1096690183011999745
1096690900246372352
1096693583350968320
1096694404981637120
1096695349119537152
1096695637284929536
1096697137809817600
1096697216419463168
1096699296802619392
1096699333729079297
1096699901226962944
1096702047003435008
1096703340115841025
1096705869297766400
1096708229432860672
1096709535543238656
1096713786860412929
1096714203807793152
1096715469640343552
1096715740571451392
1096717843171811330
1096719987794944000
1096720268767232003
1096720565291778048
1096724642587426817
1096725094313877504
1096730401509437440
1096731380728373248
1096733388122279936
1096735130851397633
1096737388641112064
1096738127278788609
1096739929151938561
1096744856540643329
1096755339641286656
1096756094834298880
1096756825477632003
1096761097363836928
1096766310460153856
1096766672000565249
1096767111991644162
1096767765455691777
1096774530037633029
1096774605136633857
1096776326478913536
1096776612509437954
1096779676025057281
1096781469085810690
1096781702989459456
1096781947685220352
1096781963619225600
1096782065939312641
1096782082745847808
1096782154434891776
1096782737476894720
1096784096947200000
1096784135014830080
1096784779654152194
1096785114384814080
1096785809779380224
1096786145348853765
1096786307664277504
1096788037806243840
1096788244178632706
1096789200022765568
1096791320700416000
1096794183715774464
1096794632095236101
1096794756674244608
1096794781416603648
1096795681098854400
1096795850519457792
1096796464582291456
1096797149935869953
1096797558389788677
1096798250760232960
1096798523981549568
1096798771453849600
1096801199825682434
1096802862154301440
1096803743792877569
1096804165131661312
1096804494975873025
1096805726864007168
1096806142502715393
1096806475131891712
1096808103352430592
1096808503497420801
1096808779885219840
1096809021909000193
1096809115031126017
1096810557032652800
1096810959606145024
1096812033847291909
1096812121478832128
1096812380703637504
1096812873941204992
1096813696435671040
1096814812988878853
1096814957692366857
1096815135937740800
1096815274354003968
1096815929512599552
1096816015923503104
1096816217648705536
1096817103905132549
1096817200361484288
1096819047147204608
1096819139409268738
1096819216982798336
1096820250891378690
1096822141704654849
1096824703585476608
1096826018491330560
1096826851908112384
1096827028068855808
1096831029845712902
1096832200480358401
1096832599761268738
1096833181951713280
1096833273785974784
1096834964111413249
1096835028669976576
1096835635166568448
1096835803701858304
1096837927366123520
1096839172248133633
1096840097075527680
1096842421999190016
1096844132423688192
1096853122490740736
1096856207405576198
1096856883539951616
1096857593618808832
1096858739079069696
1096859930253017094
1096860119445454849
1096861361383067648
1096861485496586240
1096862738771410944
1096867740881567744
1096873655303397377
1096873718637387776
1096874315901919232
1096875198375124992
1096876287635931136
1096876538446925824
1096878584029827072
1096879201838260224
1096879455178493952
1096879520471310336
1096879894754029568
1096879922436403201
1096880367020240896
1096881943218671616
1096882379862536196
1096884833521934336
1096887647052558339
1096887699510685696
1096887974636093440
1096892059036934145
1096893605925404672
1096895613311041536
1096900026989563906
1096903557310222336
1096910192699035648
1096915343728029696
1096921143213215744
1096928576346169344
1096931771159998464
1096932417049366528
1096933578049490944
1096933889287680001
1096934648435957766
1096936516159459328
1096951731013840896
1096954843581857792
1096959494242865152
1096967588826005504
1096970258060140544
1096973963744477184
1096981157818847233
1096984359762944000
1096988698321682432
1096989118171619328
1096990166751854592
1096993718484164608
1096998398497034240
1097005295216164865
1097006107632041985
1097006170265538560
1097009373254103040
1097010713413832704
1097016137458413569
1097023159985856512
1097027174404636673
1097029544580653057
1097035396893020160
1097040899794763776
1097041616190271488
1097042006679932928
1097042076296978432
1097047038112514048
1097047444368642048
1097061179279790080
1097061847415451648
1097062460194996224
1097064068739813377
1097077723271438337
1097079288598355968
1097082498486550529
1097083286617276416
1097086415144402946
1097090765413478400
1097094379678752768
1097096409092767744
1097097347010625536
1097097883130552321
1097098047627120640
1097098407468883968
1097108860119052288
1097109925958832128
1097111099890053122
1097115334006525952
1097118140843126784
1097119041376800768
1097124795584561152
1097125335764733955
1097125503960600577
1097126218644697088
1097126427944640512
1097126576020512769
1097126616709292032
1097126663261843457
1097128476463763456
1097128584647446528
1097130080776663040
1097131370088972288
1097133418196873218
1097134614848647168
1097136832339275776
1097136954829766656
1097137371324141569
1097139351690063872
1097142848644923392
1097144935751376899
1097144984380293120
1097150198772510720
1097150982235013121
1097151119384604672
1097151472570195969
1097153221599133697
1097155808629063680
1097156201643737088
1097158784072335366
1097160461798248448
1097162993488613382
1097164552217739265
1097165434581848064
1097165473148358661
1097169864177975296
1097170533563547648
1097172766636236802
1097173113069027334
1097174067260547072
1097178124444405762
1097187156458639360
1097188842963066880
1097189209989730304
1097191944663584768
1097192909336707072
1097197726096211968
1097200980876095488
1097201615482900482
1097203520514609152
1097213966416257024
1097220939065032704
1097226826169155589
1097235174113378305
1097255444320538625
1097257694166102016
1097263980152868865
1097269094703718400
1097275923861258240
1097282314730651648
1097287903217156097
1097290430289391616
1097303913274003458
1097309902035451904
1097313857557721089
1097316363247468545
1097316401818279938
1097320112300933120
1097321017658220545
1097324026630942721
1097327547757539328
1097328428301336576
1097329650794024961
1097337960637202432
1097338413932396544
1097338640022294528
1097341087385972736
1097343227319840768
1097349353109254144
1097349564074418176
1097357961922514944
1097368849089998848
1097377435258159105
1097390477412843521
1097393624684343296
1097394714003865600
1097397848923082752
1097399478401740800
1097404342108344320
1097410451003068416
1097410602534723584
1097416061433966592
1097423062138384385
1097436725931069441
1097437046371741696
1097453895318552576
1097454698481704960
1097455670327164928
1097458569434193920
1097461079708438529
1097469915441750017
1097471395624308736
1097481730372575233
1097494323791187969
1097495628202926081
1097495989747879937
1097500395864240131
1097500871108120577
1097504091062890496
1097504356134461440
1097506741032345602
1097506943185440769
1097509439228334081
1097512637288538118
1097515396792381440
1097516033500299264
1097516166887530497
1097517735553175554
1097518381039796224
1097518980833726465
1097521009215848449
1097530769772371968
1097531229031804930
1097532782367174660
1097532891653906432
1097533042254475265
1097533059426062338
1097533152132771840
1097534576954691589
1097534668788789252
1097534861768835073
1097534982514532352
1097535345330216961
1097535521914523648
1097535784893272070
1097536090251112449
1097536763407429633
1097539122963591168
1097539797575393285
1097540242700189696
1097541017287491586
1097541225748615168
1097541256773693444
1097541316345442304
1097541382200160258
1097543356442386432
1097547242897108993
1097549599332433921
1097550069434277890
1097551677111050240
1097551909907501057
1097552720670662656
1097552856956235786
1097553429067644933
1097553507098480641
1097555706998374400
1097556895672479744
1097557571785945088
1097557788233003008
1097559825817448448
1097560762749538307
1097561662746292226
1097562107078459392
1097562977807540224
1097564100626919424
1097564499958251521
1097565405055516673
1097565870623059968
1097566300149149696
1097566342490791941
1097567984128802816
1097573785077575682
1097574273500082176
1097574653084790784
1097576060286394369
1097578077754929152
1097578570589835264
1097579464467337217
1097580460518068224
1097581775839285248
1097582144535363585
1097583632829472768
1097589994590531584
1097592152975060993
1097592504868777986
1097594599525232641
1097595013079408641
1097596578376925186
1097598547623440386
1097599353777254406
1097604306818211841
1097607269271982081
1097607557835706368
1097607558049792001
1097614303950180355
1097614838698856449
1097616929982951424
1097622508822355969
1097623030212239360
1097626147398008837
1097629519077355520
1097629910099738625
1097630021693321217
1097632614607974400
1097644924046954496
1097651010414280706
1097652602676727809
1097653095369187328
1097656108561227776
1097659144843214848
1097670079376838657
1097677882447613952
1097679626451599360
1097680770217369600
1097681401464315904
1097688444141133824
1097690394635190274
1097695435227987968
1097696220791881729
1097701849551929344
1097702897280790528
1097702999101751297
1097704621995425792
1097705190747062274
1097708302077550592
1097712033733267457
1097722064436310016
1097722069268250625
1097728386498265088
1097728480010067968
1097731613176270848
1097731905099890691
1097732225544736768
1097739061857406976
1097745138980405248
1097746509238538240
1097748499427483648
1097751002005102592
1097754181455220736
1097757059171471360
1097765089153818624
1097779647603924992
1097782910118113280
1097783109167108096
1097786483895881728
1097787122256433152
1097787201537167363
1097787904506638339
1097790992642723840
1097794861615460353
1097798610467512320
1097798849563971584
1097805237300195328
1097806721005830145
1097808554319319040
1097813701174923264
1097814374775951360
1097814417134227456
1097817967524544514
1097818859329986560
1097818966691627009
1097828386754514945
1097832424749162496
1097833140901548037
1097834436949929984
1097835030439546880
1097840635699216385
1097842569273360385
1097844450427064320
1097845764942954496
1097848103238017027
1097850519580803072
1097856098432892929
1097858183018745856
1097860405135695872
1097861283859156997
1097861488549789699
1097863375143481344
1097863472455581698
1097864434612080643
1097864558348304389
1097865150571393025
1097865270553726976
1097870608640159745
1097873242646298630
1097873327706693632
1097873610973241345
1097873748470816768
1097874606210244608
1097874792118734848
1097874929616334849
1097875174131519489
1097875575119712257
1097877252417744896
1097878739306704898
1097879636216823809
1097880065096994818
1097880605738627073
1097882050709913602
1097882053104652289
1097882209241817088
1097882543091826688
1097882584535654400
1097883233482690562
1097884820393377793
1097885230835261445
1097885458552553473
1097887091407638529
1097888278798192640
1097889090412994561
1097889731310956545
1097890585262870528
1097891245429538822
1097897820873523201
1097898165611782145
1097899355569381376
1097899985968852992
1097900360109309952
1097902247927787522
1097902460197265408
1097902482393571328
1097903718031212544
1097903906372239360
1097905350886477824
1097906949348360192
1097907607841366016
1097908328020217856
1097910848788537344
1097912694705934337
1097914569119326209
1097915449096966147
1097915685663997952
1097915850898649088
1097917430893068289
1097917685940260864
1097918177235951616
1097920165172396032
1097920182356369408
1097920350552276992
1097921208316817408
1097921251484598276
1097923272732217344
1097928092406800384
1097930129068773378
1097930359868669952
1097931157608386560
1097931269596479494
1097937312346853376
1097937683530293250
1097941027221057536
1097942197847158784
1097946706564575233
1097948969156702208
1097951088945319936
1097952482267811840
1097958760075665408
1097959766113087488
1097960373464981504
1097960477890506752
1097961965203439618
1097962078843949056
1097965242246668289
1097966543273689088
1097967031507451906
1097968320387710976
1097970250606436359
1097972468151713792
1097973026421800960
1097975293460049920
1097976952290504714
1097976999656722440
1097977115847331842
1097977631323107330
1097978847700480000
1097980964540690432
1097981921680936960
1097985053471039489
1097988174964502528
1097988656491507712
1097991712440545280
1097995507866259463
1097995845922971648
1097998965667233795
1098001209598898178
1098001928246710274
1098002261878493184
1098003209442869248
1098008421725552640
1098009559623483392
1098010234902081536
1098011149470220288
1098011676912349184
1098011925227728898
1098012233085476865
1098013004845776896
1098014513939533824
1098016739432980480
1098017545171464225
1098017795139350534
1098019565575892993
1098020293283581962
1098020809585688577
1098021090109009920
1098021447975489538
1098022136244068352
1098025324762329090
1098027320835596288
1098028055241678855
1098029455308713986
1098031070132482048
1098031461024784385
1098033482691948545
1098034392448983041
1098045323614789632
1098046736780541952
1098047594008403969
1098051055990894592
1098052960611758080
1098054996099325954
1098055262852866048
1098055813170552832
1098056347088760835
1098057229150900226
1098057427558301696
1098058141374300160
1098062362974638081
1098062546286854145
1098062861262376961
1098063511366877186
1098063552059822080
1098066376521146373
1098067612586655749
1098068137705058304
1098069619955453952
1098070788085829634
1098077467108147200
1098079721127141377
1098089234207068161
1098089806742151168
1098099857544351745
1098101735778910208
1098103342167818240
1098103504491687936
1098106422041096192
1098106689885224961
1098108715083931648
1098112296189075456
1098124034758377472
1098129821874470912
1098130439049498627
1098135159315054592
1098135804818251777
1098142530397528065
1098145849341808641
1098150146422976512
1098153873468997632
1098154382233763840
1098169244166934529
1098171724099551232
1098172151956353024
1098173129740869632
1098173657166147585
1098176861904007168
1098178499490316290
1098182337270030336
1098182395574943744
1098182645136015360
1098182830956277760
1098187245461241857
1098193086876913665
1098193263436156930
1098194787646222336
1098194952071401473
1098195215062650880
1098197449771044864
1098197742541783040
1098197850754830336
1098203332257099778
1098203695102210048
1098206153803161600
1098207059349102593
1098207461159317504
1098211608050974721
1098212866354827264
1098214367068332033
1098214763857772544
1098215187910459394
1098215263403683842
1098216257470545920
1098220881241882625
1098223366396411905
1098223977561055232
1098224118820794368
1098225004666388480
1098226286231736321
1098226971362951168
1098227836194824192
1098230652988727296
1098230876863774721
1098231163590791173
1098231677372039168
1098232558007902208
1098232796831727616
1098234979362983936
1098235495904174080
1098237034370662400
1098237089714487299
1098238952006242304
1098238995174174721
1098239445223047168
1098239541712830465
1098243259137019904
1098244680569876480
1098244980450226177
1098246424557486081
1098250768187035648
1098252594403856384
1098257035735384064
1098257134448504833
1098259259148681219
1098260135322021890
1098264296088317958
1098265953257672704
1098267871300517889
1098270768302096384
1098271585373433859
1098271873069133825
1098274062521024517
1098278385569083392
1098278945944854528
1098280441193345026
1098283157009428481
1098283493396803584
1098285487385731072
1098286110638252032
1098287269952278528
1098290791917776898
1098290899572936709
1098295620396244992
1098297044219899905
1098300524795957252
1098309375628886016
1098309598182887425
1098310244252422149
1098311380065837056
1098313812778864640
1098317534359621634
1098322272664866816
1098325071553122304
1098330545518452737
1098331467447521282
1098334018003623936
1098343086487289857
1098344570855796736
1098350029738311680
1098356421006159873
1098359433393045505
1098368427209613312
1098370815031033858
1098374950623367168
1098375094907428864
1098375518100049920
1098376354033152000
1098384246861979648
1098387755841847298
1098389168491773953
1098390097072918528
1098392869088477184
1098393106515259392
1098394685654159360
1098394934401474560
1098402725316853760
1098404001215848448
1098406503956934656
1098408725247913984
1098409107357421571
1098416440271691777
1098416693171404801
1098419382139711490
1098420106517008384
1098421007029862401
1098421095080824832
1098422623510372352
1098425850595287040
1098426958449266694
1098427033829474306
1098429240008212480
1098430644261216258
1098433393614823424
1098446491587407872
1098450376779542528
1098455274191376385
1098463088934834182
1098464708988788738
1098465118948675584
1098465482573791232
1098465862594441216
1098466285367611392
1098468378723835904
1098493773577965570
1098496549779316736
1098499839577321473
1098500826710958086
1098515430988075009
1098516021420408833
1098517140892798976
1098517805668929536
1098517824534970368
1098522283092660226
1098538084717789184
1098540365563523072
1098544160532058112
1098556383631413248
1098567204075982850
1098570477323325440
1098570851048255496
1098572080818343936
1098572222170488833
1098581657676931072
1098585362933239809
1098588699477098497
1098590389794164736
1098591799482949632
1098593385361879041
1098593415997022208
1098593583324643328
1098593657563897857
1098595224992051206
1098595434703015936
1098595737544392711
1098595930054508545
1098596841866887168
1098599295572422657
1098599928887152642
1098602406055763972
1098606810909601793
1098607299952869382
1098608994028011520
1098611877209403392
1098612747993001984
1098612936283774977
1098613904748380163
1098614212438282242
1098615345043132416
1098621927588069376
1098622226218258432
1098625953297780736
1098626809346904068
1098628936693633024
1098629742331187200
1098630423154999296
1098632355479048192
1098639479500402689
1098640122524819456
1098641868580143104
1098643557613793281
1098645195518730240
1098645969330147328
1098646473925951488
1098646800653680640
1098646924813578240
1098652080464691204
1098657205069508609
1098658322406932480
1098659111363903488
1098661786558087169
1098662249953222657
1098662909318701057
1098663357664522240
1098664716203900928
1098667010899263488
1098670072757997571
1098670896083099653
1098671768082952194
1098684256199557120
1098692615883636737
1098694172805136385
1098694667724574720
1098699403089596417
1098701043930710017
1098707378558521344
1098714401924923398
1098714959360315394
1098715116659302400
1098715561649889280
1098716272164913152
1098719919464681475
1098721885414703104
1098724297969782784
1098724956479713280
1098730750491484160
1098733981799870464
1098735203156193281
1098743326256189440
1098747641800900608
1098756801317736448
1098757161528815616
1098757570980917249
1098760305654542336
1098761907870130177
1098762932547014656
1098766105554964480
1098769981515464711
1098770030970441728
1098770240274616320
1098770498224295936
1098773446815858690
1098783477934313479
1098795859939074049
1098796778919481344
1098804742011084800
1098806698121351168
1098814701566390273
1098817689605365761
1098819733502062592
1098821309268717573
1098822071411453952
1098823224392065024
1098833453670232064
1098834044861726720
1098841146267176961
1098845560013049857
1098846087572529152
1098846581653045248
1098854327697911809
1098860694408069125
1098863480722022402
1098865166622642177
1098865228257755136
1098867337598590976
1098874340823760896
1098876119191826432
1098883467633455104
1098885313542402050
1098887499278016514
1098888052418797568
1098889074558095361
1098890387446423552
1098893339342958593
1098893814134173697
1098894076697427969
1098896107558633472
1098906538385784833
1098907841790967808
1098910221819351040
1098915478985007104
1098916876523048960
1098937101767331840
1098939118417899520
1098939598321926144
1098941236168327168
1098943927602855938
1098945636001595392
1098946265591803904
1098952666510749696
1098959148388106252
1098960888118366209
1098962086078619650
1098962148154269696
1098963546946265088
1098963609034674177
1098965302245814272
1098976134887337984
1098978337760792582
1098979190429208576
1098980231896023043
1098983346162536448
1098983450185531394
1098985220605427715
1098991382021193728
1098995578011299842
1098997568204406789
1099001728098156545
1099003748532273153
1099006343518797824
1099007254093717505
1099008893651308544
1099009182634774529
1099009624492130304
1099013211293171712
1099014655782121473
1099015731692228609
1099016648508534785
1099017460945174535
1099017937845923841
1099024041384513538
1099024061949108224
1099024663009783808
1099025065205616640
1099029559855312896
1099034174349021185
1099040141513904128
1099041078655836161
1099043298281308161
1099043374181412864
1099047069799596032
1099049628027170816
1099054819216633856
1099055283912036354
1099061162224873472
1099069284511150080
1099070185456099329
1099070995380396033
1099072592562905088
1099074118853500929
1099074372927660032
1099075199306264576
1099080609119592448
1099083310783967232
1099094793022402560
1099097830524805120
1099103658527113218
1099111551787659264
1099115749023436800
1099121878973571073
1099127056414064640
1099134260521226242
1099140000481009664
1099143904123854848
1099144839088742401
1099145065509863424
1099145215691145216
1099158362703495168
1099159764838371329
1099161693425418240
1099164172682551298
1099165337805774848
1099171157876621312
1099176370540855296
1099176448139685888
1099194433386491905
1099194764262555648
1099200194623598592
1099200268422459392
1099208037561032705
1099243768404942848
1099252015656513536
1099252568960708608
1099253362049077249
1099256682239221760
1099256725448871936
1099258560435769344
1099271953381117952
1099276050318540801
1099276422747774976
1099276923526500352
1099278129753812992
1099279499269681153
1099281657654362112
1099281700004085760
1099282236879253506
1099282714170150912
1099283668818833409
1099286640525234176
1099289036256989185
1099289933418618881
1099292682797559808
1099293785484341248
1099294529109278720
1099297438282670080
1099298021714448384
1099298112739467265
1099299275832463361
1099301217346367488
1099301321386139648
1099305173153918976
1099307627954229248
1099308094360879105
1099308673996734464
1099310139914432512
1099314403906912256
1099314613953482752
1099314861836771329
1099315480941215744
1099315503737331713
1099317508451024896
1099318377116364800
1099319116958257152
1099321659138473984
1099323635917942784
1099328203523608577
1099332563053744128
1099332648231612417
1099334789826519040
1099334839444987904
1099334890896719873
1099335122019479552
1099342606008549377
1099343912458772488
1099344609933553664
1099345708040245248
1099347600086614018
1099347848062218240
1099348675069915136
1099352926299086851
1099353583009423360
1099354676263354369
1099358417263710208
1099358598356979713
1099358793836699648
1099359592855801856
1099359826042339328
1099360969124401152
1099362159761313792
1099363457055576064
1099367645080637441
1099371046237556738
1099371406926655488
1099379251571277827
1099380060576837632
1099381302971768833
1099385995571617793
1099388999548887040
1099389464697364480
1099391798810619904
1099393280960270337
1099394856466767874
1099396334526873600
1099396886597750784
1099398520174530561
1099399017186971653
1099400193718603776
1099406749415759872
1099407252740550657
1099409913992957953
1099417810219032577
1099427894571413504
1099428641988063233
1099429243463786496
1099429407050076160
1099429558464311296
1099429891362250753
1099431399759773697
1099435731213258752
1099435750938955776
1099437970564755456
1099438285938667520
1099439376910700544
1099441002832691200
1099448916829978624
1099448956701065218
1099449131997847553
1099457921593688064
1099463034861305856
1099464077552828416
1099464161451491329
1099470783615651850
1099473497120784385
1099475612765433857
1099476863481757697
1099477716590415872
1099479443419029505
1099479694242664449
1099480238239727616
1099481401710309376
1099483774021193728
1099484059238129664
1099490125027917825
1099494946388594689
1099500616672559104
1099500961037537280
1099501069674139648
1099529845103423488
1099536922987413504
1099538815465807872
1099565994547257345
1099572461996109825
1099574941152878593
1099586973621198849
1099587596475224064
1099601400768675841
1099620444578242561
1099621664269189122
1099634573703565312
1099634823931416577
1099644259421032448
1099647195433725952
1099647220612120576
1099651053342011392
1099651157356617736
1099660316038832134
1099660534583123969
1099660826921848833
1099670928047464448
1099670956996321285
1099675157310799873
1099675241905864708
1099675275862962176
1099675923497082882
1099676063980912641
1099676494333337602
1099676750361944064
1099678330180259842
1099678716865773568
1099678720640483329
1099679203849433088
1099679735259500545
1099683211490328578
1099683476578750470
1099683952632029185
1099684972359704576
1099686031744323586
1099687927158837248
1099689035725910017
1099689365372981249
1099692108472934401
1099692750625275905
1099694174583119872
1099694745809575943
1099694965217783809
1099698390319849472
1099698801302892544
1099699776919138307
1099702093827297280
1099702121119735808
1099702533830848512
1099704473679609856
1099708951086678016
1099712435307433984
1099713824448528384
1099715549108396032
1099717059116756998
1099724080817803264
1099724869325983744
1099727447564509184
1099731680225607681
1099734874003521539
1099737494197882885
1099737762192711680
1099738717252595713
1099738808239546368
1099746272003719169
1099748161470398464
1099748283927293952
1099749617799901184
1099757240980975616
1099758524043677696
1099759218574442498
1099760993620512768
1099763526539726849
1099766612293431296
1099767543009550336
1099768759785611265
1099769229119811584
1099772297676840961
1099775471913521152
1099788695501266945
1099791588304347136
1099795181363179520
1099796021507444737
1099796219491168256
1099799140819783680
1099800540018589697
1099800541704548352
1099804462204375041
1099805100497760258
1099805105514176513
1099805186455830529
1099815149639290881
1099815613097299969
1099821100089761792
1099822780743221248
1099825050679631872
1099828172504395776
1099829210187792384
1099836009586380801
1099836376659353606
1099836661360283650
1099837008258641922
1099837243559235585
1099837267453956096
1099844621050540032
1099845574277292032
1099849381426094080
1099862480665305088
1099864419708878848
1099868979303206913
1099871977005871104
1099873237784236035
1099876209314447368
1099880116136615937
1099889884142145536
1099893453515743232
1099897378025365504
1099898164566474752
1099898256404885505
1099899301617168384
1099899330524266496
1099900222254317569
1099902547861491718
1099903475809509376
1099904070385430528
1099906722594844672
1099906939033534467
1099910013051641857
1099913860880855040
1099915285711208448
1099918066501210113
1099919476630437888
1099943973882392576
1099948543597572096
1099949968817680384
1099950539238891520
1099968873401589762
1099971041835634688
1099977513483280386
1099979387678720000
1099979644554612736
1099980236589023232
1099980604861571072
1099983570645458946
1099983712412827648
1099985767605055488
1099987893278437376
1099990180017201152
1099991460974333955
1099995805413457922
1099996654755893248
1100002353581682688
1100004646620258305
1100006456856846336
1100006458136150016
1100012523070410753
1100012834304475136
1100012863228387328
1100013126223884288
1100013856003379201
1100014155501891589
1100018820444372992
1100018890892038145
1100019832492355585
1100020020392923137
1100021501422649344
1100023911884955648
1100030322463387648
1100031250109063168
1100034405207203841
1100036073671946240
1100049656095084545
1100051986467176448
1100054844012937216
1100060810867548160
1100062070383374336
1100064991321964544
1100075383540600832
1100079213866975232
1100080144494948354
1100084582077136897
1100086013160914945
1100088934485364736
1100090753164943360
1100092895195992064
1100098275212955649
1100099420266192898
1100102284128604161
1100102671262978049
1100107219134164992
1100109784815161346
1100111060298797061
1100115791884832773
1100122545972494341
1100123190230216708
1100124630541492224
1100127961221521408
1100154322816503808
1100155898658463744
1100164377452384256
1100167400270393345
1100179674263633920
1100186147119120384
1100190882505150464
1100191943252955136
1100193245987065856
1100196515438518274
1100196827100602368
1100198001497260032
1100198945618186240
1100201775095783424
1100204372636647424
1100204794776600576
1100211996232806400
1100220293405175808
1100225542966644740
1100226423787343872
1100232238791159809
1100247011683717120
1100249316285767680
1100249633379385344
1100249691256770560
1100253351634100224
1100258138190741504
1100258486288412672
1100263193140576257
1100264058010374145
1100279644035604480
1100281123781828608
1100287317095342081
1100305255722639362
1100313540752297984
1100313692141424640
1100318128884666368
1100323162057695232
1100326053174599686
1100327391157800961
1100327415493128192
1100327484267081728
1100338703635951616
1100339068536217601
1100353368176951296
1100354867221139456
1100355807982600192
1100357122506846208
1100363124354572289
1100366559665623040
1100366959458234369
1100370168851525632
1100372898089381888
1100372958940254208
1100377477040537600
1100381077435269120
1100385498013618178
1100388883026579458
1100391603431268354
1100393715703693312
1100396263030378497
1100397645753868288
1100399869980753920
1100400216434503680
1100403530375020544
1100410713120460805
1100412020069789696
1100412296021430273
1100412342611828736
1100412345967206401
1100412371556753409
1100412440750153729
1100413601309839370
1100413769908273152
1100414086570041344
1100415593700704260
1100415657336758273
1100416806592921601
1100416994497576960
1100421347749044224
1100421356590645249
1100421786896719874
1100431718950076417
1100432712660369408
1100433830853386241
1100438012163321858
1100439746407473152
1100439810664103936
1100441984160849920
1100442576816144385
1100443321443500034
1100446687661867014
1100447143586721792
1100447462949638144
1100447679480381445
1100450002428747777
1100451001901948928
1100452733314912256
1100456980064260096
1100458056763076608
1100459574652358656
1100460372002263041
1100461149617819649
1100461169343512576
1100461262440415233
1100462470387372032
1100463144437235712
1100463412876886017
1100465992377999362
1100466258267508738
1100470571693981706
1100474004333387776
1100474338585673729
1100474975738302475
1100477590446452736
1100477952003883009
1100478163375845377
1100479059279044608
1100479664517193729
1100481311632953344
1100482381167898631
1100484573538983936
1100485489994461184
1100485713974493185
1100486528923549697
1100490107923193856
1100491801603915776
1100494453293441024
1100498872764375040
1100500754333401089
1100508593894445056
1100513502920404998
1100516472051372032
1100517224513597442
1100522827285962752
1100522922081423360
1100523315494572033
1100527917564452865
1100531003649654784
1100531999373225985
1100536113586876416
1100546017588662272
1100547499310297088
1100550746221744128
1100551027672125441
1100552520861184000
1100552571347824640
1100555310215901184
1100556468854681600
1100557137510629376
1100557726801936384
1100563639935909888
1100564699450617856
1100565143182852097
1100566404820922369
1100566890538328065
1100572130482315264
1100579497353535488
1100580388227887104
1100591933666209792
1100592602041192448
1100594160220934144
1100597732950114304
1100598425836572673
1100599541500383233
1100601587515473920
1100602528285278209
1100605796893843462
1100608469927903233
1100611032664473600
1100615736974692352
1100616707977170945
1100617527128805376
1100624081551011840
1100629248455303168
1100629305199976448
1100629417980620801
1100630698044534784
1100631559164485633
1100632825005371392
1100636024810553344
1100638379518189568
1100639973357826048
1100643475182272513
1100644212515717120
1100651287597608961
1100706760493539329
1100706820484747264
1100714776257277952
1100715749755273216
1100718778449580032
1100718983131611136
1100719637010862080
1100723076960940033
1100724662198243330
1100726308475158528
1100728341445951488
1100734264239362054
1100741702409744384
1100745453400924160
1100748555076157443
1100748795690799104
1100750332617867264
1100753490501165059
1100764623014367232
1100764917890777091
1100767130801393664
1100778462539853825
1100781221578182656
1100781562755514368
1100781956843925504
1100782359488524288
1100785105914789888
1100789951585755138
1100791567495778309
1100792352828878848
1100792425847627776
1100792623764201472
1100792635931926529
1100792782313140227
1100793768830070784
1100793932001230848
1100796929255059460
1100799144250298370
1100799468063113216
1100800685224923136
1100800697824473095
1100801867209195520
1100802277818810369
1100802594077691905
1100806756920225793
1100813721952243713
1100815887920025600
1100822313178673152
1100826363190231042
1100826637061386241
1100827991850897408
1100829264788811779
1100831143044116480
1100835745403678721
1100837166530338817
1100838275848327176
1100838737385279488
1100841972695289856
1100843431902040071
1100848276742590465
1100851408633585668
1100851639332847616
1100852140954845187
1100852266855211010
1100853339288469504
1100860403297456141
1100878430013251584
1100879629575958528
1100881059418390530
1100883332739551234
1100902472611057665
1100908796778610688
1100913980111904768
1100916452654305280
1100922218551361538
1100936879757840385
1100939621553319936
1100939917255794688
1100940138023129088
1100945916368957440
1100949006732136448
1100949798629396480
1100951196586700800
1100963847417008134
1100967855523213312
1100970273946378241
1100971632489873408
1100978805588426752
1100982072104099840
1100982179058769920
1100996086099922944
1100999812328157184
1101013866203406336
1101019538529775617
1101019637112692736
1101020743171801089
1101020936961224705
1101027164667895808
1101048090088390657
1101048360570630144
1101049043826995203
1101058860029100032
1101060544792944640
1101060581920919552
1101060617174204416
1101060827698753536
1101060865481035777
1101062783951687680
1101063483540553729
1101073523462696961
1101077771453898752
1101082037035790337
1101084264223801346
1101084466808741888
1101085331246456834
1101089763388342272
1101090256634417153
1101096116060340225
1101096278409252865
1101096538456182784
1101096570907430912
1101097191907749888
1101098407832285184
1101100869066448896
1101101025908412416
1101101606001553410
1101103261895909376
1101104949696610304
1101105661054603264
1101105867636781056
1101107920509566976
1101109899810009088
1101112434838794241
1101113404985618432
1101115595691560960
1101116791458332673
1101123321578414081
1101125723803344899
1101127558790148096
1101127670228631554
1101129265330950144
1101129301913563137
1101129691874750470
1101129914860953600
1101129985056825346
1101130281560485893
1101130495100968962
1101131729899728897
1101132025208008704
1101132462682460160
1101137629523906561
1101138337182687233
1101138496171827200
1101138804033970176
1101139371514839040
1101140808475033601
1101141029108047872
1101142364150730753
1101142765121888258
1101145171410874368
1101145789642858496
1101145816041955331
1101147898945916929
1101148298251972609
1101152591113674753
1101154050295455744
1101155163916636160
1101156137833910273
1101158198042656769
1101158267680669698
1101158395611095041
1101161527493697542
1101161779168792576
1101162206958370816
1101164141828542464
1101164171167780864
1101171654216937473
1101172060242563073
1101174143142129664
1101174700133285888
1101175244583288833
1101175571713806336
1101176016737894401
1101176543127183360
1101176729756991490
1101178029995257856
1101178671723880448
1101179454812901376
1101179671658475520
1101180338531905536
1101183176414806017
1101185191324729344
1101186581770133504
1101190744377884672
1101192487727706113
1101192608536317952
1101195913228402688
1101196739103600641
1101200473279942657
1101201803297935360
1101204543847714816
1101206341522083841
1101210091267731456
1101216288343498752
1101218821690413056
1101222115494096898
1101233786132541441
1101236701995909120
1101239584459874304
1101240825000808448
1101242330353414147
1101244570933837824
1101245185407795202
1101247855514275840
1101249382223998976
1101254474125869057
1101257214256431110
1101262717170536449
1101265081071996930
1101266168680251393
