914417921358737409
914418371965456385
914418675637260289
914418910950301698
914419480096321536
914419676817559552
914419740164182016
914419965817704449
914420843261960199
914421511393554432
914421519807340546
914421786535759872
914421949715099648
914422614919172097
914422705117696000
914422970180915200
914423888746106881
914425865508999169
914425946878472192
914426028231200769
914426156186775552
914426198951972865
914426541622403072
914427730313252864
914428914763747328
914430121896951813
914432607848452096
914446058134138881
914447913270546433
914453139818008576
914453941773094912
914468938066612224
914472052765184001
914476877066260480
914479355044274179
914481734888099841
914484700282007552
914485201052536833
914485275312709632
914486023165444097
914516662140862464
914520573304242176
914529321360003073
914536229399666689
914551245838409728
914564345471885312
914576084523417600
914589300758589441
914606335509123072
914621408570785792
914767810349404160
914813917054062592
915142627594514432
915352042981478400
915352616271572992
915567403622219776
915926477996281856
915951926663110656
915966372500398080
915969123192107008
916003604963590145
916004457237942272
916082677744271360
916127375531892736
916298554246860800
916306392620945408
916326768084242437
916361567414964229
916368072356843526
916383260342673408
916682945116758016
916683968052785153
916684252854607872
916717765062385664
916758138040152064
917115061667168256
920436100136603648
922752049925591042
922768350412967936
922770917352267776
922792064160534529
924318698147590144
925472652235386880
925499745350668291
925508803361148929
