1046557083703922688
1046560847248658432
1046565963192307712
1046569151148437505
1046574638371917824
1046584667145625600
1046599101964529671
1046599307372068864
1046599605142544385
1046602928717541376
1046612448520822786
1046612782815350784
1046613009316139008
1046619230316232704
1046630002509385728
1046632041792454656
1046633743023136768
1046634201452138497
1046638239313010688
1046647763298136064
1046660069713235968
1046661976145842176
1046667422000926720
1046667797411975168
1046668702949797888
1046673282714546176
1046674662711865344
1046676365104230400
1046688674535084033
1046697802200494080
1046705041577578496
1046707234745602048
1046709732067631104
1046717462761414656
1046720893496561666
1046728881556852739
1046732896592166913
1046736085697679360
1046736268137304064
1046736950584135680
1046743389247434753
1046751304796839936
1046754119103524864
1046756777449025537
1046757257709596672
1046760527999856641
1046764630671065088
1046764728171843584
1046764857356423169
1046770186664067073
1046774728256512001
1046781544394891264
1046783233856360450
1046789138610032641
1046795984553095169
1046798009974034432
1046799448196698112
1046799523614531589
1046800705653231616
1046802039458680832
1046805953591611392
1046806247591354368
1046807255478341639
1046807358737973248
1046808776853127168
1046811762710974464
1046811763944165376
1046814140025704449
1046824381253648384
1046824669813362688
1046829102785814528
1046831778743422981
1046835283919077376
1046835303212879872
1046838575629848576
1046842370204078082
1046843159823765504
1046843557129146368
1046846079248023559
1046848539626758151
1046850886721527808
1046855773941354496
1046857775475765248
1046857777304489984
1046858682267459585
1046860474506207232
1046861164448223232
1046868112321200128
1046868729743708161
1046870300921540612
1046877807043842048
1046879075397242880
1046881977641635844
1046882450549477376
1046884218884767746
1046885379863977985
1046886160398782465
1046887994072977413
1046888192555831296
1046888508386881537
1046890071364898819
1046892838607364097
1046893165725278208
1046894968453914624
1046895842110652416
1046899790661992448
1046903530295046144
1046911323290841088
1046913031245058048
1046913190188265472
1046924024092274688
1046936492055171072
1046937828360445952
1046939407503245312
1046943459683135488
1046947481991303170
1046949411761336321
1046954950352392192
1046959091384430592
1046959663932198912
1046965198320472064
1046968201412845571
1046970555981803521
1046971566075121666
1046972993006710785
1046976680638763010
1046980530586161152
1046983539558928384
1046986421070958594
1046988446072545281
1046990308758700032
1047015951512809472
1047017935276060672
1047021123693686786
1047028249589616640
1047032121779470337
1047032539699920896
1047033000909840385
1047038098222264321
1047038116685651970
1047038514309844992
1047053220403666944
1047054673235128320
1047057987582484481
1047058652857864192
1047067934407839744
1047068300172320768
1047069692270129153
1047073912037814272
1047075976981696512
1047076255085006848
1047077508355694592
1047084725477789698
1047087246690607104
1047090780383453186
1047096294207053825
1047097234565861376
1047101905363718144
1047102389369655297
1047108944248885248
1047109104257372160
1047109760372359168
1047110719693565952
1047110943220600833
1047112963193282561
1047113556297228288
1047113658625609728
1047115416055746560
1047118288709406722
1047120731463720961
1047125260493938688
1047126507020328960
1047132234761875456
1047133215817965568
1047133694396379137
1047135146875465729
1047135331848355840
1047136316683632640
1047140492939390976
1047144963673350144
1047148910073057280
1047149999308587008
1047151658189410314
1047152153515757568
1047152998265180160
1047153475979599872
1047153684029689856
1047154051048038400
1047156242974695425
1047157507569995776
1047157945853603840
1047158553486811137
1047158679831764992
1047158901727055872
1047162486598852608
1047169119701880832
1047173051249561602
1047182217900969984
1047184883368517632
1047188276556324864
1047190948730589184
1047193946395480064
1047200267664596992
1047208522994397185
1047209618001350656
1047219610087559172
1047220245545594884
1047220271336361984
1047222490349654016
1047231320592666624
1047232056705650689
1047235698183589893
1047236990545158145
1047239492363542528
1047240168061562880
1047240259497549829
1047244814075527170
1047251428501311488
1047253323085225984
1047253378546511873
1047254144753565696
1047255484401500161
1047259991181279232
1047260970115112961
1047262197800493057
1047274273205899264
1047277853447016448
1047283496492916736
1047284212460605441
1047286359168147458
1047286997067423745
1047288311545569280
1047288348438646789
1047289639458017280
1047289639898435584
1047289809746649090
1047291330202886144
1047291518933856256
1047293586721710080
1047295468684890114
1047296233746915328
1047299214215192579
1047303217699323904
1047307901059182593
1047317899273297920
1047321210386894849
1047336567864324098
1047340601929285632
1047349894829101056
1047350202695344128
1047356986969546754
1047357906503569409
1047358075496280066
1047363492783820801
1047367088107446272
1047370289879945216
1047370695213244416
1047375305437007872
1047375520567050240
1047379005823832064
1047395856838795264
1047397442717540352
1047399984046505984
1047404575957929984
1047405911868723201
1047407862631284737
1047410452207087616
1047412943804092417
1047415981981794304
1047421012193828864
1047431239144095744
1047432072888033281
1047433314489884672
1047440985066754048
1047441412042575873
1047442950911905793
1047446419194482688
1047447589816360960
1047452259330797568
1047458020219920385
1047459380017451008
1047467400336171008
1047469833875599361
1047470525939941376
1047476303618691072
1047488980424515584
1047491050342891520
1047492931085631488
1047494258993893376
1047500781136609282
1047502042779062279
1047505520297357312
1047505862955343874
1047506612511035392
1047506912386985987
1047509725905149952
1047510018663182336
1047512880856350720
1047514049834102784
1047517798287720454
1047518153100673025
1047520476740734977
1047526607995457537
1047535109417717760
1047537426758082560
1047538307176062976
1047538800849838082
1047538865437904898
1047539140575813632
1047539398018039809
1047544989104963585
1047545503339167745
1047545556464295943
1047546181977604096
1047547382219644928
1047550643437588480
1047552133669801985
1047558700712386560
1047558796934111232
1047559013175574529
1047559243870752768
1047560348641808384
1047563215452950528
1047563229285834755
1047565690599878658
1047568776680673280
1047569829018959874
1047572252064174080
1047578471856295936
1047579517856960512
1047584600967577602
1047588211382472704
1047588798203416576
1047589155130290177
1047589545196355591
1047589584224354305
1047589647126331400
1047590858026090503
1047594935699079168
1047599083471478784
1047601840802750464
1047608531137056769
1047610697503268864
1047610716805615616
1047615749957677057
1047620034024103936
1047621823305850881
1047622607640522753
1047631390508867584
1047632178199351297
1047632343035465728
1047632429874180096
1047639205344632834
1047648300256698374
1047653896745828352
1047659007488532480
1047662234590220289
1047665397078663168
1047665734355210241
1047665785060167680
1047667266903592961
1047667675839647744
1047669445441638401
1047672592415555585
1047674573808959488
1047678377631596544
1047686090969079809
1047686737718386688
1047692236014669832
1047692896223158272
1047709177538199552
1047710760145543168
1047713122830757888
1047714629261172738
1047719977128620033
1047728135465132032
1047731983327977472
1047732069315616768
1047732880913444865
1047734082166251520
1047737383502864384
1047738045624193024
1047739011442331648
1047740610172604418
1047743797000425472
1047748089887510529
1047749730263027713
1047753918728613888
1047757799722246144
1047758219958005760
1047760677845094400
1047775620061679616
1047776117556486144
1047779647000387585
1047782105680433154
1047782385453027328
1047788265850503169
1047794006594338816
1047798567279251456
1047808240518660096
1047809491545313280
1047811075213807616
1047811084139319296
1047816889072795648
1047818490072240130
1047824416338534400
1047824845218729985
1047826553135157248
1047827866812141569
1047827942326390784
1047832506064674816
1047835526030680064
1047835536512225280
1047837778384285697
1047838591651663872
1047838832379547650
1047839313864675328
1047840723415052288
1047841126701514752
1047841171580641280
1047843057331306496
1047843720870158336
1047844669546217472
1047845332325789697
1047845661134245898
1047846866166173697
1047850098812760064
1047850443068637185
1047853138752000000
1047855275758112768
1047855719519854593
1047859343390113792
1047860665443110914
1047861934102601728
1047864561091710978
1047880372170764288
1047881777883336705
1047882452725841920
1047882694326202369
1047887340381896705
1047887394475855872
1047887626005598209
1047895070446379008
1047895771352387585
1047896437370044417
1047899654858448896
1047903495989481473
1047908979538583553
1047910124642336769
1047912841746034688
1047915256796905473
1047916967926087680
1047918776392380416
1047921894278803463
1047923601591037952
1047923720495362048
1047923730138243073
1047930260682100741
1047934656446910464
1047936165402165250
1047936660749602817
1047937147725144071
1047939417699221504
1047939983800193027
1047940460818444288
1047942060207169536
1047942920341508097
1047945970019962880
1047947248724848641
1047947803367026688
1047948992842100736
1047953479497670656
1047956834949189634
1047957552192020480
1047957714922602497
1047960101066293249
1047964751681245185
1047966592993247233
1047968890226192384
1047974296121958401
1047975592275185665
1047978544679272448
1047986357820383232
1047990358330601472
1047993897501249536
1047999589587079168
1047999959977664513
1048000584463372288
1048000838638219266
1048005496408403968
1048011094554435585
1048013887831007233
1048018604879478784
1048019974743154690
1048020531314941952
1048020992285691904
1048022466151555072
1048029224458698753
1048030136707284992
1048033558416314368
1048034587270631425
1048039809623764992
1048042363749371907
1048042653764505605
1048050603480547328
1048053852975616000
1048059463708471296
1048062660607016960
1048063892444856322
1048066664045064192
1048072107421261824
1048072580119367681
1048089320496812032
1048089891261898752
1048090169654427649
1048092701021765634
1048093575366500353
1048096475899723777
1048097484239769600
1048105506177523714
1048106081275334658
1048107950328434688
1048112212957642753
1048131869127188481
1048145982544855040
1048158875407536128
1048160114820218880
1048163370854178816
1048163406472200198
1048165841739628544
1048167100857155584
1048167158746943488
1048167380248084480
1048167594933538822
1048169070514720768
1048169174084857856
1048173905213644800
1048174650189078528
1048174713053175808
1048174962224160768
1048175170698076160
1048176234356781056
1048180398906396673
1048182828222046209
1048184397747425281
1048190441311461376
1048190992032120832
1048192181108969472
1048192958334418945
1048193140346277889
1048193419682762752
1048193859254202369
1048197858099429376
1048198994739056641
1048200647332519936
1048202016370188288
1048202203809435648
1048203265425457152
1048203806482288641
1048203848421167104
1048204455731183617
1048209175166083074
1048209238512697344
1048209311493750785
1048210544208044032
1048211561054175232
1048211568012537859
1048211721536585730
1048212015163080709
1048213326692581376
1048213342639284224
1048214274202652675
1048215870969970689
1048217650193678337
1048218630385623040
1048224365672849408
1048230516233838592
1048231441463697408
1048231886085132288
1048232831317684226
1048235183214907393
1048237388584157184
1048239991166525440
1048245293794447361
1048246236892078083
1048250368688181249
1048257204141187072
1048259698498195456
1048265249139425280
1048265707668955136
1048266395115503617
1048267552344788996
1048271621247705089
1048274618484764672
1048282441281155073
1048291034575380480
1048291434728771584
1048293729818370048
1048298471076368384
1048306703220035584
1048312003994034176
1048312113066901504
1048321870670520320
1048322638219595776
1048325478132670464
1048328162961186817
1048330074754371584
1048332434809520128
1048334429259780097
1048334955888164865
1048335012691623942
1048336043227971584
1048338070750150656
1048342417311555584
1048343681495916544
1048347257106518016
1048356048816361472
1048358360301625345
1048358566648848384
1048366256473161730
1048371873489309696
1048373821332488192
1048374794406830080
1048384718142623749
1048391979288219649
1048392334138888198
1048395309712334848
1048407560326246400
1048420064771395585
1048421428565921793
1048423400077647872
1048428871157080064
1048435828672741376
1048439069158662144
1048439690335010817
1048442579396833280
1048445185330503681
1048452619092611072
1048453704788205568
1048454053729058816
1048463562669211648
1048463822019858432
1048464451010269184
1048469517297442816
1048476642157481984
1048477290848563200
1048478813963866112
1048479740103991296
1048480078647230464
1048480617967603713
1048483050223362048
1048487898847358976
1048488357720969216
1048489899949797376
1048490027016228864
1048492190031331328
1048494920095420417
1048502212308209664
1048504218049531904
1048505209570439168
1048506378531348482
1048512469898076160
1048520541844512768
1048523365038936067
1048529672424902657
1048530322533568513
1048531494443130880
1048532092567662592
1048534126767300613
1048537352686247936
1048538115139403776
1048552576264953858
1048553350940250112
1048554388615254016
1048555583153065989
1048558651575869447
1048560047754809344
1048561210671747075
1048561277369442304
1048562186270822408
1048562769283502080
1048566672481812480
1048568129150967808
1048570602968236033
1048571282030321665
1048573801557118977
1048576443553214464
1048577687164473344
1048578300652736512
1048590322056482817
1048593562835845120
1048594568399245313
1048594946272321536
1048597320579911681
1048597626021728257
1048598950574477312
1048602235591172096
1048606408919453696
1048607995557552134
1048611562733391872
1048615279662714880
1048616189197471744
1048616858461458433
1048617627898273792
1048619162535415809
1048621735325716482
1048625063052939264
1048625868371841027
1048626744973037568
1048630267353714688
1048631385550815232
1048635217823584256
1048637029410639872
1048637367916158976
1048639566968578048
1048641038766759937
1048642294537244672
1048643877459124224
1048646942669070337
1048651222943780865
1048652789948272640
1048655918886342656
1048655990206464000
1048656303915241478
1048657042557288448
1048657244269813761
1048659435399389186
1048665993185251330
1048672044324458496
1048673243039764481
1048675333048680448
1048678747241635846
1048679224138223617
1048706538246823936
1048709861830270976
1048713877062672391
1048714873197285376
1048718601522487296
1048722007683227652
1048726291325886464
1048728378428284929
1048730374065467392
1048732641535709184
1048733006440087552
1048733329795796993
1048737811417976834
1048743400319594497
1048747962875039746
1048749643566370816
1048750019795243008
1048755073914953729
1048755524815245312
1048757567856492545
1048758326610329603
1048758697781071872
1048774759473975296
1048776599926013952
1048778727285350400
1048781735440392192
1048782963096408064
1048787168301391874
1048791125228576768
1048793193419100161
1048797917056778240
1048800367763324929
1048803370490843136
1048803485410582530
1048807638602076161
1048807831657431041
1048808412463517697
1048816098118782982
1048822558286598144
1048824987602354176
1048828016204423168
1048830829772906496
1048833994341699584
1048834921727447040
1048837963256401920
1048841497125302273
1048845701071998976
1048854621115113472
1048859275089629184
1048859322099425280
1048860592096858112
1048860668416458752
1048864455050887168
1048865665980010502
1048870259149758464
1048871232211505152
1048871742666690560
1048875054501711873
1048875261809348608
1048876025051009024
1048889051871436807
1048889113380900864
1048889141918932992
1048889666617954305
1048893117561229313
1048894985838501888
1048897518363430912
1048901569058656256
1048904081178165248
1048904123545006080
1048905783214268416
1048917421158014976
1048918870294245376
1048921065576194048
1048922074335629312
1048924678142578688
1048925114346229760
1048934147631153152
1048934637404348416
1048935873142771712
1048936357182279680
1048936710770503682
1048938161156628480
1048938946783133696
1048939044036665347
1048945914335911941
1048951087166836736
1048951181542866944
1048953711123419141
1048955871169007621
1048961152267501570
1048962152164278272
1048964584973860864
1048965567141634050
1048965840639483904
1048966505000574977
1048967485209432064
1048967595716763650
1048967723030654980
1048968675976404992
1048968865567428609
1048969073588150272
1048970555867586560
1048971187517362178
1048971492858519552
1048971797776027649
1048974012381089793
1048975845287555073
1048980875956953088
1048985149629710339
1048986988303540224
1048988489428226049
1048991231362174977
1048991501378830337
1048993591396261889
1048996466587525120
1049001917752520709
1049001973620469762
1049003773492961282
1049003830522740736
1049004814527594496
1049004962137755654
1049006253001920513
1049007086171049984
1049007386877448198
1049008439672889345
1049008916133306368
1049011204977451008
1049016621052903425
1049021655471849477
1049025337257070595
1049034094670217216
1049035107871481856
1049035352000745472
1049036457598472192
1049038130148466689
1049038698203897857
1049041564339724288
1049044368609476608
1049049225743327232
1049050987082788864
1049054093803737089
1049054160082128898
1049056523152842753
1049063706309656576
1049069252437843970
1049071440597798912
1049072157018349568
1049072365877964800
1049075037653934080
1049080738132512768
1049086699064635392
1049094461899382787
1049098646137032704
1049100357387931649
1049103906641518592
1049109623456845824
1049112339687985153
1049123171062898688
1049123481881903105
1049124318632972288
1049127167827820549
1049130155438952449
1049132273528918017
1049139161419206657
1049152081125363717
1049152847529443328
1049152904081420289
1049160148483284992
1049171119511670784
1049175901022429184
1049176039728058370
1049178178525310976
1049178558516682753
1049181590176387073
1049182541423546368
1049184076136161280
1049184368713842688
1049185120517742592
1049192072563974144
1049193288094371840
1049196108835119104
1049196746285469696
1049197405214855168
1049197820018905088
1049197957273309185
1049200294356307968
1049205454071648258
1049205920494964736
1049208786878124032
1049210165755609090
1049210225511866368
1049211151836430336
1049212573915262977
1049213375048298496
1049215445734252544
1049215530073251840
1049221547645386752
1049221905822244864
1049221949455577089
1049225019115622401
1049225293960044544
1049225561988640768
1049228344091402243
1049230419852320769
1049230845951823873
1049239794696540160
1049240122502213634
1049240422416039936
1049241762487828480
1049242951560388609
1049245517652353025
1049246176585940992
1049249893980618756
1049250519770775552
1049250712557953025
1049252838407380992
1049254291314290689
1049260756833894405
1049265472271728642
1049266246338924544
1049267206809440257
1049269055662817280
1049269499927527430
1049276274047430656
1049276993806782469
1049277977807282176
1049279452511961089
1049287226230804480
1049288261875716102
1049292242249084931
1049293094888398848
1049293927465897984
1049294849176887297
1049295397578059776
1049295924382638081
1049297548819750912
1049298009387716608
1049298300040609792
1049298604119060482
1049299526861971456
1049300521339645952
1049301241925439488
1049302073643356160
1049305915638370304
1049306473476456448
1049307744346558472
1049308157468712960
1049308405121388544
1049308957750251521
1049309761794138112
1049311194568413184
1049312762000822273
1049313350449057792
1049314206837886976
1049314301717241858
1049315772236009473
1049315980999106560
1049316749106204672
1049316908489687042
1049320951354208257
1049321623285891072
1049321958838620161
1049324594132279297
1049327053122797573
1049327478114795520
1049328009134702592
1049330737529274368
1049332383365943296
1049332854801530885
1049333870674530304
1049334145414041601
1049335283307569153
1049336621718368256
1049337408985202690
1049337649725620229
1049341560842854401
1049342773512429568
1049346709871054848
1049347992036233216
1049350473420087299
1049350486418178049
1049351884350414853
1049352025312387075
1049357121802760192
1049361740134113280
1049362875117182976
1049363392480387073
1049363594088013824
1049364013031804928
1049365147167412225
1049365390432722949
1049366361015816198
1049375279779667968
1049377222136492033
1049381976820633602
1049382978412077056
1049383520337096709
1049388098822520833
1049390622098870272
1049391929463463936
1049400240057589760
1049401899764670468
1049404752721833984
1049408440362328064
1049419199154548737
1049420130319572993
1049422867677495297
1049423373778862080
1049424148018155521
1049424962585600002
1049426716857389056
1049430129376710657
1049435218455670784
1049437860867305472
1049443423370059776
1049448460720754689
1049448889802268672
1049458266177265669
1049461881667239936
1049474970693316610
1049475633103822849
1049480914986827777
1049482432913780738
1049484209197371392
1049484722999574528
1049490195735826432
1049490312345899009
1049492658643599360
1049493070075633666
1049493312955195392
1049494700531638273
1049494804428705797
1049503168730726400
1049503210233352192
1049504417777688576
1049505543516278785
1049508402777468928
1049508935466545152
1049524484187684864
1049526873317724160
1049528554336206848
1049529819728306178
1049530152789536768
1049532409593692161
1049532739387568128
1049532921860825088
1049534042578841600
1049534167564861440
1049535532798267392
1049538215798087680
1049548048593022976
1049548611737018368
1049549174365138944
1049549962898493440
1049550636084338688
1049552222357471232
1049556596601352197
1049557541976494080
1049561290027327488
1049563906610348032
1049564049871069185
1049565572822908929
1049567579373752320
1049567992709693440
1049568031951613954
1049570864763559936
1049574826283814912
1049575063287226373
1049575984771543040
1049584039110340609
1049586676069228544
1049588776572477440
1049589831444164608
1049599011060113408
1049602812378779649
1049604308935806976
1049605136455278592
1049606337250897920
1049608832479973378
1049613295861284864
1049615739219365890
1049618050696261632
1049625177255014400
1049627106609680384
1049629857242595329
1049632621695827968
1049633561698033664
1049633717692461057
1049636045204152321
1049638497534074880
1049641636962000897
1049643205191450624
1049643310048894981
1049645191638994946
1049651430670385152
1049652984207040512
1049653214495330304
1049655013004447744
1049656537680146432
1049660465180237824
1049661553186955264
1049664936832589824
1049666620724051974
1049667045191835648
1049667189073162240
1049669178834137088
1049670576359464960
1049670610765283328
1049673298081210369
1049677895864602624
1049681841467338753
1049687555770384390
1049690058511474688
1049693368241016834
1049695629386149888
1049697773371691010
1049697854896427009
1049700025863950339
1049701655187529728
1049704798222802945
1049705265799593986
1049706896545013760
1049707300045303808
1049713875044769792
1049714829240365057
1049719693773365248
1049720661009002496
1049724872899801088
1049724953854205952
1049731090158510080
1049733524490768384
1049734006420459522
1049742093650923521
1049742222231592962
1049744584031563776
1049755892730740736
1049757948338216960
1049762775600222209
1049768235271409666
1049770058577309696
1049773950572597253
1049777311774474240
1049777632210898944
1049779717631565824
1049784934489968642
1049786345923768320
1049786709112774657
1049786727567634432
1049789555371638784
1049789693766848512
1049791740188725248
1049791845876654080
1049792385251565568
1049796653832495104
1049796934419001345
1049797250245902336
1049799220314693632
1049799767662956544
1049802232647077888
1049802629868609538
1049803776599547904
1049803800498855936
1049805255188381696
1049805392228835328
1049807748593045506
1049814815135473666
1049814961520705541
1049816609878142976
1049817270904532999
1049817706294317056
1049818765339308033
1049824035469701120
1049826139777236993
1049826214016425984
1049826443847458818
1049829774561107968
1049832744526729222
1049833509987135488
1049834381617950721
1049837388489474048
1049842069718601728
1049842947624194048
1049850340076675072
1049860531400658945
1049861772075626497
1049865551399538690
1049866655491350529
1049869177518006272
1049869870828048384
1049873858369601536
1049875866438787072
1049879195185242113
1049883016628236288
1049883362771517441
1049886425326514176
1049887145522016256
1049888359345266688
1049889994272374785
1049890556745273344
1049891539370033157
1049892006716219392
1049892025141813249
1049893475548876801
1049893598865559557
1049900085767745537
1049900918769094656
1049901717335228417
1049902312121126912
1049904291824197634
1049904790103298048
1049908066676826112
1049909436565921793
1049911939705507841
1049912211492261891
1049914325857636352
1049914936128876544
1049916084172808192
1049917122606981120
1049919313283567616
1049919962733674497
1049920007474487296
1049920260365852672
1049926827823771648
1049927153297559552
1049929338118782976
1049929967650394112
1049932305589039104
1049936811521466368
1049941003703078912
1049943615080943616
1049946402636197889
1049949193723420672
1049950919050309633
1049951042362925056
1049954396115804160
1049955479831662592
1049957997378764800
1049964061906087936
1049966382190919680
1049968724315385856
1049970813607309313
1049971453511258112
1049974593384013826
1049975770309976064
1049978130025213952
1049978931540054017
1049979910071230465
1049980608431185921
1049984610225008640
1049985494384291840
1049985610151337984
1049987740031492097
1049988334779478016
1049990332077789187
1049991284214116353
1049991485511192577
1049991753527435264
1049992893115617282
1049998263120777216
1049998963968024582
1050002335773143040
1050004617977724928
1050004965614333954
1050010581590261760
1050013985439932417
1050013994667380736
1050015875103973378
1050015911879544832
1050015943341080576
1050018597098131456
1050020662381821953
1050021227891490816
1050021592254869504
1050021675700379648
1050023150434639872
1050023411295145985
1050023494367494144
1050024074431217664
1050024818429505537
1050027774239535104
1050028116066873344
1050028778355924993
1050029708631580672
1050030902737346560
1050031435858542592
1050033906702057472
1050034013249986560
1050036229952147457
1050037940359839744
1050039881928458240
1050046317244928001
1050046559256174592
1050046672221302785
1050047301236871168
1050047953434423296
1050052859952279552
1050054536814047233
1050054791404097537
1050056558044962818
1050062868798935040
1050063159061606406
1050063216519327744
1050063395188289539
1050064405491265536
1050065014596489223
1050067118488780800
1050071160992555008
1050071362675474432
1050071598827335680
1050076692402843649
1050077674713112576
1050085813319548928
1050086118237069313
1050087393745915906
1050090180433113088
1050093490162536449
1050094275764006912
1050095935445970946
1050095957046689793
1050098651685638146
1050100694290710529
1050101849427247104
1050104316500041728
1050109217967759361
1050110411222278145
1050110990480756736
1050112765912932352
1050113043185713152
1050116715269541888
1050116972397117441
1050117763837116416
1050118892947935233
1050119164738715648
1050119587134607360
1050122646464200704
1050122762222784513
1050127029922861056
1050143013152935936
1050145595594280960
1050147267833982978
1050147288205746176
1050157472575565824
1050157474697932801
1050160849988571136
1050160887586332672
1050162176902615040
1050163790464077824
1050164766067621888
1050173141690015749
1050180700660469761
1050183140067684352
1050183978345553920
1050185071947382784
1050187063407054848
1050191530319728640
1050192276088123394
1050192760098045952
1050194724726833152
1050199768809508864
1050201705713942528
1050202576887500800
1050205961661476864
1050205983505412097
1050208877155897344
1050209304119193600
1050223003974418433
1050227933963415553
1050231556583972864
1050239286702948352
1050241255479828480
1050259639131131905
1050267152371109888
1050269786708566017
1050270533428883456
1050275328353026048
1050280935327981568
1050286043965136896
1050288057230868480
1050288971618680832
1050289605730361344
1050292561049337856
1050296118662164480
1050296200539320320
1050297730554200065
1050300670752874497
1050301720146759680
1050304530351558656
1050305160319328256
1050306401736769536
1050311195251466240
1050313552299347969
1050317064286679040
1050320251169124352
1050320344974798848
1050320696008695808
1050323384511418368
1050326816362323968
1050327056683360256
1050329108528263168
1050330907058540544
1050335285907808256
1050335501461405696
1050336297599074304
1050339235688042496
1050346212912709632
1050347333626540032
1050355705042100224
1050356980949356544
1050357466251321345
1050360593939648512
1050361849680674816
1050362883614396417
1050363308497412101
1050364321388253184
1050364688830267392
1050368772383657984
1050371250802044928
1050375091115020290
1050381474023858176
1050384502906867712
1050385998000082944
1050387688707186691
1050389241421844480
1050390327230693376
1050392341440339968
1050393087204311040
1050393730614616064
1050393734800502784
1050393853386207234
1050396072303087616
1050396927504863232
1050397626678439936
1050397730701496320
1050401278248083456
1050401794990342145
1050403744125345793
1050404456708354049
1050405972924018688
1050412255999913985
1050413251333304321
1050413291573469185
1050414470579802113
1050417961058615298
1050417980805275648
1050418822619062273
1050419771773263872
1050420798123474944
1050422657051590656
1050422718296817664
1050422729202008064
1050422737972355072
1050423215301033984
1050425839689654273
1050430184984334336
1050436244906409985
1050444575213522945
1050447650070388736
1050448719622098944
1050453269024309249
1050457423637438464
1050460112584892422
1050460227512881152
1050460240100110337
1050460257284182016
1050460766896312320
1050460782847119360
1050461031569518592
1050469224701943808
1050471537038503942
1050474993618968576
1050476201339473920
1050476258931470336
1050477361660092418
1050478715162034184
1050479662667886592
1050480046014717952
1050488737459630082
1050490063287664640
1050509866668871681
1050510158605021186
1050515765147918339
1050515957649731584
1050519860445409281
1050520005568356352
1050521916920934400
1050522317904912384
1050529899541405697
1050534981359951872
1050536459000791040
1050537211882483712
1050537332703731713
1050539122396463104
1050543000860942337
1050543905362636801
1050548290272587776
1050548998702944256
1050549628695994369
1050552657822326784
1050561133227196417
1050561361632157696
1050569445452734464
1050570403092029443
1050574279664910336
1050576799732772864
1050577371072524288
1050578236344651776
1050581834915082242
1050583786272960512
1050594058538602496
1050594920451338241
1050596831812509697
1050598710013394945
1050598755743883265
1050602736973041664
1050604628587372546
1050605399504637953
1050606461913460736
1050606927070154752
1050607006329892875
1050613988621316099
1050615504434475011
1050616395711401985
1050616493036036097
1050618744093913093
1050623668223524864
1050627016540618752
1050627798367318017
1050631550587424768
1050639246703255552
1050639530242408449
1050645935347314688
1050648227144323072
1050649274436861952
1050649595317907457
1050653704901160961
1050657313252507648
1050659704404303873
1050661182925762560
1050661256313561088
1050669373432586240
1050671972743430145
1050673754500526082
1050677518489931777
1050680789170454530
1050682139354775552
1050685248982446080
1050688246055927808
1050693484083118080
1050701049781215232
1050703699297873920
1050708600354680832
1050711729724903425
1050715382133084166
1050719349122719744
1050719519394725890
1050719742590406656
1050719914493804544
1050719947230461953
1050720559145934853
1050721354394296320
1050721416889475072
1050723279609233408
1050723878123769857
1050732767082889216
1050740154955157504
1050740170063052806
1050745159552561153
1050745434728222721
1050746163702329345
1050747378796498944
1050748439531855873
1050750405301297154
1050750463723823104
1050754295199649792
1050757098257166336
1050757856171974658
1050760738061602816
1050761829025284096
1050762274850394112
1050762723255078912
1050763047571259393
1050763112146759680
1050763359090614273
1050763648086536192
1050766347519631360
1050769731521847297
1050770074582298624
1050772928420286472
1050778848436998144
1050779436210114561
1050779827198808065
1050780125841756162
1050782615161188354
1050783659530313728
1050786959617155074
1050790990963986433
1050791375371980802
1050791585099730950
1050791785994379264
1050793531642654720
1050794886415437826
1050796930299830272
1050799777401704449
1050804479199727616
1050804513605672961
1050820466628284416
1050821532396781569
1050827183386742784
1050827379285856257
1050831958610079744
1050832107075973120
1050832131822211072
1050832421682335744
1050834400953425920
1050835475559141376
1050837523612745728
1050837735269945344
1050838554576936960
1050838557114294273
1050838988452433920
1050839775530426373
1050839798611492864
1050839949560430592
1050842284558708736
1050843793677639680
1050844466045702144
1050844908116996096
1050845887898050561
1050846554779570176
1050846576606892034
1050848453117571072
1050849321351073798
1050849591485243392
1050855179128573952
1050855638824312832
1050856990229057537
1050858938407632897
1050859492978647040
1050863196096159744
1050865087764934659
1050865466611302401
1050868731335856129
1050872176130187264
1050874514928734209
1050886240868999168
1050889802252541952
1050896461024649216
1050899016299540480
1050901058535473154
1050902966083960832
1050907331087802369
1050910529269706753
1050913453953699840
1050913711471382528
1050914304143347713
1050918242582069248
1050922645330567169
1050924541596327937
1050928218323263488
1050928615947423744
1050931151374823424
1050938035909681152
1050938684370014211
1050944376887754753
1050946010149789696
1050947711342534656
1050954299352657920
1050955474156294144
1050963412295999489
1050969827085623296
1050973635509477376
1050974693295976450
1050981414689075200
1050982824357101568
1050987138920173568
1050989744988057601
1050995961198202881
1051005440060928000
1051008464150044672
1051008899514552321
1051027014587682816
1051027649739534336
1051027987808833537
1051028305749712896
1051029253217767425
1051034444931391489
1051036239686713344
1051038105715822593
1051051202023215104
1051052857942786048
1051053211082285057
1051063733756129281
1051065291533299713
1051065636728840192
1051066918059368448
1051070993278619648
1051073568161890304
1051076282698649600
1051078250024370176
1051084909127786497
1051092548607983616
1051092617851805696
1051092927169122305
1051092986111635456
1051093058639388681
1051093538899804161
1051094010763374592
1051094507364737026
1051094772021112833
1051096585151635458
1051096698062327808
1051097895959703553
1051098699571576832
1051098840940535808
1051099308148314113
1051110667590295554
1051113494559563776
1051117792026615809
1051126351351169024
1051137084159873025
1051140855266971648
1051144300027883521
1051145557517975553
1051150293268922368
1051153125720100864
1051153454884941824
1051155084439113730
1051155268158021636
1051155546240413701
1051157592221847552
1051160170758373376
1051160241738539009
1051160243433017344
1051160872599650304
1051163332105969664
1051165200701935616
1051176855825469440
1051177462380531712
1051177799548067842
1051180896169152512
1051183573842190336
1051183971852328961
1051190195360604160
1051191733030137857
1051194279794626560
1051202205347442688
1051204174589952012
1051204522276782080
1051206543931256832
1051208964057247745
1051209482456522752
1051213626852470784
1051213955278999552
1051219467865190400
1051219715320963077
1051222232301793282
1051228785511518208
1051229793772032001
1051231694257250305
1051231858422374401
1051234462896443392
1051237082683850754
1051238409950416897
1051238567882747904
1051242368316448768
1051242437719527425
1051244577875775489
1051247183398285312
1051250000284532736
1051256204918444032
1051256617621225477
1051264235739602944
1051264586916089856
1051265280150769664
1051265994432294912
1051266148346580992
1051266801831538688
1051267659130650624
1051270378301976576
1051280932764770304
1051281227293057024
1051283644193468416
1051284872126447616
1051291536888123392
1051294035615379456
1051294442303483904
1051295283995394048
1051296261759008768
1051300443899326465
1051301980721881088
1051308652160798720
1051312212025991168
1051316123050827777
1051317420625784833
1051318324670464000
1051329668996042752
1051337079064387584
1051345622417195008
1051346111934287872
1051349214876364801
1051358975021568000
1051370919015387136
1051385735939538944
1051399729370681345
1051401858047254528
1051404632545775617
1051404985278320641
1051407497658068992
1051410968029347840
1051418277447196673
1051422016224616454
1051422832889131008
1051424274802765824
1051431959690383360
1051432364428206080
1051436120444194818
1051437964662857728
1051439914607398912
1051444618938658816
1051444948581711872
1051446052111441920
1051448726819143681
1051449332916981760
1051451672034197509
1051453752001974272
1051456121364459521
1051458789394841600
1051464539441692672
1051465082524327936
1051465465019727872
1051467685517774849
1051476504448823297
1051479514373476352
1051479514541432833
1051479779780702210
1051482775763804161
1051483205692473344
1051490580100837380
1051492504460234752
1051494467826577408
1051499251824582656
1051499875093876737
1051501054733430784
1051502325842378752
1051503399278170112
1051505395242426368
1051506096026791936
1051507109853048833
1051510552109957123
1051530812720603136
1051533103636930560
1051533755532365826
1051533953805381632
1051534056565956608
1051536587862016002
1051543342335631360
1051543613304266752
1051544563595268099
1051545563236392960
1051546111872290816
1051546655433117697
1051546869325844482
1051550618232516608
1051557045583921152
1051583656727388160
1051586865378148352
1051593565787316224
1051593653855105026
1051595124805918720
1051606132760829952
1051607937158959104
1051617327245131781
1051621172679458816
1051624487869980672
1051638850378842112
1051639595811655681
1051644308221243393
1051649310205599744
1051652303646646272
1051653826619543553
1051662172433080320
1051663213027307520
1051663751592730624
1051665753949306880
1051673414442733569
1051685101879332864
1051690027632214016
1051691934383857664
1051703431822364672
1051707675614965760
1051714587937136640
1051717577091809280
1051721061723774976
1051722401380093952
1051724152518803458
1051724444027248640
1051730862570639360
1051733109455118336
1051733273880215553
1051733789330657280
1051743647627018240
1051744501600047104
1051751730222788608
1051751734974996480
1051753164498702337
1051755729756000256
1051759589769838593
1051770163622805504
1051778878006587392
1051782146745077760
1051785542034227200
1051786855266566144
1051787479362260992
1051788379904503810
1051791130495467520
1051793363970732037
1051797446697910273
1051810219641249792
1051810490165420032
1051811870519234560
1051814124513038337
1051814717704957953
1051816459481956352
1051816730014744577
1051820456246988808
1051820518855315458
1051823156132888581
1051824026426007554
1051824954197585922
1051829580523286529
1051835463902945280
1051837631489822722
1051839053350363137
1051844706018185216
1051849735001268224
1051850524964851712
1051855823872364545
1051856466012004352
1051859918339244032
1051861864219475969
1051863289985150976
1051866609957134336
1051872882849185793
1051872971428646914
1051873710079139840
1051878270545752069
1051879228491345921
1051884190483042304
1051889717216796673
1051890329152970752
1051894683591499776
1051895758662889472
1051897957346369537
1051899235749249024
1051903312390496257
1051906787585249285
1051908848678825984
1051909584254902272
1051910880819077120
1051912163034460160
1051915121684033544
1051915490367602700
1051918244578320384
1051920856962748416
1051922096824172545
1051925473209589763
1051925714822471680
1051933640387645445
1051934144932982785
1051937937133322245
1051942874156343298
1051947843987132416
1051948276818345984
1051950070311063553
1051950156281569281
1051952040803540992
1051953164021321734
1051959735673610245
1051963463541641217
1051964624134963200
1051964936195174400
1051967393608728576
1051967738816675841
1051973248878084096
1051976345520037888
1051976960417681415
1051978889361272832
1051984740436373507
1051987347666030594
1051997338846326784
1051998323689906177
1052000292936605703
1052003616373043201
1052003702012334080
1052004224240889856
1052006139347357697
1052006354947321857
1052016646083280902
1052019423547146241
1052024991624192000
1052025289289723905
1052029049038618624
1052034639236345861
1052040814908596226
1052043089462878208
1052045095124512769
1052045451715796992
1052057006172004352
1052057220530069504
1052062864373104640
1052063969148579840
1052065465655328768
1052068336266342402
1052071576374562816
1052076199298641920
1052082088114089984
1052092137251229696
1052092968553893888
1052103114160001024
1052106895807397888
1052111922630287360
1052117998339796992
1052118136923787266
1052118509352837120
1052119302206365696
1052120021814644738
1052122276257251328
1052122565651693568
1052124425825505280
1052133034667978752
1052138266206642176
1052139194825490432
1052142415224721408
1052146505929420802
1052153468474052608
1052154830788149248
1052159796848148481
1052162024824852481
1052162026938802176
1052166060198252545
1052166531625480192
1052166730880049152
1052170721743515648
1052173120474374144
1052175226002276352
1052176257356623873
1052177275758792704
1052182514423537664
1052185406995918849
1052185541456867330
1052187605465362438
1052187842179416066
1052188441415491584
1052192998082015233
1052194964820516865
1052196285997047808
1052198742911315968
1052199678773796864
1052201447952138240
1052202598017720321
1052204005613555714
1052205161656082432
1052207392518270976
1052207478316912640
1052207587578523648
1052207589654781957
1052209690166394880
1052213097220464640
1052217259941421056
1052218383721267201
1052220469124960256
1052221482049261568
1052222013031542784
1052223419918548992
1052223905107247105
1052224064872431617
1052229480989765633
1052239001212645378
1052244039419002880
1052246363898040320
1052250016323170305
1052252886485360642
1052254116674715648
1052256888241483777
1052258671269433344
1052259333013004295
1052265112868777984
1052269656990502917
1052275456601481217
1052276441268797445
1052279293370347525
1052282188522229761
1052286782736424961
1052289462460444672
1052293248696356864
1052296784041713669
1052299965874262017
1052304259138621440
1052305048942854144
1052322316896616448
1052325339903463427
1052325662885859328
1052325835913465856
1052330863206301696
1052331799790178304
1052333729572642817
1052334260982558720
1052337626924109824
1052341163577892864
1052341280301297664
1052344474146402305
1052345997085614081
1052349391934185472
1052356304998715392
1052359587033157632
1052367141423464453
1052376999958728709
1052379744044347393
1052387940964474881
1052389686235156480
1052395064947814400
1052398339461926912
1052415347989651457
1052416659988901888
1052416942068441088
1052418071598694400
1052422644199514115
1052425159536201735
1052435468246224896
1052437162376028160
1052437263890731009
1052437739931619329
1052444031391854592
1052445878986960896
1052449037696344065
1052450254480658432
1052453938346250240
1052456468744757250
1052459754591842304
1052460824114028544
1052461459966443520
1052472857593167872
1052474849044717568
1052482395419619328
1052485308774723589
1052487687796609025
1052488024188231681
1052488141821620224
1052489347918905344
1052490136422760448
1052490588581519360
1052490700154003458
1052491004257951745
1052491946718109696
1052502262990352384
1052509751089799168
1052511653017919488
1052512993295118337
1052514494868541440
1052517070016012288
1052517922843680768
1052518187936432128
1052519899627773955
1052520542186758144
1052520973780410368
1052522394009722880
1052522504722534401
1052530296464191488
1052540415662936065
1052542358036901889
1052542576161636353
1052545526011494401
1052549299937140736
1052551063331594240
1052554845750624256
1052562074612748290
1052563445734883328
1052569403332677632
1052571991373279233
1052573897961480192
1052575653248331777
1052583704214822912
1052583712188182528
1052589047359709185
1052594783070367744
1052598007236124672
1052599889643937792
1052602813497274368
1052608307997958144
1052611854285979649
1052612467522723841
1052612600457043968
1052621190408286209
1052628262831185920
1052628974201909248
1052629002698022913
1052633738071412746
1052634745543122944
1052635113794797574
1052635682961801216
1052638605590446080
1052642351078932480
1052646721984090113
1052647558739197952
1052648348929413120
1052650287108902912
1052651782395088896
1052654169775988736
1052654570365734912
1052658054964101128
1052661106349608960
1052665711133245446
1052666005288304656
1052666045448773632
1052666257026273281
1052667368747352064
1052667866733076480
1052667936761151488
1052670398817427456
1052671549294166020
1052673041627529216
1052676737857966081
1052677561858306049
1052678413289316353
1052683201502740480
1052686884529459200
1052692194845437952
1052693244344233985
1052695789875675136
1052697774565875718
1052699655744540673
1052701751218966534
1052704816873451520
1052704860527841280
1052705453975764992
1052708751537508352
1052711651114401792
1052712623723016192
1052712649719513088
1052714440255143936
1052716939339071488
1052717081681174528
1052717234236379136
1052717398107795457
1052717421239459842
1052718391897788416
1052718487897067525
1052718570805723136
1052719182360576000
1052719513257562112
1052719667293380608
1052719775401594881
1052720217074360321
1052721307174006784
1052721333614841856
1052721360437428224
1052721544596779012
1052722206852100096
1052724941534220288
1052729099343429632
1052729773380784133
1052732777341186049
1052733948391038976
1052734801927700480
1052735235224420353
1052736037150175233
1052736488465715200
1052738526058405888
1052745424841379841
1052748928138047489
1052753571014434816
1052753729160716288
1052757600079634433
1052763804294176768
1052764714738966529
1052765730742120448
1052766229453307904
1052767459210604544
1052767691998711809
1052768860108087296
1052769629339340801
1052770589398585344
1052771044090499077
1052771284818546688
1052771981102178306
1052776924064489472
1052778736444207104
1052780913262817280
1052783208381714437
1052785930069655552
1052794076276449280
1052795975432065026
1052798255040364544
1052800946122690561
1052805365245464576
1052810146739412993
1052810848425652224
1052811454091616257
1052815807363846144
1052816830761508864
1052818337368068096
1052818394116808704
1052818630537166848
1052819001758310400
1052819680375791617
1052819989508628480
1052820820874080256
1052823238395420672
1052825436667830272
1052830000888590336
1052830758895665153
1052835360135241728
1052835480331476992
1052836934509387777
1052837469673189377
1052853101026336769
1052856464853819392
1052856480787881984
1052858437422313472
1052868726494773248
1052874625342828549
1052876992184573953
1052878245861965824
1052879751189168128
1052881198563909637
1052882024506122241
1052884041152778241
1052884481537802241
1052884990839726080
1052885418885206017
1052886012882386944
1052886561912705026
1052887920858685440
1052891395894185984
1052892672162185216
1052898824790904832
1052900504802652160
1052900755429044225
1052901796501315585
1052904909903777793
1052905736173441025
1052906288584282112
1052907269216710656
1052910975702237185
1052913227108143104
1052914619705151488
1052914632317431808
1052916526465060865
1052917049494781952
1052917251261825024
1052917252071325696
1052920045037334528
1052921871249870848
1052924936006901761
1052925368460554240
1052926870860238848
1052928699983699968
1052934316995567616
1052934421853196289
1052936284954644480
1052940979232235520
1052943783556395014
1052945248618450944
1052945823250571265
1052947312652312576
1052949348550696960
1052950848001720320
1052950973428236289
1052951138243350528
1052951751068975104
1052952804229181440
1052953820538568709
1052955935704899586
1052956754718457859
1052957300527427584
1052959502117400576
1052959753369018368
1052963239687012352
1052966037673713666
1052970487419088896
1052970549486477312
1052971277198082053
1052977363141750786
1052977680251936768
1052982658882519041
1052987546089574401
1052987572308373504
1052988633395982336
1052989601571373057
1052990024499818498
1052990722427772929
1052992367840641026
1052993479637458944
1052997349444710400
1052999066580381697
1053005821095936000
1053008034228830209
1053008458881163265
1053010747272380416
1053012556732948481
1053025751140851714
1053029861575614464
1053030629959438336
1053034073067806724
1053042042232823812
1053043645656510465
1053046128491536386
1053047310316298240
1053048599200911361
1053055511845916672
1053056436694073344
1053056572983795712
1053057072944816128
1053059873527816192
1053059983380754435
1053060327863189504
1053061213993738241
1053061784821731328
1053061867294375938
1053062299911684097
1053062819409731584
1053063326673129473
1053066142716252160
1053076008557932544
1053076542480359424
1053079243624718336
1053079868169052160
1053086273710276608
1053086277040508928
1053088394358734848
1053091716402679814
1053092452742115330
1053092888559738880
1053094318632849410
1053094915662594048
1053095810697777152
1053096945680613379
1053097445243211777
1053098883461603328
1053102124807131137
1053102248958451712
1053103151023316992
1053107959079809024
1053110396448583680
1053112093011034113
1053113496819380224
1053114508917567488
1053116546933870592
1053116887511564288
1053117705824407552
1053118056896102401
1053126125453541376
1053132559960469510
1053136640158433282
1053137287930888192
1053138901722779648
1053139212956925952
1053140170931789825
1053141432167555077
1053144551743905792
1053148461816668160
1053149747790340096
1053151263188287488
1053153418225827840
1053159696272683008
1053162516933722112
1053166168498827264
1053166953588617216
1053167037969764352
1053170903444611073
1053171431482277888
1053171793035292672
1053173443523309568
1053175695835189248
1053176851798114305
1053177097164742656
1053177556856270848
1053178735019601920
1053179533208309761
1053181507492175873
1053182236437213184
1053183461190553600
1053184236835037184
1053185870403133446
1053188248233828352
1053188949001281536
1053190167031365632
1053196839762059264
1053203250374238209
1053204623522127872
1053204783757230080
1053206283640360960
1053213281853362176
1053214106449260544
1053216945145892864
1053217526384078848
1053220439835770880
1053223382572036096
1053224628267544576
1053225563169714176
1053226455751159808
1053226688522448901
1053232284956934144
1053233229946187776
1053242473361956864
1053244199322181636
1053245407273406466
1053246949082587136
1053249768925859840
1053251561994907649
1053252478559412224
1053254686768226304
1053255725261250560
1053262325858353152
1053270767285223424
1053272788549611520
1053273753218469888
1053274116491542529
1053274661784576000
1053274702402093056
1053279020844908545
1053280795870351360
1053280902812483585
1053283479503302656
1053285319859159047
1053285641763598336
1053286851606441989
1053286927942569985
1053288542330327046
1053289440330825729
1053291587416064000
1053291977909903361
1053292193279033344
1053292373013348352
1053296905785106433
1053299667293925376
1053299772587757568
1053300967947538432
1053301716651855872
1053301871828484099
1053303838097240067
1053307284632285184
1053309849822552064
1053310573360939008
1053314769749458949
1053315293622267904
1053316527569756161
1053318225411358720
1053318544610549760
1053321658478542848
1053326948334735360
1053328393675071489
1053330833086439424
1053332177767841792
1053336093154856963
1053337419838341121
1053338915485159424
1053339141172162560
1053340842373595136
1053343444947648512
1053350734656348160
1053351121358651392
1053353180317261825
1053355030043082752
1053356741835005954
1053358887108272130
1053359624852779009
1053362786544291841
1053367216148832256
1053369654729719808
1053374023084752897
1053379282318299136
1053384077691314177
1053384729901309953
1053389464972808193
1053390807036846085
1053408315705868289
1053411690467930112
1053419347992043521
1053424452044840960
1053424574598184960
1053424674355310592
1053426666217857024
1053427907744489472
1053433048673542151
1053434306998099968
1053435868508315649
1053444725624266752
1053446891583741952
1053447660378746880
1053456030112342016
1053458567242678272
1053458646527549440
1053460409410355200
1053461273017495552
1053461785318109184
1053468185654104064
1053469818064527360
1053471625885220870
1053477371154579456
1053477457226018816
1053481220280143878
1053484841017266176
1053485228348620801
1053487734436831232
1053489250069561344
1053493318997413890
1053495365972967424
1053496966540337152
1053498067956256768
1053500063819939841
1053505098041573377
1053505799824293888
1053505877746114560
1053509804881334272
1053510421431361537
1053510719231217664
1053511413396725761
1053512745096749057
1053514536886517762
1053514863941693441
1053516095892656129
1053518590723395585
1053518746722152448
1053519297841061888
1053519627110670336
1053520921871319040
1053521295013482496
1053522804287561728
1053524625857110016
1053524658161573888
1053525858567229440
1053539007974592513
1053543890983227393
1053544003562553344
1053544165844414464
1053544306429042688
1053544329040613377
1053544453602983936
1053544722395029504
1053546915239989248
1053548505728475137
1053557856912465921
1053561343389908992
1053562575521267712
1053566244685787136
1053572823929757696
1053573039030484992
1053579220587347968
1053582116548759552
1053584370387374080
1053591593792520193
1053593666625753088
1053601432367255552
1053614044236660736
1053618456287997957
1053618845028622336
1053619387926749184
1053623704972877825
1053627037749932034
1053628137534316544
1053629907086032896
1053630954260942850
1053634224304152576
1053635155615637505
1053635626011123712
1053640968182919168
1053642789496459264
1053649517680214016
1053650930401505280
1053651924871012354
1053652649466322944
1053652980489162752
1053654507505225728
1053654756252622848
1053654829665533952
1053655601778176000
1053662688109359104
1053662812537569280
1053665028077969408
1053665303245348864
1053666715463110656
1053667864291536896
1053668690988843008
1053669636368203777
1053669717334908928
1053669771189743617
1053669938769076225
1053670355263459328
1053672715830222848
1053672821937881091
1053674574699732993
1053675305380995072
1053677201609146368
1053677431511547904
1053677457914712066
1053679163721347074
1053680345520967680
1053681880715943936
1053682656318124032
1053685269789065216
1053685302101979137
1053686931924623361
1053688189662253057
1053689392793960448
1053690667367612416
1053691078510108673
1053691092321873921
1053691160718462976
1053691279404601344
1053692228969922565
1053692500769206272
1053695068828286980
1053696900606672904
1053698394126860288
1053698494462980096
1053699256962502656
1053699573066223616
1053701623577563138
1053702780186058752
1053702885446283264
1053702901841842176
1053702953121525766
1053703838811574277
1053703872307515392
1053706299207245824
1053706526937047040
1053706770214985730
1053707751296253953
1053707759294865409
1053707768056565760
1053708254193180672
1053710337399250944
1053711788301271040
1053712019407421440
1053714855188946945
1053715882352857088
1053717230993727490
1053719188295049217
1053720703164469248
1053721066927865856
1053721316900118529
1053722801377554432
1053724192603062277
1053725105438760960
1053727499744698369
1053728053380165635
1053729021006176256
1053729538163695616
1053729652152393729
1053730457542688769
1053731177297862656
1053732183444283392
1053732590794899457
1053732618057830400
1053734064669245441
1053736938950311936
1053740106572533766
1053740149442519045
1053740456788418560
1053741166045347841
1053741929828175872
1053742246930120705
1053742448671969280
1053742588761686016
1053743241575702528
1053747673910657025
1053750302476849152
1053750389323968513
1053753338326593538
1053753576147877889
1053762413529612288
1053763504883286016
1053763678984683525
1053768048165994496
1053769062348718080
1053770793342119936
1053774192813002752
1053775000749199362
1053775380643889152
1053775654561464326
1053775816843177984
1053779163910496257
1053781596799713280
1053782026954989569
1053783201762619392
1053785736393019392
1053788325524504576
1053793268541079552
1053793625035825159
1053800320835506177
1053803437601800193
1053804608085061635
1053804610773602305
1053805212211781632
1053812475911659521
1053812559805992960
1053813099810246656
1053814794929823745
1053821705494228993
1053833544731111425
1053833923959103488
1053836281522704384
1053837294052900864
1053838359800483840
1053841035372056576
1053841775209668609
1053843295263088641
1053849692835078144
1053851254357704704
1053852674968485888
1053853131740594176
1053862461105889280
1053866695096500224
1053871418453057536
1053872939735511041
1053873883470684160
1053876695764164609
1053878063082233856
1053879012689231873
1053879360791310336
1053885961371897858
1053893119522103296
1053894578061885441
1053895774336176129
1053895970839298048
1053896512164442113
1053903970064691200
1053909371476951040
1053912687065866240
1053914732560711680
1053918275971690496
1053920653697519616
1053926183929348096
1053927635586232320
1053936351748468736
1053937780752048128
1053938403610218496
1053939278881980422
1053940073375375361
1053943893119717376
1053949850298015750
1053950159820935170
1053956590330626048
1053957702857224192
1053960473627058177
1053960640975511552
1053961817100349440
1053962846743097345
1053963682252636160
1053969118498570240
1053970402165182464
1053976013527429120
1053988301575778305
1053993280613036032
1053996708642852864
1054003819019988992
1054006270389305344
1054009786033938437
1054012732108763136
1054019029856337920
1054035859949924358
1054038110609203200
1054041974800412672
1054042475608731649
1054042905533267968
1054046224498647040
1054047860256358400
1054052371658027008
1054053386662883328
1054053996929835015
1054057406479638530
1054070684115238912
1054071023300214784
1054075374064320513
1054076383612280834
1054077834434674688
1054080614830403584
1054084017270607872
1054084028171730945
1054097719852261376
1054097799757881344
1054099331890835462
1054101719817375744
1054102370676867072
1054102535533932544
1054105250095861760
1054111117495230465
1054113373208657920
1054119183993262081
1054122182048182272
1054123490251624455
1054124295985729537
1054137797441925121
1054140530467266560
1054146207461847042
1054154245988122624
1054157040501882880
1054161805646323712
1054166365723070464
1054166900492693504
1054168140727361541
1054170173710708737
1054176019307995136
1054178915890151424
1054181217715843073
1054186343192944640
1054189610534727681
1054189769498849280
1054194734711926785
1054196997144674306
1054202414927175680
1054202561677484032
1054206171752660992
1054208736577904640
1054214985650446336
1054217330698473472
1054217487544451072
1054221569474605056
1054232545523572736
1054233495558545408
1054235199477706752
1054235901449113601
1054238090825551872
1054246747449507840
1054255148229369856
1054259792586383362
1054261440096288768
1054261743294259201
1054262300360740864
1054267046605807616
1054267295743131648
1054267856102309889
1054267941250842625
1054267958460141568
1054273115721789440
1054273397197291520
1054276887692955648
1054278833850015744
1054282326186885121
1054285361046867968
1054286564405080064
1054295471844442112
1054295554476441610
1054297231761633280
1054299032607166465
1054303435154173952
1054304934622060544
1054305448806006784
1054306570790727680
1054306772968706048
1054306859413393408
1054314192289886208
1054315158619734017
1054315360814555136
1054315704336429056
1054316434128601088
1054317706697039873
1054321212271276032
1054328907577597953
1054334073278214145
1054334420541497346
1054336340710645760
1054337078065012737
1054337333942804480
1054338600165404672
1054338600190521344
1054340072567398401
1054340522033270784
1054341749701832704
1054342260983324673
1054343556582858753
1054346308482326528
1054346590499074048
1054346754760548352
1054348305390538752
1054348872024244224
1054352655290654720
1054353057104900096
1054355899920408578
1054355958321823745
1054356731730583553
1054356775787487234
1054357120974503939
1054358089426710529
1054366762462928909
1054367057708568576
1054367226294353920
1054367320691351552
1054367356334424064
1054368026177474562
1054368298781921280
1054368394433056768
1054368762252541952
1054369090335322112
1054369293675032578
1054369707648634880
1054369872602312705
1054372111823843329
1054373977878159360
1054375509218508801
1054375513010196481
1054377327864565760
1054378633136168960
1054378908697681920
1054380783463526400
1054381211810811909
1054381288566583296
1054381593492623360
1054381827920666627
1054381973467160576
1054382858473799682
1054382912366354439
1054384471590559745
1054386830903332865
1054387131622277120
1054392080905072640
1054392213042536448
1054392651758235649
1054393029266755584
1054393542615949312
1054394532048052225
1054395133112864774
1054395994203406337
1054397972656484352
1054398679392542720
1054400916055572480
1054402567940329472
1054403574573105152
1054403659696607232
1054407580364234754
1054408138038763520
1054408492801503234
1054408599760449537
1054418480286613505
1054419208816259072
1054420306071302144
1054421019950108676
1054422797894774784
1054423962644594693
1054424634572136448
1054425699925327872
1054428322644533248
1054432367224545280
1054432853092720641
1054433301681922049
1054433746701729793
1054435173603860481
1054435994039140353
1054436005745487874
1054437078661058560
1054441768299716608
1054442292201775104
1054442674302869505
1054444125121056768
1054445840587153409
1054447074526269442
1054447592631865345
1054450086040821761
1054450148107898880
1054452928537227264
1054459875135234054
1054461455947329536
1054462732702048256
1054463590030364677
1054464280836358144
1054466845661638657
1054468972136009729
1054470727871746048
1054472631678877696
1054473365027741696
1054475047191150592
1054475415853637632
1054476671653314560
1054486233718669312
1054491578201444352
1054495387451641857
1054496232733839360
1054496356767854592
1054498822175551488
1054499369112780801
1054502883935338498
1054506124030984194
1054514540761792514
1054516625259540483
1054525179198611457
1054526294468292609
1054527090949795840
1054528129040072704
1054532639573598208
1054533832043458560
1054539566080761856
1054549440281882624
1054550286704947201
1054552341511368705
1054553067113381889
1054553273464696832
1054555176437276672
1054556790355042304
1054556935947640833
1054558794838106112
1054559947139178496
1054560097601372160
1054564615714045952
1054566559350427648
1054569266354249729
1054570725544263681
1054574337267773441
1054576819888783360
1054577029864153089
1054578027009576960
1054580095615201280
1054580190406475776
1054581504070836224
1054589006850285568
1054593010716020737
1054594025339150336
1054602457966432256
1054603509486673920
1054606666954665984
1054607322490781696
1054607848909398016
1054611285307019264
1054612202605268992
1054613778434809856
1054615324434358272
1054615741322805250
1054616200175509504
1054616243813187584
1054625920500355072
1054629218464751616
1054630887814557696
1054631630621605888
1054638807197405184
1054642659955040257
1054652337489350656
1054657101773983744
1054658004002504706
1054660313772109824
1054660705129885697
1054661186204196864
1054662749819678720
1054667171874267136
1054668753567395840
1054670064715227137
1054673279695446016
1054674587823280128
1054676114164080641
1054680425065414656
1054685295881449472
1054686379299475457
1054686483322413056
1054687548658933760
1054687849381978113
1054688060766441472
1054693326169862144
1054693593900699649
1054695819402797062
1054696498888241152
1054700845856628737
1054704136837611520
1054704907222044673
1054708081056272384
1054708975424409600
1054709460525039617
1054710277189632000
1054715943597817857
1054721403830837249
1054727143710773249
1054731569548705793
1054732877349437440
1054733990110863362
1054736935317659648
1054741619528863744
1054748131181715456
1054755453610143744
1054757628772003845
1054759422654705664
1054770661720186880
1054773775172947968
1054778778134683650
1054779484866572289
1054782047175303168
1054782463673720832
1054782493453438978
1054784948798922753
1054787881624104960
1054788663282974720
1054789121271459841
1054790270099673088
1054790985648144384
1054792816881295360
1054792827375370243
1054792838691602432
1054792848355274752
1054792897848111104
1054792963681869825
1054793340347207682
1054794270195023872
1054797465029931008
1054798674662973440
1054798685144563712
1054801731438166016
1054801786802987009
1054802566947790848
1054802912554160128
1054802974244065281
1054803598763278336
1054803616387731458
1054803969543938054
1054804257268948992
1054804354153308162
1054804932963061761
1054805026936369152
1054805112072400896
1054806487778975744
1054806700430110720
1054807581691183104
1054807998596444160
1054808110160855043
1054808226762579968
1054808271196954625
1054808392445902848
1054809868845137920
1054817051573800960
1054817111967744001
1054817593046061056
1054817638344544256
1054817942037258240
1054821037823660035
1054822201776631810
1054823426899218432
1054823531752636417
1054823663873204224
1054824719176908800
1054825035762941953
1054828855133986816
1054828985195159560
1054829713753956352
1054830078234783744
1054830397853483013
1054830701500018688
1054837745091194880
1054838243701768192
1054838268464951298
1054838330943107072
1054840304233115648
1054841306374057984
1054844067090235392
1054844581731360769
1054846802204053504
1054848673694146560
1054853749628395521
1054854007582347264
1054855314963542016
1054857151619969024
1054858820566974464
1054861183621193728
1054861661369233408
1054865966801272832
1054867685211656192
1054870360737239045
1054878657087528960
1054883591249911808
1054883855071657984
1054885299120033792
1054886102383845376
1054890170460311552
1054890833990901761
1054892165308940288
1054892447980027904
1054893459138441216
1054897150633672709
1054898731013697536
1054915388281098240
1054919161900687361
1054921410479562752
1054930280992002049
1054930293591760896
1054930350206582784
1054930364907409408
1054930380409626624
1054930510017753090
1054930702532194304
1054931420169199617
1054936662214692864
1054936890800070657
1054938862089170944
1054939982417350656
1054942792613531648
1054943613849911296
1054945951754928128
1054952345983954945
1054959394507644928
1054960983322607617
1054962585706131458
1054962966376955904
1054967636726083585
1054968963053043712
1054981135254609920
1054989358191783938
1055002665963393025
1055003031635480577
1055004714029514752
1055004829733584897
1055005563736743936
1055006036833304577
1055015865777901574
1055020612937228288
1055021148084289537
1055024818091909120
1055043770918547456
1055044553990799361
1055045048050638848
1055051711553945600
1055052224085127168
1055054565354151936
1055056641966723072
1055057151151013888
1055058932908154880
1055059048222154752
1055059827519578113
1055061100100796416
1055063791162011649
1055065119066124288
1055067508577914881
1055069927424561153
1055073482701180928
1055077262838517760
1055077539641679872
1055078221606137856
1055081825826152449
1055087775387713537
1055089826440118278
1055099134041120768
1055101438806933506
1055110103836311552
1055114511227719680
1055115406237753347
1055117117534728194
1055118942895828993
1055120138679267328
1055122085704536064
1055122237118930946
1055124517494943748
1055125436919963648
1055130097634689024
1055136669685313536
1055146302747623425
1055148769027723265
1055153990491615238
1055164667235127296
1055166040303378435
1055168560253857792
1055169412125351936
1055176676668334081
1055179148929523712
1055182049148104706
1055186947352649728
1055187722367717376
1055191255624441865
1055202477119889418
1055207382731505664
1055212783330082816
1055218157462315009
1055219885947514880
1055220311266942977
1055220850201427979
1055224210694529025
1055227877778710528
1055235945941884933
1055236260502089728
1055238867283075074
1055242923149795333
1055244264928501765
1055244336206614528
1055251233747951617
1055253131272118272
1055255013226876928
1055257074999783426
1055257392273739776
1055258567022829568
1055266462871494657
1055267478283214848
1055269005919834112
1055269244114481158
1055272721586798592
1055277510647275520
1055279127140425729
1055280421930459136
1055281586244067328
1055288357977251840
1055288366772695046
1055288377669533696
1055288408719941632
1055288581521051648
1055288589062467590
1055288636055412736
1055288845321863170
1055296910557249536
1055298347102289920
1055298765224112128
1055299288727805953
1055302974283661312
1055304983510503424
1055305284934123520
1055309572909359104
1055314643659489280
1055322568587128833
1055329657929707521
1055332848616521729
1055335799745585152
1055336893720649729
1055337219920060417
1055339982720651264
1055355075483394048
1055356977201799168
1055357706599653376
1055361098432606208
1055362176049930240
1055362525435445248
1055363127724912641
1055382729792086016
1055383415590133761
1055383518119952384
1055383628635615233
1055386532771594240
1055387926144659456
1055393117422014464
1055393196287713280
1055401019050545152
1055404628676734976
1055407762245541888
1055412993708580866
1055418630538555392
1055418714424782848
1055422263015673857
1055439936265043968
1055440651477762050
1055443914205945856
1055447472678600704
1055448122346926081
1055448298943844352
1055450940143296512
1055459053973987329
1055460566003867651
1055461415383900160
1055462516380389377
1055463270520369152
1055463940740792320
1055464021703430144
1055464759611572224
1055467413645508608
1055470767331254272
1055470800118136832
1055477364187164675
1055478871640997888
1055483748794302465
1055485551913132032
1055486144140447744
1055487495130005504
1055492499333111810
1055495776640606209
1055496984302415875
1055497180205772801
1055497592510013441
1055498267365175304
1055500356556349450
1055501116983701505
1055504568895729664
1055515387847233538
1055517122854600710
1055521562923819008
1055523914279833600
1055525032070385664
1055528662626377728
1055529190466994179
1055529347656884224
1055529457048543232
1055530981686427648
1055536780395626496
1055544272886423552
1055546817272799233
1055548658140307456
1055550249471803394
1055550722773786629
1055553970670891009
1055555842362224641
1055556444018352128
1055559505864462336
1055563170431946752
1055563223691218945
1055567224994455553
1055568633101987841
1055572296818028545
1055573717856718850
1055574632215011328
1055576847466094595
1055577061560123394
1055579222872387585
1055585443029299200
1055585781102796800
1055587379136868352
1055595140268490752
1055595979980849152
1055607194685595649
1055607796568416256
1055610467090075653
1055614665181417472
1055616625171415040
1055620363973943297
1055623204356665344
1055631543979401216
1055632118909464577
1055633369990598657
1055633969683841024
1055634719814103040
1055636280921350144
1055642876183527424
1055652504606777345
1055652506594754562
1055653782493822976
1055653829499330560
1055656299940196354
1055657795658354688
1055659332812062720
1055663850878656512
1055663853436989440
1055670498489708545
1055670622628536320
1055678593479532544
1055682867898966016
1055683745603186688
1055684338862280704
1055684492784877568
1055685538852724737
1055694416088842240
1055695316601765889
1055703504709279744
1055707622257635328
1055712165959790592
1055712815699369989
1055714107909959680
1055715637589356545
1055719714037682177
1055722626549723143
1055730313031237632
1055730339874775040
1055735722005745665
1055738151782830080
1055739421818081280
1055743420604379138
1055747743287857153
1055752995416170496
1055755183991480320
1055757818014433280
1055764099005464576
1055764524991725570
1055764526820286464
1055769546542534656
1055773744633970689
1055777379833077761
1055777860223492096
1055782647358767104
1055783569350639617
1055788267394744320
1055788888571162624
1055794567243616257
1055798891990343680
1055806612445818886
1055814940651651072
1055820823603408896
1055821839019196416
1055821889023565824
1055822280691830784
1055822912781832195
1055824390208786432
1055824392951758849
1055826550933852160
1055828381877493761
1055828712673939456
1055829429950259202
1055829432814919680
1055831968141791232
1055831970368745473
1055835687793115137
1055838998856372225
1055839001309982726
1055840234397564928
1055841063204724736
1055845145533431809
1055849665726279680
1055851021329723393
1055852806014427136
1055854355793043456
1055854940084678656
1055857885303971840
1055858646637338626
1055858649099206656
1055860010134069248
1055863678485045248
1055864643569225730
1055866756676415490
1055866872875442176
1055867653015945216
1055874860717613059
1055877580916695041
1055879115180515328
1055881688834887680
1055886716123447298
1055890061475172352
1055890945630265345
1055892446389944321
1055892914016931840
1055894944911683585
1055895792597254144
1055896216679133184
1055896427178745857
1055901817689817089
1055905889939447808
1055911962888986624
1055912040190173184
1055912042983436288
1055915200879230977
1055921948264407041
1055922326175469568
1055925363258339333
1055936068162330625
1055936692148830208
1055938534643851270
1055943537806729216
1055944168869117957
1055944587460706314
1055948309095833600
1055951681077182464
1055951958073319424
1055952147244822531
1055955965315551237
1055957511503822849
1055958201332588544
1055959183181471745
1055959415134871552
1055973836007632902
1055973882958614528
1055978918224769024
1055979830100086784
1055986470073393152
1055988261909348352
1055992333290930176
1055992761302835200
1055992763655671809
1055997152965652481
1055997152973987840
1055997244011409408
1055997686912970752
1056000432085045249
1056000709345374208
1056007417258012673
1056035291990016000
1056040331253178368
1056040707499192320
1056041680565100544
1056042438878408704
1056043188442546179
1056044103195074560
1056045070363906048
1056045226404577280
1056049503768363008
1056065906856677376
1056068784778207232
1056070889463312384
1056074102946041856
1056074906151124992
1056082947902791681
1056089364311113729
1056093067890081792
1056100396371005442
1056100978204774401
1056104994838077440
1056110773301239809
1056116263154565120
1056116512380121089
1056129528580489216
1056137116080586753
1056137912977362945
1056143394517475328
1056143472942596096
1056145281958461441
1056145925343797249
1056147931944882176
1056150981602435073
1056155524037718016
1056157565804048384
1056157963445002240
1056158409702232064
1056159389923639296
1056160772781420545
1056169094863638529
1056170183327395842
1056170186045194240
1056170402072924161
1056171321040588801
1056175900780302336
1056178728059965442
1056178730668707840
1056180527357673472
1056180699491819520
1056182211953782785
1056186503087439872
1056189822539390979
1056190569934999552
1056191404622467072
1056192320792653824
1056192324412223490
1056194855708360705
1056199603140337664
1056199605338091520
1056204893449535488
1056204895605256197
1056204912806322177
1056206228949528576
1056207431057989637
1056207639598825473
1056207753595756544
1056209472333508614
1056209630114676736
1056209928329805829
1056211124117532672
1056213555983327232
1056214975226830848
1056217344719159296
1056218941884755968
1056220995852341248
1056224569806241792
1056224890267844608
1056226729059147778
1056231302528188416
1056234547858325510
1056236094914785281
1056236266902249473
1056237666944065538
1056241315166478336
1056246687906390016
1056246885613293568
1056246889799188481
1056247559633682432
1056248624169082880
1056251724586012674
1056256133239894021
1056256421795323904
1056258098262876160
1056259228757868544
1056259376254717953
1056259382940450817
1056261709118271488
1056263428363481089
1056265033112567808
1056269892633079808
1056272219222036481
1056274367968096256
1056276785967628289
1056278646569218053
1056278653091409920
1056280888873508865
1056283127319019520
1056286417352122368
1056288829894729730
1056295857463721984
1056297781403533312
1056299592499769344
1056300722873135105
1056308835047084032
1056309597642899457
1056309600088055808
1056312099922763777
1056316061010804739
1056328235817013249
1056329901811359744
1056330185346371584
1056330270159314945
1056330574707781632
1056336271281405952
1056339683746242560
1056339889275449349
1056340353991823362
1056340523034673152
1056341469701775365
1056341897487179776
1056344561734336512
1056344562204061696
1056344574321340416
1056344862893604865
1056349635978117121
1056350185431949312
1056351556990263296
1056359926359044096
1056359928800018432
1056360367969001472
1056365218870247424
1056365221172850688
1056370259203104768
1056370261061074946
1056384034954190849
1056391886036963328
1056397730384412672
1056398463150112768
1056410302386970624
1056412648710045696
1056412869728894976
1056414958924324865
1056425863309213696
1056426367414296576
1056427341331787776
1056428514906267648
1056429521119916033
1056440722872774656
1056450216646336513
1056455376500080640
1056460109348564992
1056461165474209792
1056461542974197760
1056464353355091968
1056464663058280448
1056466438964285440
1056469565838946304
1056475158091710464
1056475546475884544
1056475573336166402
1056476136635535360
1056493834048200706
1056496295286837248
1056497069987250178
1056500896543244289
1056503332485906433
1056503706219307008
1056506946294108161
1056511229970317312
1056513915570610176
1056514021669642240
1056518195027169291
1056521261449428992
1056523577556697088
1056523761036472321
1056523952540082176
1056525341659820032
1056533704892399622
1056535684817788930
1056536761093054464
1056541485703876609
1056541576137228288
1056541579106832385
1056542600977539073
1056542608783220737
1056544182498721792
1056544598569508864
1056548582734606336
1056550062078091264
1056550262146560001
1056551255751966720
1056553807587536897
1056556785945972737
1056557201198858240
1056557253849989120
1056557268290932737
1056557759565570049
1056558303877193734
1056561442470666240
1056566395952074754
1056566924023382016
1056568257375862785
1056568412162289664
1056570272302587905
1056572038545063937
1056572060338659328
1056574284892696576
1056574288789000192
1056576385920184320
1056578245699821568
1056587755864633344
1056591030764662784
1056595451565223942
1056596353101500419
1056597505931165696
1056598297421471745
1056602257318465538
1056604373697130496
1056605199966584834
1056613920784424960
1056620398467600386
1056625311985606656
1056634716957368321
1056635662772961282
1056635951756333056
1056642818695987202
1056645919729315840
1056647540454645762
1056647543575085056
1056663900165332992
1056664517474705408
1056664948267499525
1056670632459542528
1056671114309656576
1056672908813234178
1056676913337364480
1056678252578631680
1056687537085915136
1056690815794200576
1056691372797890560
1056692098811002880
1056695663545724928
1056699389861863424
1056700477373583360
1056703631041458176
1056709821855096832
1056710982058287104
1056719705728262144
1056722679078756357
1056731615437697024
1056743464770174976
1056748550812385282
1056748554587381761
1056748559163285504
1056750490237714432
1056753073501208576
1056756961767755778
1056765379169697793
1056765802387398656
1056766917615214594
1056767725895323648
1056768910375043074
1056771295243894784
1056776249136185345
1056776787277963264
1056777864798908423
1056782336753188864
1056782351844302848
1056782717994491905
1056786700079452161
1056792267598499840
1056792270135951360
1056793278031585280
1056794792162680833
1056804651280945152
1056805001090097152
1056805322373775360
1056805516993748992
1056805976685178880
1056806007718825985
1056810920507269120
1056817310135017472
1056819532684095488
1056819695397957632
1056820355162025985
1056821305595645952
1056823094046642176
1056823784424927232
1056825746960740353
1056826089652121600
1056834469418672128
1056836361922269184
1056841634023763969
1056842325358329856
1056842920106483712
1056843038826291200
1056843948994392069
1056844363362234368
1056846274299756544
1056851657265315841
1056851724793610240
1056852922334658560
1056853142481092608
1056857203834081280
1056865112181665793
1056865327756271617
1056865759358406658
1056866031581495297
1056866909449216001
1056868760789823489
1056868900036476928
1056871906547322881
1056872642223828993
1056875970806726656
1056878351065976833
1056878510038499328
1056880382765867008
1056881244720386048
1056883502954807297
1056884711753039872
1056885231842553856
1056886298030395392
1056887809636687872
1056888822603153408
1056889219774181376
1056890726376648704
1056890926012854272
1056893055574437889
1056896612654571522
1056896704480509953
1056896707022057472
1056897635238506497
1056904141837082624
1056904974016397313
1056908450234544128
1056908813037699074
1056911157649440768
1056911445818957825
1056911574575841280
1056911866079989761
1056912148352376833
1056912663823990784
1056912957882462209
1056914831993987072
1056916847642071041
1056918341376450561
1056918518686461953
1056918940218097664
1056918980890320897
1056923038443323393
1056923245230776320
1056923797243248640
1056925971545120768
1056927226883698693
1056927466781097984
1056927711317377024
1056928668046348288
1056929380767883264
1056930724094320641
1056931213137600516
1056931790722600960
1056933291096506368
1056937068977360896
1056937705534304256
1056938584652046336
1056938968837746688
1056941286803030017
1056941302951030784
1056943707562356742
1056943777611427840
1056945048468836352
1056945128441610241
1056945180190916608
1056945357609930755
1056945976701865984
1056947551226728448
1056949501590691840
1056949825391001600
1056952489168257025
1056958431658041345
1056960625123958786
1056960907132182528
1056961290504159232
1056961385735839758
1056962092455116802
1056963160710807552
1056963877550735360
1056965942817812481
1056968490786217985
1056969742878162949
1056969962634559491
1056970250808451077
1056970811980935168
1056974701346648067
1056976855578959872
1056976857260871680
1056976864785375232
1056984816770531328
1056986453803257861
1056988662544719877
1056990352270331904
1056990354535145472
1056992191204261890
1056995479534362624
1056998749644509186
1057003327924379656
1057003531763412993
1057004793837862912
1057005667515621378
1057006203937718273
1057006950943207425
1057014337565528065
1057023565441175552
1057023786481057795
1057028574170046466
1057029310580645889
1057031108070494208
1057032850309033984
1057033492930985984
1057034517603508224
1057034554941362177
1057035389469421570
1057035413070598145
1057037493457969152
1057038060519489536
1057039832604700672
1057044039940431872
1057044956265803777
1057044978629697537
1057047189447421952
1057056412277370880
1057056494947045377
1057056812443217920
1057057306079313920
1057057610581635072
1057058089189294080
1057058815613591553
1057062611055980545
1057065312179445761
1057067821962838016
1057067845551411200
1057068458322653185
1057070063382118403
1057071026906021888
1057071170779037697
1057072096457691136
1057073302768902146
1057073667652419584
1057076136004538368
1057076143973695488
1057076213179711489
1057078049844408321
1057078778826911744
1057080393227223042
1057085010300358657
1057085129846329344
1057085845751005184
1057085855901405185
1057086857501130752
1057089125348597760
1057089223914897408
1057089533869785088
1057089910035820545
1057090927615893505
1057094936980611073
1057095510841061376
1057095760808951808
1057095981760741376
1057100003032817665
1057100558157238272
1057100796976922624
1057100820309655553
1057100875871641600
1057111337543720960
1057111891477254144
1057112071123406849
1057114281949491201
1057114664876695552
1057114893403516928
1057114916098723840
1057116264177524736
1057117299751223296
1057122999390887936
1057124280738156544
1057125365812989952
1057125755455504384
1057128743074959360
1057129283116851201
1057130172875526145
1057130195142959104
1057134225017712640
1057135924964843520
1057143597198389248
1057147177431031808
1057147582634487808
1057148783031738370
1057149926394732544
1057152637991350272
1057164438279802880
1057171113694752768
1057180624904245248
1057183866694369280
1057184182538027009
1057194819305590785
1057196312184131584
1057197952417050624
1057199870841421826
1057200254699929600
1057200508853764097
1057202059064328192
1057202111941955585
1057206076792324096
1057206168635011072
1057209942699053056
1057211728696610816
1057213141690605571
1057215063726137344
1057215086597562368
1057216468197228544
1057219788399816704
1057225574438060034
1057227987421024261
1057230280572977152
1057230458717646848
1057238436711669762
1057240916774342657
1057244874943037440
1057245107307667458
1057246242277740545
1057247760641130496
1057250285612158976
1057251634890334208
1057259608287395840
1057260109364162560
1057260132134936576
1057265140058460161
1057265163206705153
1057267566991888384
1057269642320732160
1057271136759832581
1057272923524882432
1057273408784883713
1057274089105051648
1057280753447264256
1057281305816252416
1057286244080775168
1057286490013777920
1057290422173818881
1057291436322889729
1057291789084745728
1057294350550515712
1057298838434664449
1057298866528124929
1057299568239489024
1057311468767666177
1057316565660643330
1057317992780967937
1057319122919477249
1057319168956080129
1057321178136801280
1057322780784582656
1057323418754932737
1057323650263724033
1057323987078832130
1057324091097710597
1057328703980650496
1057330371648516096
1057332878080688128
1057333802563817472
1057334217837871107
1057334955498487811
1057335504205570049
1057337624451563521
1057337647931084800
1057339811340660736
1057343137423806464
1057345687313149952
1057347294809382912
1057351622513254400
1057351878365843458
1057352157979131906
1057355420434644994
1057356578133864449
1057357092301033473
1057357342692515842
1057359881093738498
1057360462818562048
1057363716772118530
1057364477195231233
1057364626927583232
1057367990352691200
1057368562896113667
1057369197909606402
1057370339162968065
1057371461550292993
1057372687150931968
1057373241218646016
1057374273013248000
1057374421898481665
1057374562411790337
1057382109441073155
1057382849932869632
1057386028816691200
1057387628516069376
1057397348803006470
1057409124718309377
1057410954286284802
1057417091018645506
1057417255376556032
1057421799904825344
1057422188322611200
1057423495255199744
1057430633104982022
1057432787756625920
1057435726692933632
1057436932546945025
1057437593971970049
1057438057450876928
1057443636743421952
1057445329107218432
1057450566174023680
1057456919647043584
1057465002079084544
1057481138833420289
1057481585090613254
1057488258249187329
1057492252489015296
1057496135974207488
1057505187374469122
1057505862162546690
1057510898695356416
1057515744391499776
1057516716627017730
1057518658287734784
1057520556499746816
1057520691556352001
1057525141687713793
1057525636191997957
1057527673398984704
1057527826042310657
1057529035255889920
1057529822107189248
1057530778425442305
1057534555794653186
1057542711643922432
1057545786462887942
1057550154008539136
1057557390856478721
1057560591118856192
1057561873321730048
1057565789941829632
1057567089345679361
1057567544444420096
1057576120114122752
1057576525288087552
1057580252766068736
1057597015721472000
1057597044636868609
1057597053029769216
1057599207236952065
1057599433712566273
1057602498511409152
1057603115082379264
1057605873860669440
1057605898091315206
1057607733015392261
1057609374242430976
1057617054419898368
1057619384770928641
1057624556335034368
1057631253405429760
1057637004203167744
1057637683281809414
1057639277956227073
1057639761140215808
1057640753474740224
1057641984112910337
1057642682036744192
1057644704962093057
1057647092750077952
1057657134769491968
1057659735938359297
1057660327456858112
1057665819927293952
1057667267788500994
1057667502015217666
1057667524882354177
1057671066158546945
1057671650836131841
1057672655782985729
1057673727004020737
1057677826541977600
1057678340759412736
1057681006638043138
1057681160577433600
1057684492133888000
1057686141237911552
1057690495005138945
1057692009148936199
1057693740956114944
1057695754222006276
1057695786966962178
1057696522652057600
1057699944755269639
1057707403481886720
1057708951612129280
1057709274149871617
1057714225131462658
1057719240252448770
1057722620853006336
1057724120744579074
1057724664330502145
1057725544719175680
1057738277359415296
1057744758397779968
1057745362369241088
1057745601461391360
1057747836580679681
1057753980388999168
1057753987536039936
1057755374189772800
1057759983302033408
1057761552391118851
1057761611954446336
1057765559612239872
1057765587303034880
1057765626310053888
1057765672866869249
1057765721105608704
1057766471034642433
1057768859690848261
1057769055145336832
1057769160850190338
1057769216202469376
1057771094621544448
1057772088063336448
1057772425297817600
1057773050219950080
1057773616043970560
1057781650635935744
1057781934204440576
1057782031071858689
1057782147681931265
1057782174919749632
1057782585995100160
1057783884962807808
