1035697156135505920
1035740208526811137
1036010716841431040
1036071093012971520
1036148581525274631
1036148745950388224
1036165551398244352
1036208001802219525
1036218830685708288
1036555276353064960
1036571744021164033
1036621232219799552
1036677378406313984
1036859954383077376
1036908450591191042
1036911928097038337
1036937348724871169
1037167399664009216
1037222420250349568
1037279026988113923
1037323422865477637
1037352094687264769
1037630287356747776
1037655089144635393
1037677498878705664
1037684035999416321
1037761022558236672
1038033021918760961
1038081581498265600
1038228939129253888
1038242100943482881
1038242374869286912
1038243115042263041
1038243136827469825
1038279139503923200
1038419115227004928
1038421099053236224
1038465606088044551
1038479260632207360
1038483743835652096
1038501996276408321
1038512317670064128
1038516658292379648
1038517089504571393
1038623679708651520
1038629587847077889
1038652573891276800
1038656980846407680
1038744339797757952
1039096864698769411
1039103843680874496
1039228217419288577
1039243070653521920
1039446957058609157
1039450023895941120
1039458601683828736
1039555830075584512
1039560039252471808
1039703605241032704
1039873715511668736
1039876613138198529
1039905392782925824
1040026752129662976
1040110357946269697
1040243574913331202
1040301865714556928
1040301963810951168
1040364643896700928
1040524237587574785
1040541789906624512
1040624172920172544
1040633712269053952
1040861783022546944
1040905352768835584
1040928673795375104
1041012624463417344
1041081600115716101
1041082356021510144
1041109494003105792
1041169230601760768
1041174658362613760
1041259481475293185
1041335257134452736
1041335796815605763
1041341238539157504
1041341506945200128
1041380024547532802
1041622927135985664
1041863509469011968
1042192535425347584
1042206355648602113
1042273807183040512
1042279542897999872
1042296954288529408
1042312657100070913
1042363152233639936
1042413758537187328
1042933808209821697
1043032077992509440
1043034233696997376
1043298201787359237
1043463226262880256
1043471936574111744
1043544552144035840
1043547923512995841
1043576542931095552
1043732358841688064
1043771513063792640
1043771526049419265
1043792874213703680
1043804293617389568
1043885199220604928
1043903931829501952
1043905362083164160
1043907315366334464
1043925287564726273
1043981341073846273
1044036460096229376
1044076144495132672
1044266799121027073
1044275480806002689
1044297316855832578
1044587564374601729
1044683604301938691
1044853411945033728
1044945031897833473
1044967585098461185
1044972674462744577
1045013629375066112
1045041672034418688
1045063817120616448
1045233771031777285
1045442259934740480
1045495624509116416
1045650183810424833
1045655079360114688
1045691445632331776
1045759905083404288
1046020103349956608
1046129707195019269
1046425119181164546
1046523255388016642
