892776818603958273
893970326803107842
893970565052211201
893970657217843205
893978297524256768
894856130995867652
895368060873445376
895652722405384192
895978403219861508
896297404550569984
896350889061101568
897289353679994880
897468271833878528
897553881298747392
897578843401224192
898223225133387776
898330614507520000
898331997659029504
898540855979638784
898694414561718272
898825333809401856
898827877654941696
898836504906170368
899632122444599296
899632744053051394
899638421433573376
899638818642550784
900064706618171397
900298552668237824
900300962505666560
900961306596958210
901067983291904001
901422261860786177
902114985148645377
902193980674236417
902884061508767744
902903010560327680
902929099970273281
903013318583083013
903338168375799808
903343470378532864
