1057784846280519680
1057785468295757824
1057790308216463362
1057796788319649793
1057801027079016449
1057801090392047616
1057808806665732096
1057811945271816193
1057812208682524672
1057819859503984641
1057823752640126976
1057825159430590464
1057827012067422208
1057827898709680129
1057829638947266560
1057830711418347521
1057832093860868096
1057833196115689473
1057836015522586625
1057841308352438272
1057841828832206850
1057844415065153537
1057847772613881856
1057848395870560256
1057850256031920129
1057858161904889856
1057860179763568641
1057860541329408000
1057862266446602242
1057864824519057408
1057867329785262080
1057870225977286659
1057871323609919488
1057872540373270529
1057873582645264386
1057884512175169537
1057890057057640448
1057890199219437568
1057896376204443648
1057897065030782976
1057897181502410753
1057899271532564486
1057903707424198662
1057904058915319808
1057905078428942336
1057905742353707009
1057906277257564160
1057906987760054272
1057909466006458368
1057909549666127872
1057909968249282560
1057910179210149888
1057910730345852928
1057912985623109634
1057913282596626432
1057914394082992130
1057914903271432192
1057914951921209344
1057916973558964225
1057918025079447552
1057918211721756673
1057918567394525184
1057918582099771392
1057920441828945920
1057921149433274368
1057921235831664641
1057922332222734336
1057924367307423745
1057924652914393088
1057926153212755968
1057926410298449925
1057927845622804482
1057928892969816066
1057928898003001345
1057929364812242944
1057929896427732992
1057930801357164544
1057930862610780161
1057931360873132032
1057931547108610048
1057931563470671874
1057933014712365056
1057934866787041285
1057934963369275392
1057935278344568832
1057935759452356608
1057935853383749633
1057937400817770496
1057939353983483904
1057940328337022976
1057941288358760448
1057941953608867840
1057942310971936770
1057942509756837889
1057944446669676544
1057948848201588736
1057949790225526786
1057949971012562944
1057951302297309185
1057951862203260928
1057952706520854528
1057953614616907777
1057954152020619265
1057954160711213062
1057955044853714944
1057956335004868608
1057957941037416449
1057958543314296832
1057958891869204481
1057959360377352192
1057959532331184128
1057959690519408643
1057961930718101504
1057962017053728771
1057962051421782016
1057962527915687936
1057963685522612225
1057965610318155776
1057966189970948097
1057966412659077120
1057966681128140800
1057967145689194497
1057967630718566400
1057968581533667329
1057968876405866496
1057969487931150336
1057973812283752450
1057973872677605379
1057974020287664128
1057978525389512704
1057979415861387264
1057979566856331266
1057980645648015361
1057980686735417344
1057981977729622017
1057982510628564994
1057983724229410816
1057984416730005504
1057984833794785280
1057985224976621569
1057985774015143937
1057986126328315904
1057986567569063937
1057987120776781825
1057987300146196483
1057988518746697729
1057988974675943424
1057990305096626177
1057991550402215936
1057991671600812032
1057993474337923072
1057994526688768001
1057996930444390401
1058000449029185537
1058003712604585986
1058003730258411520
1058005058988605441
1058005764466491393
1058006042154582016
1058008376678989824
1058008540680466432
1058012459850698754
1058013112908111874
1058013359294111744
1058013781056356352
1058014050733510656
1058015227646803975
1058020151378014208
1058020666434355200
1058021103451422721
1058023565524635649
1058023761805524993
1058024435846832128
1058024646795235329
1058025132940292099
1058026225950711809
1058026377813913600
1058027472950845445
1058029533582872576
1058030618238468096
1058030668142297089
1058030939098497024
1058031801447448577
1058032469629382656
1058034398568873985
1058034523567546368
1058034543293358080
1058041296118538241
1058042105195417600
1058042655483944960
1058043242325905408
1058043472945524743
1058044530740600833
1058044766905098241
1058046197833916417
1058046267203481601
1058046979815628802
1058048615162265600
1058049089521287170
1058050495464570880
1058051070943993857
1058051638005547010
1058052780542382080
1058055309279850496
1058055576465350656
1058056144764235776
1058058967144898560
1058060180414439424
1058060455250444290
1058061274234437633
1058063223918858246
1058063524256247811
1058063990633443331
1058064098850717696
1058064930996277248
1058065279991926784
1058065581545545735
1058065607948750848
1058065980436504577
1058068244488044547
1058068734840094721
1058070026249535488
1058070052681977856
1058071261035806720
1058071296288980992
1058072342776164352
1058073145960292353
1058076157898383360
1058076928375226370
1058077223654174722
1058079118254923776
1058086139066806277
1058086606345789440
1058086725887647746
1058088288240713729
1058088489164685313
1058088505082068993
1058089708843122688
1058089721035976704
1058092102985400323
1058092432640884736
1058093972365721600
1058095344326770689
1058097689022382082
1058100505854009344
1058101237739126784
1058101359776591877
1058101551066165248
1058101715457794048
1058102558521155584
1058104063420760064
1058104444699717632
1058104604934750214
1058105170339524608
1058105192531574784
1058106217648795652
1058107693628452865
1058108594560925697
1058108891941220352
1058109100389777416
1058110934537957378
1058111125793988608
1058111726023921664
1058111878629593088
1058112287628845058
1058113038014914561
1058115048760098816
1058116260490145792
1058117087187603457
1058118229305057280
1058123010811588609
1058124466230833152
1058125723653689344
1058125854549663745
1058126841037443075
1058127731060363264
1058129022893342720
1058129998513618944
1058133569518874624
1058135531647840256
1058135876411232256
1058135988797460480
1058136842367852545
1058137153157390336
1058138020124209152
1058140143280746496
1058141506429706241
1058144257880530944
1058144784248905728
1058144952855732227
1058145537977925632
1058147835626033152
1058152107533045761
1058152514351218691
1058154148481376257
1058155045630496769
1058160639997370369
1058163621287538688
1058170179106947072
1058176380809240578
1058177996018933760
1058182649594953728
1058189879316750336
1058190893927292934
1058198376561496065
1058199999761342464
1058200360475652096
1058203333830365184
1058204470033690625
1058204808958697472
1058205523651280896
1058209002838994944
1058209910918443009
1058210201139064833
1058218868680859648
1058219845123272704
1058228027375513600
1058239459777380352
1058242328589066240
1058242973761032193
1058250486606790656
1058254584420872193
1058260250942296064
1058262847644258304
1058263331163779073
1058267888770039808
1058268380317110272
1058268457526091776
1058271097001594880
1058271153612054528
1058272968923586560
1058278642973884416
1058281828958658560
1058282991175303168
1058284178175856640
1058285540917829633
1058287672890966022
1058291365539471360
1058291365975674881
1058291525749227520
1058291840330465280
1058297423376908289
1058298958072737792
1058301520389771265
1058304782698536960
1058306034710781953
1058306255310200837
1058306497325793280
1058311858900353024
1058313424227184640
1058314654840168449
1058315258383745025
1058315945855410178
1058317142066630656
1058319573894815745
1058319871300263936
1058321541023363072
1058325000069898240
1058331431204720641
1058334687234539521
1058339966634340352
1058348129991430144
1058349142076985345
1058350473370050560
1058353953803563008
1058355855060557827
1058357305866182656
1058360077470576641
1058365873151504386
1058374473999704066
1058376174769004544
1058379187554304001
1058381350556917760
1058383744237740033
1058386135855104011
1058390029825966080
1058409308520497152
1058413158887579656
1058413749877567488
1058419613518753793
1058419757370802182
1058420946896384005
1058428427836030976
1058429732138688513
1058429987718619136
1058432940500246529
1058436155862106112
1058437310117830656
1058445950816006144
1058452869307949061
1058455266793082880
1058458351259000832
1058461346021416960
1058461828353810433
1058471348979281920
1058471978129129472
1058499929411371009
1058502466558398465
1058502783794503680
1058506920561180672
1058507955220500486
1058513380976287744
1058514091906613248
1058515512907481089
1058516251545194496
1058525119151259649
1058531665167953920
1058533054342344704
1058551265997742080
1058561324790304769
1058567967246450689
1058587501877706752
1058595668997095426
1058622457593167872
1058626252603564032
1058631414139080704
1058644553215938560
1058645980948643840
1058672297681272832
1058675140983173121
1058679483794931712
1058680718572900352
1058682370725961729
1058682721789075456
1058683975059808257
1058685348673396736
1058697111183806464
1058714679458103296
1058737858863943681
1058744664097017856
1058747357272117248
1058747739801116675
1058747759073902593
1058747996496715782
1058748207033958400
1058748314424893441
1058748786703511558
1058748832425693184
1058749052618268673
1058755751768932356
1058756156087255040
1058761085652795394
1058764717475414016
1058769980102197253
1058772635901865984
1058774701198188545
1058777833017876480
1058778852296704000
1058792204574035969
1058792961520091137
1058797059220877319
1058798392304898049
1058800597233745927
1058801293500788736
1058804113339793408
1058804131375259648
1058804429573513216
1058804526042570753
1058805203414274048
1058806935691186176
1058807526219759618
1058808050096713730
1058808694337609728
1058811121161908224
1058816964695678976
1058818587866095616
1058820505564839939
1058823168952012802
1058823520799649792
1058828249034301440
1058828710831419396
1058845023012298753
1058846294951763969
1058848774703980545
1058850850465087489
1058856849146068993
1058858656060661760
1058867313523470337
1058872168447180800
1058893605941723137
1058895407374368768
1058898461700055040
1058943615060373505
1058958268251303936
1058965818002866176
1058975535378915328
1058988382527856640
1058989261230403586
1058998164500439040
1059022506122792960
1059024558395510784
1059031291641954304
1059031494100946944
1059040625708933121
1059045918719336450
1059046666580492293
1059080512076201984
1059090958854299648
1059094721962881024
1059094734579396608
1059115474154389504
1059117117096759296
1059121542041354242
1059132161595527168
1059141292595339266
1059157591249600513
1059159181549289473
1059159867703869441
1059160821283110912
1059167259527168001
1059168284195635200
1059168532485885954
1059173754822123527
1059175466953818113
1059176718068580352
1059177999470379009
1059181966443102208
1059187837604651008
1059188639576526849
1059189885712654338
1059190502279577600
1059201901554737152
1059203250862284800
1059203827365232642
1059204763747794944
1059206356719362048
1059214474375323648
1059233963565375490
1059237680653856768
1059238877695631360
1059293845530312704
1059293893542457344
1059318043933851648
1059320550454149121
1059325157469249536
1059329435634200576
1059334638693433344
1059339530514374656
1059351351728185345
1059356084987723776
1059357288820105216
1059358480778383360
1059360269250584577
1059366668051341312
1059367904112713729
1059381973062426624
1059382287215792128
1059395721970044928
1059396422884360193
1059396466920316928
1059398037703966720
1059400986685530112
1059403270077210625
1059413248741724160
1059415251941232640
1059419431011540993
1059420356824289280
1059431721295331329
1059432332837482502
1059433237129375745
1059458594612174851
1059466273975947269
1059469741000155137
1059475363053690881
1059476133526339584
1059491449459433473
1059494005044666368
1059495086730461184
1059497400312705025
1059506798514839552
1059509037132406790
1059511775052357632
1059515242051440640
1059518392812609540
1059521005650173952
1059521187913629696
1059523493526757378
1059529886895874053
1059530310503817216
1059532641689632768
1059541764321742848
1059555532120432640
1059563622920269825
1059564128761593857
1059568873790472192
1059575038557478913
1059577909151707136
1059610704087576576
1059626468282589185
1059663225229373440
1059663772837654528
1059665066382032896
1059675677107109888
1059690593738088453
1059732588812746752
1059737228954517505
1059751140601012224
1059759094293237760
1059759885750022144
1059760429331898368
1059760480061964288
1059760889430192128
1059761233774174210
1059763040277663745
1059764252863594496
1059769255380561920
1059770353029931008
1059774002095443968
1059779481093763072
1059780381635948544
1059787279173124096
1059789078097473536
1059803821910736897
1059807382899953665
1059807741911404544
1059809093752418304
1059823140044443650
1059827546563457024
1059827819205795840
1059828242415316993
1059832781918867456
1059839238253002753
1059847505582657536
1059856018367303681
1059873716237230082
1059877112767766528
1059879556788695043
1059880953064108033
1059884155637506052
1059885827285762049
1059886289045078016
1059888746517139457
1059893314508541952
1059903020148944896
1059905130735255553
1059912337371611143
1059913786939895808
1059921390785175559
1059930783090180098
1059943513012359168
1059947917644046336
1059952499937959937
1059958808808747008
1059959815651368963
1059985634104893441
1060034108489957376
1060051570631626752
1060064000065572864
1060064306233032704
1060075630837067776
1060085366240219137
1060087626131218432
1060096281518006272
1060110947292008448
1060113848102014978
1060114384528334851
1060115503669227521
1060115574460694529
1060121548416303104
1060122388472516608
1060126034228625408
1060129885430132736
1060133177543548929
1060136552297304066
1060136713761312769
1060139190476775426
1060142196136071168
1060146610674548736
1060146779256246272
1060150633796456450
1060151982302859264
1060153737199656965
1060157337862836226
1060157746098720768
1060157993155813376
1060163096709419009
1060166445915627521
1060172738223063046
1060174069927165952
1060180793366958080
1060188450077528064
1060190176025235456
1060196665473277958
1060198846507220998
1060205132909084672
1060215960932700161
1060216710861676544
1060219296687755264
1060221189761712131
1060232369473376256
1060232428634148864
1060242430765793280
1060243459234283520
1060245045255815168
1060249429121400832
1060251368005517314
1060257564229808128
1060260271292325888
1060261357134798848
1060273225362522112
1060289968600432640
1060297208791220225
1060301484045361153
1060351173826359297
1060372170239545345
1060404174058217474
1060404862310117376
1060411727555293184
1060419162382761984
1060430504791552001
1060430672395935745
1060432017907744768
1060432287626600449
1060433475029921792
1060434176740999169
1060436549454741504
1060474593419427840
1060487094185930752
1060488385913974784
1060488798327500800
1060490653468123136
1060497896611737602
1060498096252022790
1060499188432166918
1060501905808461830
1060504227481600004
1060506216022114304
1060509109672390656
1060509891478147073
1060512398841384960
1060513860111777792
1060517835263430657
1060522255422242816
1060522937860743168
1060523531769991168
1060524026282565633
1060532543823470592
1060535773248847872
1060537389314138113
1060557497159872518
1060560930692653056
1060565310397386754
1060566692844064768
1060572235197546496
1060573778139328513
1060574317833007104
1060577797255712768
1060583985947074560
1060587199186567168
1060589921302392832
1060592436521644038
1060599808149372929
1060602153159589888
1060608322154479617
1060609166451060736
1060611387775508483
1060612458988163072
1060615094256701442
1060625084690456577
1060628933366947840
1060632111382700032
1060640630026784768
1060641712144596998
1060642411330891776
1060644041245769729
1060652833362636800
1060655715273056256
1060659967454265345
1060666331475992576
1060669032574132225
1060671695550377984
1060676956872761347
1060686187315240960
1060688938287869952
1060695382060138496
1060745446514143234
1060761313146744832
1060792292301258753
1060795391044698114
1060797921019510784
1060798083360088064
1060803126259785728
1060803839203442691
1060816807152492544
1060830672259084288
1060835116556210176
1060851919353192449
1060855441721384966
1060858189837750272
1060858432671137793
1060858579484315649
1060866961817698304
1060875869676277760
1060891370959839232
1060892144288829441
1060893416236691456
1060903014775603200
1060916125771407360
1060945045480566785
1060961082825736192
1060967145721487360
1060979183776645128
1060980501622808576
1060985001251168257
1060988665382481924
1060998040092315648
1061013304406106112
1061025998484000769
1061032018581045248
1061036810573434881
1061048178378792960
1061069749487091712
1061072005796126725
1061105791359426560
1061130233645092864
1061132853839364096
1061154480778108928
1061158676893966344
1061163447096872960
1061196218448207882
1061210352598310912
1061214040054226944
1061218743534211072
1061219380242059264
1061222031012872192
1061223149646344192
1061233569132109829
1061250892861751299
1061266952876949507
1061276035214389248
1061291917755977728
1061292584818106368
1061294829840293890
1061294885670658048
1061297135914831873
1061303676092985345
1061304662601560064
1061316297806344192
1061317302971449345
1061319887862329344
1061324867793022977
1061327639208775684
1061329193831677958
1061331244884078594
1061333946045214720
1061334590122528769
1061336368180314113
1061339347390251008
1061341131223506944
1061341889134256130
1061342637381378048
1061344691365519361
1061345714352074753
1061348802597216256
1061351296945610754
1061357037718831105
1061373009611636736
1061384749875376129
1061386758103937027
1061389511240888320
1061397297974730753
1061510087032872961
1061525824036392960
1061571669058146305
1061582993251274752
1061587430611058688
1061595049782378497
1061595754408624129
1061596207414472705
1061598052035772417
1061610358857654275
1061611596391346177
1061612050554777600
1061616032631136257
1061619003448287232
1061621932318253057
1061628261959172097
1061639523090751490
1061643480156528642
1061649373141127168
1061657369158057984
1061706885005524994
1061709049715220491
1061722843090743298
1061724996459028480
1061728982717075456
1061736737972596742
1061757522850299905
1061764741683650561
1061780963536056320
1061782510831628288
1061830603564298240
1061863775035420673
1061887570173399040
1061888021086330880
1061895283938942976
1061901541387460608
1061907974627696641
1061925318917640192
1061927955746775040
1061932031079256064
1061937542776455168
1061941020504571905
1061995655315578880
1062005032084819968
1062012335617904640
1062030776286482435
1062036312524500994
1062039995400237057
1062043032470593536
1062044925787889670
1062059355376357378
1062061341014482946
1062068436950507520
1062070874667393025
1062073541506592769
1062073863146749965
1062074676388728833
1062082710158692352
1062085016602230785
1062088906852708353
1062100955393650694
1062105392988200968
1062117704935587840
1062119909889634304
1062127983501164544
1062132449172447232
1062142395330977792
1062177875141517312
1062201531448127488
1062204659543101441
1062208059458703360
1062217416942469120
1062253434282303488
1062257133708828672
1062263383347654656
1062283936112365568
1062290468329922560
1062297460222160896
1062301833190879233
1062316374012411910
1062327990959460352
1062332832876544000
1062374753674190848
1062375973398736896
1062378008030441472
1062395583007256576
1062395885013762048
1062425592010813440
1062425979954565123
1062432710164209664
1062433069175656448
1062441310198681600
1062441537496408069
1062442793283604480
1062446878527311873
1062461889106624513
1062470268474589184
1062482287240077312
1062489263231692803
1062492215187070977
1062535655581016066
1062547786359586816
1062576890219765760
1062578372474212352
1062593471976853505
1062597246418669568
1062598045446090754
1062604796174057473
1062622615674806272
1062624814312099840
1062626046623789056
1062626169063903232
1062637971835359235
1062641998388191232
1062650375667412992
1062659479559438336
1062663367100383232
1062676999007805440
1062677773712535552
1062680023931465728
1062689859595354112
1062692792244363264
1062693675552161793
1062693997687267328
1062694337849552897
1062694693958492161
1062695476418502656
1062696473991802880
1062698168922595328
1062702187468468226
1062706188008206341
1062712016006197248
1062719725971492864
1062720342932766720
1062724629113028609
1062742066231476225
1062745503442571266
1062751041479995394
1062751512936529920
1062754397741072384
1062759097903255552
1062760708507688960
1062760870407741440
1062762657172856837
1062763985957806080
1062772325521768448
1062776171639816192
1062780036745437189
1062782427213500417
1062783071269871616
1062783639249915904
1062784091349807104
1062785462853611521
1062786071891722240
1062786372614930433
1062820119557140481
1062836118742294529
1062840752206700544
1062842235300036609
1062848556791402496
1062848713834590208
1062874166536355840
1062883717394382848
1062928833417039874
1062963504368500736
1062978510757789696
1062978938153119745
1062993347663540224
1062997548695277568
1062999656744009728
1062999913028558848
1063004566621433856
1063016257383854080
1063038664618491904
1063040776517664770
1063045663221579776
1063057915647533056
1063064582342742016
1063065173869641733
1063066429250068482
1063067321365921793
1063071127277371392
1063071628484067328
1063071774471004160
1063072622106284032
1063072923261550592
1063083000697708544
1063087455694475264
1063094800038146049
1063094902664380417
1063097451152896000
1063098459471921153
1063098642733654018
1063103331135078400
1063106491962535936
1063109848651456517
1063109943438594049
1063110284888469505
1063111225637257217
1063113969982939137
1063116060449218560
1063116733182021637
1063119574416220160
1063122210552983558
1063123126580662272
1063123403392143364
1063125703124832256
1063134911404490752
1063137606563700737
1063139439063502854
1063139715874992130
1063142610808852480
1063144396722503680
1063149107756388352
1063152805882593280
1063154633756033025
1063154838039609345
1063155267523805184
1063159932848128001
1063162517810233345
1063168287079587840
1063169573468418049
1063170729838030848
1063180015616036865
1063182881969848321
1063183696113659905
1063184198998069248
1063203252873891840
1063205909546131457
1063206187213176837
1063206593217613824
1063210107624931333
1063213510056976385
1063301101812924416
1063303998382456832
1063307115161370624
1063310051367104512
1063311246143954946
1063313123103268864
1063317095503544320
1063317383664803842
1063327615656837120
1063334648275746816
1063351072297811969
1063371397861396480
1063372089955094528
1063372171752300544
1063374947144396800
1063376641114689536
1063377354230239232
1063380157736673280
1063384421640884224
1063396629380808704
1063402699599822849
1063403922629558272
1063405365046464513
1063413012122480644
1063413884126748673
1063420266531962880
1063422901855141889
1063423688287154178
1063425826572648449
1063428231993483269
1063432130590584832
1063444213428350979
1063458530374623233
1063465203474538497
1063467388757307393
1063469299501797379
1063471646395301888
1063472263356387328
1063473703705616384
1063479453953740802
1063484237712642050
1063486535771787264
1063499514181505027
1063500424764948480
1063503454755270658
1063508711631654918
1063510285581983744
1063524462744821760
1063525184173420545
1063526263342678016
1063536104886988801
1063553250341855232
1063576198628950017
1063580262494347264
1063621770165579776
1063621888046444547
1063622861942910976
1063638085609684993
1063652641513881600
1063663057212268544
1063666791426199553
1063677353090527232
1063692547791433729
1063698892318040065
1063702044127711232
1063708101201838080
1063708275164803072
1063713425770065922
1063721006576091136
1063724596904509440
1063730371982909440
1063745508022337536
1063750828090118149
1063757234893717504
1063758458762260481
1063761897684643841
1063765897951756288
1063772005944737793
1063787688044752896
1063790845525135362
1063793106645123072
1063801662777827329
1063802578654371840
1063814802131349504
1063816929880809473
1063820556808654849
1063821091288825856
1063829221708050432
1063829624776548352
1063835287103700994
1063837199261667328
1063838298186104832
1063845030329282560
1063845191927382021
1063846523878948869
1063847822271934469
1063848957158268929
1063849934443683840
1063854028906479616
1063864546161565696
1063865589284958208
1063866423498424326
1063869219585044480
1063871661378805760
1063873470793216001
1063874859082625027
1063877681027186688
1063884041269768193
1063887933151817733
1063894670470721538
1063896398532395008
1063896876246859776
1063904221723021313
1063905465791381505
1063915244358119425
1063922320576835590
1063929906382413829
1063930087161114625
1063938642706608128
1063938715540705280
1063952717134135297
1063993799058354177
1063994797726167040
1064059325445009408
1064071991794298880
1064072022416900096
1064075145516597249
1064103167233859585
1064129416861835265
1064130190304075777
1064134906354257920
1064152961151131649
1064153589290029056
1064157896391442432
1064161372424957953
1064172512093835264
1064183335914782720
1064183484808351745
1064185647370522624
1064190990934818816
1064191324386140160
1064194686108270592
1064198563691929600
1064211760713007104
1064218329819303937
1064218504281260032
1064221402155360256
1064222523687088134
1064224901010255874
1064228524591071233
1064228701506846722
1064229851165528065
1064229880068546561
1064230023685640193
1064230455883571200
1064231444552343552
1064231790167162885
1064232026319003649
1064232430461206530
1064232522060627969
1064233336623824896
1064233834072481796
1064235114148827137
1064235240409960450
1064235982373965824
1064236991968133126
1064237180288229376
1064238384858755074
1064240855328927744
1064242561139859457
1064242743151665158
1064243472973160448
1064245687158738947
1064247520061214721
1064247532648304641
1064248440702545920
1064248687772213249
1064260970372112390
1064261847833026560
1064262294513872897
1064263070778880005
1064265583687024644
1064266558866890754
1064267655861932038
1064267951367483397
1064268312513777664
1064274265489326080
1064283909444329472
1064287460316901377
1064288999634862080
1064294243785732096
1064294545356140544
1064298118458556427
1064300275614314497
1064300934950461440
1064301881206472704
1064302641210109953
1064302656305414144
1064302672218677250
1064302687762739200
1064303932632109056
1064304301735116800
1064334990597660673
1064348806240763905
1064361194532810753
1064365848536776710
1064376609845796864
1064383915920637952
1064390311797870592
1064391638888398848
1064398906354733056
1064400766532767744
1064405477151395840
1064405528749715456
1064406365748133888
1064407125487628291
1064408822515724288
1064410835005685760
1064412612929163264
1064417616310226944
1064421138237931521
1064421220047818752
1064421857586221056
1064424285232480256
1064425773791096832
1064430100203089921
1064430674021675008
1064440486147035136
1064442213835264000
1064445497082093570
1064450062166704129
1064450710350180354
1064457338453676032
1064461167832252416
1064461211046170625
1064465530785054720
1064473087230525441
1064473899948228608
1064476249735733248
1064479446193893376
1064481574811512832
1064481869666897920
1064483410658410497
1064491432696840193
1064494933694967808
1064496257824161798
1064503518155952129
1064511853919961088
1064518568581181440
1064524784548134912
1064528822408753153
1064532703289253888
1064535357633515523
1064537473991217152
1064539654614147072
1064541509339496449
1064541590444802048
1064552941720350721
1064557177162088449
1064559502064787458
1064565588004167680
1064566991414013953
1064568350213357569
1064569122950918144
1064570681541754880
1064574503823568901
1064580783090868229
1064580816771080192
1064581041069936654
1064584947644751874
1064587010411806721
1064593649483345920
1064594899457187843
1064596636309962753
1064596723128037376
1064600474949730309
1064600683826032640
1064601829303091200
1064608272219598849
1064608531804938240
1064608808624902148
1064617230351171584
1064617824273014785
1064622392272666631
1064630459617947649
1064643508080951297
1064655020195373057
1064655395589971969
1064673081267052544
1064702011512446977
1064709141393010689
1064714627978801152
1064715218515910656
1064721978500608000
1064723771121180673
1064729365928382464
1064749342966325248
1064766995944669184
1064770596335169537
1064774467690405888
1064780357491458048
1064782145581969408
1064782898635685888
1064783591534669824
1064787126083039237
1064791772126212097
1064814779141971969
1064826004357570560
1064840897500774401
1064844687469699072
1064846348841902081
1064849857247105024
1064850946637873152
1064872747371823104
1064887082643058689
1064894368136552450
1064895950228004865
1064905366050287617
1064906717035675649
1064917119744311296
1064928626800541696
1064934606217060352
1064938746741751808
1064946902972751877
1064947342623813632
1064949623901642753
1064952947090558978
1064953384950652928
1064958922140934146
1064961403621126144
1064963085520314368
1064965104658194434
1064966761404088327
1064968485716074502
1064968910578114560
1064969746922315776
1064984973088833536
1064989740322234368
1064990081755287558
1064998409109676034
1065003787914526725
1065008814771118080
1065011136549003265
1065013200326926338
1065014546300047360
1065027023939268608
1065027073012572161
1065044048614965248
1065051104692572162
1065092093524287489
1065107638017499136
1065111322038321152
1065114107299418113
1065117733292056576
1065118861970759680
1065122367595339778
1065130186583216128
1065134457949220864
1065137736364056576
1065139709343612929
1065140844733259777
1065142559398379521
1065150915680841728
1065159309334593536
1065160950364426240
1065161128836296705
1065166466893402112
1065171607566643200
1065178392146919424
1065179272678133761
1065180012415016960
1065183048348639237
1065190218486173697
1065191529558523907
1065191778700193792
1065192687618441216
1065194375825768448
1065203979515305984
1065204268083367937
1065207127759835136
1065207522020257793
1065215742600192001
1065218652843270145
1065225250076540929
1065230185535102976
1065247155668115456
1065251279105081344
1065255401682280448
1065255507794018305
1065260333755961344
1065261350467842051
1065263808757800961
1065266006963220480
1065267816809603073
1065280125216919556
1065285294478508032
1065286076955271169
1065291344342593536
1065291631232978945
1065298130260959232
1065302931531010051
1065304774499868674
1065310785352712193
1065315699009179648
1065321854963978240
1065322011830960128
1065330818179047426
1065348192496230400
1065350663146749953
1065365459783045120
1065367216147832833
1065368487676313601
1065373724264812545
1065375276551585792
1065375740865273857
1065385215382773760
1065389495124676608
1065390631927857152
1065393473556267008
1065393524315549697
1065394196218109952
1065406980867670016
1065434797504430080
1065447349386977281
1065478606997078017
1065480012092981255
1065491025106542592
1065492574297706496
1065492983821291520
1065493088708321281
1065497070503698438
1065497302306078720
1065500201820069888
1065502660948840448
1065502853886812160
1065503899073880064
1065511874006003712
1065513355560009730
1065515225812795393
1065516879203233792
1065527343157051392
1065534143428259841
1065534661374500865
1065542828141498368
1065544642572230656
1065545424361074688
1065550322901368837
1065551196570742784
1065556680631599104
1065556747329228800
1065558246356860930
1065563538331189248
1065595024518406144
1065614768386527233
1065619245378211840
1065626494813290496
1065627995535233024
1065632896994676736
1065643694416637953
1065661367926050816
1065665255223762956
1065665974140055553
1065666684638453762
1065669063668572161
1065679511444951040
1065681472915353600
1065683484084264962
1065684963432022016
1065693732043927552
1065699262623830016
1065716798602051585
1065724995534577665
1065743484034957312
1065749372401442816
1065759183310675970
1065777526532960256
1065786044036063233
1065793562409910272
1065806855358824449
1065842507148394497
1065842696106008577
1065845789254189056
1065856806268882950
1065857194552422400
1065858655420121088
1065862940757291008
1065864871793823744
1065873973018284033
1065887822178148352
1065891815168069632
1065925662765137920
1065931449222815745
1065937226444484608
1065949884900130816
1065962283237588992
1065975291812737024
1065977853756477440
1065989221180207105
1066008818197377024
1066016162037805056
1066017914497761280
1066019620212097024
1066020225055899648
1066021188885987329
1066021349964034050
1066021439952875521
1066021945534222336
1066022279010758658
1066022354084683777
1066022446359285761
1066033766362243072
1066035830366633984
1066042767464386560
1066044450915446784
1066044585997230080
1066046606804508673
1066049934141661189
1066055485730816002
1066073632353472512
1066080259366371328
1066085129364361216
1066087805783367680
1066088517971992578
1066093849754390533
1066098630011043841
1066100351747719169
1066109517988052992
1066114301176528897
1066134420401385472
1066137337565011968
1066209518579838976
1066215612492537856
1066222958828548096
1066245302397616129
1066247313897779206
1066256662158368768
1066264697110970369
1066265059578572800
1066266116937449472
1066267272896020480
1066267735099916288
1066270835957293058
1066273509830217728
1066273790840225792
1066279584033853441
1066280669502980097
1066282012116480002
1066283492693155840
1066286253816070144
1066288409264775168
1066296353687523329
1066306273216471040
1066308238675722240
1066308804063698944
1066312498423492608
1066313043678818304
1066316741364592640
1066316914178359296
1066317311366365189
1066326838312689665
1066334573016088582
1066343744704835584
1066344563848163328
1066344768525996032
1066360490484531200
1066362634583195648
1066362820822999041
1066367621208117248
1066377070568198144
1066383196747689984
1066384716356616192
1066386054318620672
1066392666638696448
1066392701472579584
1066392960366010369
1066401505740316672
1066411799875067904
1066413163384582149
1066416325902417925
1066417877337673728
1066431379645362178
1066435501811531776
1066440284165365762
1066467586169282560
1066482431455358977
1066495273604534272
1066495354940649472
1066559439300452352
1066620539589009409
1066621895401984000
1066640592820682757
1066640948883570689
1066647688320495618
1066647877894766592
1066656321032937472
1066668936245190656
1066669595153625088
1066671336079179776
1066676098858049536
1066681993537249280
1066696821219737600
1066710641447178240
1066719517856972800
1066723439950602241
1066728564551270400
1066734851250769920
1066753043843174401
1066757328232488965
1066772206762508288
1066772537638555648
1066773640744787969
1066778007866667008
1066787510867636225
1066798083466559488
1066801900295733248
1066804029748072448
1066804240717369344
1066806143295606784
1066807625365491714
1066808060864331776
1066814949610217477
1066817780320821254
1066826001961881605
1066828879715860485
1066830588903071746
1066890702104084480
1066892644444504064
1066895910570000384
1066900022661398528
1066928464257826817
1066945900793266176
1066958614571753472
1066961393298153473
1066961647900811264
1066981866882912257
1066985704327208962
1066987526747877376
1066989091512901632
1067000700008361984
1067003663518965760
1067004930907676672
1067006911130857472
1067010011174445056
1067010075338903552
1067011547933929477
1067012190505447425
1067021439788830721
1067027560121491456
1067037977501724673
1067044635598565377
1067053225088622595
1067055763884048384
1067060417044848640
1067061297848741888
1067063048152727554
1067070611338469381
1067072896793751552
1067080248557297665
1067084527577780229
1067087041652027392
1067087316353785857
1067094463938551808
1067097306372153346
1067111419374653440
1067115961797480449
1067118203669745665
1067118922552487937
1067119667867729920
1067127035590557696
1067135113610301440
1067136050827530240
1067151066876264449
1067153922345832463
1067156163760963584
1067162610020347905
1067165958752673798
1067175590115991552
1067176963595542529
1067179789025452033
1067180297798762496
1067184168327684102
1067208159314497547
1067223031884496896
1067294949115404290
1067331158545965057
1067333001489592320
1067335801195896832
1067336125856002048
1067344644881743873
1067349718748069889
1067349790466473984
1067351144803049472
1067365985815093248
1067381274577383424
1067381772999172097
1067396411430457344
1067401788318457856
1067408354715344900
1067409012562509829
1067411535662915584
1067413736837734400
1067418171060117504
1067426787418873856
1067427291993595909
1067432124242833414
1067452150643654656
1067472214235246593
1067472792621367298
1067474248044814338
1067478425512890368
1067497538671075328
1067501445593931776
1067502456018485249
1067516701535846400
1067531115672625152
1067538471013761024
1067571278024970243
1067572793213112321
1067587873854185472
1067618664629919744
1067622690775805952
1067658370046455808
1067669087747284992
1067670676515971072
1067678226284048384
1067678262346825730
1067679268140957697
1067679346180202496
1067681348083699712
1067682034716413953
1067682466289369090
1067689130639978496
1067695819275554817
1067715691892092928
1067723524326993920
1067731074942451713
1067736484583600128
1067736672245334016
1067743675860561920
1067747489833500672
1067754786991325190
1067756242431549440
1067769458704429058
1067774070748573697
1067788931993923585
1067793727752757248
1067814394762006529
1067820231576379393
1067827618584715265
1067835652782374914
1067835813701009408
1067840268609744896
1067842203429539840
1067842320874332161
1067861452336312321
1067889675753283584
1067893331575885826
1067896790509342720
1067906704283594752
1067914194450882560
1067919910456700928
1067921558814040064
1067923668083326978
1067923917715628032
1067944589758218240
1067971098996891648
1067971616599142405
1067998052659666944
1068009049483030528
1068013187587629056
1068014190466609152
1068029289512271872
1068032274623578113
1068040217356046336
1068044103798202368
1068048164324806656
1068048404666826752
1068048414301138945
1068048957476143105
1068055754068897792
1068062907710271490
1068065853793398784
1068094650697830400
1068097238507896832
1068112599718473730
1068117672733405185
1068129441535139840
1068132187566997506
1068139083866808320
1068141514017177600
1068144952486572032
1068150587559157761
1068166596370333696
1068173218756857857
1068192978513133569
1068197007175663617
1068203213071933441
1068216534085115904
1068216725827665920
1068229670724870144
1068230284368322560
1068240921723109376
1068241074177695744
1068244508784189440
1068245536099262464
1068257499927773194
1068267521785106433
1068272251315920896
1068272958890741760
1068290067876130816
1068297172188303360
1068313290462429184
1068332452127612928
1068378029142011904
1068384127861194752
1068394711990321153
1068412092347281413
1068423101527019520
1068436335390851073
1068447882754306048
1068452618102550533
1068455058361253888
1068456510412468225
1068458800519290881
1068471200542846976
1068475654503612416
1068481306315681792
1068482044110475264
1068487911488794627
1068499957945126913
1068501355105411072
1068504625085583360
1068519340276822016
1068519395188600833
1068528813515071488
1068536036513509376
1068539488840966144
1068558832975134722
1068590816254484481
1068595873737834496
1068599321027850240
1068605948867108864
1068615451008278530
1068616474472968192
1068635618970923008
1068642191386513410
1068642886835683330
1068644387545059330
1068652122269470720
