958861839177314304
959169382294409218
959289432405811201
959289522293911554
959291718817349635
959298278314582017
959304092882370562
959327810799198208
959327877526376448
959330115569283073
959425972612358144
959457478156177408
959517008508399617
959520274847641600
959522177686138881
959522579181600769
959522995671912453
959524024958226432
959551878496387075
959860948365398018
960027138886963202
960181890660499456
960207195320340480
960686831577849857
960749113657655296
960852604313055235
960922721344303104
960957602854309888
961100186230689797
961101370987368448
961105008308752384
961178767656861696
961192630666383363
961193560123916288
961424454155939842
961483995988021248
961506604519653376
961530770337738752
961543489245859840
961607247288729600
961634544213479424
961707337621954561
961729294799011840
961812058051264513
961855455675891715
961911792455835648
962045301199552512
962150993608654851
962151246391103488
962186673588195328
962260816291606528
962272089314156544
962357124213956609
962555138161500160
962671068304551943
962678464959713280
962764181589049345
962790996865110016
963018053427613696
963095528497139712
963116937508204545
963118052345868288
963125556207288320
963142377635549184
963322296931827712
963336557133475840
963344240658079744
963418390143651842
963718579379146752
963884060606046208
963918033210273792
964110877657063425
964239185858252801
964273865806548992
964343298721755143
964351416386146304
964360002973589509
964365448438403072
964562919597002757
964759622820261889
964802043159379968
965093153475907584
965144828525907968
965293191963598848
965308818287718400
965385600886083589
965550175300214784
965689662357622784
965737795326234624
965790601219379200
966000246785327104
966065677504303106
966081037037113344
966293326264664064
966293352697204736
966294104752652288
966304709639368704
966342643755008002
966343291342962688
966343611787825152
966357333881315328
966361592022650881
966364157997142017
966365370167775232
966365963649241088
966366257258868736
966423692921266176
966432819626070017
966580734268989440
966606179739865088
966607474609524736
966700374781562885
966700503035006976
966765182121840643
966907849690439687
967254047152631810
967256291914797056
967338199117856770
967373551648083968
967524043581779969
967558701254168576
967666775453290501
967708512129138688
967742073687412736
967814024476831745
967854767535017985
967858254251425793
967858720645566468
967859066251960320
967859140898054144
967859855620001792
967860472589537280
967860713346797568
967861186472574976
967861812682285058
967862224168652800
967863820902371328
967865107303796736
967865318692589569
967865913478467584
967866389934600192
967867654517248000
967869539844280320
967869927393775617
967870843446546433
967893223845842944
967913468048396290
967914137035603969
967994416018395137
968007119307001857
968080770437865472
968205290972811264
968265808047759361
968403707519029249
968475667099766784
968538712517828609
968585921766465536
968588384007540736
968588689780690944
968596962198130688
968601825917186048
968619780054777856
968626528241274880
968644507158892544
968650269289574400
968653695620669445
968686699340554241
968696792077316097
968775116095152130
968775443657654272
968782655339851777
968822074251804673
968829187820851201
968835603000446977
968861476814573573
968879619268018176
968923445571571712
968923814246612992
968934023593574406
