859033238018416640
859150909212962816
859179380144308226
859192067888746498
859282509493915648
859425443182776321
859590136715247617
859994769593958402
860132070143799297
860138734905425920
860726734395768832
860802449933836288
860937154855403522
860938500593643521
861293019936559108
861483198055944192
861534657980092418
861556191532654592
861940943079059457
862186521343950848
862487402539085824
862666876803055616
863039687522430976
863040715114393600
863041126177046528
863042841643073537
863071870400290817
863253118854758400
863498846374154241
863667407067525120
863941696798679040
864472025531904000
864629353879044096
865123426125717504
865197241702653953
865296592164802560
865324570517135360
865325495130443777
865789984904810496
865986374830305280
866084522521219072
866114066191982592
866336896980484096
866386234603655169
866702573214068736
866704284485906433
866768427960217600
866911982221393920
866937332599009280
866941984069517313
867033696712503297
867146512756875264
867169629902442496
867299435252002816
867404003436527618
867428962200416263
867432268859666442
867797651462303745
867800621000347649
867857659332001793
868157233321869313
868198116134146049
868566828070711296
869210200770846720
869281671685779457
869529515416059904
869565408591925253
869646721390923776
869670386128097283
869877493309853698
869889534997262340
869932378696933377
870014668852559872
870031512330272769
870043056761962497
