914759402141437952
914761616205471744
915108414224658433
915206645201997824
915270224936611840
915307215031955457
915501467066302466
915863550450683904
916320238865707008
916391759290257408
916439994633396224
916724906141847552
916728848368013312
916856243204980737
916923390459486210
916925866558365697
917058310930620417
917074458610978817
917147772104642560
917150552504655872
917337056421961728
917501316275908608
917671469106245632
918250821208494081
918434745637146625
918522162109124608
918529102377881600
918531400818667520
918571211482902529
918614686291111936
919218474815311873
919746270096515073
920328018782023680
921175697686777856
921331719944507392
922607840698580992
922905157993721858
923142854796627968
923208650361057280
923227262933233664
923228141358911488
923230843723833344
923649690721308677
925469451591528448
