1091139603828944897
1091886836715347968
1092079056630308864
1092238750749323264
1092794976835117058
1093132528624513024
1093195745593716737
1093257735334879232
1093681815120834560
1093692218655698944
1094550640024608773
1094815338783535104
1095607504812204032
1095648785152266240
1096056317997920257
1096396818290741250
1096482303025401856
1096485468265435141
1096888696471728129
1097430463226863617
1097723540810448896
1098007604142456833
1099080559224078337
1099574903249010689
1100080793928515585
1100081188881031168
1100282601460387845
1101093611230371843
