969182678695268352
969270544775467009
969341741391327233
969408870392180737
969433100039147520
969434314319581185
969479944962215936
969524006549409792
969586946271072257
969594535474057216
969611438070300672
969674503067504641
969694574653435904
969718252308844544
969739611831488512
969792387483619328
969834220624465920
969841030513201153
969851619998339072
969916146295205889
969919112901218311
970018426495361025
970220196852936709
970328039971270658
970328041217052673
970651631334383616
970668883634827265
971001986073194497
971020758200799232
971023185851437056
971123043018989568
971257191972966402
971433276790460416
971458251387756544
971517130997985280
971620437993107456
971672521165754368
971687729305178112
971688554329006083
971823474573488134
971995442719293441
972085868658913280
972087440994439168
972149080100130824
972186511302152192
972196023581003777
972201848655540224
972205244754087936
972227074428686338
972418740276080640
972507882620145665
972516105167298560
972532830323519488
972534786605514752
972540636833316864
972551960606879744
972570804272713729
972591601368387584
972761630927966208
972828887821488128
973005117397065734
973123097296556032
973207801702084613
973235277618733062
973241528931020805
973318038463418368
973453561886642177
973550660858843136
973809585332080641
973922420494077957
973980625697943555
973981957393657859
973982570580004864
973994273963159629
974004299582836736
974103288512765952
974115738054221825
974140474385510405
974215630852448256
974253054538240000
974287894092353541
974287941920088064
974287947360079873
974301179969712129
974315321086611458
974371447564046346
974371461828874241
974406217920598017
974439533696692224
974555517128343552
974584134386573312
974584184915283969
974588222188777473
974592650962767872
974703241748451328
974904568785104897
974917127223238657
974925694231830531
975039551960993792
975132653409177600
975148501112950784
975247913260584961
975248033607815168
975248145205678080
975248170362941441
975283227182104576
975317390618742784
975422567413616641
975519802700726272
975762379018588160
975787271805964289
975869850001330176
975869856817008640
975878299930021888
975893819269955584
976027325233029120
976030129137864704
976030285883215877
976038212404760576
976064113154641921
976143891652071425
976171080804192256
976236738577420289
976238171217330176
976462215413891072
976574168928890880
976684424610926593
976769153330827264
976787660714008576
976836179143380994
976920566253998080
977071485469843456
977623132482785280
977844577141891072
977846782418812928
978242267134808064
978616779911114753
978617411556528128
978623518870065152
978626046391128064
978636812737327104
978670488384815104
978738603357622273
978746104962482177
978765611013681152
978942275928645632
978957127694905344
978959676820750337
978971136934465537
978977998392217600
978979880380633088
979142927644585984
979176334424510464
979233878190653440
979319645986533376
979343482920882176
979355152720244736
979364128123965440
979502206276706304
979648509556043776
979649449675886593
979653285098541056
979742357028564997
979742403597709313
979778068154912769
979798831230586885
979831656294092800
979861631705460736
979958633386553345
980080117325205504
980081062285070343
980082537329577984
980083230950002693
980095117301354497
980099026816155648
980136973104009216
980140880488091650
980145799169441799
980156863726669824
980157065040728066
980175073725288449
