1035725186388115456
1035726123286573056
1035794556686614528
1035814637919498241
1035824033856712704
1035832545768890368
1035835175178051586
1035837107074424832
1035846512373387264
1035847617136283648
1035852306800144384
1035853906557984769
1035854932023418881
1035863121821401089
1035865021425876992
1035867679364661248
1035869990845657088
1035871826675740672
1035873837848698880
1035885149471301633
1035896671199272960
1035912022775328768
1035915030817136641
1035917534946582528
1035924832620359681
1035927549681885184
1035942939845959680
1035947079183552512
1035947960436240384
1035954550086291456
1035958016699494400
1035961994132840448
1035965241035816960
1035966397820616704
1035969553103286272
1035976611290656768
1035983317588488199
1035988344033951745
1035991668426792961
1036028031385657344
1036054827955118080
1036087580843016193
1036106443445944320
1036144059667148800
1036161455945646080
1036166922822402048
1036185814370320385
1036192297086595072
1036198194332545024
1036199244934406144
1036208913652363264
1036216723857391616
1036222190319034370
1036223990099050498
1036242955894484992
1036257104779202560
1036257235381481475
1036257301680848896
1036270448294731776
1036276160500563968
1036276420568342528
1036278496316801024
1036280025551659009
1036291550664445952
1036297606396358656
1036299976601731072
1036302485923745793
1036303111458091008
1036305567634141185
1036307239911546880
1036313639614144514
1036316664487452673
1036317215635726347
1036317677822926848
1036329961236443137
1036330528784478209
1036330879407284224
1036336175131316224
1036337433028292609
1036344217445048322
1036347837800493056
1036348976575000576
1036349476515065857
1036349502939115521
1036350404726935557
1036363533737488385
1036364174220242944
1036400144583782400
1036401647180767232
1036404528030076929
1036408580143046658
1036435921980284929
1036448379486826497
1036448996028542976
1036495040674234368
1036516644716204032
1036518679675109376
1036518702018121728
1036519929707675649
1036550138532122624
1036554783094722560
1036562039777492992
1036564047074930689
1036567246355804160
1036580093198512134
1036604173893206017
1036608437906546693
1036608456772464641
1036613932000190464
1036614361639526400
1036614890830659584
1036619631354626049
1036626333722443778
1036626701567123456
1036627246365245442
1036633184287502342
1036633588211568640
1036634297866829830
1036638074422403073
1036638409572401153
1036646645985947648
1036646704207089665
1036650576279425024
1036655596978823170
1036657401787764738
1036664397886877696
1036664401636548608
1036664920488718337
1036666220773339136
1036667855264264192
1036668510808797184
1036670684301340672
1036673131254108160
1036673365308788736
1036674878198489088
1036676642746327043
1036676992136036355
1036680839554367490
1036681571443658752
1036684389193797632
1036684861455642626
1036689029335539713
1036691797022584836
1036693840214863872
1036695591772975104
1036695735222321152
1036696439408263171
1036700855624507393
1036722022569725953
1036727518781497345
1036735479998234625
1036735809276264448
1036738580033544192
1036749004527362048
1036768593604759552
1036792468434546689
1036810875158573057
1036811000962580481
1036856575737114624
1036860431233691648
1036864463239098368
1036882807879024643
1036896223951822848
1036912504809680896
1036913929606311936
1036917157781753856
1036917405853917186
1036926110699847682
1036936542797873152
1036937385429397509
1036937826657619968
1036944268278091777
1036951997516267520
1036957599843868677
1036957642852323328
1036958082646061056
1036959031359954944
1036960312744800256
1036960951541497856
1036964574568873985
1036968901928787969
1036970371503861760
1036974730664980483
1036977752669339649
1036978414501093378
1036981742257811456
1036983565559451649
1036996145090838529
1036997554808991785
1037001248296366080
1037004742172581888
1037016762204733441
1037035359723499523
1037045853897351169
1037049083087806464
1037052782128312320
1037056003123175428
1037057927180419073
1037058657429729280
1037061912637464576
1037062254884265985
1037062995212419072
1037067533411606528
1037070501737377803
1037073904152576001
1037090675072884737
1037091205241352192
1037096357490827264
1037098940775256064
1037114390741504000
1037118628414586881
1037211221462736896
1037226320944607232
1037243049603153920
1037263385489027072
1037270595380101120
1037273521121058817
1037289385245458433
1037290595520270338
1037290758045409280
1037297344373567488
1037303662647930881
1037309494013960192
1037314251608793088
1037320900004040704
1037322083603283968
1037323963842605062
1037324193891794944
1037326643667324933
1037327139450880000
1037334271420235776
1037334802024808448
1037335687429795842
1037336806067503104
1037340683252785153
1037341168378544128
1037348785381433344
1037351433820139525
1037358108094414849
1037378559906656256
1037383214782808064
1037384483941625856
1037393934580887552
1037394822410240000
1037397004807221249
1037398513607299072
1037403648144433153
1037405567902474240
1037409669071822849
1037410590480715776
1037417786325250049
1037418464938524673
1037419379716018176
1037421619889799168
1037422848401448960
1037427703559933953
1037428756091154432
1037440067281842180
1037459902590013441
1037464289840427009
1037464366164176896
1037510284544487424
1037511969400606720
1037554760759562240
1037558055590748160
1037566526822469632
1037569940998508544
1037576163189817345
1037593907255799811
1037596610451124224
1037598793598828544
1037601851678568448
1037611359301656576
1037628062454767617
1037628100895539200
1037629417491767296
1037645331905695744
1037645651872559104
1037648094727495680
1037658222268698624
1037660479630569477
1037661703545208832
1037665497725251585
1037670697819090944
1037683850300862464
1037686759910526978
1037688134778216449
1037689407774568448
1037693550442545153
1037696509138153472
1037697934073257989
1037702703697342465
1037704235901698052
1037705512220086273
1037706894251646976
1037712001626251266
1037715331563876353
1037718943203512323
1037719443156213772
1037723788874575878
1037733780981727232
1037738100263403520
1037739668081659904
1037740413849935873
1037745872338071552
1037756229324550146
1037759530137014273
1037759643047677953
1037760936592007173
1037761467154608128
1037764324339707904
1037771708411912192
1037772606378860545
1037777584371781632
1037781242903650304
1037783134522228737
1037783251547549696
1037784037568536577
1037809429444526080
1037813293681917952
1037824454280261633
1037833475829784578
1037853576578691072
1037867182514954241
1037869840852283394
1037918761536442369
1037932346903801856
1037932623270739969
1037936465685016582
1037937002996527105
1037979401928040448
1037979498401148928
1037979856192057344
1037990690532323328
1037999505222840320
1038008694955495426
1038019312831922176
1038020738886889475
1038032144055128064
1038055787556478976
1038059914965471234
1038060445544980482
1038061197294297090
1038062258339897344
1038064744014520321
1038065091575459844
1038067264644427776
1038068259948584960
1038077132927389696
1038078507052670977
1038081689292038145
1038082303736651783
1038090074020368389
1038092758890766338
1038093995770032128
1038094368241078274
1038094891274981376
1038097210695725057
1038097581065334784
1038097650694934529
1038101328667582464
1038105268406702080
1038105745290653702
1038106868944711680
1038107084087324677
1038111633682378752
1038113350880772096
1038113568078614528
1038117300765958144
1038117621466636288
1038117921757835264
1038121577110491136
1038121909274259456
1038123094597099520
1038125968127393795
1038126613219737606
1038127923922915329
1038127974678253568
1038128368959598592
1038131606958026752
1038134398271606785
1038135850327044096
1038137992601370630
1038148250782584837
1038148437441695744
1038149378198970369
1038153076757151745
1038158211428364288
1038159502414110720
1038160962019360768
1038167795379236866
1038168984489734144
1038169005046071296
1038172560964366341
1038175304035053568
1038189152787988481
1038208744402956289
1038219502339678208
1038220889400258560
1038228773441810438
1038240038910353409
1038266380007743489
1038269527975489536
1038276047039614977
1038281244616925184
1038292401872351238
1038297528159100928
1038304302396317697
1038316563584176128
1038323371904311296
1038324337475022848
1038324385545953280
1038324439212064768
1038324989114626049
1038326209246121984
1038326375336366080
1038327067388063744
1038327610969870336
1038328356717125633
1038334364193619968
1038336445516324864
1038344222066262016
1038345303403974661
1038351393512456192
1038354357618704386
1038355106297720832
1038358400927768576
1038361884905426944
1038364076253093888
1038364441576960001
1038366340313231360
1038370686329384960
1038384282283266050
1038395548183797761
1038417822467215360
1038419364297564160
1038421120028958721
1038424768679161856
1038434887823503363
1038443692334428160
1038448902280761346
1038454337645760512
1038455935809871872
1038460704188194817
1038467729257373696
1038477654939365377
1038480034066046976
1038483007395561473
1038485257639665665
1038485432147877894
1038485853235040258
1038486999542493184
1038488071182995457
1038489893603827712
1038494856325292033
1038497885439045635
1038499482642595840
1038500791051608065
1038502665783836672
1038510302684438528
1038510722932727809
1038512487493246976
1038513886276681728
1038515135776735233
1038517815085547520
1038524473991942145
1038526008692039680
1038526476323364864
1038530643788025856
1038532766529474565
1038533055525412865
1038561897220591616
1038567707199909888
1038591605912100865
1038618813116366848
1038623993480314880
1038643349375336449
1038645762350100480
1038647543662620673
1038650584532967424
1038657442656276480
1038668099107659777
1038687906720755712
1038688583249547265
1038706126127329280
1038706312157245440
1038710205293514752
1038710841997250560
1038732495498428422
1038732828106743808
1038733065936412672
1038745215182430209
1038754706863149056
1038758401206112256
1038773599270854656
1038778835448340481
1038786205670944773
1038788398033641474
1038798591895236609
1038800076229865472
1038805832081788928
1038808351621238784
1038812991339327489
1038813717356576769
1038815951263809536
1038816617730371584
1038832786759708672
1038832916363714560
1038836169423945728
1038848778311294976
1038863661723467777
1038870843378618371
1038873028619382784
1038874507958779906
1038882764018397184
1038886796845871104
1038887667499450368
1038889019025883137
1038890048123531270
1038891503433785344
1038892094654492673
1038892118998241280
1038892425996066818
1038894241299275777
1038903019964977152
1038903401663422464
1038903536308944896
1038907456292876289
1038917825442787328
1038918941995921408
1038926405743071232
1038928951664619520
1038930987600826368
1038931205293522944
1038931646928637952
1038940499007164416
1038941777846325249
1038942868814086144
1038961421453877248
1038991584405016576
1038998522094268416
1039000953637281793
1039006221242716160
1039008021861552128
1039012683431866373
1039023160799244288
1039042035561390081
1039045852986261504
1039051601946857472
1039061155711528960
1039073879136894976
1039076394905600000
1039080046013624320
1039080556884119552
1039088585226444800
1039088703094829056
1039098993370980352
1039102433543299073
1039116869104541696
1039117829595963392
1039120541637136384
1039120994181492737
1039121608227651584
1039141571013292032
1039144109414522880
1039145939787767809
1039146118494519298
1039148175792263170
1039155930221486081
1039158586906009600
1039162524489408512
1039168797918289921
1039169119222947841
1039169893877383168
1039171795994247168
1039173669187186688
1039175330135724033
1039179364615823361
1039181293924360194
1039186236601237504
1039187177597480967
1039201257733480448
1039203870445129728
1039208139655135234
1039219628499722240
1039220991019429888
1039221275795877888
1039222023212486656
1039223808329170945
1039224647211012097
1039224649291157504
1039234002589237248
1039234330567081986
1039235157675438080
1039237230676635648
1039238760158961665
1039249459274764299
1039251818310758407
1039251908433719299
1039252709176688640
1039254074837946368
1039255243383603203
1039259994254786560
1039262400531390464
1039262554046980096
1039262714248540161
1039263137927782400
1039264227989573632
1039283857504313345
1039286040060723200
1039291388209324039
1039295579141091328
1039295888265564160
1039324670024142849
1039332769212628992
1039374242910011392
1039392043112443905
1039396180374024193
1039421208863956992
1039422285709500416
1039426670439161856
1039433434186309633
1039455139269099520
1039462581948346368
1039467259549442048
1039474129714536454
1039475033708613638
1039476067482910721
1039478784683110406
1039479752736862210
1039480703967289349
1039481452247826432
1039484048517816321
1039492404422815744
1039499538501955584
1039501480875778049
1039502343639900160
1039504485037563904
1039505268785250304
1039506410470428673
1039507760164085761
1039507761841795072
1039520395513221120
1039535273158356992
1039540622015782918
1039541291124764672
1039563388400136192
1039574975982841856
1039576293887619072
1039578809614389248
1039581071170588674
1039589890692980739
1039595550339948549
1039599916576919557
1039615056764383233
1039615817741217793
1039618655913488386
1039622025596334082
1039627504221339649
1039630427210825729
1039663150352793600
1039669950150057984
1039670661499813889
1039713299942830083
1039747937771945984
1039765145726136320
1039767859021459456
1039776336989114368
1039781881032724480
1039789885849325570
1039794126273880064
1039795212598628353
1039799541552300032
1039823547651317760
1039828433457610752
1039837368323383296
1039840713683349504
1039861728396410882
1039863688801472512
1039863879654957062
1039867241964208128
1039867520738619392
1039870625786015744
1039873849532211201
1039874060073590785
1039886697083940865
1039891692512587776
1039892471830982656
1039900312906149889
1039900894802989058
1039903593011326977
1039907247101554688
1039933720260747265
1039940658474221568
1039944396039499777
1039946963926622209
1039947330772975617
1039953195265662978
1039955138079862785
1039959503926702080
1039972821689090056
1039979900395036675
1039990690086838274
1039992191802847234
1039992698671915014
1039998890131562496
1040014322221699072
1040024718617837568
1040033494074830848
1040033987220185088
1040049800538976258
1040052574802661376
1040056140250398721
1040057305864257537
1040062009704738816
1040068351551258624
1040068642715656193
1040073706448539648
1040074994095738880
1040085390521249792
1040111620431732736
1040148538699722753
1040175869170515970
1040177526797213697
1040180148211998726
1040200061102313472
1040200448639217664
1040202382238539776
1040202433828450304
1040233297136295936
1040236049073614848
1040243879403028480
1040249874317553664
1040250237967712258
1040258814501707776
1040262083932291073
1040268971537256448
1040278280266547200
1040286407984656384
1040287540442554368
1040290028079919105
1040291560833916928
1040295563311439872
1040304089484193792
1040309193935343616
1040310419246776320
1040313360150081537
1040318487258951687
1040321530671128576
1040324962026967041
1040339173566308352
1040340405823447040
1040341047187046403
1040351254415921154
1040358797879992325
1040370450101153792
1040382447471484928
1040387627021754368
1040391323860312064
1040489877421412352
1040498176707325952
1040525289959378944
1040525369227530240
1040529131090456576
1040530661579350016
1040541597098823680
1040541641432555520
1040542727757352960
1040544134111653888
1040545590789263360
1040546078423228416
1040550287591784449
1040552695508230145
1040554495724453888
1040555996014411777
1040561036364001280
1040564390918082560
1040565289765818369
1040566587059855360
1040570866516451328
1040574039385882624
1040575713030668288
1040577781648842753
1040587994372210688
1040588703620583424
1040593592350371841
1040596834287214592
1040602385746415616
1040607285221974016
1040615979619901440
1040616484198907904
1040626963642306560
1040628277289709568
1040628507582377985
1040630566893154305
1040632912008421379
1040644359157370888
1040649722170621952
1040655413174325248
1040657668472557568
1040661304523022336
1040661461796704256
1040661555770257408
1040665875458781189
1040668904165728256
1040673628642267136
1040674226947219457
1040675270267691008
1040677628750036992
1040682991561961475
1040684155938512896
1040698800334155777
1040703075567235072
1040706428103811072
1040712258584825856
1040712563099611137
1040716488540344322
1040719050765156352
1040741320095084544
1040752054162087943
1040752127121997824
1040755072576106496
1040755309340442624
1040756736272093186
1040758895054995456
1040762153177939969
1040763221920104448
1040810706474618885
1040843950104424448
1040858655749562370
1040860102776029184
1040864743785996288
1040878131580731392
1040889479664427010
1040893943695794176
1040903047721803778
1040910845042143236
1040914052019564544
1040923768120594432
1040924821322911747
1040931293738033152
1040935587375734785
1040940052522721280
1040941830047772672
1040944527442432000
1040944562058027009
1040948626481197057
1040949803469950976
1040950810488627200
1040951815016198144
1040951870884327425
1040957489494339585
1040959085435387904
1040968014273949696
1040972109131001856
1040973874060566529
1040974372381634560
1040977416632643585
1040977427508408320
1040981706541547521
1040985556086218752
1040989468960989187
1040990578786197505
1040997181019312128
1041001080480571392
1041001311137923072
1041001492801572864
1041008859198963712
1041010206862442499
1041014638148808704
1041018491850121217
1041019290474962949
1041020927914463232
1041027573365530624
1041035982127030272
1041037440033730560
1041040462239424512
1041042661115867136
1041048533569159168
1041054234895106048
1041057943469400064
1041068913268846592
1041069410725847040
1041073419209658368
1041076590518652938
1041081725600886786
1041085861201436673
1041099964947083264
1041110946465435649
1041113282273320960
1041121546738311168
1041137641960427520
1041164526606053376
1041168662185553921
1041176252630032384
1041176725718065152
1041187837297795072
1041195848846254080
1041212587902418944
1041229465370673154
1041238426467614720
1041241828501139458
1041244897855119361
1041249091328593920
1041261680133455872
1041263386363940864
1041264217125515265
1041272069395234816
1041273039965577216
1041273481629884416
1041284045827661824
1041295039958278146
1041295425393836032
1041298041792290817
1041301446757675008
1041306847305785344
1041310735454928897
1041319070770053125
1041320368923967491
1041325656695615488
1041326733365063680
1041331917117906949
1041336958671380480
1041344226552897536
1041350947514068993
1041352507761586177
1041379578638479362
1041388005003550720
1041390940181749760
1041398426393628672
1041398911477460992
1041398966842208256
1041400030781992961
1041400844195901440
1041402898566074370
1041407815565365251
1041412846612111365
1041416432637104130
1041432362725322752
1041445942203834368
1041456179212443654
1041460670477295616
1041545214354227200
1041545554810032128
1041556325774319616
1041560981883813889
1041574352750178309
1041577731404849152
1041587725609127941
1041590075245510656
1041592272205369344
1041593213621088256
1041596835230613511
1041598497005490176
1041603940775866368
1041603940796784640
1041609894200258560
1041615279669821440
1041618050829766656
1041618154848436225
1041621937850671104
1041622614245040128
1041626421846781953
1041626864714952706
1041628154920677376
1041629283595288577
1041634250481655808
1041634651893379072
1041636802313048064
1041639148199632897
1041644881561755648
1041645394747424768
1041654273258467328
1041655361692786688
1041659865553424385
1041661360378179585
1041672556670054401
1041675003199193090
1041678529358905350
1041688224991666181
1041689771762958336
1041698496322125824
1041700025984798720
1041700837578485763
1041701368606732288
1041705817911832576
1041708599591022593
1041717695358676994
1041724409596268544
1041727952940163074
1041729359705526276
1041730442683187200
1041734242303188993
1041738548167299072
1041747037845434373
1041751961564078080
1041754981433532417
1041757790358986752
1041758817120337926
1041759704651915264
1041761574464249856
1041763765652533251
1041765889442500611
1041772657484726273
1041773224147804167
1041777184392835072
1041784120953602048
1041785336886640640
1041785514284609536
1041792002604589057
1041795699325710337
1041795878825144320
1041797761648209920
1041810622244179969
1041811234578984963
1041812660264820736
1041816587391692801
1041838505985536001
1041861227364974592
1041872156941082625
1041874789625946112
1041888901445705730
1041892596157751296
1041906199107694592
1041918488816902145
1041923685471412224
1041925581804392449
1041928224643657729
1041948315787644928
1041955086354837504
1041955175588552704
1041966392839479296
1041969710924017664
1041981623187722240
1041993986322427904
1042002291031715842
1042009482153349120
1042012533501124608
1042033364126060545
1042034116554903554
1042038189668663296
1042039963435638785
1042040674714112000
1042046311523082246
1042060962625478661
1042061754929438720
1042063623491923970
1042074329603866624
1042075166216478720
1042080688437125121
1042083077051346945
1042096663492521985
1042099405111877632
1042105568654249984
1042125102333284357
1042127243122761729
1042127301905973250
1042130981484941317
1042133658465914887
1042134887644491779
1042141458466127873
1042142691142918144
1042143047247691777
1042148966262079494
1042150104155783168
1042150915766198272
1042154319854874624
1042157799046893569
1042161888904310788
1042163994851725318
1042174584630517762
1042192316054814720
1042276300289986560
1042278874757976065
1042295976181092352
1042305754584281088
1042307304534827008
1042308637119717376
1042310938966327301
1042317626339454976
1042335277254094848
1042336725119459328
1042340705526534144
1042351578425040896
1042360634950778880
1042385606989545472
1042385888225972227
1042392215757049856
1042396131618181120
1042397765647654912
1042400311602761730
1042405214756761600
1042413897389666306
1042414064297803777
1042416924385263617
1042429258180816898
1042429332420009984
1042429584895991808
1042430440982892544
1042431660682174466
1042438300257009665
1042443254980112384
1042445501017325570
1042453778094546946
1042454903388549121
1042455040970158080
1042460068686508033
1042463264767131648
1042472155404029952
1042485859205959680
1042496769911910400
1042499296350875649
1042500860822134784
1042503100144201728
1042503465862397952
1042503496510136321
1042503702031081473
1042503884080652289
1042509430636650498
1042513636244291584
1042523234489561090
1042534129215188992
1042548323331321857
1042555791524487168
1042559987900395520
1042560232038322181
1042594200028475393
1042599400546156545
1042601860492943361
1042602829372968960
1042639489686888448
1042654673910607872
1042654699491606528
1042660896592543744
1042674562054467585
1042680935706243072
1042682063978209286
1042684903085797376
1042689055815815168
1042699013588434946
1042706905179869190
1042709831537385472
1042715516991877120
1042719290510794755
1042726311800713216
1042726793298493440
1042733857433432065
1042735705779257346
1042736908684742656
1042743273348116480
1042744482767286274
1042745035169644544
1042746146647691264
1042757548019990533
1042759670325301248
1042762669281955840
1042779343712387074
1042782280580837376
1042795824399478784
1042804559024934913
1042806898687438849
1042807988711567360
1042809093935820800
1042809890853404672
1042811059801808897
1042821281715040262
1042821488922042370
1042831008561807361
1042834985353277442
1042841088057237505
1042841599791833088
1042848410959790081
1042849378942283776
1042858228097470464
1042858627403538432
1042859212903251970
1042864103059017728
1042865880881922049
1042875701161086978
1042883794481623040
1042884192101695488
1042887655770521600
1042900826728157186
1042903611708239872
1042910377544216576
1042964735313027074
1042978457385353216
1043030838395301888
1043035247128936449
1043040451714940928
1043043945989726209
1043047876069416961
1043063154656325632
1043066174550884352
1043071977378983936
1043072367109521409
1043072715580686337
1043076716950941696
1043077377537048576
1043097493636964352
1043098256773980162
1043101304799653888
1043109757115158529
1043112312758915072
1043116532677718016
1043119461094641664
1043120859890765824
1043121423626121216
1043136430229344256
1043136458494816258
1043137777674510336
1043137861514604545
1043138061977178114
1043142808125796352
1043143271415992321
1043144264941752321
1043145688090071040
1043147229031227394
1043147463102816256
1043150595832639494
1043176442400583682
1043176450365550592
1043179929112915968
1043181097637556224
1043186434067316737
1043186444536295425
1043190729424740352
1043192113976893440
1043193027504861185
1043196117469540356
1043198176180748288
1043199939743043584
1043203967931637762
1043209792972574720
1043211256373620737
1043212462223446016
1043214867673636866
1043215174692417537
1043216784063705089
1043218650684108808
1043225410887139328
1043226207796584451
1043231442321530880
1043235804817092608
1043236934137593858
1043238313400983553
1043243245503950848
1043247142817726464
1043248457744609280
1043249427899707393
1043253189867433984
1043261331644850178
1043261729860460545
1043267827728297984
1043268570694791169
1043269303439687681
1043270622544060416
1043281079791235072
1043281756051386368
1043285004221128704
1043285202804596736
1043288159369527297
1043290151642976261
1043291394843004933
1043311042653249536
1043335771435032579
1043358417484537857
1043380926460428288
1043390955456528384
1043392808781078528
1043398745218375685
1043415544572141568
1043416334481190913
1043418195800072192
1043418938602860544
1043419507329355778
1043429374874279936
1043438519690166273
1043440627780870144
1043446932239208448
1043454537753939968
1043454642682769409
1043455743205109760
1043457149983252480
1043460574619869185
1043462373540020224
1043473530837454853
1043473702359379970
1043495362999320576
1043497090205270016
1043497251266547713
1043500306426994690
1043507328501342209
1043514016767860736
1043523396498116608
1043529123375632385
1043534867881975809
1043542431487221762
1043547293255909376
1043550892253949952
1043551599417798656
1043552088037429249
1043554024140824577
1043555121760808961
1043559240164691969
1043563806918619136
1043573839274434560
1043575460121272320
1043578129216929792
1043578201769938946
1043584564529180674
1043586123535196165
1043595805259702272
1043595882422263814
1043600935728177153
1043601613104009216
1043601780460998656
1043601848173641728
1043602088327045121
1043603843664293890
1043608900287823872
1043609614158364674
1043611658466283521
1043623658797842434
1043625214029062144
1043628642906112001
1043629326128820224
1043637168457936896
1043643453014335488
1043644040170954752
1043644175219130368
1043644510360805378
1043645075337740289
1043650570702204928
1043652532827054080
1043656721674199041
1043661713739014145
1043671791384846336
1043718598559191040
1043723824238342144
1043726653694726145
1043729312468414464
1043737977896095744
1043764139443802112
1043787273156915200
1043805926074060800
1043816780488216576
1043825570935709696
1043845863783772160
1043846517700939776
1043850492047249409
1043856334876286976
1043857462716243970
1043858944974835713
1043874760445358081
1043880426962604034
1043880799844651008
1043881199964483585
1043882849995280385
1043885369127829504
1043888273674964993
1043889804159700992
1043891025985572866
1043891494476816384
1043893248547311618
1043893487194832897
1043893611664953345
1043899234649591809
1043899543325212672
1043903920924499969
1043904599160172545
1043913789295525888
1043919382391459840
1043922519449899009
1043922784798363648
1043926819446173696
1043927872644231170
1043935555439013889
1043937375540465665
1043938050840104961
1043945468013752322
1043947251465433088
1043950641700380672
1043952482576158720
1043963694819012614
1043967576630599681
1043968842874191872
1043969111334760448
1043972394216566786
1043986444849729537
1043987452711632896
1044020470151081984
1044088425010393088
1044096591726993408
1044096793070489601
1044097548443684865
1044108312323723264
1044123015015915521
1044125878064742400
1044126301240655872
1044135440490614785
1044148517411975169
1044151095868747776
1044152434950574081
1044157104729325568
1044159351932555264
1044160800217329665
1044162292147838976
1044179641475506177
1044183501065596929
1044189362198663168
1044191776876171264
1044192281031573505
1044192315588456448
1044195713213763584
1044197142192115712
1044205725034188801
1044206549189709825
1044209658838360065
1044235778056871936
1044236736438636545
1044240502105739266
1044266299579408384
1044268658858569728
1044277333518143489
1044278781400305665
1044287864148713474
1044290724676751361
1044293325136809984
1044294315843964928
1044295439552581633
1044309278658625537
1044315910654365697
1044316504781705216
1044317164717723650
1044320768069431297
1044323918385942528
1044329719368478721
1044330938619056141
1044337221476777986
1044350012027744256
1044358609482731521
1044360173396140032
1044368077704630274
1044368415350300672
1044397517960630272
1044451429451067392
1044457917607538688
1044458588960362496
1044459354152476672
1044476271890173952
1044478737289490432
1044481476241297409
1044481628008067073
1044492810853003264
1044498517207785473
1044504496183943169
1044507597347475456
1044511681026674688
1044528344161759232
1044534477077254144
1044534578600267776
1044564096404860930
1044566478761218048
1044567423742038016
1044570048466243586
1044572145299451904
1044577169547186177
1044577706082369536
1044579008841691137
1044583848007192576
1044596989386772480
1044597993616429056
1044599294572081152
1044600143297892352
1044601528215048192
1044602757410418690
1044602780474888192
1044602797260451847
1044602815287619584
1044606225663619073
1044609131930357761
1044614550975336448
1044619797118496769
1044619809344884736
1044642363984019457
1044653968201338881
1044660107638919168
1044661138351431680
1044662197421584386
1044670624667455488
1044670901424451584
1044681030668603394
1044682595584348160
1044684537098366976
1044697845218115585
1044699676052787201
1044703263826866178
1044734407184195584
1044760286245392385
1044767715016286208
1044768357755555842
1044777426700652544
1044789061683204104
1044832691240280066
1044849470125543424
1044851285042896896
1044854687579742210
1044859062092005378
1044865479406473216
1044868809667039232
1044876311615983617
1044879181765644288
1044882946140917761
1044896864930213888
1044900398232948736
1044900590923513857
1044911855397982208
1044914740215066624
1044915140779540480
1044924789733937154
1044926455845728256
1044928656919932928
1044928738721443840
1044943235901259776
1044946317712281600
1044946378714218496
1044947100960772096
1044949965871742981
1044961479362007041
1044964244742000640
1044967432014757888
1044971033990758400
1044971978631860225
1044979609350139905
1044993709731971072
1044994401804668928
1044997745495494657
1044998891396091904
1045011811106521090
1045019192653570048
1045023046988435456
1045039626069712897
1045049975493865472
1045055678811967489
1045058760874631169
1045061218732560384
1045061909546979328
1045065245260111872
1045065468409778176
1045070232308584453
1045079234975354883
1045082961161457665
1045096676963340289
1045100594451685376
1045151056525692928
1045160943624368128
1045161213611708416
1045161608161492992
1045176206864384000
1045183063699918849
1045187529778049026
1045199453362290688
1045212774870208514
1045221054862376960
1045221348472119296
1045241926977540097
1045250283310403586
1045265798456111105
1045276395759382530
1045276466634788864
1045290267602022400
1045305780235358209
1045315131792535552
1045322780558979075
1045324935093194753
1045326277379592192
1045327243734634496
1045327875388461056
1045329773751349249
1045336606666829831
1045340074957840384
1045343871226589184
1045352518597955586
1045358558425026560
1045364627578675200
1045365927783493632
1045384216664526849
1045391165883928576
1045392170289700864
1045395721199980545
1045399155902943233
1045404143345704960
1045404928557109248
1045405680990130176
1045406495104540672
1045408150126546944
1045408855247790086
1045416213415890944
1045418203512532992
1045421907854729216
1045422201095303168
1045426997709754368
1045431943259553793
1045435614500454400
1045437173934231552
1045443933449441282
1045451047852859393
1045454827348733957
1045454911226433536
1045455418737262592
1045465856258560000
1045468819047809024
1045494837120815106
1045502922178662402
1045511089239281665
1045544899154767872
1045544975075872768
1045556924257841152
1045558250467459072
1045558532345671680
1045559004213243904
1045559153954091008
1045560151774842880
1045560780916248577
1045561465011408896
1045576288524783616
1045591540674916352
1045602084744237057
1045603640826884097
1045605119751049221
1045620717922869248
1045622443472310272
1045629859416952832
1045630941140582400
1045667741548580864
1045676327267905537
1045676451620679680
1045677320697237505
1045678828318871558
1045681903184105474
1045701292168019968
1045714596101836800
1045718847440007169
1045722267903303680
1045728251082100736
1045742333017423872
1045749344756887552
1045755973548347392
1045757843129999361
1045758766300491776
1045771841623785473
1045774201691525125
1045777204880314369
1045777386493669378
1045782044717076482
1045783453978042368
1045792287186452480
1045801231959158784
1045802601827061761
1045818373253287937
1045820020356513792
1045848907371077632
1045859225749114880
1045908322598162432
1045909166513160193
1045922554295267329
1045922784591978497
1045931185329893376
1045939582066405381
1045945821387255808
1045946465976283136
1045947113983692802
1045950641879879680
1045951626266234880
1045953916393988096
1045966998415364096
1045973122103615488
1045977250355695617
1045997832828784645
1045997967486963713
1045998651577954304
1045999656491200512
1045999986192863232
1046000755432402944
1046001661716688898
1046003892746637313
1046004612082401280
1046005470228566017
1046010253014421506
1046011054109716481
1046019074038353920
1046021450120024064
1046028182925836288
1046029041407586304
1046029506530693121
1046033646732410881
1046057340779339776
1046058285747646465
1046059426199851010
1046060171091423233
1046069747098505218
1046084219146051586
1046088741037768705
1046089076569444354
1046096598223212545
1046105458778492929
1046107324753022981
1046108078104608768
1046120907125780480
1046123990375452672
1046141297738874887
1046154726646181889
1046166062792761344
1046168686535610378
1046168718861053952
1046172095661658113
1046182112502657026
1046205645903540225
1046239851736182785
1046240097442713600
1046241402349383680
1046254657637675008
1046307673921277952
1046325602192699392
1046328560003231744
1046342253134974976
1046344934964514816
1046355515524239360
1046355558721310720
1046356959648256001
1046357602614022145
1046379985932615680
1046383007932854273
1046387055851450369
1046396766088835072
1046400588370649088
1046402075670835200
1046440363404251137
1046448869423370240
1046452083917029376
1046454036893859843
1046454186546622465
1046469926511407109
1046474797767700480
1046486778805473280
1046487888190484480
1046514606305357825
1046530648259915777
1046539533486084096
1046541713395896320
1046541959706431489
1046542562213933062
1046542893530435584
1046543527725928448
1046543974016708618
1046544598515032064
1046548382200803328
1046549033593040896
