925513022025748481
925515125888569344
925520007643189249
925532536444542976
925558060428484608
925570211780145154
925579109157150720
925584325600468994
925594961512488960
925602055523201030
925602510408175617
925603903751716864
925604446511525893
925605793738706944
925608902561067008
925612210600185856
925613027218673664
925613050866135040
925613401367248896
925613411416838144
925613491528130560
925613875722153984
925613964628840448
925614336692940800
925622525211574272
925627700122996736
925629348496986112
925629806527598592
925629855189946368
925630621208186882
925631914161197057
925634067542003712
925640213023678464
925642119347400705
925643704362291202
925645256787419136
925648346634702848
925648350812233728
925648632652673024
925649175823384576
925649513070714880
925652433233170432
925652888197713920
925653001473265664
925654001806397440
925654463569948673
925655723983458304
925658204469714946
925663058105655297
925663490148306944
925666892588683264
925676015615168512
925676074725502978
925680194844790784
925680614652592128
925680626585559041
925682087897829376
925683017565253632
925683189552697344
925683843012669441
925685205737799680
925689866033262593
925689897507344384
925691758482284544
925696762064637953
925696947700236289
925697160762585088
925698575484403712
925698931585175558
925699217640906752
925701534582702080
925702204010491904
925703794280853505
925705295178993665
925706137399451648
925706228860321792
925706789223530496
925707457783005184
925708795334086657
925708937525153792
925709318363729920
925709633381191680
925711619371552768
925711931859718144
925712701069910017
925713176716562433
925716662179041280
925718118038671361
925720460121305089
925722686445293569
925724193462935552
925726215113248769
925726467195056128
925727592556253184
925728607145807872
925733629816393733
925734160383307777
925734777797468160
925736437500301313
925740959035527169
925741252112470021
925742072551919616
925742230643625985
925742532025307136
925743051905077253
925744389045014529
925744504409395200
925745708174626823
925752781448892416
925754058996174848
925754845021253634
925756172505878528
925756504275374080
925757111631601664
925757242506465285
925757368721379328
925757425784848384
925757501714452481
925757564180189185
925758251211395072
925758691604877314
925758916457324545
925758994446278657
925759623184908289
925759985149206532
925760177265172480
925760316058882049
925760885234204675
925763712606179328
925767718598533121
925767865394921473
925768237442371584
925769150961782784
925771854178144256
925772780704092161
925774266741809153
925776294012260352
925778738289283074
925778864562954240
925779074693451776
925779939118460928
925781267878211584
925785203414532096
925787346703970308
925791399643172865
925792497711841280
925793161271762944
925793165432541184
925795356721287168
925795413176791040
925795524334243840
925796000790392832
925796934048276480
925797236856033280
925797530058838022
925797588758122497
925797676834344960
925797749806829568
925798018271666176
925799212360577024
925799810082459652
925800188794626048
925800365383135232
925801336796360704
925801477314170881
925801538949451776
925801647187677184
925801702938284032
925801950016409600
925801961743683584
925801975601680384
925802071617687553
925802386114752512
925802920976711680
925803029600915457
925803065676091399
925803540492275712
925804912004554752
925805722364993538
925810239005515778
925811787727073280
925811916513177600
925812802777944065
925814139083161601
925814390317830144
925816885077258240
925819139880554497
925821404813168640
925826802102267904
925826844464697345
925828322092871680
925828869889888256
925833171542921216
925833305764790273
925838091042131974
925838135090655232
925838471062806528
925838740639092737
925839424864309248
925839950377111557
925847282033070080
925848454341058560
925848893061025792
925854238697123840
925856378622750720
925859273845850112
925862833258221568
925863079895805952
925866560362708992
925868334934925312
925870452207005696
925881036533362696
925885230417940480
925890197560201218
925915670998650880
925931206683832320
925949949854060544
925952062445236224
925961247987728386
925962581008887808
925965761495158784
925966785706364928
925975782895349760
925977189295812609
925982160779169792
925986182659526657
925994173672710144
925994723143245824
926005481969201152
926006966333464578
926014600801333249
926014861242486785
926019899050389504
926023926832074752
926028540562366464
926037523931062272
926045146222907392
926046150339317765
926050266230730752
926050381989335040
926053786921132033
926053794898677761
926054892946579456
926070315423330304
926072048899837952
926072897415860225
926073022422896640
926074012698103810
926081565779783681
926082066571243520
926082228920242176
926083204905422853
926087861878878209
926088807673450496
926089042961166337
926094407060934656
926102710113456128
926107590660116481
926109803121745921
926110808039477249
926113851871055877
926116802995859457
926117764326182913
926123657742749703
926124935747178496
926131369595596800
926132666256318464
926133165361651714
926135692006174720
926136264973307904
926140706741211136
926141483920646150
926142473784700928
926146755334373376
926147631474233344
926148723725418496
926149356411019264
926151366988492806
926155572059271170
926156944129384448
926164535010095106
926166464377294848
926172158556033024
926172913522364417
926175589098168320
926176435513057280
926180012394405888
926183023480942592
926185856087592961
926186896069447680
926190964133253120
926193010563575808
926195660088475648
926196009054752768
926197025321963520
926198263472099329
926200667680792581
926202884341010434
926208982049591296
926209274379931649
926209320924172288
926209801163481088
926212137831112704
926214608033140737
926222169771737088
926224074661158912
926225736909950981
926233086685253633
926240549207670786
926241642226610182
926248268396457984
926249757386924032
926274823365496832
926289377206177793
926289953088327680
926291066239807488
926313705012367360
926323692455579648
926324371119013889
926329110695170048
926336949404749824
926337034540679170
926344323414847488
926347521580060672
926354573891194881
926364887244263425
926372191620431872
926372271312252929
926373675993051136
926375044183412736
926377949976293376
926384354829488128
926384587906875393
926387222340710400
926401774046588928
926404658888871936
926405098867232768
926415568701394944
926415962567593984
926416404206706689
926418067747418112
926418584389279744
926418801268281344
926425047841103872
926430654346260481
926432845882675202
926433598751891457
926434600339083265
926437888681750529
926440544095612929
926443275145314304
926451733265608704
926453820565196801
926455326500708353
926462942995976194
926469559716106240
926481760287944704
926483252172480513
926485534721085441
926487644422463490
926488921642602496
926489199292936192
926492574008868864
926502403784003584
926504739205939200
926504958970748931
926508355107115008
926511841987170305
926518680653004800
926521381868658688
926528405541150720
926539326665777160
926543934947577856
926547047980982274
926553581959991296
926553716483911681
926560211380424710
926565201012502528
926566597187330055
926566644197089280
926567381778026496
926568271566004224
926572046456410117
926576570436812806
926578509434183681
926580510129876992
926580948841500672
926588235492483073
926590893976584192
926591090102173696
926592851433218048
926600485490118657
926605581993078784
926609293553602560
926620640387502080
926636052768489473
926651070503374848
926653971665649665
926654971172544512
926668630737244160
926678264663470080
926700774343741441
926711334917623808
926712428536221696
926726354044776448
926727317078102016
926731040345022464
926732900057468928
926738954006736901
926739268306898944
926740246825275393
926743379160920064
926746767936307200
926757905277140992
926760319095070720
926760923485925376
926762225863335938
926766753572536320
926778647150759936
926778859189444610
926778873441763329
926785476500975616
926787316579844096
926799090393874432
926802241582899202
926802520109998080
926802998227030016
926806548306898944
926816145708953602
926822668266901506
926824228128743424
926828296586842113
926833104941072388
926835252848295938
926836752727330816
926841257439186944
926845907227815936
926846398909345793
926846789726228481
926848124760584192
926849101622325248
926850466864160768
926851607286960128
926853794234847233
926855612838924288
926860843559596037
926866463524315136
926866629190930432
926869036704649218
926869763577581569
926871865783738368
926874188983521280
926877082667356160
926882257113100294
926883052311244801
926884954780372992
926885595410042882
926885606701109254
926885857151287296
926889311152336897
926889879493120000
926890600049332227
926890870577795075
926897123366457345
926897234586882048
926899061650702336
926904545690648577
926906978407985153
926910527623876608
926912769898827782
926919560896401413
926922592119701504
926923974549950464
926927693639225345
926938445313953792
926946120877690882
926948707089698816
926948961440751616
926949538581053450
926953215202967552
926955926350901249
926967567226347520
926968553290584074
926969660582645760
926975425649238016
926993746385915904
927010671656603649
927042175925391360
927053061402648576
927056985173970945
927070204777070592
927075927825289216
927076497885663232
927077354807193600
927077877828542464
927081520686301184
927081841022111745
927085391521427456
927086313421099008
927089345886019584
927089622278115329
927098254457753601
927100830314106880
927102278191874048
927109484060823553
927117304609034241
927121935208734720
927122087042535424
927126583797788672
927129656096100353
927131149251604480
927131665985626113
927132337938272256
927144610887012352
927149365281648640
927156135567724544
927157087674753024
927157177864871937
927167491658473472
927170173886484483
927170593740525568
927174759972065282
927182467823538177
927185871513808898
927186436486582272
927190059530506240
927194041997037569
927195089738305536
927198745913102336
927200705324158976
927203154562834432
927209165134557184
927212963794227202
927217367389753347
927218623969677312
927220563424305152
927224565658505217
927227269269073921
927231123620540417
927241735016779777
927244540586717184
927248415292932096
927254167831371776
927254329244962818
927261119839981568
927284681757904896
927291203900489728
927292072142438400
927298088850612224
927303151383928832
927308433702903808
927311089112465409
927312963941396480
927313980221161472
927320943202095105
927332820640559104
927335624947978243
927343990911000577
927352639553142787
927357771682668544
927373041084006400
927391116411928576
927395782579425280
927408094560239617
927409333524160512
927417573230092288
927428922635096064
927434973732327424
927441008492793856
927442336858112000
927444029238804480
927444117323468800
927445542128488449
927448112389591040
927451730811514880
927459462167789568
927465364061122560
927465672279543808
927466444861988870
927473536998010881
927479828466585600
927484611214667776
927489465295233024
927489580235927553
927491291910496257
927493858421862400
927494756812324865
927502244483919872
927502252054646784
927508897396649984
927513392537112577
927517853200371712
927519200809226240
927522772745641984
927522953864073217
927524773785194496
927525353026973697
927529938235817984
927531617643646976
927534892111540224
927536072401281032
927541927658053632
927543997538676737
927545689101529091
927547149574950913
927549014953877504
927549994567131141
927555034858033152
927555604448718848
927556511668297729
927567754902888448
927567966320906242
927573991438606337
927574464958812163
927575076475752449
927576170362736640
927576628351422464
927580355846115330
927581370465046529
927584130728169477
927592104095899648
927596301763731458
927596570614423552
927601036528930818
927601743051083777
927602028683190272
927602418304667648
927605626531930112
927606145803436032
927606405422616577
927607284569640960
927608460220477441
927608568018296832
927614653106151425
927620461399281664
927620696683016197
927623435152510976
927632708309790720
927641331836518400
927651755487318017
927659043933638656
927659976763625472
927660524103524352
927660923417972736
927664845503258625
927665566499966976
927666110920626176
927674736934621184
927675715289473024
927676532084023296
927676532516184064
927677304297394177
927683536735289344
927692775381983233
927699481637916672
927700273937682432
927708260311994368
927709690179366912
927709691207081984
927710380545241089
927710691766673408
927711023527628800
927711051633823751
927712249120096256
927713165131034624
927716288662790144
927722898881695744
927733720597090304
927743405228216320
927764174586777600
927786237045428226
927792112833384448
927795940592721920
927801151713619968
927801589477330945
927803323402608641
927808016271003650
927808850538921984
927809432813211648
927817428826054656
927819364904112128
927821214189531136
927821216693604352
927823993767432192
927825796890349568
927825917677850624
927828816008970240
927830580485672960
927831342439718912
927836969660534784
927838975812882432
927840050771120131
927840912725725185
927845982414491648
927847864390373376
927848907928948737
927849446066581504
927851265526288386
927851778489581569
927854455743238144
927854693547757569
927863832080510977
927872071794921472
927874159723520000
927874588402487296
927874665980284929
927877782511775744
927882137315012609
927882302142730241
927882538131050497
927883870363701250
927884895875227648
927887469089116160
927888433791537152
927892287501332480
927894047427039233
927894528933138432
927894557055946752
927898242590920705
927898742547771393
927900382138896386
927907436073246722
927909248872407041
927913345860231169
927919712826208256
927922994441224194
927923107242872833
927925378567454720
927928790961086465
927934306042961920
927934837037641728
927943830908948480
927946308882698241
927949789542670337
927952618806181888
927955465698410496
927957928375652352
927959426140659713
927959472303165440
927959917738233856
927964598996742144
927964920712515586
927965202980753408
927969566302535680
927969738688548865
927973453587677189
927973907818262528
927977536331616256
927980238297907200
927981778454884352
927983071944638464
927984670419116032
927985344015945734
927990453957484544
927990676020776960
927991503334522885
927994979607351296
927998839197446145
927999293029601281
928002520529686529
928004097545994241
928008248682217473
928012931622719488
928017559194087424
928021672980107267
928023056697708544
928024589703270401
928031239768035330
928032329586454530
928033342305505280
928036366327283712
928052876924149760
928065461094404097
928070198552399872
928070412067581953
928079874803355649
928101128620920832
928111367734943744
928119111267377152
928121473524477952
928127943653683200
928136374632534016
928144185676333056
928146442639769600
928156170048688129
928158005077700609
928177607157350400
928183417799430144
928186591297835008
928188133597949952
928188981271056384
928196970153422848
928200513484550144
928202495725273088
928205515368357888
928208003245002752
928219353467760640
928221832297271297
928223455060856832
928226907820261378
928226977458409472
928235792216068096
928241571518140416
928257037200510977
928257130305654784
928258312251965445
928262732616433665
928263353801330689
928263538480689152
928265138070630401
928269408719572992
928269630514216960
928270877137006593
928271043244036097
928272244467527680
928273478452678656
928273812713558016
928274667118514176
928275530297806850
928276288619581440
928280596169875456
928283442835542016
928287329172762624
928292939188572161
928293861520273408
928296844056236032
928297469850673157
928306136557727744
928311029221744640
928313675827396609
928315536391528448
928316066991878144
928316518290612224
928321135804076032
928323356897800192
928326313672347648
928327728595636225
928332125278961665
928338362137583616
928342407216816128
928355140716855296
928355949794004993
928360234250358784
928360904076480513
928363437088038912
928363493664919552
928367946342305792
928369408061444098
928377258934497281
928380704131600389
928383247989530624
928385666429284352
928389446743003138
928391328756633601
928391729300082688
928392281702522881
928394798268059648
928395526827016194
928395582594576385
928398899873710082
928401130312355841
928403335752896512
928405494305296384
928411825875582976
928415937539211267
928427014729682945
928432284012773376
928437664906465280
928438515066654721
928440098408009728
928442016530395136
928456209153318912
928493790121398272
928501261011443713
928503773839937537
928510381210861568
928523372996292609
928532045961277440
928545053189996545
928545802863239168
928550171763466240
928553382658433024
928556567938719744
928558533422956544
928559157082574848
928559910379540480
928560611633573889
928560886423478274
928561125242916864
928564797783896064
928565220821389313
928565350827950080
928566979757256705
928570747207012352
928572285711273984
928576688019165184
928577423725268992
928590387060633600
928590816968433664
928595721779138562
928595738568912896
928596663387807744
928596917180870656
928600419831607297
928601566541680642
928606890816401408
928608154103009280
928618888606208001
928620743725928448
928622929415430151
928626790691565568
928639057541857280
928641786574237697
928642047019552769
928642718561075202
928648649206321152
928650269134610432
928654975558971392
928657167766425600
928657393570996224
928657920371449861
928659159779827714
928668961901817856
928672054324420608
928674481987571712
928674983219486721
928675200249548800
928675293203697664
928678502668398593
928681382062231552
928683971612946433
928685118297903110
928685182093324289
928685882143657985
928688240172953601
928692843820081152
928696620371279874
928699040086282241
928704061066612736
928708708380696576
928709869343072257
928710065208659969
928710282079285248
928710761907720192
928711144818331648
928711378868867072
928711631382736896
928712458486861825
928712488274800640
928712746216148992
928712883797622784
928714553973788673
928714668474028032
928714744386719744
928715008221089793
928715086239293440
928715103440113664
928715159622864901
928715249796239360
928716379330670593
928717928685625346
928721543366086656
928721938863874048
928724113623011329
928724374948954112
928724382574407680
928724850998472705
928725123611447297
928725535391350784
928726756047179776
928729844304764930
928730407847321600
928730610167934981
928731014532300802
928731043468926976
928733250511605760
928734302002704389
928738863874441216
928739416562192385
928740742792704000
928748049664544768
928749143987761153
928752538408706048
928752582805168128
928753426363711489
928753467472187393
928754614974816256
928755602356166656
928766695438737409
928771683309236224
928772130455674880
928775097489399809
928777690005590016
928777755831029760
928779279222972416
928790670118195205
928798579736621056
928800847156346880
928816357692575744
928837747384684544
928839529531809793
928839676345114625
928866357172670464
928878436311093248
928884609521192962
928891527593684992
928892783779344384
928894404055748608
928894970286788609
928897404660781056
928908984693809153
928914182296276993
928932095740862465
928938324739403777
928939594753638400
928940124049694720
928941863003938817
928944383805788160
928945501587861509
928947066897911809
928948181320306689
928948357493649410
928950759571550208
928951933552951296
928952680118136832
928963782881218560
928965968084299776
928976645930799104
928978953234272256
928981690021765120
928986100319866880
928992691265982469
928994403397619713
928994505310683136
928999740615864322
929001516505206786
929003299092795393
929009163119841280
929009833398947841
929013695086256128
929015951202439168
929019003753857026
929024271040565248
929031281396080641
929031699085905920
929032215891193857
929032801411915777
929035519534788609
929037598416400385
929040466506633216
929040550803705856
929049211601145856
929052702130233346
929053215932473344
929054084153438208
929054717040349184
929062270583394305
929062420525576194
929062690848460800
929065569810309120
929066128344629248
929067000915218432
929071367563100160
929071525289963520
929071759353004032
929072759707262978
929079327681122304
929079853080547328
929080480561057792
929081578529218560
929081776592642049
929083251318079488
929083610778488832
929084200917102593
929086787104002048
929088635143630849
929089968940683265
929091617281232896
929094831934189569
929095933392023552
929095967613300737
929096166406545409
929096798911676416
929096873155100672
929097591916294144
929097790889840640
929097934322487299
929098409973374976
929098455238066176
929098820591419393
929099799969726465
929099812099592192
929100270965022720
929101686563655681
929106240738922496
929107319912321024
929112179424612354
929114680068661249
929119137791700993
929121487306584064
929122614039207939
929129467523555329
929132385504976897
929211752201547777
929223767641001984
929229057480445953
929231578680709120
929265805887524864
929266200974118912
929266640964943872
929274112274509825
929274711011405824
929279958614233094
929281158290034689
929286995913912321
929288461017931776
929296274154762245
929296278328168448
929296921335947264
929297714051014656
929298779416690688
929308089081323520
929311113187127296
929313284565753856
929320126305972224
929321579238092800
929323614318530565
929328133236559872
929338290163146755
929344495644180480
929356319966064641
929357702731567109
929359528885407745
929359754518024192
929359796473614336
929361641711521793
929371914656796672
929375564108042241
929375891284811776
929379887185645570
929380106539339780
929381767924068352
929388625996984321
929393527892701184
929402195606417408
929406262642483200
929407424901058560
929408166428737536
929414456228052993
929418682404622336
929424205447385089
929432762678988810
929436673548738560
929442163376746496
929442560145330177
929444170334425089
929447343753191425
929454324320817153
929461309128790017
929470943860322309
929477616934854656
929478895413465088
929480414577745920
929485453606248450
929490184814645250
929490570271252480
929494897798864896
929498206412603393
929508701815308288
929512120567418880
929525755851214848
929559222211276800
929563668584558592
929576481352835077
929589668634595328
929612058701725696
929614144462053376
929621367942713344
929624748966993920
929628538101104640
929629129506476032
929631213668782080
929640668883976192
929640762400272384
929664312154705921
929664865811255296
929666665175973890
929669279905181697
929672686103613440
929673722914660352
929679930081841152
929691626066403329
929692302003580928
929698479403704320
929704988120580096
929708031490662400
929711820616683520
929714104570433541
929714649687384067
929722331135725569
929722579031609344
929722579451023363
929730255023230976
929730534166728704
929733838208753665
929740676174139392
929740930764169220
929742191173492736
929750272750080001
929750948863463425
929751247497891840
929752462193582080
929755191397806080
929756612860006400
929759272480722946
929759304772734976
929759310221135873
929759407516381185
929759430190813184
929759561438949377
929759636131139584
929759934312534016
929767320515432449
929767784787185664
929768985616441344
929774205259751424
929777421200646147
929781363452018688
929782436363427841
929794284433428480
929801750692982784
929805341461762053
929809466543034370
929810359493513217
929812741442998272
929813720842362881
929815369602273281
929817477248372736
929823243988557825
929829867616645120
929837234492129280
929839692459204609
929841705209262080
929843046966951936
929846551417118726
929859609921277952
929861006582603779
929877092577054720
929877838320295936
929893196183801857
929933378006200321
929937496410075137
929962350614020096
929964815921139712
929966643891064832
929968706658226177
929973650056413184
929981286604779520
929983724783112192
929987218156019712
929987689360887808
929991587412742144
929994303631515648
929995797239799808
929996309347688448
929997718545731584
929998016039346177
930008404478787584
930023422587015169
930030003034771458
930035021116821504
930035125559218176
930039514604756992
930041706396995587
930052467332730880
930056210325426176
930063206835421185
930066872653041665
930067629737414657
930069429387448322
930069645108830210
930070941987758085
930074860725907456
930078538216206336
930085118278078464
930085670705664000
930086923925942272
930087012434145280
930087084655874049
930095818794823680
930097848007430145
930098721676816386
930100775203889153
930105306721476608
930107305743601665
930107996553842688
930111597376364546
930115433893715968
930115952733278210
930116437577940993
930117129227120640
930119178966700032
930119511180828672
930120731312214017
930131548782948353
930132235868622849
930135739345657858
930140410529435648
930140473863299073
930140551491543041
930140764541157376
930143042505465856
930147813920567296
930150610686693376
930151295515635712
930151584654397440
930152194451623936
930155650960814082
930157550154240001
930159919931772929
930160121694572544
930162899993153538
930164611248160769
930172612717801472
930179215391182848
930182363241439239
930182397211086848
930182664207962113
930190585755066368
930196842272325632
930198433717215232
930205665242390528
930214060603342848
930230128826814464
930232261198467073
930233072385187840
930250031625621504
930258162703327233
930271752663511042
930284929899954176
930286769538502661
930292337745498112
930293552575369216
930303128985063424
930315051281584128
930317998652641285
930319490134564864
930321362459201536
930324413823807489
930329316948414464
930329463748833281
930333935321563136
930334043471626240
930334899181178881
930341696457641984
930343736135036929
930345518303203328
930346091261898753
930349997253713920
930352266120433664
930356720873951232
930361276307595264
930374702706692097
930374977416761344
930387385422147584
930392876193861632
930393446615015425
930408838460829698
930414855584190464
930415269574578176
930415603864801280
930420034324844544
930425372834979840
930430059218956289
930431248186728448
930431524104757248
930433417094852608
930434414064144384
930441438663467008
930441822878556160
930442069017071619
930445876694278144
930450132235153408
930451614066003968
930455170403782656
930463889954889729
930470930505183232
930471513509285888
930472937911709698
930474371256344579
930474540559462400
930475410776838145
930475882543755265
930477086493552642
930477542837850112
930477576384143360
930478091020980225
930478925683228673
930480859286732800
930483316284850176
930489590963671043
930494462651924481
930494601064001537
930495763745996802
930495807345872898
930498702506188800
930499366573441025
930501060304736256
930501437787987972
930502670892314625
930504560040382464
930506364396494848
930509115020992512
930512221750398982
930515333949067265
930516157718843392
930516626625253376
930518460786003969
930518805050265600
930519464487129089
930521100278292481
930525734946459648
930527407651606534
930528778371129344
930529315242041345
930533406357770241
930541838167142400
930543578799058945
930546938352676865
930547540298272768
930549423968485376
930559101347794944
930559870310416389
930562248824754176
930568944460500992
930569411089575943
930574588559343616
930576462121488384
930577100083412992
930577933068128256
930579939648331777
930580193823088646
930581303623380992
930581700404445186
930583756448129025
930587769142956033
930588014509805569
930595049779449856
930595847359823874
930597589279526912
930610228818857984
930612730704400385
930617640963461120
930618821248995328
930620495212539910
930622032823365633
930623295715725313
930623767595962368
930642727540330496
930648186393329664
930652003230998528
930655312113295361
930655392220307456
930680648637001729
930686372213555200
930688113235648512
930689782581288961
930694663085920256
930697973239074817
930699253755842563
930699255836282880
930710930673012736
930714042011930625
930715796082479104
930724268995903488
930732485620715521
930738532985049088
930740968625754118
930742443062038528
930742947473223680
930743484847452160
930743988491046912
930751507636645888
930752537770233857
930755987153281024
930763797777797120
930768633827119105
930778957267513344
930781251551850497
930782247707398146
930783968596844544
930784679191564288
930787389089382401
930789643926286336
930790981485629440
930792410501787651
930793721976836096
930806906406436865
930810171688935425
930818134558302209
930820192288026624
930821345755230208
930821677008736258
930822949619281920
930825566445555712
930825798415773696
930827946738188290
930828360309264384
930830582451404806
930832166627495936
930836848301236226
930839447951872000
930840001159581698
930842413307977729
930843946934206464
930846646258274304
930846727573094400
930848280715649025
930849811233935360
930850498231619594
930853793276841984
930854785246482432
930859794289872897
930860341017198592
930861715067195393
930862232631726081
930865086884958212
930866281993162752
930867188214484999
930868243513991170
930870099074043904
930872673806290946
930874026595143682
930874453180985345
930877532227952640
930880463631192064
930881926591930368
930882303215194112
930883663465734145
930886538661163009
930886708098244608
930886962667573249
930888024266821632
930892705122717697
930893916408344578
930894007449931779
930897789231550466
930902587741745153
930903653506011137
930904219292504065
930904632444051456
930906935834144769
930910792345677825
930911156679700481
930911961159733248
930913153810096128
930914649280786432
930917089124274176
930917966987890695
930917967390527488
930929509720870915
930934280326385664
930942168956653568
930947395193655296
930947810563735552
930949416718163968
930958501656125441
930960232972541959
930974711294685184
930995250377773056
931009738355171328
931025128087056384
931035548415819776
931040201593540608
931041116375470080
931052884724129792
931056320731590656
931069358603997184
931069887182712832
931073984589979648
931075262615375872
931079351210336257
931098278351069184
931101582283984896
931104830336196608
931111526995554304
931112139774930945
931112313419194370
931113903471329280
931122786109673472
931124186218627072
931128977804193792
931129731956838400
931136764844142592
931137762627063808
931137885646065664
931138427134889984
931139849851162625
931141440868102145
931142699692027905
931143443136630789
931144300020236288
931145377536978944
931146386271170560
931149445592436736
931159710530711552
931160274924703744
931161060433973248
931161396825546752
931162041515114496
931165274375680000
931165943023140864
931169590813642752
931171687126757376
931174623567405058
931184215634382850
931184939835510786
931187287848824832
931195727207903233
931197612149100545
931199644700413952
931202943516397568
931203315114954754
931204653240418304
931204839341731840
931207814369988609
931208204733820928
931210486141607937
931213014438678528
931213466622406656
931215527678267393
931215633030709248
931216751987167233
931217253655367685
931218035523883009
931218173868871680
931218753018368005
931219001845350400
931219316414058497
931219431077941249
931219497574457345
931220091072638976
931220523522150400
931220577616039942
931221389213827072
931221489034121218
931221781389762561
931221907655053314
931222938593918976
931222997872136193
931223643253768192
931223748539187202
931223904110170113
931224127116996608
931224588658335746
931224986680987648
931225567155904514
931225639717392384
931226189183713280
931226301582757891
931228318220914689
931233192425742336
931233196338921472
931234699137208320
931238181554581504
931239618095271937
931240709465702400
931241903982604288
931245664171970560
931246609588981762
931248253043118080
931248630794784768
931251048404176896
931253391363313664
931253645533949952
931258708042113024
931259163962937344
931263474050543617
931266172644941824
931272868834488321
931285336121995265
931290198444351488
931292894555791361
931297607401422849
931302636158042112
931302703887716352
931305902753370112
931307093109432320
931317060898041856
931323105296961536
931343480806367237
931351281775579137
931352539223724032
931373798905008128
931384773720887296
931390058975907840
931394841749147648
931397525252304897
931410976397766656
931414630467063808
931421100189323265
931430247098175488
931432255121231872
931435530683846659
931441315463794689
931444492204470272
931450633525366784
931454237699198976
931456019833569281
931462118775443456
931465485123801088
931467346140631040
931468718537871361
931469776341389312
931475629274476545
931476285867556867
931477144894615552
931479359852023808
931480043972452353
931482937635344384
931487121046753281
931488102065033216
931493005650989056
931494301510586368
931496947365679105
931497350090182657
931499298361102337
931499686745305089
931500095677362176
931500272123367426
931504042945253376
931505513891803136
931509074021224448
931509721948917761
931512415203848194
931513545572999168
931516420416000000
931519117282172928
931524995146186752
931528299871981568
931528600196706304
931530488887595010
931536729152114689
931537348575326209
931538756695416832
931539260439760896
931542648992796673
931545819056103424
931548693161021441
931550994428846082
931551000292417537
931551246896558081
931553656096337921
931556522911522817
931567189018234880
931570494410813440
931574344114950144
931574438872707073
931574666690547713
931577953137381376
931578025430454272
931579309743132676
931583924291203077
931586897050324992
931587422344962049
931587800687931392
931588971251019776
931589205775601666
931589365569953792
931592796095463424
931594111437635584
931594663420743680
931594876059308033
931596731858513920
931598001671372801
931598650911936517
931602347159146496
931605313568083969
931605363480317954
931605481772257281
931605666762051584
931607418273968129
931609975549505539
931612643948933120
931613935387729920
931614336807731202
931615346364157952
931616010364432385
931617256479625216
931617936359526400
931618071806185473
931620622387548160
931621995183247360
931624903517900803
931627571380449281
931627908732477445
931629716041338880
931632962436812800
931636275500802048
931638070272823296
931638928423211008
931645804544184322
931647810298171392
931650476159979520
931652717617000449
931653909633994754
931654034188095489
931657485521268736
931659506081185793
931660306786463744
931668457980121088
931668820808302593
931677361640177666
931690669348937728
931697990489788416
931717156785532931
931722494481977344
931737150604709888
931760983491608576
931762744252125184
931767525792206848
931767838662066177
931776934454980608
931779288281600001
931785488284966912
931802836798726144
931803024611299329
931803759939899393
931808817842675712
931809285931233281
931812547870773249
931825973808549888
931828523949613056
931836699063308289
931838017349804032
931839900164468736
931842378960461824
931842413374640129
931843001449578501
931845256533958656
931845562223259650
931847378189078528
931848732521492480
931851554885337088
931854305489051650
931855992857546752
931859994252922880
931863186931945472
931864600370442240
931866064673296384
931866676177657857
931867007103983618
931868854845956097
931869143707607042
931871491670597633
931871603654365185
931872321308168194
931874848787324929
931875884780412929
931877851409903616
931878992763908097
931879994338562048
931883632897216512
931884862247665664
931890561086361602
931892981619142661
931893425774919680
931893471908171777
931895788007026688
931899641318211584
931907458125238272
931915918669737985
931921002086400001
931922008283254784
931922511612338177
931922513277353984
931928555180711936
931933105979641856
931933921792716800
931940958148726785
931941408537227264
931941472362024960
931943320825335809
931947838904459271
931949584573763585
931949620657258496
931950791711223809
931951393899982848
931957247139250176
931957361648066560
931970800629854208
931975551492993033
931976975484424192
931978479767359488
931981173139689473
931987046855598082
931998818979246080
932006815851859969
932010201498124289
932015055545257985
932017655200043010
932024911765393414
932028481520701440
932036467890769920
932044804497838080
932052495194644481
932070634699481088
932106522406084608
932118461093888000
932126398407495680
932135658147205120
932137615658233856
932148587949182976
932148941512065024
932172906104344577
932177437194096641
932181071223033857
932181788809555968
932182300451852294
932183013932269568
932185723897368576
932187604598050821
932192999211184128
932198833198641152
932199060919996416
932199615851651072
932201790153658368
932206079701913600
932207733482426369
932208155425214465
932210658178994176
932212513726443526
932217184096542720
932224689799385088
932235513221787649
932242248862978048
932255963817676800
932263128292839426
932263707303907330
932267569028968448
932268227513733120
932276268824956930
932278692293828608
932281228627148800
932290874083545089
932292023905898496
932295513327665153
932296743332597760
932300782032097282
932302230748790784
932302456800858114
932302456830283776
932302457643945985
932302457643978752
932303964254736385
932304302638542849
932304517894258688
932306612936740864
932309585049907200
932318421173317633
932322585777389568
932326695297847297
932329033282523137
932331488959520769
932336444940701697
932338365101469697
932339343196344320
932339373416353792
932341190367891456
932346635459362816
932347102675513345
932347664292876289
932348959489699840
932349118021808128
932351623703261186
932364888264998912
932365356290756609
932368155288092673
932371685495279616
932379600537243653
932379715494662144
932379923410489344
932380212905566208
932382251345616896
932387534503534592
932392780323786758
932398861997416448
932437442090725376
932444659250532353
932447257626062850
932461935160905728
932469487835721733
932472674676346881
932476110645932032
932481133756817409
932498520829059072
932499054180950016
932506506775486464
932507302002876416
932507306620833792
932507641741529088
932509675421085696
932510243577311237
932517344034869248
932534090049425408
932536775813353473
932541689436278784
932544676607025153
932544832236646402
932549278622474240
932549442602979329
932575118869573632
932576795773341696
932577798962769921
932587231197433856
932589356329644032
932605262904602624
932607655331450888
932614491707248640
932614577614974976
932618537671319553
932619492915662853
932619825540628480
932623946045902848
932627377372442626
932628560593944576
932628703808385025
932630321350303744
932632622575972352
932638020423077888
932638164287741953
932640020577562624
932642577542778881
932643661371858944
932644641559711746
932645927097073666
932646598617772032
932654221760987137
932655744410845185
932656120296083457
932657200555847680
932658660127502336
932660673011732480
932661923342110720
932666826504527872
932673187015548929
932674855215992835
932675492754395137
932675685277081600
932676675984347136
932677844093865984
932681264133533696
932683268176121856
932684959726305282
932689874594992129
932691785272430592
932696206303748097
932698461207703553
932700255086350336
932700429900746755
932705411316305924
932707267966840832
932707685291749376
932715657833209856
932718264198852609
932718400908025857
932722344405200896
932722908971130881
932728706749157376
932729168944562177
932731178880249856
932740356403208197
932745024252588032
932750800719368192
932755299043332097
932761501596897280
932763077820461056
932764326460641284
932764657793814529
932778548485599232
932785148638019584
932790757693456384
932799564477861888
932801336994881537
932810142097334277
932852426947944448
932852770482384896
932869201672450048
932877451256004608
932878851490942977
932881006868271104
932881335378763778
932881407940136960
932882175489429504
932883598184722433
932885144637263872
932890349344821248
932906069579456512
932909074395684864
932911017184686080
932918700738600960
932922896737034240
932926575967985664
932945496062218242
932952907368030208
932954811187847173
932963971111325697
932964788744937473
932966935674937344
932968977432760320
932978270781485056
932980789435863040
932982388308791296
932983916700553222
932987928992796672
932988523317223424
932989929247969280
932990238418403328
932998408469663744
932999669667557376
933000929229537280
933001698896961536
933005958615322624
933006124701364224
933009522473558016
933009625712091136
933018541518925827
933018556630994944
933018635479724032
933021593739104256
933022063065001984
933023949264510976
933026100527222785
933031218416844801
933032143747461122
933034364128153601
933037913763401729
933038409727250433
933038821830164485
933039389952954369
933041915150438400
933042089595691008
933043212868096000
933047497311834114
933055548697841664
933056390536552449
933057106474864648
933059487988056065
933061062546608129
933063774164209670
933064154604277760
933066983230377984
933072156044529664
933073934039371779
933075411256397825
933081393114034178
933082899787800582
933085727134494721
933086633125138435
933088846861910016
933098876722036736
933100026909167622
933103086951739393
933110868233146373
933112751882362880
933114322225545216
933131083104866304
933133772085780480
933138470960279552
933149966255652864
933186632613629952
933188496834965504
933191541040078848
933217131746881536
933239878711762944
933241968225746945
933242670893240320
933245748086534144
933249533177241610
933251204590604288
933253813460283392
933258904078663680
933259262817480704
933259358342848512
933265248399880192
933266400147206146
933268408388538368
933269058824392704
933269611293708288
933273264549396481
933283019233697792
933283395278385153
933284777112858625
933288960071229440
933293588041023488
933297447639531521
933299295226179584
933302397362982913
933307883550380033
933326616087760896
933328406997020672
933332224719679488
933333674279419906
933334627649048576
933339411647008768
933353321661915136
933355259426164736
933358024319819777
933360298861514753
933361595744387079
933367349922713600
933371415440646144
933372090731978752
933375622340141059
933383720719052800
933383798305288197
933387837403222016
933391719667814400
933391849649328129
933391947825369090
933393693515681792
933394976851005440
933400124935540736
933402504045395968
933403738877829121
933403849158725632
933404657824780291
933405827645526016
933406367846666240
933406418190917633
933406439560962050
933411018855800832
933411691249000448
933414921722671105
933418517055131650
933419031796813826
933421986189111298
933424104270594050
933425487174688769
933429841680044032
933435212947746817
933435489725665287
933437505545932800
933440151153455104
933442965237846016
933445019209527296
933445212566904833
933447889803767808
933450056484745219
933454208522752002
933454999681748992
933457645322887170
933459718978318338
933460194629181440
933463894403756034
933465426188750852
933470685111787520
933474455669456897
933483788398682113
933485406309568512
933500206183837702
933516364719034368
933518287819943936
933523354941906944
933534182986285056
933551304953253888
933564051048882177
933570491398410240
933583392645550080
933590947413286913
933591100501168129
933604690067107840
933609466532188161
933611108195323904
933613057711988736
933614312643493888
933614678374277120
933616389721649152
933618317759303681
933622008746774528
933624983775010816
933625899186118656
933626416134086657
933626747488268288
933627212653350913
933634558976823296
933638305329111040
933639294312435712
933639668872171520
933640015753699328
933642326819434496
933646728305299456
933647966132408320
933647967734718464
933648304554070016
933648782687916032
933650881505124352
933652939247407105
933655320764796929
933656972553056256
933659811543166978
933661220896411648
933662839910387713
933663512227975168
933663540132679680
933671540985446402
933673651123126273
933677105136709633
933683012000198657
933684326075633664
933687157214056449
933687238164205568
933687596345151488
933695019327873025
933695175863537664
933695543309668353
933697221870092290
933699737592659969
933700125716819973
933702260059762688
933704904576851968
933705355019849729
933709150483308544
933712352146542593
933712825914220550
933715102615957504
933717333956288512
933724278046052352
933729508779266048
933739341494521856
933742508357627904
933743982835793922
933744390765506562
933744453558337536
933745275579006977
933745427404525569
933745535663603713
933745999679500289
933746087181127681
933747579954876416
933748026203570176
933748339933368325
933749188021628928
933749579761291266
933749985782517760
933751247026483200
933758122732244992
933759455686201345
933763059864268800
933765712732213248
933767480434216960
933767700446433280
933783026823200774
933789767086628865
933795418076581889
933803980324589570
933811681066651649
933816288501170177
933826623278931968
933851757624676353
933857272245219329
933857907740958720
933860347165003776
933866108884520965
933873251775901696
933879486176747520
933904815985446912
933914865990799361
933927455584325632
933937558836432896
933942560543952897
933944006337277952
933950272614825986
933960205997629440
933963868887543808
933986644830621696
933987947111682048
933989248595832832
933997598201073665
933997933732728832
934002315786407936
934006575253082112
934007580661309440
934010432351764480
934015738997805056
934019659317334016
934026025092243456
934033416315654144
934050088661512192
934055386486857728
934062536508497920
934062697985052672
934063883739910145
934067482419228674
934068440834478080
934073212257951744
934075140828205056
934075656719122432
934076042574286850
934076547580952576
934082233379573761
934082435532443648
934083010189766656
934087622644953088
934087628080721920
934088630972420096
934091845071753216
934096269223526400
934096355177484293
934100066322800642
934100105245929473
934101187099369472
934103537927192576
934106565812146176
934109659987922949
934115229981650944
934116519285575682
934117277640876032
934124062347071488
934135747262799872
934141947694014464
934145869762449408
934146305747714048
934146663773540353
934146705708240897
934152038786781184
934154110349271040
934155146132709376
934155344724549634
934157062287888384
934160041061638146
934160093091913728
934166913445441537
934167092982624258
934170161938141184
934179601206665217
934186720219881472
934187555712532482
934196283220381696
934196983677497344
934198345974894592
934201583977615369
934218534405791745
934220450821017600
934221958660743168
934304776027824129
934307293046374400
934339755285929985
934339824038957058
934349798517497858
934352157389787136
934352518527647744
934367803829833728
934372820213272579
934377717469937664
934380259654426624
934383741346238464
934387690694377472
934389018220990464
934391065452433408
934396075124903937
934396761736704000
934397066654179328
934401323453337600
934405935107362817
934406043316170752
934406453934379011
934407637973729280
934410662503178240
934412926999584768
934416314969608192
934416931280621568
934418829211512832
934419134149988357
934437592434663426
934440945369665537
934442207427383297
934450683687899141
934458485508661248
934459197302951938
934470154515353601
934470591549231104
934474244347580417
934475465900871682
934476942555930624
934478362499743744
934479387029884928
934480214519840769
934512179734368256
934512342896988160
934514558772940800
934515700038762498
934526450845339648
934528513188814848
934531253356855297
934550441039417345
934552708039749633
934564332968407040
934577177202429954
934590219390681088
934605050856529920
934613034730950656
934615183154130944
934620606284283905
934635180635119616
934644585942437891
934660863621062656
934672106041872384
934679987562733568
934691620020260864
934693737330036736
934701202704666624
934702055905734656
934702306699902976
934711285886935040
934717158306779136
934725296506507264
934726139150585856
934726250723270658
934738527480360960
934739875097661440
934741266750943232
934742582910967808
934749430976303105
934753064497696770
934755271527813120
934755793727041536
934756640812912640
934757163796398080
934757497335885825
934757757932261376
934758009460477952
934758558025113608
934759867633500160
934760259746451457
934762104736927745
934762410233253889
934762974316724224
934763513217798145
934764289730207744
934764786734239745
934767065101152256
934770886930034689
934773379298676736
934774920185352192
934776340443787266
934777288884981760
934777566791176192
934779290641731585
934779364054577152
934779409772482560
934780172271800321
934780467978612736
934782089098121217
934782472025341953
934785086767222786
934793860001292288
934795218930536448
934795453408870401
934798293338554368
934798710688636934
934801639155826688
934802387394531329
934805614521352192
934806454208548865
934810053323972608
934816242862579713
934821618706153472
934822952499064832
934824547194425344
934826928690946049
934834990319357953
934837977360031744
934838476452835331
934838566634606595
934839572000886784
934839659686965250
934841412058845184
934841697703546880
934843848475529216
934843877881729024
934844631623389184
934845269124042752
934845494790164480
934847732006686720
934848193812226051
934849305323679745
934858238339710976
934860928146968577
934861540100108290
934861656697593857
934864702626258945
934866653862678533
934866653866848256
934867647841406976
934871179889913856
934871194133782528
934871481066180608
934871586317971456
934884630175604742
934886223583248384
934888402956292096
934890686901612545
934895150748270593
934895954779570177
934902273494446081
934903665185427457
934907304998330368
934907747929292800
934910613045891072
934920721725251584
934926573198888961
934932147026190342
934941276331495424
934942878970863617
934966943362224128
934985489760882688
934990020426989568
934994547763007488
935017287194640384
935022235634593793
935022258715811841
935024029106409472
935032947048112128
935036718985576449
935040498041057280
935040589590036481
935045818922471424
935045891924389889
935047422023229440
935050619328614405
935051819721486336
935052190112247808
935058205146800129
935060662593736705
935066968738226178
935067297131192320
935070693246500864
935079542418440193
935080250421235713
935081689453391872
935086173181136896
935090199721279489
935091962172133376
935092199561326593
935110093296799744
935111646036545536
935112320476467200
935117684139810816
935117885038579713
935118715124887552
935118995698651137
935125145810763776
935131079865962496
935132277394300928
935136691916017666
935140871120523264
935141434394578944
935145136274763777
935145319989379072
935147337059414017
935150218126987264
935151186587635713
935167988113858561
935169827747926016
935172927745556481
935173017927372801
935174683904937984
935179214583685120
935180891902631936
935181073495011328
935181304609628166
935184337074573312
935186827673206784
935197444727627778
935202038744604673
935207429805170689
935208544621744128
935210015450980353
935217305147060226
935217389066686466
935222523733729283
935225623739535361
935229274197409792
935249049330028545
935249359272366080
935252752481030144
935255912058630145
935267936704565248
935269518355689472
935269855590264833
935270655888683010
935271948443160582
935273283611656192
935273298283425792
935274228148002816
935275293929074695
935276534625198080
935276581597179904
935278518895824897
935278888103612418
935282094166761472
935286970472960001
935293164595789824
935294680861892608
935299017768161280
935303299309457410
935319179770679301
935327257178116097
935344361973469184
935360484014002176
935361531994238977
935364805002543104
935370887574052864
935384899485421574
935385222430056448
935399931866689536
935404369041920001
935406475840839680
935410336693477379
935411777436831744
935412730768617472
935414207092273154
935415611437584384
935422806778613760
935425598478045185
935433793334317057
935441964647972864
935442836647968768
935443308087783424
935450741241794561
935457778050662401
935467055817641984
935472456000618502
935473822064574464
935476624732061701
935478305914064896
935479684887957504
935483984028499968
935487446019604481
935491289247870976
935494401438216192
935495666427711488
935498201909682178
935499084781228032
935499805782048769
935501597609689088
935503870066937861
935506852812648449
935508979161157634
935510822134210561
935511826682580992
935511880197648384
935511970530312193
935516729807179776
935518898681761793
935523936867143680
935525386183757824
935527823346937856
935528697423122432
935529382784978944
935530742125391873
935532702995853312
935536115871776769
935538721818136576
935544398368137217
935547035767492608
935549026379890688
935549446221426688
935551406651699206
935551899474022400
935552027811307521
935552039999897600
935553952170553344
935554619920519169
935556037981167617
935562024939081728
935562689333604353
935563495046819840
935564012615536640
935564390513987584
935565303613935617
935565369078636544
935565985230311424
935566023801102336
935567607977201666
935569295358156802
935573246363295744
935574223237668864
935577211268190208
935578080109772800
935578233835347969
935581281823358982
935588454523686912
935595998386286592
935597075496042502
935597266328543232
935599387367092224
935605338254036995
935606346573115393
935606421248409600
935607657729273856
935612460593184769
935616805070102530
935618661036912640
935630496964513793
935631075354861568
935632506006761478
935635369047003136
935638826827026438
935638980359540737
935642008328331269
935642749356744704
935643545423306752
935646398388850688
935646436569632773
935654308451721216
935658004044767237
935666884636233728
935668742025023488
935684834583875584
935708724479578112
935708724488007681
935708724496347136
935708724500496384
935708724508884994
935708724509003777
935708724513116161
935708724513198080
935708724517359616
935709718135193600
935709830551044097
935715790636158977
935716548983050240
935717654161223681
935734220433051648
935734316889501696
935735423359508486
935743288518283265
935746160333066240
935757718584836096
935757728655527939
935761494293209088
935764413549891586
935766122724515840
935778529450627072
935778802915053569
935780492812701696
935786270034362368
935790094425968642
935792230580793349
935797993969774592
935798616937156609
935801710555140096
935801802385223680
935802996088336385
935810515993006080
935810547509014528
935810689297518593
935822592308662272
935825210791559169
935825254781464576
935826150332469248
935828633347911680
935835900420001792
935835918229032961
935836365136285696
935836782037536770
935844928529330176
935845012113420288
935847385590321152
935848102480760832
935849624597823488
935849747780440066
935850426951438336
935850704190754816
935851717115154432
935856257063378944
935858261500289030
935858514840444929
935862231841075200
935873556881313792
935873904979169280
935876549915574272
935878106493186049
935881563790888961
935883347649335297
935893666861867009
935898452151726080
935903073431621632
935904064973438979
935905268340228096
935907950983630853
935910195376599040
935912800022597633
935918298767773696
935918886792433664
935919165331951623
935921363143069696
935922250628435968
935922356333236225
935933097115299840
935934483768987648
935936624537546752
935942337603293194
935942590075203586
935943003239219203
935943211037605888
935943273520168960
935946578208141313
935947344746598402
935947463852257283
935947790617841669
935950369267601408
935953585879375872
935956354526834689
935958566032281600
935959197010808833
935959751506251782
935960903262097408
935962789612371968
935963046543060993
935971445204750338
935974427803750401
935976895086317570
935981508611006465
935986545965793280
935989648479973376
935989794026459136
935994102021283840
935998328600453120
935999547909820416
936000896361795587
936004441374908416
936006864416002049
936007544765665281
936008614736785409
936012325403971586
936014248521748481
936017768784252931
936031119673319424
936052166296555521
936056727178498048
936057055592484865
936060381218394113
936064579297316864
936072712065355776
936085289952579585
936112662831882241
936123445544284160
936136713801469952
936150229090435072
936150472783749120
936150684617117696
936151570856673281
936152669751738368
936153675541688320
936155158555381760
936155686710456320
936155771871678464
936156706798821376
936157460087361536
936174262360117249
936175258201133057
936175626033291264
936175896263909377
936175969982992384
936176025351983104
936176939261464577
936177284859531264
936179536818995200
936180217550397440
936183030221279232
936187904036139013
936215817091534848
936219586650886144
936227346838949889
936228292209856513
936231446754230272
936232081352425472
936232640864292866
936235741734109187
936240550998630400
936250239748591616
936251412496994305
936251872196874240
936255196178599936
936259895892070400
936260910917799941
936263953868578816
936272412114669569
936274369906700289
936274484499230720
936282374706532354
936282761962369024
936282976715001856
936286092059381762
936286614845902848
936289440980488192
936289681335050246
936290493335556097
936290700555112448
936293566095163392
936293626883264512
936296058346459136
936297460913360896
936303609763041280
936305309735366656
936305785554067456
936306515165831168
936307220656066561
936307256731324418
936310081146191873
936310332804468737
936311224685547521
936311255983443968
936313083844333569
936313382474575873
936313679443832835
936315916710809602
936318340511031296
936329694127026178
936331255679012864
936333403582025728
936350093124538368
936366126686265344
936379599600074752
936380224618590208
936380604173701120
