1112575300754436096
1112583077400899584
1113056332066697217
1113102329308499968
1113259259184275456
1113436676586582017
1113464706705108993
1113563216209174530
1113585991699324937
1113673723121369088
1113676374756270081
1113676768165150720
1113692263216029697
1113837469592633345
1113996581353730051
1114028614935166977
1114379874054045696
1114534561227005953
1114584576201043969
1114619693875236866
1114761727231418369
1115156256086319104
1115214461583994880
1115278913981308929
1115307464075902977
1115405828046172160
1115461290607218688
1115854595534852098
1115885894689611776
1115910001049133056
1115912330104201222
1115955443350810625
1115984196156252164
1115996627234254848
1116007671692505088
1116031954602811392
1116070868512387076
1116072979081891842
1116140607607590914
1116164355781849089
1116335204036042754
1116484015840792577
1116529852029591553
1116529940558745601
1116703006756671488
1116960747219820546
1117096419897368577
1117292224654520325
1117327518921568256
1117339863160893440
1117370442157821958
1117382164406915074
1117393065789018117
1117416914194558977
1117424629214261248
1117455875944407041
1117571714630717447
1117663849644212226
1117689413931282432
1117712476332630018
1117758674917715968
1117872710057488384
1117911389908062208
1118063628496797696
1118127826081861632
1118130085972905985
1118158160127094785
1118234750194528261
1118262781986238464
1118764461446193152
1118780869999599616
1118877302476165120
1119004032910147586
1119011990381273089
1119253977001074688
1119974924591009793
1119978111431524352
1119998922695553025
1120014634986168320
1120036798112071680
1120217004709904386
1120253061899980800
1120337128741797888
1120372418332246017
1120377047187169280
1120403804749467651
1120418212410216449
1120421456071024641
1120422074705686535
1120692899681853441
1120776949813665797
1120777345256833024
1120780951544578048
1120897600142675968
1120963561881133061
1121046874180292608
1121092735107203073
1121148322344054784
1121148598228529154
1121156527111462914
1121161902556614656
1121188820341415941
1121236183516893184
1121270328678846464
1121277071416799234
1121308728353902593
1121352736237215744
1121495195533471745
1121495952869736448
1121512350480203777
1121519603706888208
1121548108180205569
1121555949842571264
1121581654647111680
1121610547944992768
1121629575430074368
1121648064320524288
1121688391722995712
1121718595736809473
1121762928166936576
1121876868234399747
1121881157321281537
1121939338164490240
1122090083992129536
1122204609458475008
1122382960483811329
1122411364310552576
1122511406010494978
1122597474823282700
1122741009153241088
1122785656135045120
1122787091325313024
1122793846234988545
1122811473238081537
1123098521769598976
1123171826878881792
1123189968405454849
1123223599664353280
1123260083402674182
