1068663950206734342
1068678010767908864
1068709814103085056
1068854079286362113
1068873638139621381
1068889986294927362
1068944285322674177
1068955953066926080
1069201012408373248
1069533636414906370
1069535063967096832
1069802781349896193
1070278088162832386
1070350120414339072
1070422957447622665
1070490565819711488
1070507475592339457
1070679667676459008
1070682242161221632
1070683862844534788
1070684650140504065
1070713923429556225
1070908172544675840
1071049435881398273
1071106944830705664
1071133317335056386
1071231388987215872
1071280208588759041
1071316225064648704
1071672698139537408
1071802745441710080
1071898152448315392
1071977170623434752
1072191849572564998
1072191939099938818
1072225959544348673
1072454320073965568
1072527741822664705
1072527845002539008
1072994439088476161
1073214086811435008
1073324691446743042
1073332050361409536
1073622034045943809
1073634142162731008
1073636041330999297
1074059226048270336
1074337365039214592
1074356005360861184
1074445550395772930
1074586017213104130
1074688973975343104
1074696057060249600
1074706544325885954
1074706581638471681
1074707037987078144
1074735962759065600
1074756563489972233
1074764765048770560
1074775792691892226
1074852850449178624
1074996652807737344
1075058994190970880
1075251287950807040
1075458243814674432
1075621981771493376
1075673125889683456
1075829463332589569
1075831119013208065
1075878877040443392
1075890653379354624
1075911720550453249
1076178625911709696
1076617144996118534
1076727935028084736
1076812558466801664
1076838709524193281
1076838908749467648
1076852408549019648
1076891689460133890
1076915219945840640
1076967092132433921
1077179012299005953
1077183050574979072
1077187178239791104
1077188556827828224
1077190008497491968
1077279034692853760
1077371282969280513
1077635373960970242
1077641903535988740
1077642003792441345
1077642127843250178
1077644727242113024
1077674134367363072
1077828654179250176
1077881978060529669
1077896557523984386
1077942111796834306
1077966731522568200
1077970636633387011
1077983011298258945
1078000592973369344
1078001520329875456
1078056186371547138
1078084658137628672
1078101218097020933
1078103441073991682
1078106869510692864
1078123571220762625
1078125772827750400
1078126979524767744
1078131892312989698
1078132515150409731
1078132554170023936
1078133522622226433
1078148622984724480
1078153464868413440
1078154613700939777
1078171859420622848
1078210060285693952
1078237650258137088
1078245436744454144
1078247432780173313
1078264668022550528
1078264994750517248
1078272830133936128
1078283728638672896
1078337586442133505
1078380391390691328
1078410320702566400
1078546155313790976
1078646901841502209
1078646957038555141
1078647853768159232
1078724739852570626
1078731070852530176
1078776092461359107
1078776238884429826
1078776238888681472
1078776238892822530
1078776238897025027
1078776238897090562
1078776238901284866
1078776238909607936
1078776238913789960
1078776238922260480
1078874972813213696
1078909762065104897
1078910812322975745
1078945825538142208
1078946030199160832
1078998895638859777
1079138013966450688
1079190795083747329
1079229730832953344
1079229758523752449
1079265496925536261
1079282408862769153
1079312699597582337
1079348572225765376
1079399171667447808
1079413046240530432
1079436270101647361
1079484422389403649
1079565990713847808
1079634628389097472
1079699643032834048
1079716036457439235
1079731964742156288
1079851438677938176
