925521431571640321
925522388003053568
925523817795063813
925525523618566144
925692781900828672
925743392046362624
925785553202794496
925830012837736448
925891084823261184
925982045028978693
926057472049086464
926063233307435008
926103980580704256
926137498098692096
926137878534676480
926145384208044032
926151952077152256
926156347728576513
926156386286821376
926172737781092352
926197713204666368
926337867948875778
926339259635613701
926339553241083904
926339638804938752
926340492341608449
926340675196428288
926433403720945664
926534850089283584
926536322810109954
926536892669194240
926537624654876673
926746016845651970
926752425012117511
926752510999543809
926753159829012480
926755766182092800
926757555493318656
926757704374280192
926801824660819968
926809609720938498
926958902603784193
927061312424857601
927064575576608768
927127754377658369
927179882446106627
927202375659655168
927248827576389633
927269498800893953
927281565427789824
927282060326326272
927282435544502273
927282947195011073
927283907510394880
927284860154150913
927285171182882816
927303138792673285
927310484700844033
927322932552130560
927474111198253061
927493627714134016
927585825256296449
927586180899643392
927675984895201280
927676534755938304
927677005159596032
927677226052718592
927677261083324416
927678576400457729
927678876544897025
927680945930620934
927733741987946496
927807575982211073
927827985490694144
927868908463202304
927869707465637890
927872937931051014
927873810749046784
927908298841624577
927922391690502146
928000069579796481
928067898215747585
928068104776835072
928073700783554561
928074336631754752
928076010645544960
928082641303326722
928121899246411776
928132000367697921
928136604023128064
928180222687629312
928231409172533251
928249236189339648
928249610329608193
928333677616095232
928365231759286272
928366841562464256
928381797586690048
928388117207412736
928388731362476032
928395479402057728
928409636054581248
928409820150906880
928409930888921088
928410862041284608
928410907322884097
928413963167072256
928415167314087936
928417877429968898
928429384079470592
928429533799346178
928434876503744513
928445737679106048
928447002677075968
928447959372615680
928451382356652033
928580981736525828
928663589401038849
928664097339723777
928698465865097216
928756075481976833
928924072859394048
928969946834587648
929039103307300864
929050229143474178
929247597159575552
929247612246532096
929353039021998081
929451182711549954
929470594441273344
929489247379312641
929505136233320448
929660719318093824
929679236322996224
929681038220992513
929691439252082689
929813482714927106
929814537422934016
929815909920886784
929816851017814017
929817307215552512
929819292949991427
929820063888113664
929824829850705921
929835420480708608
929836212344578048
929838128738775040
929852332321501185
929863686717657088
929868416655114241
930051891425431553
930083188516556800
930137266504306688
930146480534573056
930170910275002371
930171362399932416
930195896989601792
930198230041878530
930198913709232128
930199987362902017
930200161254551556
930202672522842112
930204583611322369
930210876946227203
930212680924844033
930221101392715776
930221512048631808
930227999340941312
930231605217468416
930242444112908288
930242471380049921
930260299680239616
930342041220984832
930563684501516288
930564390121869313
930564556618952704
930565348201521152
930565708647366662
930565916575916034
930566364439425025
930583215789588480
930602119513722885
930604779121897473
930605367171657728
930708403600678912
930740604128190464
930772881793052672
930816460213104640
930872685290295296
930917025853079552
930917839883599879
930922920444153856
930932147065643008
930934884696195072
930942218243846144
930944790379757569
930995509598326784
931079347875799040
931089728350359552
931097840541224963
931104591286022144
931122590600630272
931172488662437888
931178263392784386
931181596585201666
931321011085201413
931429697220726784
931560337937231872
931561535104847872
931561591836995586
931562826912681984
931563429428629505
931564093114408966
931568147861254149
931583138299547648
931596542854746112
931621509457686529
931739721323175936
931739951988989952
931753503357325312
931846211761405953
931880893215657985
932086855771836416
932086973195608064
932087362431135744
932109486734610432
932128002305150979
932142142570426369
932144221255069697
932186691925954561
932222553711677440
932307877540311046
932326204555874304
932343393656680451
932559192254238720
932610912145592320
932644048057327621
932774342311759872
932776819165560832
932792959279415296
932810820303638535
932863186176561152
933054763108896768
933055256774234116
933055718781014016
933062741199409152
933075459071295488
933081040008093697
933081776976572416
933081792059445250
933109785674657792
933114875877801985
933123400821825536
933199931325771776
933301072797536256
933333177262735361
933377093706100738
933383336747298817
933388203146477570
933407727627456512
933415518555566080
933420361294729216
933455858972971008
933456193221210114
933456705664487424
933456985420451841
933458325924171776
933458433273188354
933459691044208641
933460635865829381
933467434836688896
933490746769977344
933557680316256257
933560146990649344
933607576582934528
933650683139579904
933665708399001601
933759626801303552
933779715839741952
933782384276922368
933794345454571520
933798346522857473
933826121627521029
933827092436996101
933827274276851713
933828666915737600
933829270035750912
933945045677420544
933972226856144896
933973075372232704
933976739927248897
933977077971374080
933983342596444160
934029211291004928
934071447324065793
934158184280883203
934188648337215488
934212988717977602
934244525685592066
934244544979390465
934451638747754496
934461419440844800
934479550175576064
934493503354212353
934518834022764546
934535851450580992
934563374561681409
934579890086645760
934640660094881792
934721814009434112
934755997150740480
934756386377957376
934768358603583488
934785266253938688
934792080768909312
934792334096478208
934794012220735488
934794671569625088
934804346134347777
934835438535266305
934853021519024139
934853183792472066
934853493743128577
934854430758928390
934858994987995137
934937852122746881
934997611731456000
935112323005546500
935127315830452225
935168056912904192
935215648065470464
935221690551947265
935224448059433153
935224729904058369
935224859524763655
935225479019286529
935225595193065472
935226283499442178
935227348840013825
935227850067767296
935263170700201986
935267107478147074
935335899117715456
935368311856132096
935406979551518720
935505525537738752
935513685606486022
935555472182185985
935579456885874688
935595550853992448
935823146371993606
935831889822343168
935854045796950017
935865330987159553
935910082977525760
936090365458898945
936093636185423872
936157171095560192
936161015179436032
936249889956204545
936273149875838976
936283146169044997
936284790780674048
936350403112919040
