969009269923196928
969016375833395200
969019148268339200
969022003750555649
969023016637206529
969023055250034692
969045160465260545
969052577265528832
969054184090763264
969060244050665472
969080802410618881
969083779544485889
969089899017244672
969098691553513473
969102067947143168
969107096515031040
969107648888131584
969114655904927744
969120126950936576
969121795436699649
969123378366959616
969127337790005248
969131202874630144
969145314610438144
969145988605673473
969147042638548992
969149305041969152
969150250886639616
969153359679762432
969154584420724738
969164763560402946
969166083092615168
969166629622906880
969170499304673280
969172919384465408
969180457005961217
969181366746341376
969183623076286464
969189094722101248
969207516101074945
969209250470916096
969209458915250176
969210328956456960
969211511599259648
969216908208742400
969217907086553089
969218177614974976
969236773082750977
969236936627048448
969238212970471425
969248421059194882
969249601759989760
969250680555925505
969256884350963714
969258818319286274
969259972184985601
969260256156057600
969263118735020033
969272684264779781
969275291037204480
969275652150059008
969276114387562496
969279078506352640
969280335539310592
969284086903820288
969297124050591744
969306835160354816
969312434119958528
969312715960406025
969319522481172480
969322929300307974
969326569759105024
969335744362897408
969337511431557120
969344082249179136
969345851834462209
969346834534686721
969355643323895809
969355878510993408
969364340129259520
969378420567113728
969388257925586944
969397258457403392
969436134613938176
969437026406879232
969444926047088641
969454078718873600
969461359472672768
969469220969943040
969483485802004480
969488595307450368
969491255758671872
969492153327071232
969492620153106432
969497176857563136
969497592496361473
969497670120280064
969505389313253376
969506107797499905
969514842343313408
969515594050613255
969516860306788355
969517580477190144
969517675096498178
969517940755369984
969518860993998848
969522107355889665
969527021331238914
969532951749976064
969534654201122817
969541019820847105
969543696315289600
969543927953989633
969545756729323521
969546160863170560
969546218337656834
969548506535997441
969550801453633536
969558127199866881
969560492804136965
969561227209990144
969563563466600449
969565655149285376
969567929716084736
969568385238409217
969573864257851397
969576013419204608
969577423200235520
969582621180252161
969582623617110017
969583195304923137
969583264510996482
969599363940044802
969600990168035328
969602729088712705
969606507246555136
969607788199600129
969612958950154240
969616657541976064
969616688911147011
969617726166786048
969619284354850816
969626607630606337
969629049105649667
969637240199614469
969637995157577728
969638764015423495
969642516621512709
969644331895312384
969653692751376389
969653885714468865
969658712901210112
969666147326091264
969674788871589888
969674966701629441
969675001933828096
969677319290855425
969678673178775552
969686113702080513
969686284171177989
969686524496416770
969700408921853957
969702298137059329
969708921488252928
969713012360777728
969713436404977665
969713655796371456
969725839414824960
969726393889193984
969741667006853121
969741865418452993
969747690874695680
969815665023602689
969829514636349441
969844831395524608
969852474654945280
969857852612497408
969860323875356673
969863384895193088
969867633712656385
969867720178192384
969869913849516033
969871708072173568
969880392378605568
969890215832760320
969896164517654528
969897311794089984
969897433009401856
969898687915753472
969899302989586432
969900742290169862
969910747789750272
969911221582532608
969911237269164032
969911655869100032
969920355287564289
969926713693089794
969929760171180032
969932160558944257
969947574202286080
969947729404178432
969954111461486598
969969725848653824
969972712818044928
969973977610375179
969977285809004544
969979058753802240
969982192553201665
969982389979054080
969983150435782656
969984561680658432
969986244141776896
969986489370234882
969986614968582144
969986946972966912
969987872186077184
969988992140828673
969992188976386050
969992749377351680
969996010863947776
970001024755945472
970001690924605440
970002046056353794
970003373545029633
970004077781413889
970007384163840000
970007508562653185
970007618621267970
970011041173327873
970012612850339841
970017441383419904
970017852278308864
970021214885425154
970022323519721475
970025828611391489
970025900732534784
970025908726792192
970026089912373250
970027341081591808
970027700936159232
970029760003952641
970030840792211456
970031992568991744
970035340038852609
970035793870893056
970042519852642304
970044316277264384
970044965937209344
970045741073862661
970049745766047746
970052991322673152
970053758897016832
970055316674052096
970056369431818242
970062613475405824
970067527102615553
970068321109532672
970070193870397440
970071702951559169
970072283443355648
970080602853691393
970081583469416448
970082434082623488
970082489460019200
970082627037298688
970093918602874880
970095147865268224
970097954622189569
970098809509363712
970103688319651840
970106792075321344
970127941018537989
970133230484709379
970163232756379654
970164996876525569
970170309381795840
970194153564000256
970199080193478656
970211200272302080
970217437428936704
970218653336645632
970221115577700352
970221315461349376
970225266931961857
970234725502738438
970235157100814336
970236058871975937
970252518587555845
970254009088004096
970254832975122432
970256925802758144
970257650737926145
970257834440093697
970260581268770816
970264589945450496
970265106205630465
970265791441588225
970267355497590784
970275819628257281
970278909953630208
970281882893144065
970282005807104000
970288136193527808
970290683381764096
970301838980517889
970302458051231744
970310116439412736
970312446387871745
970315443637452800
970316551764283394
970318033959997442
970322063893426176
970327329422573569
970327984577003520
970328217356767232
970331464595312643
970331809392275457
970331959963652097
970339633413414913
970345759223754753
970347458755809282
970347769541033986
970348177219117056
970352994389778432
970359412551536640
970359542121889794
970359893168476166
970362913084133381
970366980720128002
970368500299640832
970371019834785792
970374256574988288
970374448665841665
970374994361552896
970378479408697346
970394675327750144
970396900758380544
970403403213037568
970403518313099265
970404568797536257
970405751587069957
970407431841906688
970407687694450688
970408607492771841
970412760269025282
970427559451283456
970428620660465668
970431793680846849
970432082164973568
970433865998393346
970439017043865600
970441011427147776
970481607734956032
970482541768691714
970484459823943680
970509622816722944
970510882580127745
970525940626415617
970528079314542592
970536516563939328
970542204052738048
970545489883156480
970547958621114369
970558421740244992
970562922660458496
970564297976942592
970564854124892160
970571553275596800
970577777614258178
970584111449591808
970585177641582592
970589976604938240
970608876923052033
970610413074251776
970611074121764864
970615820396257280
970617613435928576
970637726751100928
970643369830572032
970649754525892608
970652499127521282
970662103274045440
970669905518497792
970670832862351360
970673435096551424
970684244262572032
970687513168838656
970689800629051392
970701871131365377
970705509639532544
970723115704647680
970723859820433410
970724386570424321
970724556859215872
970727463511908352
970728263806046208
970728626583998466
970730355920646144
970730647399665666
970732823199043584
970736196891668481
970738116314189826
970738941224632320
970741130261229568
970741187127758848
970744824944054272
970745449438203904
970745461706493955
970747878879711232
970749346059710465
970751946511519745
970772478451765249
970779806341136386
970782250785755138
970788085914112000
970788400033947654
970800327825022976
970801710686986240
970802115860926464
970802667822882816
970804590219354113
970809775486316547
970816355132899330
970817473703497728
970819351073845248
970825778010173440
970826203744669696
970830460665384960
970831287211655168
970886693552316416
970905047432351746
970905710950256640
970909342819110913
970927056178565120
970932914807558147
970934470470717441
970941480406781952
970956201969307648
970958834243170304
970960072053547008
970961465824960512
970966486545289217
970967816869502976
970977871454965766
970977939377487873
970979883047444480
970987354478600192
970988915476885504
970989578562822144
970990856152010752
970991079301492736
970992488260558848
970993804764438528
970993905004175360
971000229611876352
971005886515830784
971005901074288640
971006960626741248
971013988598341632
971031490988474373
971033443592261633
971035086777999362
971037176782884865
971046726823006209
971053520660127744
971053948550381569
971055189473054720
971055614981001217
971058025023844352
971067123731714048
971070267333242881
971072874089013248
971078175299198977
971084598863171584
971090938981470210
971098632169631746
971098712754868224
971100823265644544
971105874482786305
971107365138386944
971107910381195266
971109315078754306
971113195611009024
971128714124722178
971136424941637632
971138893235007489
971140599574384641
971140840713318400
971141249376829440
971146095324794880
971146223477575681
971146658196152321
971150981747691520
971156136064880640
971157415734464514
971158744699518976
971159401355776000
971160819835817984
971160827406508033
971160935850299393
971162248013144066
971168815869341696
971171831569899521
971172352833785857
971172596631814144
971189411592462337
971191354721210368
971193771156221958
971195309631180801
971196349386575872
971203113104429057
971204297601019904
971207837178368000
971222189222572032
971224288475918336
971227154020290561
971234226048729088
971245306552750080
971246471327703041
971247865925373952
971249083951169536
971285384817758211
971290047189315584
971291225780350976
971292380476465152
971293151532142592
971295204929044481
971296899448950787
971298487383019520
971299074577256454
971299438231801857
971303335159586816
971304029325283329
971308948409212928
971309230283280385
971309401805123585
971309446281428992
971309679040258048
971322756284518401
971324340674420736
971324658158129152
971328352920506368
971328612132704257
971331192497868800
971339493000101890
971341269707509760
971342064297357313
971342629106601984
971345045411581952
971345151556751360
971353032792436736
971364176479256576
971370215731802112
971370535899852801
971379063507079169
971380704977158145
971383498404745216
971392989246513154
971395098163466242
971398222919929856
971399034505236480
971401758282051586
971402850898268162
971403681814994944
971406619002134529
971407240954548227
971415187201896449
971417632472797186
971418348838899712
971421163380502530
971430579060334592
971430980417474560
971434360179175424
971434827449815041
971436386481004545
971438034267893765
971444031195664384
971446260673769473
971448473286569984
971451534205771777
971452053431226369
971454947077345280
971456603865190400
971457181001441280
971460023032434688
971468869243166721
971469880091381761
971472043911864320
971472941912412161
971474568455041025
971477120718376960
971480065765789696
971480289066307591
971480944648556544
971481154372202502
971485060091334656
971486699216887813
971488632828846081
971489319016914945
971493374464315392
971496230781177856
971497012192530434
971497537306800128
971497928228524032
971498171909181441
971503217262714881
971504186109067264
971504940282728448
971507903122345985
971509415567413249
971512173351579648
971512522711928833
971514492780797952
971517264812965888
971525856421203969
971529026476142592
971529427820531712
971530885827842050
971531649191174144
971533209853878272
971543330722058240
971551577155801090
971559277742772224
971559290493382656
971560673707773953
971562661451362305
971562679889547264
971585849241604097
971603004779630592
971615243314057217
971633155521171456
971634046408290304
971634117292052480
971634475070312448
971635411209637888
971656771986231296
971657799766761473
971658749583810560
971683155383083008
971690465237102592
971702070033072128
971715513603821568
971740249096380416
971744256766472192
971744621230542848
971746502388436992
971747374384209922
971748319457366017
971748631593308160
971748999890956289
971749275842510849
971749590654443520
971749865515515904
971750526651072513
971752424330481664
971753152889413632
971754790769356801
971756197111091200
971757083363282948
971757235733958656
971765439239020544
971767736480256000
971778927713767425
971779672202792960
971784014486016000
971784290538311680
971786525691260936
971787153586913280
971787166593449986
971787691229622273
971789227250905091
971792149409927169
971797662428291072
971798703009910786
971800321625292800
971801047621619712
971803559615455232
971805294417403906
971805296900300801
971805618012147712
971809724516720641
971810761638137858
971811024646098951
971814410682556416
971814556640206850
971815647192735744
971820555740549120
971821020897337344
971823011132334082
971823865486815234
971829241343021056
971830915281444865
971831002946506752
971832741900816384
971839089560473601
971853208011329540
971865395819896834
971867454359179270
971868534006525954
971869532875878400
971872188482670592
971873317576732672
971876195737460736
971886167259041792
971886699927269376
971895492757082118
971895913051500547
971897346127736832
971901167373635584
971913859735973888
971936714901114881
971947112597467136
971947291933261824
972008305836068864
972012701848186880
972030491602845697
972032766996111360
972034281009827840
972037797870755841
972055719489961984
972056982382436352
972060006366502913
972066333612544001
972069583774535688
972072538351206400
972073000269963265
972073158969872384
972073434963435520
972074371970891776
972075221741178882
972077926668734465
972084474371551233
972086155469639680
972087498880049152
972095105262870528
972096339633819648
972097162980024320
972099944277520386
972101731013353473
972102064871493634
972107751508905984
972107782953537536
972109462373847041
972125333184040960
972126312847626246
972127900936953856
972130436381061120
972133510059261954
972135438264741889
972138970149634049
972138978949218304
972140413179039744
972144481863700484
972145222997114880
972150924725702656
972151314762301445
972152044630020097
972164188800999425
972164205599182854
972164741065052160
972169246296993792
972176393164541953
972196298735538176
972199371872833536
972205284583190528
972210151250976768
972211078229823488
972217245475770368
972230602266152961
972236013732016128
972242399169777665
972244319292846081
972251163566383104
972256460989083648
972264329922801664
972265093688852480
972267312064749569
972268071711858688
972291207278878726
972299645958443008
972366448055091200
972369273929773056
972386483549233152
972396642145103873
972406367066689536
972417203470524416
972417424426459136
972424181508911106
972426639002030081
972427661124489216
972429614994911233
972430845637218304
972431126487797767
972434411043115008
972434827512369152
972435568499023872
972435844639453186
972446108944347136
972450352762155009
972458335638351872
972458872639287297
972460556660690945
972461627407765504
972461843896852480
972464243433000960
972465747938238464
972467765805240320
972471726079729665
972475138783326208
972475422956052480
972491549195034624
972503898148753408
972505378599600129
972506389254991873
972509904064958464
972513396062146560
972517683475484674
972531761665269760
972534928771567622
972535054458150912
972535230950240256
972536273910026240
972536754682171399
972537586710401025
972540112092499973
972540289536667649
972544315284127746
972545550439641088
972547412278611968
972551458116775936
972551632587239424
972552835111022597
972553155031511041
972554687319826434
972554824872054785
972563877463502848
972565642854494208
972569710893072384
972581073673773056
972586747749130240
972608105543499777
972612780082769925
972612858130378752
972619430990630913
972629039163854848
972631007663919105
972631606644142082
972634076439040006
972635600875671552
972655700827688960
972688576612839424
972708910187589634
972711360923619328
972718895986593792
972726355547820032
972726688575639552
972734710635024385
972743472099729408
972751382569680896
972761632769282048
972761665723863041
972762238263099392
972768137539092480
972772544511176704
972779366517223424
972780087383871488
972781861704491013
972782541211164674
972782984519614464
972783419473227776
972785246453272576
972796369403596801
972796616427167744
972798352881528833
972798444342534144
972803169221795840
972803213685641217
972811557410353153
972816572514471936
972823711249297408
972824257339289600
972825244661702658
972828970067681286
972831777579524096
972833226015289344
972835094980374529
972836098274623488
972839105183866880
972839289309548544
972842052093464576
972851165774929920
972851301750013953
972858216110583810
972860637037649920
972861582014283778
972863009747099650
972865619476533248
972866140409036800
972866866405347329
972879027299024896
972879637641678849
972881509597237249
972895311726301184
972895499694104576
972895514781011969
972897468059922433
972900446422601734
972901469837037568
972908252890583040
972911103314456577
972912057552027648
972912617873428482
972913119952560128
972913789346738177
972919785947385856
972920454959845377
972920943592067073
972930220561977344
972930559017193473
972937571067195392
972944113355149312
972947787536064512
972947823636426752
972953364735524864
972954526109126657
972962065374642176
972979279708516352
972979681459814400
972982276480004096
972987960177065984
973004813716901889
973014742078980096
973051058145644544
973061284160835584
973080688693047296
973083668754214913
973084232896696321
973092040564240384
973099601640255489
973100062590029825
973102240713068544
973103270406295552
973104396140720128
973105342367305728
973105712741212160
973109891517861888
973110298793066497
973114830340149248
973115937200246784
973118197099630592
973120748385718272
973134733117919232
973145029744132096
973146821542506497
973148372810063872
973153776549990401
973165285686566912
973172555673726977
973175560921927680
973179309782421504
973182231106801666
973192726094209025
973205197429362688
973208677015572481
973212703580880897
973214518443732992
973216605458108416
973224045381603328
973228685162672128
973230589376630786
973231251208450048
973232860990722049
973233497677664258
973234015670034432
973238865963122688
973242607945043968
973251150441938944
973251664890290176
973255772787396608
973258446635261953
973260882687025152
973266066418827267
973267683767652352
973267986122526721
973268263009386502
973269424819056640
973270961419182080
973277201473957888
973277696393404418
973280006540587008
973283893078982656
973288198523809793
973305562539659264
973306587988353024
973307475545022464
973312725135872000
973320815692394496
973333884959121409
973336353671806976
973336978690277376
973345630272684033
973360033101729792
973361364818386945
973363123490033664
973389575686115328
973413560423415808
973423122581020672
973430957528305664
973431427713912833
973444409508421632
973451090241843200
973457382083710977
973467335876104193
973467875393622016
973471980744658944
973476858732924928
973479760360861696
973482164976259072
973487007690362880
973492938008248320
973493745000820737
973497273257807873
973497455705694208
973505458450419712
973506456250212353
973511769619685376
973513675905601536
973514938839859200
973515872873664512
973516213061111808
973517680199204864
973519399876530177
973523217536225280
973524816807555072
973526075820167168
973526925355479045
973529529145753601
973530679207014400
973533033872666624
973533799748431872
973534027931058176
973534170126438400
973534995154460672
973537307046400000
973541386405507074
973543933631520768
973544857615544320
973546992512262144
973558984882950144
973559309664772096
973560787607449601
973562076940599296
973563180034265088
973564529354342400
973565192452890624
973565916389797888
973566480544620544
973567824819089409
973568034102218752
973573809449197568
973574554944720900
973580428694163457
973580679098253313
973583905407283200
973585254664450050
973587471320707072
973588473780363267
973590246716735490
973592069695471616
973594168806313985
973595225749942274
973598712902639616
973600193512919042
973600725321338880
973600773585227777
973603244655153153
973607213917986817
973609917994201094
973611976143360000
973612619142713344
973612753783947266
973613442455175168
973614552301613057
973614602608107520
973616737114558464
973619958751035397
973620573837328384
973620792574595077
973622419104714752
973622897259532288
973623458881048576
973623940806529024
973624503896018945
973625353871790080
973627414940143621
973628512174211072
973629360698781696
973630275459698688
973631962437963776
973635756987215872
973642274113540097
973647614729076737
973647706173394946
973659003942252544
973661599385964546
973662075854688257
973662397536882688
973662430684426240
973665240851402752
973675652925788165
973679691663073280
973692464426086400
973698885049724929
973699555320573953
973706669665542144
973709268904914944
973718778654621696
973724974035931137
973727517491200000
973730796166090752
973758940344352770
973782387342667778
973830801375850497
973838432488378368
973839780134965251
973839852239278080
973843240821690369
973848971918573569
973851535502446597
973852487169003520
973862844159725568
973868100910305280
973868844547825664
973869393162752000
973873112663183360
973876922269790208
973876981904310273
973880596547108864
973886007371272192
973891017714827265
973894329705123842
973902243320795136
973902429111640069
973902532778119169
973902565493624832
973903298188079110
973904562401759232
973906209064579072
973909651786956800
973909916867006464
973909926501285890
973910884891447297
973917225009799168
973918621687779333
973925182447513601
973932741493485568
973932974189240322
973933390704578560
973934032013557760
973936144009199621
973936342227972097
973936884111077377
973937695721476102
973938570644901888
973941991535935489
973944305952919557
973945872106049537
973946415671140353
973950671207653377
973953522495639556
973961847366914048
973967087294181376
973967091517796352
973979032021762048
973979794361610240
973981048869662724
973983681357467648
973985428595453953
973987690130616320
973989503785406465
973991758194454529
973991830349066253
973997529909088258
973998091597737984
974003373920931841
974005089949179905
974007477623840772
974014396124028929
974015687986434049
974020182166396929
974022988591976449
974024045959307265
974026630485209088
974027187505557504
974031396896419840
974038821250719744
974039863950561281
974049762692313089
974051772636397568
974057821863104513
974060652682620928
974063708119891968
974065076310364160
974067919620419584
974071720364552193
974076927739924480
974090414541197313
974096854060290049
974142972940967936
974157635791589381
974162951228870656
974173249507659776
974178575866740737
974209515963940865
974210729388716032
974214223680155648
974219413284118528
974226046244487170
974227664335724544
974230635127635968
974238887089528832
974245813646962689
974247237021614080
974260543476428801
974263202639998977
974268948022808576
974273840984592384
974274170770149376
974276413032411137
974277667020263424
974282813108375552
974291683641880576
974294740903620608
974304283347898368
974309603310755840
974311865819025409
974313694095118336
974325769915830274
974327955609571328
974345924381114368
974346806862712832
974347147188559874
974359053399969797
974361513787101184
974365627967303681
974369029577170944
974369390669058049
974374364270481408
974380223335628800
974394288497971200
974399012127367169
974409620788621312
974409849370038272
974413466856493057
974416931016101888
974417012809256961
974418708566282240
974423516924715008
974427381988515840
974430066145767424
974441856925913088
974445856618373120
974493690973614080
974500688758738944
974537249688702977
974553544123588608
974554335152545792
974558171690921984
974558801683628033
974564561301966850
974570095866507265
974572030954823680
974574345753264131
974574777770835968
974577247792324609
974580215295959040
974583256157966336
974583543027372032
974584506069012480
974584524926603264
974586178757263360
974588085345320960
974589004443279360
974589106872229888
974590705669758977
974592707598397442
974601248438734848
974607391009406976
974608478584090624
974611024547581954
974623585628237826
974627122282147840
974639066800062464
974642717945942016
974648225503371265
974654021179817984
974657764604678144
974664837883224065
974667743642423297
974669741850857472
974679333452288001
974679641687552000
974707938970554368
974710870096871426
974711332418342913
974712601765654528
974722037708140544
974737149743558665
974739647493562368
974741950141263872
974750379052322817
974754104009543680
974760466135310337
974761746446671873
974762577283739648
974762734599524352
974776257874419714
974783661261443075
974793711795167232
974797709243662336
974857905995366400
974860164519129088
974875176268595200
974886058067464192
974908402353737728
974919264779100160
974928882758537217
974935923279441922
974944524614164481
974945823950802944
974951638929739776
974952226119700485
974963997031137280
974973609130254341
974980879717158913
974988015289368576
974989556276744193
974991783863209985
974993039230939142
974998905816535042
974999148654145536
975004376015278087
975008858589581312
975011754228043776
975013038951723009
975020608797978625
975021427102572544
975023271849623552
975024824086130688
975040010830450694
975043153471426567
975043226322300930
975043368802766848
975043948841488384
975045581700829185
975046877329666048
975055336792043520
975057569428459521
975058666687787009
975059790358605824
975060383399542784
975063039631380487
975063055187968000
975064142351650817
975066553908649985
975070694240382977
975072305503244291
975073489341374464
975074403603054592
975074519454019589
975076248132161536
975076728874905600
975077253276229633
975077403050508288
975077582155763712
975080400702853120
975081832634044416
975085702319878151
975087822095908864
975091197252460545
975092534430126081
975092714541895680
975095186069032960
975095641121738753
975099136264605696
975108840944553984
975113262256807937
975113272717402114
975115388345307136
975118799983861763
975124108529807361
975129775659470848
975132186528698368
975134065157378048
975136138829680640
975138542165819393
975138677268582400
975139863354859521
975143816410882048
975147210676424704
975147983107969030
975154330780094464
975154892376440834
975171996328845312
975175102219345920
975198712388575233
975200221473968129
975221551195926528
975235733416914944
975237664474521600
975238620763377665
975247090736648192
975287989411766272
975301370910789632
975304538017161219
975313154799435776
975320074998267904
975322857474576384
975326026585821185
975334683339837440
975361299835183105
975363132855070720
975373501631746048
975375283774779392
975378445021704193
975378817048039424
975380272706400258
975382114232397827
975384224764178432
975386856677404674
975386880614260736
975387037451898880
975391608639246338
975395573732986880
975396864735444993
975402156877529089
975406775875833856
975408122218143749
975409049272496128
975414154059186176
975417605556228096
975423570716348417
975427748654190592
975432285150498816
975435398515216384
975437386602762243
975438277175140352
975438963392565249
975439097174077440
975444003230543873
975444349919080449
975444740182331392
975445602057314307
975446216183083008
975449803952934913
975449850929143810
975453135941570562
975454585488887809
975454903421333505
975455155054313472
975456691021058048
975457924565880832
975460151741370368
975461355514888192
975462910314057734
975464849777012738
975465163229982721
975468373877370880
975469494956158976
975472950257340417
975473356685414400
975477152073297922
975482581218152450
975486448337113088
975492784533725185
975492926074773505
975499622792810501
975499909817348096
975500289540227072
975501556249481217
975502054947827713
975502187479601158
975502898829381633
975510851632418816
975514446599729157
975517497121280000
975524229251727366
975525815248211968
975525964125036545
975526723751235584
975529875405705216
975530072764551168
975551391577071616
975551812395831296
975591637802926081
975594355607171072
975599386691620865
975607355856470016
975611079593086980
975618656595070976
975619372982161408
975625158156222464
975627295040983040
975628337862332416
975629297103917056
975630787767930881
975643932720812032
975646812928344064
975650187782819840
975653842175086592
975658510569664512
975665137041330176
975665205802930176
975665586079399936
975665910865383425
975669363213852672
975676358746673152
975678145645948929
975680551091830784
975683584416735232
975687378940694528
975687445554614273
975688424203128833
975688637701677058
975689728229105665
975691784708874240
975694907334676485
975698152048267266
975698540457529345
975702194937892864
975703293430259712
975703540495732737
975703985498869762
975708838740611073
975710347440087040
975711116088303617
975725162946551809
975731378619895808
975732907732955136
975737425002729472
975744140934897665
975746198236749824
975748812550664198
975754989917364224
975756557760843776
975760997825892357
975778084862545921
975778993508110341
975781195941335040
975785538710941696
975791534430932993
975791724453916672
975792917339140096
975794142503690240
975794452441726977
975794993095938048
975799077689491457
975800754807156736
975809975162417155
975813281536409600
975814707599872000
975818073495277568
975819495381008384
975823970716012544
975829786537938944
975840856962936833
975859402166153216
975866765589827585
975868262117408769
975873310100779018
975873335983837184
975894623334756352
975898135724687362
975907201192726529
975919081978294272
975932332204023808
975938591800127488
975949117812826112
975956804743114752
975977730129956864
975989506473185280
975994441486995456
975995247607140352
976016742156816384
976027059746197504
976029550747570176
976030210071105536
976032759364882432
976036884475449344
976037254417149953
976048240545103873
976049026557796352
976050457679482881
976057075439726592
976058559925489666
976062160613855238
976064851670896640
976065992114794498
976071326845886464
976074220009639936
976075108447113218
976077236775407616
976078501609660416
976082882530889728
976083211804663809
976088369976545280
976089052398211073
976093651423162369
976095431519285249
976097484614270976
976099034002796544
976100224753111045
976101687986413569
976101886104342528
976102453610532864
976104977314795520
976105178230394880
976111595985268738
976115113739550720
976115737373954048
976120535255044096
976126659765129218
976127087189905408
976138217203404802
976141504254304257
976158037865123840
976159118653362177
976164156431794178
976172003542564869
976176124471455744
976178086147313664
976178093252476928
976182174763376646
976186675083776002
976194180962799617
976195016031916032
976196424890163200
976197815880900608
976198008646848513
976198951144599552
976200036240515072
976201680789307392
976201716017201152
976201893000163332
976207527754035200
976207793962278912
976224771661860869
976234871134834688
976236251803213826
976257548058873858
976292843156226054
976300002795376640
976311530420662273
976314678682013696
976316942368768000
976322510710026241
976326285986336768
976327589164933120
976330536514830338
976348934418370562
976354543243071489
976355092466159617
976357906437296129
976360260720934913
976373867844382721
976374376512868352
976374519651848192
976377386043367424
976382919190241280
976384774410526720
976384955931611136
976394769155969029
976398014486122497
976398454435008512
976402100572782592
976404184147906560
976409573555916800
976418685245157376
976426121322516486
976434673474834432
976435562700791808
976438119607275520
976438169888612353
976440942759727104
976446178937180160
976447115911221248
976460315805306880
976462234707734528
976462819418832896
976465206367924224
976471226657976321
976472402975707136
976482228967526400
976484748058152970
976485630900236288
976488029702557697
976488276747079685
976510273774288897
976510432323293185
976510625663856642
976518952204623872
976520601249644546
976521425564643328
976525841759948802
976532169286995976
976532356768174080
976540343574425600
976551683684818945
976559030926798849
976559488055595010
976564741811396615
976565133769048066
976569063630692352
976570874328440834
976573732742467584
976575309796474881
976575470031507456
976577424141021184
976584100650864641
976584992334770176
976585363551608833
976586199015088128
976586413813714949
976590302168231936
976590315770597376
976593696295563264
976594954251390978
976606529276100608
976620842330263552
976624573151088640
976624641535021057
976658815037960194
976688673029681152
976702545702871040
976707547414413312
976716750787088385
976718832713781248
976726422202081280
976730199571144704
976731854635225088
976739246248775680
976752272951582722
976752368552472576
976752908380274688
976756138044723200
976762423561637888
976763279459651584
976764170933698560
976765286165594118
976770055110316032
976775953224519680
976776870845968384
976777743336726528
976778592196710402
976779622733041664
976782606556639232
976785081665839104
976787787209994240
976788615748517890
976789769178046464
976793115385352193
976793369648168960
976795974663397376
976797131855028224
976797327737450496
976797435124224000
976797706399166464
976801754942771200
976805319987859456
976805750331904000
976806379049582592
976807369308073989
976809077237080072
976811412348694529
976822099691044865
976825832223232001
976826236990377984
976829250148843521
976829616861130752
976830067207757825
976830298313969664
976830533614407680
976834073170792450
976834076874244096
976842483199041538
976843222638125056
976848916409929729
976849938574401538
976850559323070465
976860903818788864
976861195654324225
976862023815442437
976862273183649794
976866015324852224
976866216223657984
976866222670340097
976870509592875008
976871941033340928
976872115545747458
976873049164320769
976873546621349893
976874533545267201
976877813474254849
976878024481222656
976878761395326976
976883427852025858
976886376091222017
976886525479800832
976887181057937408
976889095342493702
976889478966071296
976892266634797062
976895720228839425
976896737464979456
976899089915961344
976900786528636928
976904895117840387
976905417048625153
976905574339219459
976905774411763712
976911692578934785
976918711289466880
976919535730216960
976919942342754304
976922385948528640
976926387293614081
976927809179398145
976928198813503489
976930326055354368
976930825282506753
976934255812063232
976936914602340352
976942541256974336
976943454776414209
976944879141052423
976945446626217987
976946194487369729
976946728418111489
976948334001827845
976949425359802368
976952614704345089
976953387278393345
976960885871738881
976978794711011330
976984947339743232
976995678483181569
977030276877570049
977033715359592450
977061560068853760
977082072757080065
977088418286010368
977099862343847936
977103278499614720
977104917868490752
977108746374729728
977111175321223169
977113835357327360
977117240318447616
977123906309054464
977130007771406336
977141826472857606
977142244225486848
977142946779811842
977155330466631681
977164213159366656
977166766030905344
977171616512831490
977194195936071680
977199040755650560
977201604456837122
977203202675433472
977203618838450176
977203761323102209
977204435276521473
977205046382415874
977207864547782658
977211004282130432
977212508057604097
977217284111466496
977218138021474306
977218580973608962
977218971052232705
977218995249172480
977219028912664577
977219775528161280
977219804099743744
977219859384885248
977229242055438336
977229641789317120
977230395308675074
977231573232824321
977231801411399680
977233105852469248
977239184644759552
977246220757471234
977248829442547718
977257335931506689
977263108145188864
977273898378104832
977276640618274816
977279978869084162
977282649382375433
977283283557011456
977288995775373312
977311332054728705
977315880873922560
977316233610743808
977319157338443776
977319948073734144
977320513050693633
977325986156109826
977326622318587904
977326671132090368
977326788815683584
977339010254176256
977340087863144448
977340467447607296
977344181071835136
977347336031653897
977418067125862400
977431097129734144
977462186556755968
977473809421864960
977475874705506304
977475911997157377
977481203946319872
977497355795795968
977503683557683202
977512029954170885
977512569383653377
977513192774651904
977515631242305538
977520351918870529
977520513777061888
977524970690695168
977525490377510912
977526343494787072
977532213674823682
977533844038578176
977534245114695680
977535259746226176
977535313005416448
977535319712165889
977536472717910022
977536760870731776
977537381220876288
977542081362178048
977542472850198528
977551570635194377
977553077959036928
977554672222433287
977556084889194497
977557422842826756
977559824924889089
977566708209725440
977566889403613184
977567810040860672
977581095909765121
977581762560888832
977584827615629312
977586070798962689
977591939053780992
977595952172281856
977597341652979714
977597482833207296
977598873064624130
977600636752625664
977600753773826049
977601830451544064
977602930214948869
977605368086921216
977605628393852935
977607947860799489
977610780328759296
977610846640754688
977611636734382080
977613912161038336
977613983871008768
977614149990670336
977614168009437184
977614358334312450
977614720420196353
977615087811821570
977615193093103616
977619977950973952
977620096653852672
977621085255622657
977625659978780672
977627239142445056
977628390881742850
977628447488045056
977630289240510464
977633080147095552
977639153079795712
977641768228401152
977644985230258176
977646291344904193
977655901355216896
977658151989399554
977659906496106496
977661539749679107
977665658975596544
977670193441722368
977674291348213761
977680891853107200
977688572038991874
977694047715430402
977703332218396672
977708926165712898
977730320463212545
977769338374705152
977769349296656384
977770187960324096
977770279991734272
977779444973785088
977787715310665729
977794711850135554
977798820565221376
977813492244930560
977816483198898176
977819605451378688
977821102381699072
977826103271321601
977840332028203009
977846839495012352
977874861187006465
977883089165864962
977883104688865281
977885237509226496
977892104121737216
977896991190585344
977903236920340480
977906025029406721
977907454297088006
977913411039301634
977914231055175680
977915508317085696
977919067892928513
977923854717865984
977930606460862464
977937653281812481
977949308023640064
977950553295806465
977951670666760192
977951912657063936
977961460142891008
977964582823170053
977965451446751234
977965496741122053
977966591903260672
977968064384745477
977969420969574400
977973624584974336
977975407071854595
977975873872769029
977977498754568192
977983460957618176
977984260589129728
977987752590442497
977988601911930881
977990441013579776
977992259768651776
977992323119374337
977993766777819136
977994456325677056
977999210581757953
978005357036560384
978010161473314816
978017463764967424
978022621081161728
978026097752334338
978028288009539586
978029454030262272
978030809214062593
978041023581564928
978042150200991745
978052062167601152
978056677579739136
978058179954212865
978074159434510336
978122324720455680
978134568124538885
978136488478113792
978149868744073218
978151876536479744
978155554945339392
978158578598076416
978161098045222912
978167449987305472
978173570730876928
978181000114196480
978191079441928192
978194280962580480
978199151367385088
978199429462315008
978204180778246146
978208521035702273
978215788070006785
978217638336884736
978226220566491136
978239616758231040
978244001076776962
978248594649223169
978252553665249281
978260185625038848
978260636529504256
978262034474299393
978265865132085248
978274946634932225
978279124568543233
978288514386206720
978290674842947584
978291853471690752
978294921093439488
978303171939446784
978303296795529218
978312959662411776
978313244979982341
978313660065107968
978315824762179586
978323198742708224
978336538525425666
978336876393353218
978338036948852737
978338172848525312
978338586809466881
978339917666377728
978344426132131841
978344866924068864
978356139564953602
978363708194869249
978366433636872192
978368530356801536
978389170543570944
978390540826939392
978406487126102016
978407295783751680
978411567703384064
978419555755286529
978422474160443393
978424666913198081
978429169079025664
978442705821978625
978455854491021312
978456049123553280
978457777185198080
978479300268576769
978480470903214081
978496844182388736
978506928123990016
978508163350650881
978515711864684544
978522168576405504
978526342718349312
978534173483982848
978537726764027904
978539237887954945
978539371497492480
978546523226230784
978554527212363776
978557860811550720
978564147658022913
978569096521502720
978571040598167552
978572094630973440
978574643929010176
978579886787903489
978599309380935682
978600505000845313
978601039103451136
978607989044187141
978611125968400386
978611438469054464
978611779248033794
978617250646282240
978627252652052481
978629354858188801
978629948348002309
978635238615212032
978637815645949952
978638491704807426
978645052451885057
978646035181527040
978648973488648192
978649441354895360
978651636640993280
978653676775632897
978658900345008128
978660414518190080
978661727314292738
978664795468713984
978666173272350721
978668542622126080
978670345346527234
978671825948471296
978673980121985026
978674868999860229
978675959837659136
978676355314405376
978676477419024384
978676724878647296
978678874883153921
978680289072467969
978681833952071689
978681920786661377
978684722569252865
978691231860576256
978693089391935488
978694360995942400
978694903004827648
978694998622384129
978701854828908552
978704117035040774
978704445897891841
978706683525550081
978711728853831680
978711972987527168
978711989076873216
978712297622384642
978714871394193410
978715431593828354
978715736960061446
978716936099041280
978719578942525441
978722427273404419
978734017947275264
978740576861474816
978751745038798853
978758307476312064
978761455691534336
978761771942019073
978761937214468096
978762346138095616
978765644131860480
978766401186947074
978772951012118528
978780423185723394
978782147870953472
978796053674721280
978799242167844865
978802223936409602
978830539242303488
978837003096731653
978843807633625089
978844253769039875
978858241265487872
978865115427680257
978877189553819650
978891386002071557
978899634532872192
978902636794609674
978904317456474112
978910038453571584
978911004871610369
978913184210997249
978921470775750657
978923372540235781
978931456419430402
978944152892305408
978944852468621312
978954818327859200
978956745858015232
978956915295375361
978958587996393472
978959915887730688
978966429256114176
978967319283228673
979006897981394945
979007236893790208
979011136317161472
979012751543750656
979013096730750977
979014516083167232
979017035207163904
979021428904398853
979024307912413184
979030386524205056
979037358711590912
979039195091144705
979041810130620416
979044580455780357
979048015183908865
979050362714886146
979051548884992000
979053019403837440
979059792806367233
979067662503424000
979068057917231104
979069862520729602
979070646805295104
979071144417546240
979072586251472896
979073560995074048
979085398159777793
979086984303046657
979089419666972672
979090414425821184
979090542071091200
979090742424547328
979090998159605760
979091437752127490
979093193710071808
979095280363757568
979099517453815808
979101716879724544
979101830616674310
979102356561330176
979102732379443200
979107335397363713
979108709258362885
979115411768782848
979117314275672065
979118204093194241
979123218182168576
979142979645566976
979144749931286528
979169406709321729
979199516791459840
979203631823118337
979218315108343808
979221613232078848
979223672111206400
979227413094821888
979233855122169856
979243086386778112
979246113835405313
979246769799385088
979255587501359104
979265448310136832
979274740794839040
979286268843618304
979287536756494336
979289586533916673
979295368109228032
979297016294658048
979302628277542912
979305742984450048
979308436163825665
979311406532218880
979317596515393536
979321363138842625
979321635609169921
979324549291499520
979333807496138752
979337308813119488
979340845538332676
979346723003949057
979347350891085826
979348173381689345
979348348309262338
979350315031056385
979350419972415490
979354127208722432
979364381048754176
979380165737246720
979381166632468480
979386411559407618
979386481646166016
979388910311747584
979390616818847744
979397949741551616
979411311946797058
979411559943467009
979414687073828864
979415205070475264
979424341694799872
979432321609863168
979442298210717698
979443621513621505
979451997635121152
979455452353318912
979456835223736320
979458205926477827
979462386632577025
979463716843458565
979463789375520768
979468558743687168
979473778559381505
979476894491054081
979477531609960448
979480584698368002
979483029918887936
979483182163726336
979483677083217920
979485244100366338
979487197538680832
979487347522850816
979488122223423489
979490159401013248
979491984774610944
979498531298906112
979499288559579141
979504159144775687
979510102062485504
979510795800375297
979513137484521472
979515717803565056
979519990947811328
979532419538849798
979533106570055680
979535731336138753
979548237085503488
979559491225161728
979591388496089089
979599482252877824
979600501892370432
979613290748874753
979630721001238528
979644462812065794
979652744259743749
979656774860099584
979656819382587392
979656867789058048
979661888874311680
979663536401145859
979666019005423616
979674587133890560
979680048956559371
979694533159084032
979699358290542592
979702350934835202
979704623568211971
979708539710164992
979714597035954176
979720432545882112
979720519502180359
979721404391280640
979723117319901185
979728941131935744
979733723062169600
979750272506441728
979750612496715776
979752738757271553
979774429608726528
979775734024687618
979777617707655168
979782668073230338
979784731167510529
979787667654180865
979791828429017088
979792220604813312
979795809003823104
979798762372653057
979800672513216512
979800719510458368
979802968898842624
979804053554319360
979807751697297410
979815801799704576
979817430045380609
979818968499224576
979821383143260161
979821707383930880
979828383889739776
979833751533424640
979833795472916481
979836150046121985
979839845223882754
979842437039448064
979843550920822786
979845044063567877
979845073033678848
979850239132815361
979852487715934209
979869107632959489
979874447405539328
979886803816730624
979887653658165249
979887811569467392
979888108513759232
979889070846435329
979889163519561729
979892578966560768
979892598251884544
979917776230875143
979917853422796800
979918627678777345
979919319734759424
979925271460700160
979925403992317953
979932040249466880
979949830846996480
979953346466414594
979956482958557184
979957417881624576
979961237617496064
979968522687102977
979998758585892864
980014783368957952
980022485499371521
980023304496058369
980027835216736257
980029181986770944
980030629747347456
980031702327353344
980034198361792513
980039765889372160
980047671758082049
980055113829150720
980056862736429058
980064688858980354
980065409461256192
980077280180523010
980077649103065088
980078301078327296
980078768323784704
980081175019503621
980084535038763009
980087796546392065
980090071960387584
980093161061175296
980098001040371712
980099211772530688
980101489686441989
980110866916888578
980111214205431808
980111494368120834
980111568607182854
980120500394430465
980120896328425472
980122939784822786
980133746832703491
980140564258742272
980148866032029696
980151697204006913
980152435497947137
980154778322980864
980155072360435712
980156142306381826
980161863781683202
980162736603762689
980166107158867968
980171905188745218
980176308868124674
980176583242731520
980178972746178560
980184722285453322
980186793436958721
980196139180969984
980201296513945601
980205221526802433
980205484425797632
980208150426144768
980212440775438337
980216108715307011
980220975353491456
980228411011584001
980228675680522240
980229971284197376
