903419752189714432
903424032451813377
903426248751403008
903427385386819584
903427927731302402
903428785873313793
903440885584625666
903441222844518400
903445107927425025
903446686734983169
903449704146534400
903450472538718208
903464194590130176
903469417350086656
903473531538653184
903483264005840898
903488219148312576
903489551691259904
903491910144188417
903496400574353408
903500294159384576
903500719856132096
903501458062008320
903502391156371456
903502922712989696
903506473187205120
903506604477353984
903508382426030080
903522195103776768
903524394210906112
903525817317289984
903527223688343552
903534273860390912
903534690782597124
903535430364221440
903540624070148097
903541961197531136
903544108689575936
903544814997733380
903544895096463360
903545220591181824
903551600140189696
903552056451059712
903573272721330176
903573482633658368
903575026577879040
903575098732445696
903579657496399873
903584572402696193
903586089058873344
903589176494391296
903593113264017409
903593141340696576
903594953284214784
903605303152955393
903605987680104448
903606890713767936
903607818045067264
903610338834358273
903610751973195777
903612598310100992
903612778656800769
903614786470072322
903617884404027393
903620408540360704
903620684076662784
903622180612734976
903624663636606981
903627774979710976
903629375102472194
903630206820286465
903633643226181632
903635726549569537
903635753376374784
903635835194658816
903641029408108544
903643257841770496
903645735400476672
903647759177220096
903649099702034436
903650080103817216
903650196906749952
903652781843763202
903660839521136645
903660982534377474
903664186999394304
903664437386764289
903664494869716992
903669223108616192
903674394848919556
903674533495939076
903678850667732992
903678987003678720
903679643433046016
903681048097239040
903682223752302594
903687160049565696
903688856331018240
903708420552916993
903709311846756353
903711875829039104
903718437398163456
903719613468483584
903726021949698050
903727536101842945
903729880269037568
903731395692040193
903732396855582725
903734661800714242
903743755873869825
903746415490469889
903749685382455297
903766941415993344
903776619491467264
903776978125414401
903778884017115136
903780060091514881
903781395977433089
903786930369941504
903801862494748672
903806840299024385
903815873584095233
903826064883023873
903826950724001792
903843623514624000
903860161953091584
903860677558669312
903867116629225473
903875554130223105
903875769897816064
903876708172001280
903884764154822658
903884851425792000
903887927809372160
903890376565645312
903898201912209408
903928242750578689
903931091928485888
903933651372707840
903933802304634880
903934214608896000
903934256669483008
903934510143811584
903934716960808961
903934869985734656
903935182234951682
903936811940151298
903939214651383810
903939705787559936
903940748894228480
903941169201250305
903943090603470849
903943796504846336
903944459594936320
903949650918563840
903951145328107524
903953509648932864
903953829259091969
903954232763715585
903956979193978880
903957814296633344
903958585209737216
903966412611485696
903967688921374721
903967839496888321
903968109295542272
903968536598589442
903969149382254592
903972447346679809
903973710675271680
903975289415503880
903975305768984576
903976304453849088
903979003912089600
903984315574472704
903984496327917568
903984573100515329
903985269350813699
903985452662886400
903985977361702913
903986732324052994
903987972600680448
903989568931864577
903992263356887040
903992597227634689
903992945774342144
903993264973520898
903993573640634368
903993660064321536
903994230053494785
903995224892088323
903995335260950528
903995886799396864
903996018517307392
903996300475203584
903996680357515264
903996779355656193
903996856551788544
903998418946797568
903998649612500992
903999050172784640
903999366846976001
904001067788230658
904002107396771840
904002530165870592
904004049787383808
904004072239493120
904004909598691328
904005361346150400
904006044157915136
904006312593416192
904007796978589698
904008820728483840
904011206914179072
904012776435322880
904014397097594880
904019496112979968
904019509543149569
904019658881331200
904021107170213888
904022657389260800
904024537251110912
904026920878211074
904027056362676226
904030084440498177
904030851373174785
904031258401021954
904035148848648200
904036525863825408
904043470767128576
904047384426151936
904047487228489728
904047733006323713
904048679241236481
904049789662322689
904052173113262080
904052481822531589
904053899061055489
904057233939587073
904058672619376640
904060837807226880
904062987815833600
904063395913236480
904063970432000000
904070194766766081
904070324383244288
904076354127319042
904082824667521024
904090325098037249
904090639066742784
904091205310566400
904093644709392385
904093832601579521
904095149227159552
904101686045806592
904109955938004992
904112259021942784
904112280014647297
904112508998492160
904115752302551040
904116658444361730
904117748980039680
904118130624081920
904118136105992194
904118166292484096
904118384824123393
904121155581349888
904124092428816386
904125976094928896
904127367773388804
904131391352397825
904131834283479045
904134722468679680
904136368330289152
904140953518317568
904142150585257984
904143134992498688
904157817984225281
904183320619212800
904188019908980736
904192124886937601
904195576371302400
904218229366824960
904230508195979264
904232448481005568
904242223302180864
904248427965493250
904248786964316161
904249192725569536
904249488264581122
904252600442396672
904254800363180032
904258973272072193
904259651499413504
904262385334181888
904264281591570432
904273844596301824
904280395671330816
904281396428115968
904284247321653248
904285281192423426
904286263523635200
904287436234248192
904287465174962176
904287816670203904
904292766800281602
904293438706909184
904293809470676994
904294705936125952
904297586470871040
904301236756914177
904302407391248384
904305538430885888
904308907845312512
904309934501847040
904310107290439681
904312484718313473
904314135923630080
904317313951858688
904317651127853057
904319325120712705
904320301147803648
904321260800417794
904328638996328448
904330265115451392
904339024936017921
904349328633987073
904356050840715264
904356851118112768
904359339611348994
904362622094630913
904366404094320640
904371604578344960
904372167902715904
904376089581146112
904377901910560768
904378176666820608
904380509932969984
904381903310123008
904386206225530880
904389648910299136
904393000998068226
904396186974597121
904399293708197890
904402234338930688
904405734888280064
904406012135841793
904407751538778112
904411919091736576
904419586153619456
904419826071941120
904420382291189763
904421132610281472
904421722350374913
904422623710515201
904424404058300416
904424920922378241
904425094591762432
904425712395984897
904426038679269377
904426392263254016
904427244986269697
904427313772847104
904427648906141697
904429222164357121
904431113862610944
904431821114441728
904437221117353984
904437245872144385
904439165776998401
904439413484204036
904440190294478848
904442081493614592
904444523849408513
904450060737548288
904450831650574338
904454381269082112
904462684325806080
904463209867997192
904464369198796800
904465468492275712
904465800764956673
904469133504499713
904470076354527232
904471333832032256
904473047612215296
904473399078084609
904473551763378177
904473598731190273
904475106503565312
904475635497754624
904477119429955584
904478396247302144
904478805548564480
904480204197949440
904480647590191104
904485058429497344
904487647556636674
904496215697612804
904507161547505665
904516502266793985
904526398324428800
904535127107231745
904536301059407872
904540580105080833
904547628200939521
904562810767728640
904570783720247297
904576992095469568
904581607096451072
904585779720093697
904586725401518080
904588588523732993
904589466387533825
904589623254552576
904595739829030914
904598663229472768
904600989826768896
904601333025705984
904601712928989184
904601722563289093
904606535963291648
904615734906630144
904616340555800577
904618606750822400
904618951514087424
904619911158407168
904620062690099201
904621070896041984
904622953295478784
904623595757989888
904623701978746880
904629226820784129
904629227982606338
904630685914324992
904633677732343808
904633797257437184
904633894980472832
904635775270232066
904640341608992769
904640727090692096
904640877666197504
904641537694470144
904642098607116288
904646194361761792
904647630072012801
904648693755740161
904650879382560768
904651650241105920
904652420805996546
904653087268372480
904653110374780929
904654197941002246
904655943576809472
904657203126206466
904658630368210944
904661027727519744
904662334886596608
904663932899614721
904666373976186880
904667272828084224
904667861700009984
904668529852637184
904670224347275265
904674070528221185
904674363202560001
904675286897307648
904675559099289600
904675719124537344
904679128049127424
904679730930176000
904682056491438080
904682372741963776
904684471588462592
904692688196431872
904695116283203586
904696514542530562
904697352702881792
904698185708384257
904698793433620481
904702424446885888
904707624133939200
904708231888609280
904708280521433088
904709587483361280
904710054909235202
904714301482688512
904716158301069312
904717663632596993
904717861603745792
904718953771130880
904721980800294912
904724731336765442
904724965043441664
904725172271419392
904725722153017344
904725835399213056
904726765880344577
904728411536535553
904729709258428417
904730222196662275
904730750116909057
904730932816445440
904731230524116992
904731863855628288
904732314101415937
904733539039621124
904736872265592832
904737004394618882
904737267792486401
904737706512703488
904738545369309184
904739432489639936
904739835960807425
904742292573081600
904743120126054400
904744130940723200
904744586005929984
904744812938760192
904745390083321856
904746251593416706
904746546448670720
904749328090009600
904749468595126272
904751105242005509
904754649835737088
904755213977870336
904755576063844352
904755585161150464
904757303156645888
904758065655717889
904759189305782272
904760331427295232
904766394281156608
904767044415098881
904768527940419584
904768901648699392
904769792934064128
904770313459785729
904777278118256640
904778769155723264
904781327681155076
904782156928606208
904782366199177217
904782908518318080
904783403450593280
904785297237569536
904786312225574913
904786669122969600
904787307110256645
904787885894848513
904790572803780609
904790705540915201
904791430090117120
904794479349170176
904795695307251713
904796433911472128
904797939222110208
904798171594936321
904801121054724097
904802782829535237
904806900784664576
904807695177449472
904807737573478400
904808991653494784
904811119860228096
904811467962073088
904817383789006849
904817471282188288
904828956532191232
904829642607026177
904830327226372096
904831154372714497
904832127702851586
904832494842908676
904833431854514176
904834577331478530
904837990643576832
904842290413297664
904844849601421313
904848618472996864
904850128510517249
904855724332855296
904856896456318976
904858618230657024
904860399559860224
904865283394895872
904896156425232384
904899197715042304
904904365076557825
904909287515987972
904910525255045120
904913881981702144
904929403393671169
904932103434887168
904933617633255424
904935951851540480
904936725826473985
904937544143405056
904939029744893952
904939286872690689
904940834549899264
904947230859255808
904950976376918017
904953284510830592
904959108310290432
904959955991711744
904960551582801920
904963750968647680
904964831018672129
904967352646860800
904968926752362496
904969856642142208
904970461385170944
904972642503073794
904973602994266113
904983860143935489
904984709821804548
904987818337939456
904989087525986304
904996936742305792
904998526379327488
905000122291015681
905003975191261184
905009431569502210
905011598783381504
905012477456461824
905014127508193281
905014303690027009
905014837201305600
905016604265766913
905017698131828736
905019167790821376
905019524340219905
905019573820325888
905019860303917056
905020027618938880
905021376515452929
905021620644917249
905021965416660993
905022975392534528
905023617108500481
905024499623579648
905026982651547648
905027911656329216
905029676615258113
905032113539477504
905034131825938432
905035146440695808
905036232312446977
905037843772342272
905040197833895936
905040838920687616
905041164830744577
905042345338568704
905045020662779904
905046394700009472
905046674694967296
905046745368940544
905047076303548416
905048833268252673
905049345363410944
905049621990428672
905050521085542400
905050530715750402
905052245351436292
905053839195344901
905055577310502915
905058063840935938
905058205029457921
905062841430024193
905064310241669120
905064654631825409
905065418817187841
905066278662152192
905066662856192000
905068858553376768
905069111918686210
905069184027066368
905070632332865537
905070634002255872
905070634031599616
905070783755583490
905072984511143937
905073397637439488
905075767826157568
905077783604453377
905078786479333377
905081815186202625
905083340662984708
905085097216495617
905086895314653185
905090071237459968
905092870968938497
905094185048526848
905094856518893568
905100941157945344
905102587069952002
905102826128502784
905105663948410880
905105678347448321
905105794231873536
905106275536707585
905106675861991424
905108638162972672
905109956030058496
905110584353583104
905113987578245121
905114070222860289
905114751373586432
905114946828152833
905116207631790080
905119505222955010
905120066810806274
905127029451972608
905127328401039360
905128402578898944
905128721815830529
905129264097480704
905130964061442048
905134674820947969
905134817783808000
905136851161419776
905138643408478208
905142776454459392
905142851952152577
905145369360785410
905145449488711680
905145450331820033
905146381479936000
905149077985386497
905149482311966720
905150189694058498
905151291743244297
905152327836979201
905152581911154691
905152919976194051
905155781737275394
905156024570662912
905158434206605312
905162106739331073
905164045359214592
905164710168973315
905165097689116674
905165796464361472
905167610085613568
905167727530307584
905167780810510338
905168893114806273
905169095716478977
905170971841134592
905171382878732289
905172749789929473
905175894670618625
905181457995489280
905181967624392704
905182084204986368
905182116106960896
905182882800562178
905183101772582912
905183334539476992
905183643261210624
905184943919247360
905185056712384512
905186533124255744
905186846434631681
905187255794495489
905192713833902080
905202081828655104
905206812571561985
905206918267928578
905209046445154304
905209446221078528
905210392430997504
905213804912488453
905221272426000384
905223402721599488
905244003473469440
905244380977647617
905247443230613504
905249724520960000
905250092344635396
905250345240154112
905251171530629121
905251339298631681
905260338588913666
905265693075046401
905270647768702980
905272531015360512
905278275894824960
905278512940163074
905278633723473924
905293938344517632
905307319407439872
905309590631325697
905309804557676545
905311002039898113
905311423957520384
905322842526502912
905327550666342400
905331656030081024
905336341088669697
905343737726877696
905348103984873472
905348290358763521
905348924818509824
905348960893771776
905351694745296897
905353541929328642
905355974202068992
905358929898721280
905361038413107200
905364442506043394
905367822276198400
905368664039403520
905371412155817984
905371585816788993
905371721284378624
905372823547518976
905372955676483584
905378631823872000
905379536539459586
905383998863667200
905384577266528256
905385004213129216
905385174946500610
905385257163214849
905385372888289280
905386134171258881
905386731033292800
905389792875204608
905390038212644864
905391633734148097
905392892855943168
905394069362417665
905395409039872000
905400214038740992
905401617884864512
905406880448626688
905408832918126593
905409337065164801
905414907784568833
905415599051993092
905418312036868096
905424617329778689
905428047834251266
905432563442962432
905434758305333248
905435956215508992
905438197219557376
905439038617812993
905439692090462208
905442399094177793
905446734305918978
905448521947480065
905450696274739210
905451874031210496
905453836931702785
905455812902088706
905457133684215811
905458144066850816
905464417273380865
905468759434985472
905469573146828802
905474356729569280
905475546661998593
905476458889584640
905476666109153280
905476882954670080
905477193777774593
905477682611314688
905478059477913600
905478151765196800
905478867728695303
905479902882922497
905479978799833089
905480570590945280
905481291746955266
905482005076434946
905482665662578690
905484344231428098
905484686021074945
905485261936758784
905492722353659904
905504321240006657
905505734825308162
905507448127148033
905523960539992064
905524959338012673
905527965840113664
905529990824857600
905531533896933376
905532936480591875
905537046479085568
905546096528822272
905552458469916676
905555890245382145
905564132472127490
905584558724276225
905585470553411587
905589232839876608
905593778639175681
905598387764039680
905603168012296193
905623346880151552
905627764660764672
905630465389944832
905630857137881089
905645884892839936
905656042666655744
905660653041475584
905662956972605440
905673573615927296
905679613808054272
905689086660370432
905691189684428800
905693189213999104
905694677252407297
905699544331153408
905704517517414405
905707047097954305
905707375088283648
905709256636334080
905709644198416385
905709783877025792
905711274083876864
905715290989895682
905715749838258176
905716393252982784
905717528244211712
905722145317191680
905723735797374976
905723980736331776
905725345139187712
905729696314351616
905733424236945408
905733473297731584
905735179972509696
905735195462119424
905735313351475200
905737463322333184
905739765584203777
905740101136896000
905742223437901824
905742481400180736
905743730472312832
905744680494739456
905745504243503104
905745918229655552
905747592591663104
905751029811204097
905755214476705792
905765219154190340
905768579206873088
905770752699494401
905778681611771904
905779110252863490
905779936551718912
905780316132048896
905780627772989440
905781150366531586
905782149873360896
905782236707999745
905782748824178688
905783419484991489
905783846066688002
905784239903432704
905790515395874816
905794615160307712
905794905175457792
905795011274575873
905795238215774209
905795368629174272
905796256588595201
905797464531361792
905798030775001088
905799873324351488
905799953854988289
905809292044800001
905810183758249987
905815302482604032
905823111454617600
905826125041029120
905827132923928576
905828965868347392
905829049737633793
905829896970231809
905831650189332485
905835520273604608
905835688918122496
905836325177147392
905838963381895168
905843369917722625
905843697522180096
905851901425704960
905856735939883008
905858890356723716
905860208378781696
905862289605177344
905863872514535424
905864425323864065
905865725591638017
905867849822085120
905871873581477889
905872394107150336
905882461279854592
905882715878248448
905884529881178113
905888981732208642
905893567780069377
905899579912179712
905900666639540227
905901039106355200
905915222556323841
905915502320607232
905916115095764992
905922542124326912
905923026889441280
905926180171165696
905933348677308416
905935212202385413
905941818633748480
905945679071244289
905947338333720577
905948102556864513
905957249901846528
905961203440209920
905962366931800064
905963371073294336
905967484825735168
905967569164800000
905968742273822720
905971260563357696
905974872253353987
905977386344357888
905981161201164288
905985829448937472
905998533605466113
906006670110670851
906013096233156608
906028657931567108
906031432044232704
906034384842612736
906036294932848647
906036880935976960
906045719915593729
906051980765929472
906068000016658432
906074232827899904
906074308329529345
906079765928570881
906089341113569280
906092626088271873
906095008872366080
906096124573966336
906096380002926592
906096421081776128
906096703815774208
906097011312689152
906107448339156992
906107874514014209
906111150412181504
906124821590941697
906127330585837569
906130965822664704
906133180838797312
906144354884050945
906144700486348801
906145790560743424
906150575036878848
906152485961728001
906153553382821888
906154599014387713
906157121494032384
906166660582793216
906173156301385728
906174907431747585
906177177791717376
906177325024378880
906178682464735233
906183699531792385
906183905035907072
906187755427954688
906187926991769600
906197522686894081
906203269751549952
906204935288705028
906206120171233280
906207457747316736
906208632995545088
906208676607922176
906209143039688705
906209305757667328
906213751703183360
906213761798873088
906216691935436801
906216853827182594
906218455623503872
906220157617496066
906221708306259968
906223644812214273
906223807911878656
906225071731113984
906226821586448384
906234309257900032
906235427887222786
906245266461913088
906248710421655552
906250169171238916
906251246289420291
906251417823916032
906252420703014913
906260012733001734
906260235110768640
906260278282788865
906261230821797890
906263923145527296
906264510754947072
906270853431795722
906279065023340547
906283135557668864
906284039459323904
906285598603960320
906288174212808704
906288501343346688
906293541651013633
906308414464180224
906310405261275136
906320906112380928
906322579664842754
906326187177324545
906328217627308037
906332379501023232
906332536074272775
906343304945684481
906348339821768706
906355147986440192
906398217214054400
906398417269739521
906399428931719168
906406349533089792
906409415598854144
906412002628784133
906415109446230016
906416146596990977
906420026860867584
906421074086297601
906422184712790017
906433659942600704
906439620455485440
906442642434740224
906449009807634432
906450276089032704
906453350492917760
906457169226342400
906458525672583168
906458883614535680
906459986318053377
906459995943981056
906460008975609856
906460767280660480
906462278500974592
906465339092992000
906465590323367936
906467016785240064
906472928245665792
906474769587023872
906484934885478400
906486343714340864
906486693104058368
906491808070488064
906494494513627136
906496260756078592
906499735321812992
906499946702143488
906503713191337984
906503810897661952
906504398511198209
906507078688276482
906510688717348866
906515047043780611
906516571647991809
906518318605107202
906519758492725249
906519893956276225
906522123258261505
906525447634202624
906526311274991617
906527607566585856
906527878686363655
906530236275335168
906530684239478784
906531626682863617
906531992421982209
906532502453530624
906535854117675013
906536855725907968
906536940035551232
906537023506407424
906541523143184389
906541796704088065
906548234897776640
906548914781933568
906549608930844672
906555189020291074
906561394878959616
906561396187557888
906562003954794496
906562244279971840
906564681153773568
906567563924135939
906569926567239680
906571088825667584
906571603047337984
906573608746721280
906582418479620096
906582495629516800
906582553053802496
906583586148626432
906585530917425152
906585571304378369
906586282259881990
906586866534768641
906589618832732160
906591368260268032
906591746175520768
906593069885263872
906593417169440768
906595874767343616
906600035374305281
906601665704361984
906602484420038657
906604000145018880
906606052950642688
906607450907975685
906607584693678080
906607836372901888
906608088018452482
906608195820556288
906610193563340802
906610874726719489
906611192222900226
906612696317091841
906613102728359936
906614790113710080
906616403226234881
906618598675959819
906618960250105857
906619523784159233
906621180940972033
906622066811686915
906622949272244227
906623795187863552
906626100876509184
906628698811633667
906637519453908992
906638122607419393
906640652158554112
906640735662829568
906644289471614977
906644557068226561
906644665570430976
906645233491902467
906646727213637632
906646983066243078
906647314139316225
906650396806074368
906651132495323136
906651350166994945
906652959114743810
906653011317010432
906658354235367425
906658816439308288
906668344648110081
906671515546112000
906676725278547971
906684951151759361
906696798798049280
906708689255649283
906718898807914500
906724542856548352
906726822880014336
906731346038489088
906747204676747264
906749126540394496
906761035402620930
906766690192695296
906770753059790848
906771035034398720
906777691009044480
906788685538107392
906789346958868481
906794429608022016
906794935021703169
906796299017707520
906800791104745472
906803544359096321
906803876879376384
906816792235929600
906819540067274753
906819861350944768
906824219685728256
906831383519223808
906831688898109440
906832196794798080
906832365409927168
906832696760049664
906838979437363200
906845359380602880
906852192736464896
906855512129654784
906856574525861888
906859689220231168
906859693817176064
906865575938453505
906866173630992385
906866498261708802
906869353752264704
906871124994162689
906876967986888704
906877077131026433
906877185771917312
906882504170274816
906883314472161280
906884283780014080
906884535421468672
906887002125107200
906887780977999874
906888146738204673
906888694514307073
906890716588191746
906891038719180800
906891646649987073
906891651922067456
906892850633338881
906893973297524736
906895738466131973
906896089055363072
906896552106618881
906898216016388097
906902083214995456
906904025106333696
906904687408009216
906906900289216513
906912669080399873
906912719047151617
906913341049917440
906913828033658880
906914090110607360
906915201685098501
906922797972193280
906928508114481155
906929273134612485
906932227661066240
906932444049395712
906932641181683712
906935043930705920
906936514600464384
906937701341024257
906940130925142022
906943127625388034
906943346278490112
906943450179883012
906947200781078529
906947275502571520
906947296834867203
906950964829077504
906953258694049797
906953507403649025
906958033888178178
906958971331911680
906964582035546113
906967830968639488
906969693646462977
906973395102965760
906973979398864896
906976492604809217
906980244439158784
906980280925290496
906981527875145728
906981699845849088
906987994233671680
906989332233424896
906998911159726080
907010573010980864
907017611900198912
907017892083978240
907019121010683904
907023681464950785
907023808967700481
907024947305963521
907032160678359040
907035473318600704
907044287673593857
907062154133729281
907063074393378817
907071125959704577
907071204187615232
907073480444739584
907083463722983430
907092951226048517
907094620588449792
907101238336028672
907105347105644545
907111235057053696
907114757416734720
907121528294309889
907126340419248128
907137667971907586
907140271812612096
907145215613468678
907147090479992832
907158307303026689
907160536638398464
907163022530977792
907163250223071232
907163427713503232
907164660377571328
907168317793763328
907169506929324032
907172542342881280
907174357646102528
907175538757980161
907183986417467392
907185295573086209
907185297640783872
907185299746422784
907188472682868736
907188509668192256
907193364554108928
907194300299128832
907196528573521920
907200073334915072
907202074433216513
907205905535692800
907206973816557574
907210244958429186
907210486885871617
907210831745744896
907214311738703873
907216351433019392
907219609144713216
907221901747122177
907223868888170496
907225433225220096
907227101421547522
907227309056380929
907230194922115076
907233394513326080
907235178845753344
907240157056729088
907243178213953536
907244330372530176
907244474241310720
907248035624882183
907248653470978050
907253242878361605
907265675605020672
907266294701010944
907268441773531136
907270838386388992
907271229702209537
907277570261110784
907278026169348096
907278450196570113
907278563455332352
907282518273118208
907287264539156480
907289781553520641
907292439874084865
907294019901956096
907294229159972864
907294817654362112
907295574306836481
907297490659094529
907299931337236480
907302056184238080
907304297599262721
907306348689403904
907306807881805825
907308567409168384
907308651286802433
907309332018147331
907311392377761793
907312281024909312
907313078391504900
907316038731268098
907316115352715265
907316255585075202
907318614851760128
907323729797152768
907330731801792513
907336168026640386
907336251921092608
907336335815593985
907341546814672902
907345817421348869
907357549359456256
907357693723148288
907357860123869184
907359444740329472
907359669135532037
907362407571496961
907367185336750080
907369922141065218
907370725245419521
907374178898149376
907374853338038273
907376281519521798
907379037571608582
907379468330815489
907383077542006786
907384417622138880
907384449058398208
907384499838836736
907395859477704704
907396405358100480
907396573134553088
907398843943317504
907407818076155905
907410754093162502
907411170558140416
907413178371452928
907416543474135045
907420656832315392
907423087859302405
907426944098193408
907428593726251008
907429885538455552
907430880041422849
907431716633034753
907433092943683585
907455135688937474
907460608408375299
907463658929885185
907473336862744577
907480622674923520
907489318838697984
907502304399687680
907502381998501888
907502964578897920
907512984351670272
907513040555462657
907514744290136064
907517487369125888
907522210973323264
907527576268234752
907528857695277056
907529332498743296
907529558164992005
907531092004978689
907532552667320320
907534286399488000
907535101764005888
907537692161953792
907554651427545088
907556194927214592
907558506714292224
907559921998319616
907561852204351488
907564814628777985
907566313257742337
907567650825535489
907568363844628480
907568834470711296
907569053379809282
907571058278064129
907572063648534528
907573076157718528
907575085657071616
907575931224690688
907576080126574592
907576174892797954
907576470607847424
907577693259972608
907578617256964096
907581462366449664
907585402369912832
907588269587746819
907588404229132288
907590120538349568
907592115370196992
907592751973371905
907592801126318080
907595267792191488
907597241640275974
907605063157342208
907605848330993664
907607001311662080
907611677184708608
907612691778473989
907613181266284545
907613522649006082
907613862844911616
907623839819067392
907627283346751488
907628294115401728
907632926787080192
907637018330574848
907637279119867907
907637339589144576
907637507365511169
907640325522558976
907640451347476481
907642280902844416
907644731219423232
907647338834911232
907647834991800322
907647837529309184
907650536635121665
907652377032962048
907652541856538629
907657912226643968
907659391582826499
907660759341117440
907661687947497478
907663316176306176
907665211171250176
907665618865975297
907665620954701826
907668175722041344
907672557473685504
907673013839171584
907681572303892480
907681756463210496
907685349278789641
907685390819250176
907686001354604545
907686775769923584
907687672931549184
907688116248596480
907689369523421185
907693722791489538
907696448262873088
907696832431747078
907697877245448192
907698193072304129
907700071453601793
907701010382118912
907702287128256512
907703467413790720
907703523189587970
907705478570016768
907705806182907904
907706144218591232
907706183250784261
907714446843367425
907718542585364481
907722038453862400
907722168154427395
907722514599514113
907728972976463872
907732889613324288
907735002284265472
907735091618701314
907737360955187200
907737644687400963
907742885084319744
907751292151443456
907756903291396096
907759413984989184
907768402378444800
907773256463212549
907775200485363712
907796392634183680
907804142051237888
907805060993830912
907805896100777986
907814710850064384
907823960125001729
907826291759599616
907829306189021184
907831209966882816
907844410301456384
907845669410484224
907846435319762945
907849595732066305
907850374190641153
907854927942307840
907865091160334336
907870005605400577
907873028863864832
907879845463511040
907880984640720897
907888636707971072
907888692479397889
907889308652187648
907890946100154370
907903650227523584
907907012369031168
907910054908760064
907914315491147776
907915335138934786
907916156819922945
907917895916810241
907918342022942722
907919933752963072
907921074603655168
907924554634457089
907927298955005953
907927320538869760
907930797247737856
907931672439599105
907931772599619584
907931911439491072
907931984411930624
907932529671507968
907934459902783489
907934619709923328
907938057378308097
907938487256657921
907942273454891009
907942646328557569
907944527071244288
907944772450570240
907947042814775296
907948741499506694
907948839507841026
907951571983650817
907952079767048192
907952324701716480
907953059136974848
907953146370150400
907953929438285824
907960791306924033
907961469551116289
907963653105836032
907964736666574848
907964899665510400
907965411366404096
907967089507487745
907967427555848192
907968694650843137
907968703861547009
907971208729284609
907972618862710790
907976205391073281
907979066741059584
907982287127629825
907987655010521090
907988170922479616
907990418197008384
907994370070151168
907995916585627648
907996395101188096
907996662165106689
907996890016440324
907997550216716290
908002225598943237
908003485165117440
908003878981050369
908004149530447872
908004895709478913
908006778503385094
908010325202661376
908010553393721346
908010930751119362
908010961897959424
908011716486758420
908012154783244288
908012487806787586
908015720759545858
908016847362183168
908017744947408896
908022304554340352
908022724320210946
908025656654667778
908026596593999872
908027007631482881
908028453827596290
908028851527340032
908029689154940931
908029818654031873
908030147277856768
908031040832155648
908031272429203456
908032458561597451
908032624249200640
908033180384493569
908033958847361026
908034532653314051
908034768889151490
908036292566503424
908037596000927745
908039092088307712
908039286041333765
908040177750245376
908040267944665088
908043280281214976
908043776458940416
908043944256327682
908044031900504064
908044043233488896
908045034762768384
908045212177616896
908045317454659584
908045354670714880
908045543955464193
908047654105444353
908049416556294145
908052764458184705
908052859312332803
908055109040558081
908057046809006081
908057103884881925
908057834528571398
908058539582803968
908058570004066304
908058612140044288
908059084854886400
908060343976579072
908061735210377216
908062081680920580
908062304566161408
908062834122260480
908062836634656768
908064557565743104
908068446944014337
908069068548268032
908071911871172610
908075577248272384
908080248889253888
908081008058273792
908082777618345984
908083538058149889
908083979726749698
908085491354009602
908085749362421760
908086927047438336
908087202214752257
908088440779980801
908092777682042881
908092861975023616
908096725365215232
908100593780228096
908102352024096768
908103268466905088
908106703174094849
908106870967205888
908117707371024384
908118044173414400
908124239567388672
908124323478691841
908129698458324992
908130970599116805
908132519534612480
908137253679108097
908137340056502272
908141027281850369
908142270880337920
908143380278005760
908146901824008192
908163807788367873
908167500889776128
908173604877201409
908189638023663616
908191708743192576
908191920958078976
908193728405405696
908203965325725696
908205224871022592
908206993604825088
908210260741181441
908211512958955520
908212812391919622
908221057521270784
908225191033098242
908225702733983744
908228832108466176
908231165395525633
908236348276051970
908238096881393664
908238277668474880
908241806340579328
908246753534717952
908247109211537409
908248088296521728
908249025056579584
908249106509963265
908252317274836995
908252933384482816
908253508008386560
908254555355340800
908261862650851328
908272160875192320
908273453207359490
908274188888297478
908276068808892416
908280734934290432
908282668508479490
908284584894242816
908284732122820608
908286164477636608
908289457836756992
908291139308007425
908292819139403776
908295115227238400
908295946433417216
908298874858741760
908301373854425088
908304612276523008
908309713787473920
908310014938492931
908316358844317697
908317667861417987
908327414228537344
908328198945083397
908329000040386561
908329159440650242
908329426605297664
908333929173831680
908334009289203712
908335190858223623
908337705335050240
908337778295009280
908338210740240384
908341723465703426
908343064791588864
908343770269278210
908344752164270081
908345615779815425
908346010887487489
908348616800067590
908349033726476291
908356585147301888
908362689394733056
908364938942578688
908366591917793280
908374871486472192
908381216612614145
908384327943278595
908384346830127104
908386039630368768
908388469810049024
908388932865404929
908389950009290752
908392938396311552
908393237051822081
908394099304288256
908394945848918017
908394997854162944
908395205442850816
908398731644379136
908403266089836545
908405410608148480
908407678040408064
908410870992068608
908416811586211840
908417113567657984
908422857230823424
908425031990022144
908425365441454080
908426290155442178
908427007922405376
908427587164233728
908433891614130183
908439040126537728
908441258913402880
908450101332516865
908450516165971973
908450529180815360
908450599632596992
908451640637870085
908451740055371777
908455235609354242
908455418904633344
908457135209672706
908463239171837952
908464140951228417
908466026718822400
908467746790309888
908475626197274624
908475988169732096
908479914843701249
908481195712876544
908483173868240897
908486263359049728
908491233634418690
908491664813170689
908500630536376320
908500714867101698
908501732380028928
908507758760222720
908549088580272128
908558934725746689
908562966722658309
908563831160311810
908580000634417152
908583775487045632
908587014332796928
908587327248887808
908594857253462016
908597627175841792
908599050324279296
908601289633943552
908601343765606400
908608024432009216
908608603673841664
908609682041982976
908612684735827969
908612893209501701
908618024504217600
908619021888688129
908622261879484416
908622926794182656
908624563415773184
908629094945972225
908631689139822592
908632632006717440
908632863511339008
908633721984765952
908634558022782976
908641945861402624
908642810747899906
908643702876368896
908645952688451584
908649180616445952
908649212077895683
908649245623881728
908661560117166080
908662318015352833
908666512743034880
908666586562797569
908672812998709248
908674123328565248
908676083318493184
908679806786646021
908680748630200320
908684829713207298
908686480570187777
908689508434169857
908693096677953536
908695550341545984
908703592923717632
908703852957962242
908705719423250432
908706367850020864
908706684138385416
908707375745519618
908707423975862272
908707705837285384
908709045497933824
908713153432899589
908714951828787201
908715883077480454
908719670089404416
908720403350212608
908721468602769408
908725328230658050
908735311903150080
908735389116112896
908739091390455809
908740768310980608
908752119754366976
908752829422161920
908752933038297088
908754864506900481
908755130434154496
908755737760948224
908756616907980802
908757734262214657
908760010917806080
908760626532675584
908760899678359554
908763020758851584
908763421742632961
908763920839651334
908764143456522240
908765254238314496
908766640858386432
908767772896890881
908769061882007553
908769802101116928
908770127595831296
908770569662935043
908772763699224576
908774743393886208
908775198488514560
908775686294339584
908776842223656961
908781134695235587
908781871651225600
908782944935989248
908786309644341248
908795713261318144
908796626755563520
908796972395622400
908797924687122432
908808468127207424
908810830006931456
908810862420533250
908811607987322880
908812199979708417
908818179606089729
908824023533969408
908824493715423232
908827327035002881
908827803470180352
908828073986072576
908838562283520000
908843198222618624
908844793731649536
908845456448475136
908846049527259137
908854861348966401
908865930918326273
908871217435889664
908877940905119744
908914936339943425
908930041693786112
908933811974615041
908937084362256384
908937585573146624
908948136374218753
908948407737356289
908954295680356354
908956466232659968
908957174260408320
908971313242542080
908973579848568833
908975346086760448
908989006897061888
908993905437413378
908996457272954880
908999094571606017
909000161686417408
909001211101220864
909001773972639745
909002208494211072
909005630199025664
909005876001935360
909009461259456512
909011080696991745
909014184486146049
909015073263378432
909017985347653632
909020558154706950
909020646218371072
909021465189662720
909025428148490240
909030904185655296
909031875880132608
909032308497436677
909033861794926593
909038284940161024
909041894583422976
909044414949052418
909045575076769792
909054589055377408
909054887266258944
909055392268849152
909058324070625280
909060104133255169
909065018595057664
909065106750889984
909065463644254208
909065522343538688
909067430739062784
909073426102530049
909074349277184000
909082739965661184
909089484821626881
909091333234716674
909091968256442368
909092071105015809
909092466149744640
909092786997202944
909093005096833026
909093489945792512
909095014193680385
909096241002422273
909097259798859781
909100401043099648
909102481707323392
909107390305337344
909107473755394049
909108182622064641
909108934065221632
909111241775501312
909111501570625536
909111931461623808
909113605446160384
909114995849531393
909118728750735360
909119068921368581
909120326818308096
909121666042744835
909122160949592064
909122844239548417
909124078551879680
909126645105209344
909130966173667328
909132411006541826
909134173461516290
909135430913798146
909139175831736320
909140159563730945
909143136663998464
909145496832311300
909145506038808577
909148015490985984
909151326486982657
909158084328738817
909158817493078016
909164354133745664
909165699540541440
909166611776655360
909167089918857216
909169148500021248
909176460010774536
909180648459563008
909184898115792896
909185477328154625
909185729821122560
909190300794531840
909192023831400448
909194859986030592
909196525129039873
909198020394315776
909198485903204352
909200500385386497
909202259174506497
909202266514583553
909211658190548998
909213121155301376
909234230244315137
909241126531551232
909245760818094080
909252377731006464
909255566270369792
909256757427482624
909258508549357568
909259782787395587
909266304942706688
909269411672084486
909272661418749953
909273530046582791
909291810132029440
909316054538694656
909316751405481984
909329238389592064
909333427630907392
909333844972720128
909338821929598976
909339762711986176
909354403764867072
909355096236085248
909357293250187264
909357759644225536
909364476398403584
909366887682904065
909367446393438208
909367915723583488
909369144222584832
909369504102264832
909373401868963841
909375803938545664
909379663142772736
909383789733957632
909386793874751489
909398925043552256
909404065574121472
909406845978267649
909406962189660161
909417238754717698
909417700438544385
909417833410461698
909419253488607233
909424206231883778
909425361326428161
909430426393022470
909431310099341314
909431852011806720
909432436274139136
909434534277599232
909435878963113984
909436630578188289
909438732775952385
909439150541230080
909440589514641408
909440831588888576
909441701932085248
909443144323911686
909449638792622081
909451855075401730
909452137754693632
909454941651128321
909460124561018881
909463474551623681
909466929731182594
909472893234565121
909479315619876865
909483780020297728
909484040486625281
909500751440904192
909501654466211840
909511959015510018
909515078327816192
909521790891937793
909525148453150720
909550759716573184
909553932288057349
909554331581476864
909559637573169152
909570880195440640
909571522347589633
909573186639024128
909575198239809536
909579320301113349
909583039470227456
909586402467303424
909586838280695808
909613243928334336
909616184953327617
909624015295270912
909624574010109952
909633473056526336
909650165547569152
909650694461886464
909658422878097409
909671011649540096
909681531815415808
909682955345424384
909688762371903488
909692538935758848
909696146876125184
909698103011364864
909707982744752129
909708324618276864
909708851821383680
909708994863882245
909709032188936192
909709811910103040
909719315347275777
909721523253952512
909726523699159040
909726835344334849
909726977518653441
909737177625612288
909742379397246976
909742694397857792
909748424244891648
909749726727327745
909750929007808513
909752878901923841
909757234363682819
909759706511609856
909767229402644482
909767975552548865
909769351741526016
909769583661387777
909777628323827712
909783084714819584
909785484712398848
909789448732336128
909790705782001664
909791464527421440
909792106645999616
909792404517085186
909792801663197185
909794903428943873
909795383232094209
909795393726271488
909797145477234688
909803064701411330
909808680446644224
909809416123318272
909809468854038528
909811191589097472
909813516898652162
909815209128284160
909816362524135430
909819672039739393
909820071782035457
909820490369392641
909821135587594240
909821585057550336
909822577442525185
909825105768992768
909827387482918912
909828277900054529
909831479018033152
909831587235233794
909835591960887297
909835917845778433
909836023114469378
909836278555987968
909836376702676992
909836799920496641
909839785400946693
909841184209727488
909842219359784966
909843648786911233
909844655843500033
909846242947190791
909848645218037760
909851113805017088
909853010972561414
909853693301985281
909853825661415424
909854582083395584
909855813044338695
909856148660146178
909856149914177536
909857352286920706
909857864293994496
909858665246740480
909859409295273984
909860324911849473
909860335401582592
909860922176491520
909863140560658435
909863193824169984
909863608749842432
909864828768067584
909865515379814400
909865965839675393
909866760618303488
909868784399388672
909870056946925569
909870558191521792
909871912104407051
909872271547699200
909874695427764224
909875388775632897
909876303117144064
909879649768964097
909880743190515712
909881311942324225
909882037561171968
909882596288540672
909882993455624192
909884449717932033
909884992041443328
909887231392980992
909887337475084288
909887469625253888
909887516572045312
909887558955470848
909887578232557569
909887636956958721
909887814791303169
909891767947943936
909893064394756097
909896451706191873
909902129963294725
909903137036754944
909903676839530496
909913026752589824
909914956136636416
909915836525113344
909916210225188866
909916803329118208
909920205568126977
909921405709488130
909923255082827777
909923460117344256
909926621766934528
909927974430011392
909934082599145472
909935089236283395
909936577362694144
909959765589143552
909969165427134465
909979482584436736
909990688091201536
909991904007376898
909994576613724160
909999311987060736
910004213949792256
910005833727168512
910008603632898048
910010177327419392
910010903805952001
910011652451569664
910013412926779392
910021267511824384
910031955412029440
910034449357828097
910035862846627840
910040230379626496
910043593343160320
910043662570196992
910051112891424769
910052577957556224
910056922438672384
910058531377860608
910058569126612992
910067092765933569
910070615138283520
910072212346085376
910077595726876672
910077747564859392
910078080185769984
910081150164590593
910081440645369856
910083942988107778
910089817056317446
910090015362953216
910090084703186946
910093375558307842
910096667441029120
910097693594259456
910098730820538368
910098815558012928
910099396041302016
910099459379548160
910099566342664192
910103841600950272
910106784739811328
910116674048806917
910119097555456000
910125605433282564
910126167461646336
910127913953001472
910128638892347392
910129122353049601
910129343808069632
910129831609815041
910132975630774272
910136395271942144
910137097830518784
910139092628893697
910141313944817664
910141773204377601
910146845795635201
910146989010178049
910147219935891457
910149326730612737
910149406401466369
910152929616781316
910155862722965504
910156691911712768
910157126882004992
910157241361235970
910158413681844224
910160882453368832
910161451637190657
910171473498791937
910171940748439554
910173315016351744
910178562715602944
910180154449768448
910184266541228032
910187950381699072
910188008703393792
910189592762093572
910191670314008576
910193522124435456
910200753515487232
910201480359104512
910204426891284484
910208554900049920
910212991211249664
910217841118515201
910220887860891648
910223114176487424
910224646351605760
910225569119375362
910228324328382464
910230077975166979
910235975586115585
910236891626246150
910240095655071745
910240510475980805
910240670710935555
910241004145512448
910244699763613696
910246620733853701
910247129079304192
910247644571799553
910247705380876290
910248090799656960
910248305153728512
910249671272083456
910249947244752896
910252334223167490
910254984599621637
910256105321897984
910258291804131334
910261885735510016
910269048763539458
910270301358968833
910273078977892352
910274835544080385
910276336496676865
910276740433481728
910277088569159680
910278746577539072
910283531032592385
910284374771298304
910294251782770688
910295356851793920
910295440754692101
910296558964559872
910296636546367488
910297299657658368
910302587416702980
910310711397625856
910311720102629376
910311800649977856
910313812238184448
910316506633969664
910320945046413313
910331279001948160
910331544501391360
910336859498254337
910339144567664640
910339152947945472
910342985610661888
910343265458769921
910346571438546945
910367175956934656
910370827492888577
910371695738937345
910371888228175872
910372464936587264
910375470998458368
910379113327792129
910381955832786944
910382026720673793
910383181383323649
910396049751232512
910397643762933760
910399154559610880
910405672528961536
910406442167005185
910415991359893504
910416724041838592
910418033956524032
910419942314577920
910423317542293504
910423417345716224
910427269394522112
910428526427492352
910433081500332032
910433731567112192
910435025518198784
910435227675365376
910435446634762242
910436001524404224
910436093820104704
910436822488109057
910438139793231872
910439584202416128
910439956744671232
910443716946616320
910445111544295424
910445114077716480
910445118695641089
910445121224810501
910445217685360641
910446995621470209
910448691835801600
910450724353581056
910451135928045569
910452360174096384
910452782087442432
910453431781003265
910453640254640128
910455795728441345
910455879593594887
910457397101162496
910458140340211712
910461385468989440
910463688984973313
910464572695482368
910465781506494464
910471031504162816
910474432690266112
910474678879358976
910475705250729985
910476346962440193
910478939449102337
910482230715256834
910482565416529921
910483443720577024
910489855989354496
910489913027567616
910496527453507584
910498635925815298
910498692947423233
910499089736982528
910500707069038592
910500809833685003
910502737523216385
910504259195514880
910507737112567810
910508369206763521
910512439346819072
910513446847963136
910515661771767810
910517468334084098
910518307631050753
910520132136562689
910520562488889346
910521666001936384
910521793080905734
910524930822955010
910531064610852870
910531302411075589
910532571611766784
910532885765148672
910533446832934913
910535343186808833
910538597996154880
910538603427766272
910540549186363392
910541685171658752
910541803279003648
910542018446848001
910545399466921986
910546496277352448
910550862107435009
910557934563848194
910561172549750785
910561601639665664
910563617829003264
910563705070411777
910563978350415872
910564378705096710
910572172141318144
910574460960477184
910575881978023936
910579327183486977
910581690246074368
910587056467869696
910587079511252993
910588198983815175
910588595752357888
910590100245024768
910594492964712449
910596922158845953
910597149645316096
910597252279914496
910599396525531137
910599528650362880
910599686339334144
910605907322720261
910610306744778753
910610435090665472
910611258436702213
910613046028062720
910614627293253632
910615083222536193
910617147637997568
910618247413862400
910624021267533826
910629487750066176
910645892872409091
910648914877059072
910650485241257985
910659387630477314
910661274660425729
910664972350496773
910676618674364416
910676701721579520
910676821682868224
910678566563647488
910684516146171906
910690394891014144
910696130576633856
910701224139395077
910706586984828928
910708515102167040
910710476379705346
910712493823135744
910714138002903042
910714555738857472
910716978393964545
910730416491057154
910731964185014280
910732934352601088
910737967504904192
910738977077985280
910749739242663936
910751454310338560
910753661764108288
910754070700453888
910760708626960384
910765842417225728
910767817124925440
910772391437053952
910773290242801665
910775825364082690
910776011519922177
910777068081811456
910778250858844160
910780421004251136
910781591948894208
910782439710003200
910782779037831168
910783361630851073
910786007808856065
910786586610208768
910786819830231041
910786977934528512
910789878300004352
910790768910102528
910793826813571072
910794858192875520
910795113642758145
910798874658426880
910802194047389696
910814239253827584
910814820584296448
910816760449966081
910818516621778944
910818718338420736
910820327688728576
910821953002500096
910822274546139136
910828666380279808
910832933702897665
910833277631651840
910834456214343681
910834612674416640
910835295909744640
910842366264774659
910844227256496128
910845991372369923
910849624310771714
910850943192887296
910852987479891968
910856766967177222
910857531186085888
910857960687095808
910859973600702464
910860211329609728
910864135528894465
910868014018506753
910870907664683008
910871171058601984
910873893178572800
910877668454825985
910879282016276480
910879976987258880
910881963837415424
910882671399665664
910884960659214337
910886552405970944
910897884178067456
910898036825608193
910898203767209984
910899295955701760
910902101949239297
910902635485679616
910902747880460289
910906186786058240
910907839056678912
910907933722054656
910908120783818752
910908145106657280
910911905711165440
910912989506752513
910913397226602496
910915908335435778
910915991802179584
910925904213311493
910927280414892032
910927563899441153
910927622196088837
910927924597010445
910928082328018944
910930983087681536
910931284687446016
910931637826998274
910933036220473350
910934074721804288
910935856453685248
910938146954768384
910940587200741377
910943506453221378
910943675454296065
910945623318388738
910947709955268608
910948239184203776
910949306064044034
910949534510936064
910950222792183808
910950731561230336
910959998456483840
910960638507266048
910961042821468160
910961929094619136
910965667456790528
910971277413945344
910985675574595590
910991818124353536
910992308002111488
910992458586230784
910994071010676742
910999341019607041
910999346488909824
911003495876235264
911007988428746752
911009001336397824
911010365839781888
911014440493076480
911015986110877696
911028705354543104
911029627266756608
911035816800960513
911039851293822977
911049085033025537
911056394471735301
911057567182462976
911060086285635584
911061430975303680
911066934308933637
911068094067490818
911104218739523584
911104891522662400
911107996121313280
911124575836098561
911133040348409856
911139477329981440
911142282908327936
911143089443606528
911143259090583553
911144080171728897
911147055556505600
911148862093643776
911149173294223360
911150798964494336
911151210681503744
911153837347606528
911153870503587840
911155331396456449
911155562469105664
911157082510041089
911157205394690048
911166409308327936
911168834924670976
911169160436207616
911177801948164097
911179102174027776
911179182872289280
911181411125727233
911184689821618176
911185184770445312
911186450166816770
911188460932870144
911188823719149569
911190546340831232
911193636288831489
911198489916342273
911200759055831040
911202793276440581
911206585363521536
911208562537435137
911209991125831680
911210307586023424
911212822301937664
911216821117874176
911219193026088960
911226633696235521
911227988481540096
911228053577138176
911228881633464320
911230182484258816
911232007014899712
911233493073629190
911235859516674048
911239152460591105
911243412585766912
911246421583646721
911246569244123139
911250797106798595
911251383864713217
911251887630045184
911252049521729536
911254155049742336
911255910353424386
911256288281075713
911256300436287489
911262281916387328
911270501930151938
911271035034587136
911271506474348550
911274695835701249
911278075601719296
911279118301499392
911283513068007424
911289383025770496
911290647168110592
911290937095151616
911296665952358402
911297681032695809
911297823626420224
911299721976741895
911300592693399552
911307420634353664
911307500477145088
911307921421725696
911311302869573635
911314851607334917
911315426721792001
911316420859920384
911321767632887809
911324725447725061
911325758542446593
911335524987744257
911336400741683200
911336957313155075
911343244566462464
911343961826119681
911345636405997568
911353603687948288
911358536839462913
911361536786145280
911361874436005888
911362729457471488
911363071486103552
911365311668146177
911365727306821632
911367412154585088
911373703216291840
911376440830169093
911379775322824705
911379824802807810
911382752829861894
911397278547677184
911399294334365697
911412374699233282
911423434638360576
911431931451052032
911433265655025666
911446435362742273
911448368504868864
911456502942240769
911462395939315712
911464080384327680
911465917506342913
911466571784232960
911469086269460480
911482847378182144
911484107758108672
911487585675038720
911493408224575488
911494745372991488
911506685696634881
911514506412613633
911516407271165952
911517758655000577
911522046760366080
911525712347193344
911530750960381952
911531223549390848
911532374575534080
911532440426033157
911533755734614016
911535207391666176
911539042684211200
911540516529016832
911542819348733952
911547512233824256
911547753402109953
911553294060998656
911557477870776320
911558351967879168
911558765543084032
911569770562097153
911571106003288065
911574297029824512
911576233577779200
911578560200142848
911579968710348803
911582334591303680
911583086210617344
911584635603349504
911585144770842624
911587288903225345
911596369982427137
911596540875206657
911596882958405632
911598202897539078
911598612269985797
911601978597396480
911607438352244736
911608714666418177
911609521633710081
911617848166010880
911625640796925952
911629290235711488
911630856804069377
911633367120130049
911634988206043139
911636725486800896
911638482916868096
911642480575205376
911642647919513600
911644072649084928
911644191784161282
911646012925767688
911651271328899072
911654260596727808
911655182114656258
911656131268894720
911659456081121282
911660629852901376
911670101476364290
911673220100698118
911674375237177344
911675085773316096
911675927964323845
911676620867559462
911678028480221187
911685968704532480
911687816320569350
911688652329189376
911690520656740354
911690737204518912
911691370993192961
911691454430429184
911692377848459264
911694722045038592
911698266840092673
911698538219884544
911701264202952704
911701529542963202
911706358466203648
911707901982584834
911715820824354822
911721974723997697
911723087028277248
911732188642631680
911734191997444096
911735393963462656
911739990949769216
911741336470130688
911742525962117120
911743756549812225
911746797030305792
911762721812738048
911768944217935872
911770291830968321
911770318699728902
911782632752631808
911795859485945856
911818034779652096
911825021642903552
911832893084831744
911839794715676673
911840991442882560
911847684717154304
911855706462150656
911855793548513280
911856294801403904
911866252645330944
911867133893775360
911869649465352192
911871224816513024
911872486911987712
911873737208815616
911877702495424512
911881395999531009
911883314478374912
911883534167674880
911886328509472768
911887329685622784
911890061012193280
911892046209798144
911896779226001409
911897404420579328
911899405095186434
911903622476255232
911915546479927296
911915636225396736
911918689653542914
911924257202081792
911925481519403008
911930796105244677
911932085866254336
911932156745850880
911934659059159040
911938282119819265
911944905512992769
911945481202421760
911950328567824390
911951500020248577
911953717980692487
911957134253985793
911961514373939200
911964449963167751
911965766186135552
911966302591504384
911967622106927104
911967739119591424
911968491586146304
911973168230920193
911980796428382209
911981087504715776
911981374785163265
911982763120758786
911992592463728642
911992841446068224
911992891148349440
911993384503570443
911994308353511424
911997486377693185
911998766919639046
912002218387214337
912002712467918850
912003166715219968
912006479825244160
912008311800782848
912008409175789568
912010217357021185
912011947935240192
912012647528267776
912012753400983552
912018899159453698
912020765591171072
912023440735064066
912025515082559488
912026238323216384
912029873547378689
912030042552782849
912031765576986624
912032229043441664
912032587266260992
912036758073827328
912037121699049472
912037477321510912
912039449562935297
912040116851494913
912041251855355911
912043273920925696
912044068758278146
912056147900796928
912057743426691072
912067954027765762
912069889304793088
912070329593450496
912072955328434176
912074181759533057
912074775673081856
912076453402963968
912082992318656513
912084611290845184
912088090881249280
912089375198064640
912089455720374273
912097341427023872
912109064150274048
912111774052290570
912119996532260865
912125445788848129
912130150967468032
912131392049426433
912150039912468480
912183464752971776
912190644428427264
912191571524673536
912195154722861056
912197178050916352
912206283050074112
912206835423285254
912209783184396293
912213833619357696
912223753559568384
912225689650319360
912226700485947393
912226832476491776
912228559816667136
912229488859209728
912229705755058183
912230044608720896
912230195649826816
912232328822497281
912234861326454784
912235342002053120
912235576069378049
912247514925019136
912251221649608704
912252473213177856
912252502074183680
912253201763700737
912253617448644609
912254993591410688
912255750218665984
912258420765528064
912258424926326785
912259131272134657
912262911590043649
912263654816587777
912265842976489472
912268335261331457
912270838828646400
912271014964457472
912272350435057664
912286161024028672
912290834820866048
912300716945035265
912305359213150214
912308563241922560
912309526241652736
912309547649437696
912313811998212097
912315738010083328
912316000988811265
912316245097287680
912319683587657734
912325266642489344
912333953025105921
912334669273796608
912336101754507264
912344787340185600
912351476852326400
912360715624775681
912361276000620544
912366916706164741
912370396099497984
912375566418026497
912376433372168193
912377025196969984
912377309981810689
912378842169389056
912380087860948999
912380685796691969
912381382235697152
912381684196265987
912387502555594752
912389894542159873
912398632133029888
912398769420980225
912399310347755520
912400131160514561
912401209939591169
912401409185927169
912401717446180864
912402221190574080
912402387276587008
912405114865975298
912405224316383232
912405488972812288
912406698182238208
912407372659937282
912408312175628289
912411981767946240
912415955455807489
912418511447822336
912418511464599552
912418511468851201
912418511477231620
912419942137462784
912419942565376000
912419942959599616
912419942963740672
912419942963859456
912419946344386560
912420923663413248
912423387766681600
912431817877282816
912435120069644288
912443049955020800
912444700694630400
912455046784327681
912455350439366656
912458054528110592
912458215849209857
912463507538403328
912465834102149120
912470515390009344
912471941016981505
912478177934618625
912481451584757760
912482783704076288
912485809470738434
912488721181704192
912498854611832832
912500915680239616
912502398387654656
912504188910931968
912505344445894656
912512124471177216
912512165239836672
912518415566426112
912524989735333888
912533553262493696
912547649877889024
912552508970668032
912557986308075520
912560348984676352
912561322885369856
912562750219587585
912576221313208320
912576600633470978
912583836256661504
912583890753253376
912584692955799552
912585891020804098
912588923926384641
912590764793876480
912592264265945088
912597469111910402
912606457278992384
912608468951093250
912608887173517313
912613849022570501
912615098908151809
912615105203965952
912619840975904768
912633273230249984
912636626177789952
912637329126420480
912639092827082754
912640480747380737
912648657966596096
912651609083179008
912651930782052352
912652009618145286
912654487474655232
912655901932359680
912656750423216128
912658141262876672
912658188662706176
912663292287516672
912670739265998848
912671349121929218
912673567497650176
912680969190215681
912681377736380419
912681548423598080
912681864657240066
912682060980027392
912682138574688256
912682444729602048
912684144274141185
912684653907185664
912685836247928832
912689099844259846
912690600142626816
912691445315850240
912691540924993537
912694118513545216
912698911604830208
912698995474096128
912699001354510337
912699577358323712
912699957236453376
912700934094024706
912703368887459840
912710500026380288
912712706247053312
912713979214090240
912714175834738690
912714654480203776
912714664567541761
912715354530619397
912715606176223232
912716279794069505
912718884456796160
912720061802131456
912722325031833601
912727967188619270
912728834503475200
912730089531543552
912730396114157569
912732593967259649
912741260573765633
912742221560127493
912744302341738496
912746277452034053
912747557117399040
912748169926254593
912748195926683648
912751912486715393
912753792357224449
912754451341090816
912755717559513088
912764291991949312
912771995670114305
912779172841390080
912779918278357000
912779946388606976
912780558316589056
912780813334441985
912781131254255617
912783317342330885
912783402478292993
912784643144998925
912785305853456384
912789029543956486
912789200264712197
912791546969427968
912791551188897792
912791761331933184
912792295136743425
912795627192324096
912796710585360384
912797043181178880
912797999088197633
912800276603703297
912802737821245440
912804278783369216
912805752787496960
912808019758477313
912811921648312320
912812207720865794
912812647669747712
912815188587491331
912819232311791617
912825188248678400
912846462987403264
912849339445239808
912850577628987393
912853933244026880
912855646835560449
912865837752647681
912882330603331585
912884572441972736
912890211281104896
912891318573125633
912891521988530176
912891731691130881
912892726181580800
912902118062862337
912904734872305664
912907195267915776
912907503146606592
912909667394756608
912914633450754055
912915008828444672
912916677741957120
912918693528702977
912919734143741952
912920238768971776
912925895161188352
912928047900315649
912931058756280321
912932672321843200
912941230799106048
912941752964829184
912944164278595584
912944187787509760
912948491588161537
912949961645363201
912951066030936065
912953480259756033
912965111069003776
912965286915182597
912970688155258880
912973864979836930
912977142832648192
912977781650345985
912980135908843520
912980796503465984
912982104287399936
912982763627843589
912983970320613378
912984098683195392
912987517875638272
912989242137092097
912991559095914496
912992665519755265
912992939848200192
912996607766999040
912996856313020416
913000216978173952
913005672085774337
913006502566416384
913006924894920704
913008605158363137
913015786201128961
913018700441284608
913018833794891776
913019010400309249
913022105792516096
913022518063239169
913023036923707392
913023190024278016
913034109022343168
913043130022326274
913044339793817600
913054335143116800
913057915455623169
913059020260462594
913059613326573568
913060455123488768
913061338884313089
913063874265481216
913064644817899521
913064803391942656
913066064732450816
913069719950938118
913072112767782918
913075643981602816
913078082948485121
913079745176375296
913081087768891398
913084793444761601
913086088205471744
913087170365280257
913087216913498112
913091981626265600
913092828036812800
913093990697889797
913095543018201099
913099879068704768
913104328398917632
913106587866341378
913106671760740352
913107433031180288
913108946336063488
913112153728651264
913112386927767552
913112636056903680
913113038693179393
913114372058296320
913114510080249856
913116205908717572
913116798597292032
913118451031580672
913121387031736320
913127304385171457
913130942105100288
913131875308326913
913131988579753991
913133967884288002
913134718648012801
913135553738047488
913136817062457344
913138580750573568
913141310919528448
913142077126582272
913142866091888640
913143530868142082
913149927202738176
913151407355826176
913151721915899904
913153508295233538
913167644488060928
913171163366408192
913181285891416064
913197219641282560
913198898621173760
913203511931887617
913208538813657088
913213997687672832
913225211293655041
913225328197292033
913241511365693440
913241687220211713
913245464610394112
913251670087405568
913265169484132352
913267567694925824
913270798214766592
913277759513858051
913287749075111936
913309724719894529
913312740420280320
913313127122526213
913318039512342529
913321146652725248
913324757529047040
913324947090546688
913325183267741697
913327034352459776
913328086145552384
913331988911751168
913340774326194176
913344791634698240
913344794965024768
913344798744088576
913344841953812480
913344898589450240
913352450412892160
913353715351990273
913356940851412992
913357179423531009
913357779263508480
913361978093195264
913362368259911681
913362864471240704
913365237193232384
913365870533103616
913374504063135746
913379416717348864
913380300612362240
913384118297219072
913385084631347200
913390957072125952
913398165834915840
913398588180504576
913400348966088704
913400436622839808
913405724901785601
913407315256250368
913411301967319043
913417020242321408
913418551675047936
913419900298891264
913422820570525696
913424218313887745
913424459083784193
913425667194281984
913426158171148288
913427081752608768
913427548578525185
913429654148612096
913429875607900162
913432461798932482
913434596385095680
913435033750323200
913445903293403136
913452422084915202
913457154069336064
913466714146447360
913467043852275712
913468977828986880
913471653098770432
913472748512563202
913473175073251329
913479443460452352
913479975285772291
913483579463753728
913486905546768385
913497061630332931
913499174284529664
913515538801987584
913520777483472897
913521891901571072
913525607643975680
913526692702048256
913544871314571264
913559584861802496
913560340687998977
913563865983700992
913571606592593920
913573737303298048
913584746512486401
913601295549911042
913604890877931526
913607517380497408
913611853842001920
913616215100334087
913627054423396352
913631819161047040
913635211082178560
913637794379173890
913638863939227649
913666990937690112
913669216825495552
913681813192790016
913685340996739073
913690969773625346
913691721090961409
913691873201524737
913691934874591232
913693193568481282
913693505687556096
913698238494109696
913699327326822400
913706997471748097
913706999564718080
913707916133376000
913708135373828096
913710770231349248
913712101419601922
913717394694115330
913720305201352704
913721274429448192
913721306310471681
913722429566062592
913724341313032193
913726679641677825
913727138934722560
913727169112809474
913730392448012289
913734659544150016
913737687999401984
913739778448871425
913745519620521985
913751623989710848
913755072974213122
913755181086642179
913757334958219270
913762952804790273
913766649693687808
913766726034231296
913769087427338240
913776200102715397
913776868255395840
913776897645039616
913777176134262785
913778732632084480
913779868273451008
913785482944892931
913786315937914881
913790190371688448
913792081407221760
913793120784965632
913794180668968961
913795422593921024
913798104041783302
913798614467608576
913798679076753410
913801215775006721
913801989619929089
913804987284819968
913805656280506369
913812538294448134
913813473632583681
913814291526094848
913819595236155393
913819868474089472
913820640871936000
913822045942796288
913824534872117248
913825046996635648
913825549470126081
913829632629190656
913836731882967040
913837478477475840
913838732561838080
913839394871791616
913840792812376064
913842016265674752
913842634531262464
913843207074717697
913844761030782976
913852984647471105
913857443343605761
913863563676090369
913871352976769024
913874173532962816
913874715101581312
913878057978667008
913882075245289478
913883442164768769
913886044738682880
913887377717899264
913889644705714176
913892755633528832
913894428313452544
913894918191566849
913896351813001217
913897974576455680
913899113355386883
913899976127799296
913904243823857664
913907885318508544
913908812251312128
913910716050132993
913915155733520386
913919682628980737
913934527134826496
913946842773073921
913951454892822528
913969943410020352
914000087314948096
914000498067247109
914003869457190912
914005019942424576
914008049903296512
914008293202415616
914012438416281600
914015485141774336
914016855844704256
914024637125808128
914025658879283200
914027217449111553
914029611138285568
914034776864120832
914040161075449856
914041701311885312
914042305539198976
914044021525434368
914050027085090816
914050672013824000
914051449201598465
914051934708994049
914052291031842816
914054483386273793
914055353704251392
914057240696541184
914058104312020993
914059037960015874
914062031870992385
914065067687034881
914065585683570689
914066094486441985
914067513385857024
914069267443736576
914070645268471808
914070800482914304
914072916496666624
914075808074829826
914077167423770624
914082708107743232
914083042385432576
914085557298483200
914091608005414913
914091773240193024
914092439727738880
914097303463612416
914098951371898882
914103176315441153
914104428734631937
914107372708225024
914109931233652736
914110243692515328
914111976795713537
914126233671225345
914129113446862848
914137500796547073
914137795190501376
914138325010837506
914142118330949632
914146163326111744
914149492332646401
914154197406420992
914158419891933192
914165523386130432
914176933159632897
914181912184475648
914182969182572544
914185565041496065
914191642168561664
914199161272233985
914202319188832257
914212755388985350
914219896237694977
914221777806532609
914222118388281344
914223999093215232
914231217104572416
914237548368744448
914245145549312001
914251218662371329
914251328364347392
914251351428931585
914263709521920002
914264678842413068
914269301770801154
914269757268021248
914270516889792512
