870213649985662977
870309671059550210
870383683739537409
870385662465384450
870509829080489984
870550449690210305
870677839674200064
870677996348219392
870679764700286977
870887727901835264
870964156106715136
870978273316139008
871079533444833282
871087441276530688
871138579191386112
871139202020368384
871139572180164608
871155846713147392
871180721448251392
871309874969407488
871357995384438784
871383141482733569
871457566483783680
871461069134364673
871463675072327686
871474300074807296
871482835068211201
871503918559248384
871515754075762688
871638147641335808
871672057733447680
871674396892700672
871730551358664704
871731917573545984
871839565241352196
871840142121717760
871840461270462465
871840812199546886
871842234370580481
871842490671869952
871873037448212480
871893516154265600
871894158314811394
872082646981070848
872096444982988800
872200443006418944
872202561276846085
872204508922863616
872204840042020864
872205806644506624
872214945802465284
872216632344621057
872240503777087489
872240562107289600
872241085942288385
872241275545714689
872242228915298304
872242389976526849
872243947741097984
872245478234226689
872245716873334784
872245957223755776
872246094381580290
872286344994795520
872304666998177792
872398608502591488
872416855809564672
872428735777132544
872476047081697280
872517458699091972
872561651173789696
872562520220946433
872564801888768002
872565751735078912
872566021604995072
872568587277488130
872579574239985664
872580330485665793
872580881214558208
872597723844931584
872619732603719680
872627750452039681
872697831395659781
872724073486458880
872782347032289282
872790804032614400
872825571444748288
872934291692564485
872935983972593664
872937686956376064
872938047603650562
872942442777128960
872943883545608192
872992534926155777
873003725752721409
873025131815124992
873137427585609729
873143132283695104
873278825123196928
873284332407980032
873284548280422401
873285794001244160
873287131778756609
873330200733519872
873330465830309888
873330944400392192
873381839322394629
873403174069178368
873463237764894720
873483074335408128
873522959192907776
873559571285110785
873584422553092097
873649291641974790
873651220690456578
873852514080346112
873902774810927104
873936992362299392
874012778092265472
874013050650734594
874013433720709120
874014005265879040
874051275012411393
874055243667034113
874104829152567297
874113336027357184
874208541674012672
874336215037857793
874361845615865856
874374798444568577
874396842431311872
874397425242427393
874398395355455488
874403756330426368
874444046600634368
874471742927917056
874499128528695296
874521490040991744
874522009270493184
874542051370520577
874605152988270592
874605904167153664
874625525557465090
874660003130376192
874745143336853504
874820311560069128
875001535243014144
875125900161032192
875126966344712192
875127473444442112
875127635747229697
875129777476251649
875130283598766080
875131750510448641
875217484126629890
875264845548879872
875282625362919424
875291436735967232
875298568734728192
875382503070105600
875397426802286592
875437752082235392
875468252226498562
875493950307610624
875506829681405952
875508294156259328
875508686151708672
875591541292544000
875601519525085184
875636870373232641
875701086849556480
875811912042377219
875813139794808839
875834908652032000
875844464954232834
875844481320464386
875844508990222336
875844887752712192
875844998893363202
875847439533563905
876039071830769664
876149115721265152
876152239643123712
876207236594507778
876231077433573376
876287427924574208
876299007542349825
876328128590774272
876425519096635393
876505772053712896
876559525016461312
876752231864913921
876869129663385600
876906555437961216
876908913047867392
876995246898466818
877028911661633536
877028994704707584
877040174609424384
877144278073581569
877163461150691330
877163588665921536
877431800556998656
877431906773716992
877478280995143680
877519635993681920
877629454637563904
877630193665429504
877798923238203392
877845664268525569
877875062933794816
877875302067617792
877883385338765313
877888555217035264
877917002261594113
877946983138287616
878016884289007616
878017113780342788
878017461945323525
878050635924422657
878069100714508290
878081489455415296
878083435197288448
878104330800254976
878159468244090880
878213414572752896
878303380279635968
878364847880130562
878365645984985089
878370988693630976
878456625895485440
878504783245697025
878506099824918529
878552361576411136
878643253540683776
878704044931416066
878704821557235712
878706182118146048
878708391501287425
878717389126459392
878735450332160000
878744671383629824
878751979140513792
878775693311692801
878779121744191489
878852194493054980
878865585227964416
878912215797182468
878944984245952514
878986034293481476
878990310411554816
879001043627106306
879003634033242112
879035912973320192
879075918240731141
879079577305452549
879095689346564096
879144527528837120
879201061185216516
879221811656970240
879225642314866690
879397673052258304
879399938714722310
879401287590322177
879420882954985472
879421252468977665
879421509579812864
879423978774855681
879432545229778946
879436069263077376
879436453482295296
879446589840003072
879447995766505478
879481804822110208
879483443935051780
879510972850991105
879511053796859904
879514061100253185
879602550005215232
879617814767837184
879624912348073984
879669279729307648
879677692651737088
879753740005367809
879755502015705094
879772889913970688
879780298321309696
879808291932647427
879820982227271681
879821134434381825
879910042832703488
879929602562564097
879953824223514624
880011331503390722
880042038078701569
880107495578062848
880163843095146496
880166068177821698
880167504416526336
880169775095324674
880174322580697088
880214531275927552
880230775949598721
880312615079223297
880316906657509376
880335013493035008
880370118542450688
880409206544781312
