892173313627136001
892177847653150720
892179453652209664
892181528167559168
892181879641694208
892183163547594753
892190215850389505
892194824547430400
892211381113638915
892223926293737473
892238988026695680
892261405352742912
892262837292339201
892266984162947073
892267412850135044
892271176621236225
892279286899634176
892283400698171392
892286335448264705
892290050754531328
892290325062062080
892290449200820224
892291905052172289
892313274636783616
892316483149320193
892317195434328066
892319022485778432
892319049350295553
892319181881921536
892319654152196096
892326854937505792
892328386265305088
892331062260637696
892336418374156288
892342022782242816
892353033694314496
892353095774199808
892369924580143104
892369939226652672
892371890240729092
892373524135936000
892374413320089600
892381528961032194
892385160364216321
892385210943275008
892389703818850305
892390738817929217
892393568278544384
892393943261949952
892398211792502784
892399441122127872
892399446574714880
892406765215723520
892410758398652417
892415287135543297
892418168295051264
892418175433818113
892418187169374208
892418194295504896
892418593996107776
892422227546787841
892428579795083265
892429558338777089
892429562130440193
892432444011548673
892434297918967808
892434611623604224
892434817995993088
892437259101896706
892440383845806080
892441419008286720
892441754129096706
892442339653955584
892445233719463938
892445433519144960
892447634132283397
892448834835460096
892448891139792897
892449438916063232
892449894425907201
892449987547865089
892451413602783232
892451455944146944
892451475657502721
892452225259372549
892453581131001857
892454661688614912
892456585183756289
892456586865774592
892457311456948225
892457471008264192
892458700786601984
892458902935277571
892462198009843714
892464185250127873
892468148036919298
892468403885268992
892468640041357317
892468869461356546
892470104587460608
892470629798223872
892470924301283329
892472018137960449
892473660182802432
892475793418461184
892477898535436288
892481559198093317
892482173244256256
892482737201971202
892485452485328897
892487324394762241
892491324489969664
892493098265260034
892493572649476096
892497403315617792
892499053333934090
892500284794122240
892500858184904704
892501475552899072
892501717132169220
892502985078525952
892503042980892672
892503482929995777
892507081118556162
892510192402927617
892513847499776001
892514395259097089
892516436215832576
892518532944146437
892522259176443906
892523642030100481
892523956695171073
892528959988146177
892532447975534593
892533356038107137
892535625177604100
892538124978462720
892538430328012800
892545409196986369
892550524704358401
892550801423454211
892551644050837504
892552268570034176
892552725774446594
892557068518830080
892568331101843456
892585195546791936
892587378677874688
892591645115510785
892593598843236353
892599668399423488
892601547024064514
892602731092877312
892603959616995329
892609281320599552
892618429089427456
892619962141028353
892625718919692290
892628130543874048
892629387996258304
892638547936718848
892641118608863232
892644961853861888
892649719876530176
892657853890211840
892658787127103488
892664350456111106
892666623752118272
892667562894520320
892670274222555138
892671027368652801
892673766962208768
892674828641206272
892676351966285825
892678716337397760
892678869307805696
892687629682126849
892687749643415553
892690187347791872
892691837403746304
892694637097496576
892694684505657344
892695295590576128
892696306854105088
892697452750524416
892698904986361857
892700993573593088
892701024183492608
892703490434367488
892703651172679680
892703836447674372
892704757588123648
892711341764603904
892712661686906883
892713789958881280
892722486835630080
892726317527052288
892726782226550784
892728195707023360
892728476335210496
892729487028359169
892729635628343296
892729950184321024
892731404370534400
892732088893440000
892738396283691009
892739689278570498
892740317245583360
892740382290849793
892743527179976706
892747705197481984
892749035106336769
892749693331140608
892751701870071808
892752783576883200
892753043602714625
892754173133025287
892755649108615171
892756260248051712
892758109613154305
892758567526248449
892760082508853252
892760949475741697
892763096112082944
892764543134437376
892767973680742408
892769221029093378
892769349571940352
892771672620748805
892782233463005187
892786629986975744
892788426772283392
892795105370935298
892796509212815360
892796586358648835
892796780571656192
892797447889670144
892807559463272448
892808327918489600
892810561804742660
892812783158472711
892813723869511680
892815492880228352
892816248857382912
892817240185327617
892817310414770176
892821016342298624
892821123460718592
892822325157969920
892824471794569217
892829351439413249
892830893655633922
892830960311513088
892831817270788098
892833006351765505
892833508388950017
892834094362578945
892837176341401602
892840616484360193
892841658760540160
892841967897505793
892842875557425152
892843508456992769
892844067993915394
892844484056272896
892845071674073089
892845422745706497
892846228932894720
892846249879248896
892848473246248960
892849639707344896
892851423519666177
892854702655909893
892855781011460098
892856208381575168
892856491916615682
892856502838480896
892858035218948096
892863239746453504
892871298262720513
892880936790052864
892884370209550340
892888036043771904
892895348376485889
892895901361909760
892898407693549572
892900615591940097
892900837067980800
892901259002478594
892902266033905664
892902475732090880
892903849719078912
892904037305155584
892904038961950721
892904045702250496
892904053650448384
892904054506094593
892904082175918086
892904106507075584
892904115734556672
892904116997042176
892904124144025601
892904143416950785
892904146340368384
892904150564032517
892904160189964288
892904160630145025
892904167341162500
892904180733673477
892904184961531904
892904187046096896
892904218901848064
892904221019783168
892904229807038470
892904246189969408
892904283506659329
892904288971894784
892904305333870593
892904312439021568
892904314955603968
892904319590248448
892904320831827968
892904321276313600
892904328792604673
892904329652256768
892904338884104192
892904343921463297
892904346857472003
892904349776715776
892904349780910080
892904352284848128
892912931746271233
892913032392830976
892920335091339264
892920372865249284
892923271951376386
892926160593719297
892930304964521985
892930476930998272
892933579457646592
892934003908653057
892948416413806592
892948597154643968
892951048310095873
892958445825122304
892972953112936449
892981167208660993
892982597046980608
892983940478365696
892984274319749121
893002169355554816
893004893971259392
893009935088447488
893010372541722624
893014825659285505
893019342929100800
893032213385818113
893037733379264513
893038133817872384
893038246627872768
893038572701450241
893040456216530944
893041263313907712
893041625156509696
893042426700496896
893044356915105792
893045681480499200
893048811249119233
893050937778069504
893056704509874176
893058297074503685
893059228239364099
893061743143997440
893061971733565440
893063901931110401
893064154264866816
893064621183164416
893064637205368833
893067106819899392
893069222007517186
893070225704456192
893070416553668608
893071513364168704
893071808202760196
893075747925094400
893077696586162177
893078639474028544
893079255185272832
893086023558758400
893088550169829376
893089076584353792
893093584878096384
893093597209382912
893094339592814592
893097480887390209
893098479794479104
893099401689923586
893099415111520256
893099425614110720
893099432748523520
893099433985941504
893099444484292608
893100569400836096
893100587419611136
893101848223207424
893103750327488512
893106469087916033
893107412831526913
893108732753825792
893109215534891008
893111086198792192
893111266880913408
893114673985454080
893114860225122304
893115102643224576
893115256565886976
893115257836544000
893115266631991297
893115274630578176
893115280477401088
893115287628726272
893115298940723201
893115539677208576
893115573256716289
893120286962397184
893126858014851072
893126863480029184
893129441311948800
893129685395263488
893133232937603072
893133359651663876
893134913498689537
893135300750450689
893135712182308864
893138638564978688
893138812616007680
893140630867763201
893142475082264577
893143126474358785
893149235889053696
893151216452210688
893151311759388676
893151877042405376
893153926807248898
893156167396012033
893156387588648960
893157005829050368
893157357345230849
893160112990375936
893162973266661377
893163802698690560
893163953702014977
893166778561548288
893167735458471937
893167863648972805
893170209288323073
893170436011438080
893170813477822465
893172259707289600
893173118277169157
893173407705169921
893174592562487296
893175760252538883
893175904519692288
893175911264116737
893175918797012992
893175920051183616
893175933904994304
893175936836788224
893176121960878080
893176527407513600
893176887664664576
893177841734610949
893180141622394882
893180575334486016
893185843355164672
893194166120980480
893194410359390208
893195921869201408
893197569794465792
893198133508927488
893198724901613570
893198745789190144
893199600261222402
893200078395015170
893200866097995776
893202413359960065
893204696357376000
893204960179089408
893205127103950849
893206533042995201
893209230362202112
893213135863255040
893214677953544192
893215990779170816
893218451149508608
893218527456489472
893220049179353088
893221020571717632
893221435812052992
893223495609483264
893224284629463040
893224716152045568
893225172492275714
893226369164902400
893231641790951426
893234795492331520
893236526062215172
893237696717615105
893240478346379264
893241324404715520
893241706472239105
893241887045206016
893242739520876544
893244140812615681
893244145535336449
893252394397700097
893252776884568064
893254075470544896
893255081675689988
893259813685252097
893260740613726211
893263722378145792
893266485161803776
893272464138002438
893276757003862016
893284084448976896
893284297536360448
893286199619661824
893293802638589956
893307471468650496
893313049490272257
893327091172859904
893346931048624128
893346964598910976
893347350487412737
893349698890866688
893367584640335872
893372927344824320
893373324918706176
893380994241146880
893381379312029696
893382252561932288
893391722046271488
893397665349808128
893411398176432128
893412933904060417
893413021124526080
893413334434934784
893415756582531075
893417415480156160
893418699474034688
893428759403147264
893429262304370688
893429549622603777
893430435216338944
893431028106358785
893431703414374401
893431818489405440
893432991053221888
893436152862081024
893439363463426048
893439554753097728
893440519338160129
893440729946750980
893441140170661888
893441435462246400
893441520589819904
893446700131602435
893450625987555328
893450939155320837
893452896808914944
893456971541643264
893458380009988096
893459708341882880
893459788889280514
893461571875295232
893461768181297154
893463232823906304
893464047768788993
893468185860743168
893469175267688448
893469717574430722
893469717624754176
893469885711470592
893470506803965952
893471001522163712
893471026667020290
893471602611900416
893473848582123521
893474001703587841
893475060874440705
893475155552370688
893477785804648448
893478361682640896
893480249962487809
893480544369078272
893482494745497600
893486878212726784
893488225410568192
893489613851021312
893489907758493696
893492431471034368
893492492699541506
893503362259353601
893503837046288385
893506024791060480
893506047012425728
893506139287060480
893506794038939648
893507172746883073
893510069337436161
893516283622371332
893516899786530816
893521110003851265
893523961723719681
893524415979368448
893525928856477697
893526565983748096
893526571847479297
893529230230700033
893530967033434114
893537314311372800
893541509005537281
893542152835399681
893542293596061696
893543204372578308
893543721110777856
893545132888399878
893546620620464128
893546928067051520
893549008009928704
893550892519129088
893552854052589569
893553135616176129
893553424196804609
893554819654352897
893554903951450112
893557168452009985
893559194313510914
893568277066072064
893571639228674049
893575232883236864
893580215737348096
893582771670667267
893583241080434688
893584897843056640
893586742481219588
893595228816453633
893595993463283712
893597181676060672
893599679799316480
893602896025202690
893605387013767169
893607554638639105
893608578464063488
893617149083779072
893618997526122496
893619172013465600
893626857232506880
893627535862452225
893627538806898688
893628797953683456
893632744785272832
893638243912220672
893638287558152192
893638568727519232
893640126328442880
893640614117392385
893641354852651012
893641487782739968
893642309878861824
893642899186909184
893651126716833792
893653474268782592
893659012432003072
893668084732579840
893671098335866882
893671770263343105
893671934671691779
893673113275314181
893683796180172800
893686738459262976
893709834813661184
893713622291148800
893714031659372544
893717143820304384
893717757849726976
893721510510284800
893734080994586624
893745348883173378
893745499412602883
893746716964474880
893747492147404800
893750880276709376
893759492009144320
893759520148783105
893759575924584448
893759755860226048
893759816245620736
893759892175114241
893759908117663746
893760029723156482
893760069149609984
893760093908553728
893760226041765888
893760240725962752
893760357734461441
893760382480920576
893760397156679680
893760472218042368
893760488160493568
893762233003646976
893768465743589376
893770011743064065
893777119007977472
893780567564705792
893781681148235777
893784186426970112
893787035605053440
893790837754167300
893792658765877249
893795518165524480
893796471966924800
893797399306620928
893798724723511296
893800123498713089
893804002001002497
893806290409009152
893806911967158272
893807258865479680
893807548700164096
893807950883672065
893809709995655168
893814106905604097
893815232707141632
893819610662920195
893823343174012928
893823525626269696
893824637951504385
893825945303261184
893825959152844800
893825971744157697
893825973828726784
893825975951122432
893825979700830208
893826072428638208
893826688986918912
893826702828118016
893826708251357185
893826719165014017
893826735958933506
893826884005498880
893827260742062080
893827805481455616
893828685865857024
893829816230842368
893831069987991552
893832414207905792
893835116325240833
893837002784755712
893837026687983616
893837044278935552
893838697677934592
893839425410674688
893839781507072002
893841397127794689
893841526756978688
893843939303858176
893848992085422080
893852799347417088
893856033491353600
893860370766548992
893860534508040192
893862473111154688
893864495604543489
893868293517430798
893869545533976576
893870027019104257
893876627184267264
893877576355262466
893878998249418752
893880629409886208
893881787855884292
893882771441160192
893889096002752513
893889503013871616
893890350552674304
893890479284260864
893891010312450049
893893929954938880
893894944984903681
893895172324511744
893896160305434642
893896307709927425
893897946403676160
893897961519886337
893899866144944129
893902301773131777
893902498716684288
893902599572738049
893904738269487109
893905306148892673
893911389588336641
893912186933977088
893912237269696513
893914551149891585
893915952995323904
893917023377469442
893917912142053376
893918563945385994
893918828618555392
893921420669046785
893923199913783297
893924380618752001
893924394036342784
893924609346686977
893925713115574272
893929488832180228
893931737398595589
893931744944173057
893931828435972096
893936024828727296
893938861012914178
893942807865503745
893943140880613376
893944453278425088
893944850504200192
893946826851745792
893968643482017792
893969329296945152
893973849615851520
893974231431643146
893974601520361472
893975887070285824
893979840616988672
893979958904668160
894005249307967488
894007194185854977
894008537625620480
894009798013972481
894037844083302400
894058320658649088
894068292645781504
894069777290874880
894106488658173952
894141545439473664
894220248848760834
894233196707147776
894272321560739840
894277154216845313
894307798133215232
894321959173009409
894328976059101184
894352654603780097
894352805691101184
894352848061960192
894376389822099458
894384098957021185
894386865964544001
894407083759738880
894417278871244800
894421483623239680
894422403887058944
894424793780559872
894436162009432071
894438689526366208
894442359529717760
894442511372103681
894459586392010752
894464290123653120
894464333463289856
894465023443161088
894469590683717632
894471948117438465
894473998834204672
894476252010119168
894476966748925952
894478302601150464
894479474523287552
894479623408537604
894480073818025985
894480568787890176
894484763519660032
894486230276202496
894488878974894080
894489719530278912
894490809252409345
894491625816297472
894500537470775296
894502229847285760
894503871082528769
894520780024934400
894521212428222464
894521717871259648
894522893954158597
894523604456669184
894523891334479872
894525426038648832
894530555664117760
894530638300274688
894533005280243714
894535488614400001
894535561582694400
894535662657056769
894536087133192192
894537517810298881
894537826083250177
894540627446308864
894543578533416960
894548695198441472
894549303384997888
894550417811439623
894552214638911489
894556504984092672
894560934496280576
894561289451819010
894562018417618944
894565009363263488
894565131828514816
894565690518228993
894567269317136386
894572835095629827
894573340534255616
894575437233434624
894575437258641413
894576106644398081
894577798203023361
894577830092210178
894581100831494144
894586055143419904
894593711849558019
894598104657383425
894601321751474176
894605952493785089
894610034625302529
894610654702825472
894610883313377281
894612560191868928
894613017777885185
894619355811545089
894621182011559936
894627571169624064
894630166886002689
894631067398938624
894634037595168768
894635061789831168
894636883799572480
894638452066615296
894639790871777280
894642007976673282
894642090205958148
894644592515182592
894645823526580224
894646248426397696
894646835687632897
894650811392770050
894659941197385728
894661162511552512
894665258450776064
894666428053434368
894666872238505984
894667841949110272
894668013089304578
894668712690802688
894669164857655296
894669331774230528
894671764898402304
894674192960020480
894676439873847296
894676568630480896
894680187069235203
894681875268194304
894682014108049410
894688910340739074
894690840181952512
894692248193040384
894694821805293573
894696710437470208
894697717988851712
894700057974493184
894700953483579396
894701866977767425
894702833366380544
894703555206098944
894704080752447488
894704891104460802
894705123456372736
894714187066298368
894719060717514753
894745533490778112
894745845517635589
894764635445907457
894771232259936260
894772082147549184
894784165111115776
894784248992890880
894784442778005504
894784500655427584
894792424517664770
894792898922684416
894799359388332036
894800418043244544
894802862076829697
894803932022796288
894807452348284928
894807622171467776
894827763630256129
894828369317056512
894837242346090497
894844176386318336
894853195268227072
894879461358927872
894879814120644609
894883433360625665
894883829315391488
894888897724809216
894899742920118272
894903204475019264
894914864254267393
894929619379474432
894939628003885056
894940917160914945
894941139844780033
894945912975486977
894959124638818304
894962592548085760
894966807345364992
894967977132642304
894973400342507524
894978738852462592
894985272827539456
894987352589955072
894988656292900868
894992124218929152
894996784472260608
894998797289476097
895004364041060353
895004758657904641
895011390288744448
895013610296143873
895014006682861568
895014016338100224
895014019681067008
895014023036456961
895031509941456896
895031656326717440
895031809733480448
895034138507567106
895034797843722240
895037404184289281
895038637712306177
895039526078472193
895040882646413314
895041424755916800
895042152539062272
895042603992875012
895043465775652864
895044249305133056
895046257504276480
895052707941298179
895085454562926594
895088795321856000
895091285895241728
895093009737539584
895093253854420992
895134329944379392
895144079167635456
895145615956598784
895145786685739008
895150879384510465
895156277881581569
895164763793219584
895166504018124800
895173486276161536
895173526965059586
895174053346004992
895176040192069635
895183128163213314
895186340492529665
895186713449988097
895187091021279232
895187610603327491
895193923425107968
895195565096542209
895198347589558272
895204054367862785
895204138258247680
895204891140005888
895206147740839936
895206939629682688
895207359475310593
895207367855529984
895210341616975872
895213111959052289
895214551125245953
895215622270930944
895217810024132608
895223182923358208
895227125988503552
895228591637770240
895229915200724992
895230054455758848
895230395024896000
895230566546722817
895232334479466498
895233754213609472
895234428695457792
895235337563275264
895242220915359746
895242553871798272
895247013276725249
895249466458091520
895254148601577474
895260022321668097
895261652219822082
895267442716545027
895270644870504448
895272190433783808
895272790609317888
895274125652090881
895276976096907265
895278788883435521
895280233842176001
895282094837989376
895283271600361472
895283400600375297
895284727392997376
895286253955973120
895287294105714690
895288489901674496
895290840377118720
895291312655790080
895291480004321280
895291611705475076
895298310692589568
895300816957046784
895304167278903296
895308804589588480
895314427469119488
895318287919206400
895321662274416640
895323397822885888
895325932004691968
895328691059699713
895329675458641922
895329702281232384
895330316759388162
895330673283670016
895331702138036224
895332775590469632
895333227589545984
895333624387485698
895333673876176900
895333793854144514
895334750155452416
895335338830209024
895335609148899328
895337630367334401
895337709207601152
895338631958732801
895341016471023616
895342456312664067
895345424223145992
895346529418055682
895346682531115008
895347227346046977
895349001545027591
895349368546627591
895350006479294472
895352917770866696
895356048818802688
895357700518723584
895357775613763584
895359568661725184
895364278026424321
895366371365847040
895369060334088192
895369742793535488
895371430149443584
895375780930363392
895380102531493888
895382153743265792
895382534145662980
895382676764602368
895382766262644736
895383368405266434
895383614191489024
895384399809785857
895384435016822784
895385833385185280
895386774196936704
895390492430667776
895391297745375232
895393052205907968
895395442149773312
895397244840673281
895397575364415488
895397810228645888
895400393915674625
895401643398893568
895402150074994689
895407265460744192
895408561907433472
895410524854398976
895412807986020352
895415274064592896
895417881650798593
895422352770478080
895423500361490433
895424007876497408
895424168090509312
895427021949489152
895428768017268736
895434028060422144
895434875704033280
895435598395187200
895436691858747392
895438164482899968
895440338822848513
895451962048729089
895463170902433792
895468034638434310
895468419268718592
895471038611554304
895485319365132288
895485656562118657
895488592172261376
895511904952754180
895517568118685700
895520301961756672
895527369334595584
895531296893448192
895533771939876864
895544179576651777
895544885171949568
895545125958557697
895547139614527488
895551099482112001
895555105029853184
895560723727888384
895561795347271680
895562656865812480
895563197519888384
895568723104460800
895572418693136384
895576103372324864
895577880515801088
895578965896835072
895585906735935488
895586708284207104
895587084072755200
895587322376450048
895588473507373056
895588955982225408
895589077944238080
895589119153381378
895593032854188032
895593845701922816
895598043374002176
895606927769645056
895607412601876480
895609026649530368
895609893130031105
895613971243380738
895615856180383744
895618884446900224
895622531721433088
895622592156942336
895626921173630978
895633322520477696
895636937595289600
895638197954383872
895638435771371520
895639731827916800
895644704527835142
895645154077548545
895657323586347009
895659567559958533
895661788536086528
895664417974734848
895665294848425984
895667568140320769
895673524496592896
895681705918345218
895683801908695040
895685631753555969
895690515030712321
895693497357000704
895695706052341760
895697097495900160
895701666573553664
895702656122994688
895704342149423104
895707509683572736
895709431907975168
895712367958478848
895716201292234753
895719187020226560
895720274339004416
895724399315349504
895725822857891840
895726267387039745
895729745375244288
895737460357033984
895739361626607616
895739619999875073
895753379422638080
895753458699165696
895757418944233477
895761197185683456
895769777070891008
895770810106904576
895771788642144256
895773285991948288
895776774008827904
895776865021026304
895784067056185346
895796969137999872
895816707968831488
895817632393433089
895817884043280385
895822183200673792
895827390001283073
895830172083081216
895840401172688897
895845482144174080
895846280739647488
895846650454867969
895849384952332288
895859786822156289
895859806946439168
895892214227881985
895895240439103488
895911290341924867
895911387234488320
895920693573029888
895921110075789313
895921618819657728
895923244158468096
895923727321505792
895931623488802817
895936618422427648
895941052313546752
895944481123573761
895949037412790272
895954449318912005
895960645555937280
895964361726062592
895967883687206912
895971336002166785
895974274976030721
895981433667407872
895981564223524864
895988026412638209
895992482864914432
895996766910390272
896002656128212992
896003492057419777
896005910073561088
896006597951889409
896006636107685888
896013563411795969
896026543536963585
896027340874166272
896030951028994048
896032055372509184
896046116273348608
896053405122150401
896053762241871872
896054104304242692
896054400430374912
896055262309621760
896058348306444288
896060337056698368
896069257947103232
896069452126593024
896070216311988224
896070299338260481
896071167173312512
896071393640456192
896072952650768384
896073329328574464
896073633826721792
896074507516911617
896075585297850368
896079748559912961
896082920867221504
896083062617812992
896083073090994177
896084533145067520
896089279260016640
896093863806238720
896094198490734592
896096957952696320
896097035929010176
896113416783372289
896113620219711488
896115940089151488
896117535594106880
896117775931850754
896120303415214080
896127821713506304
896129001583857664
896130627719708672
896130759009812481
896132751690129408
896132764294041600
896134456704024576
896136085931151360
896136511891972097
896136819758190592
896136829388247040
896137600724983808
896140572410339328
896144504989794305
896148338155806720
896152673166032896
896158365881057281
896159657340698624
896164576416325632
896167263685955584
896174953946656768
896174958581305347
896181946623025153
896184811823517697
896187335133413376
896191309236629504
896199517908979712
896205224678916097
896205393692688384
896207288209428480
896209369888673792
896209676903337984
896214583009918976
896214824593498112
896228185523834880
896236999019032576
896254348342308865
896263649639137281
896271866272243712
896271873004064768
896283874581467136
896284635013017600
896293441776357378
896299200148897792
896301585332133888
896305606113603584
896321083082715137
896322062050103296
896323522087268352
896330820981542912
896332328837959681
896337710146883585
896338025147510784
896339970889322496
896340906634293248
896340917950525440
896343499951529984
896346188072579072
896346222054780928
896352315556364288
896354666476425216
896354835913748480
896362442560811008
896364498646335488
896364885038305281
896367329235406850
896367476291715072
896367483841531904
896368617549434882
896373527389106176
896375678681088000
896378805081841668
896380478223261697
896385805396180992
896388102196838401
896388109738188800
896389878468018177
896392080297050112
896392624495620096
896392631198109697
896392793081479173
896407762133032960
896408337184641025
896410868459732993
896411280315219970
896412218178371584
896416640249860097
896418084898177024
896423379212922885
896424135856988162
896424455483736064
896425155928391680
896431735948398592
896433101634719744
896435237332418560
896436894099230724
896439117055225856
896440838443716609
896442478391328768
896442699427041284
896442850430332928
896443037626245120
896448046334173184
896448530352570369
896452183201390592
896453339570987010
896453507338973185
896453516574806016
896454742569889794
896458641137688576
896459113839898624
896469997240946691
896472607150813185
896472919391567872
896473808609193988
896475309276635137
896476387682525184
896491041297190912
896491922541432832
896498815829540864
896499033983909889
896500283898974208
896501461206548480
896501995598520320
896502273664319488
896512369542680577
896512619321937921
896512735114121216
896512899094642689
896513409545580544
896515544458956802
896519781716811776
896522937330749440
896526464304197633
896545516938461184
896545519442558976
896553681558134784
896567060964233216
896572849116393472
896600955554156548
896604567722500096
896608293929590784
896616055069483008
896619832032071681
896629820750278656
896630662584832000
896634001229852672
896639122789498880
896658258550718464
896658725255163904
896659224926851073
896659655820288000
896660241634471936
896662415982567424
896662439395250176
896662650859466752
896671443349581824
896675287877996544
896676217340014592
896679408773156864
896681065921880064
896684156297633792
896686862902939648
896694039185108992
896695949828947969
896698068380397568
896701909515612161
896706012568223745
896706285856583680
896710457943367684
896710549370699776
896713655663906820
896720134189981697
896725723112767488
896728158334005248
896732969615994882
896736271862816768
896740298734174209
896745061366603776
896745673328123906
896753252020125696
896756699285123072
896762798222573568
896763180961198084
896769124101226496
896776357157507072
896777201890148352
896778426622902272
896784158139318272
896789299957346304
896794670356983810
896799313489268736
896800673643278339
896804012313497600
896806962570174464
896807342997688321
896808074928902144
896808877303500800
896808979011121157
896810987839508481
896811875366825984
896812632858132480
896815000412717057
896815704342712320
896816929091997696
896818594633351169
896818638061273090
896818819481645057
896818839190732804
896818990194069504
896820661192196096
896820887655198720
896821138084556801
896822979358855168
896823477235331074
896823941976797184
896826822184370176
896828951674454016
896834833321742336
896846797133541376
896846873071411200
896849363707809793
896853130956206080
896856761151488001
896860983976747008
896863168768737280
896864821328490496
896866259542974464
896872084596375552
896873209940901894
896877935642136576
896884112320937984
896886562494889984
896887225027354624
896888941521104896
896890219944751104
896891732759007232
896892745079373824
896893946152046592
896894349245415424
896894974612062208
896914427357806592
896934017706188800
896934767320588288
896952069994819584
896955684646002688
896955873167331329
896957975142645761
896958880265228289
896963241930354688
896964806829277184
896985832472682497
896988308336783360
896988317149007873
896994898032955392
897004519770513409
897004878375129088
897007613879234560
897013400345219073
897015362910289920
897021515505553409
897021912278290435
897023823626854400
897035507611389952
897036358312755200
897045919614386176
897048580325814272
897050429368008704
897051480460582912
897053781837443072
897059921472212993
897064093974188033
897067226691510272
897070638766141440
897072487795638272
897073024050057216
897074519075979265
897075842714447873
897076262895845376
897076439383773184
897079363765768192
897081101793067009
897081807795081217
897082416367411200
897082779996835840
897083003872178176
897085976899702785
897092561143246851
897097882427424768
897097948282195968
897102165235445760
897103597623808000
897106255537479680
897106513902415873
897108705442967554
897108976818692097
897109098789056512
897112497915924480
897117009313505281
897121758670721025
897126446514221056
897130450803544065
897130512875171841
897133273125728258
897139765920882688
897142655813128193
897144266853679104
897151066231500801
897151541848801283
897157651259248640
897157774597124096
897159405376086017
897159422128013314
897159667046125569
897159796675280896
897161107395182592
897161285661601797
897164595990859778
897165006403510273
897166117889859586
897166468474740737
897166664856469504
897168745197477888
897170728260431873
897170821805944836
897173065754390532
897173747760758784
897175458604883968
897176059254329344
897176185075113984
897176436318105602
897177856098390016
897181346011000836
897181490852892672
897181979099234306
897191774875209728
897196811957547008
897197263113641984
897199724377362432
897199732719800320
897201141167083521
897206833257033728
897207919590211586
897210867275763712
897211126156582912
897212439372206080
897212527884554245
897214406081335298
897214955623251968
897215120786501633
897217205779255297
897220055439683584
897220166437797888
897222422251941888
897222472973594624
897222578267467778
897222618109050880
897226891668729858
897239458776584192
897243716301312001
897245653230903296
897254318251921408
897254395003281409
897260493928189952
897264726828343296
897265239791550464
897265935605678080
897266226195345408
897272729564532736
897327018513235968
897328500805222400
897331214411059200
897331670034075653
897333693752258560
897335458849488897
897337055503450116
897338718981378048
897341679715438593
897344560791248896
897346610551808000
897356802299482113
897357237248811009
897360080546430976
897363373935005696
897376312914055168
897382392155054080
897387494509084673
897388839236403200
897393007925895168
897396999636611073
897405534629974016
897405644101349376
897408781885243394
897413791138414592
897416330361446400
897423976837861376
897424825915977729
897437964581703681
897444039611600902
897445416609996800
897445885512216576
897452157863043072
897453053154021376
897453757386153984
897453777237807106
897453819470254082
897455408691990529
897455704507895809
897456285305769984
897456601526915072
897456749187399681
897456857807245312
897457039022186496
897457293188575233
897457782236041216
897459296832770048
897461787934814209
897462383832158208
897463044858675200
897463053243101188
897463752441815040
897465449767632896
897465615937671168
897467212151312385
897467583913500672
897467740482568192
897470639480688642
897470802211344384
897474835449864194
897475703884718080
897476570205609985
897477591929544704
897481006026027008
897481250210009089
897484939528204288
897485579595653120
897487531612270592
897488409471660033
897489477345710081
897491995463008256
897497128158633984
897498850352447488
897503187560611840
897503469136887808
897503553014513664
897504814245924865
897506058985451520
897509345356853249
897515256016252928
897515885275082752
897516391284264960
897517384570994688
897518257804115968
897518438167523329
897518674986373120
897519135562903552
897519296066207744
897519619300364289
897519753924837376
897520149854658561
897523062391885824
897525166997217281
897526989086752768
897527096834011137
897527334793883649
897529291789012992
897530094994026497
897530124752441345
897530863394619393
897535028749508609
897535071933972481
897536542478127105
897537721480118272
897538000829239296
897538916026245121
897540275995856897
897540492677787648
897540690619584513
897540933473849344
897542430450475008
897542763457249280
897543537297850369
897546380226514948
897546591610970112
897548560656470018
897548661919436800
897549420253859840
897550074561134592
897553789162582018
897553830543536133
897555237732442112
897557506628702208
897558539488477184
897559046999482368
897562664590823425
897565327973896192
897565622858600448
897568854565462016
897569435443015680
897570017641992192
897576529298903041
897576829619511297
897577605146320898
897577624008093696
897579197291298817
897579673328267264
897579903595540480
897580106625024000
897580877944950784
897580982789976064
897581516729049088
897581810334543872
897587487324987393
897588370666209280
897589377697632260
897592522519658496
897595099550494721
897595895243567104
897597931997589509
897599610973278208
897602352781373440
897604590908190721
897609599695638528
897612159693312000
897613789406932992
897621865103069184
897622012725800960
897622351201828864
897628993029111808
897631083331813377
897643308079607808
897644161201037313
897657563231256577
897668099582853120
897668248635940864
897672236592705537
897678609019789312
897680673842102273
897687103659573248
897687121355579392
897693296482557952
897694275554693120
897694934081392640
897696028765433856
897697972019965952
897705856447516672
897711917241962496
897714501356802048
897714551671537664
897719601177538560
897719613366185984
897724400694427649
897727082578554881
897730855329837056
897730856604880900
897730856613289984
897730857854803969
897730857863192576
897731934301892608
897734043038560256
897735802112880642
897736508437823492
897737493872861184
897737835490496513
897738401742548992
897743132900696065
897744343796256769
897749610579595265
897749990197665793
897752681267310592
897753566261194752
897757510169497605
897757591933259777
897758390134480896
897765275491237889
897765992696295424
897771830358028288
897776470487166976
897781565731819520
897782814426320896
897784279895289856
897795096141332480
897804509132599296
897804922128871424
897805519401955330
897808534682955779
897809211219955712
897811004708589568
897811735796736001
897816836896509954
897818015076687877
897818985227530240
897819967101579264
897820002358763520
897820006968303616
897820012395716608
897820014526447616
897820038844960768
897820044721135617
897820058147184640
897823428425768961
897825321969262592
897825327862263809
897825330349592576
897825706029326338
897825773687582721
897826771965538305
897826961942360065
897827176422223872
897827721946042368
897831238475669505
897832597014937600
897834818733559808
897835359060578306
897835493999685637
897837208920567809
897837385228197888
897842445664354306
897843826412457984
897843838563356678
897844914397995012
897846349718183937
897851544766468096
897855072180121600
897856283927224320
897856697875746816
897858730808811520
897858794612502530
897861952080314369
897866020999790592
897867360249544705
897869247241703427
897870192633630720
897872747795238913
897874886068195328
897876763786792966
897885117238136839
897885141154058240
897887806894297089
897887918173376516
897888335087194132
897888335506657281
897888335544373251
897890548966674444
897891490063462400
897891617130074115
897895657540919296
897896266117423105
897896267354734592
897898565430910976
897899258094989314
897899482746171392
897899534755389441
897899733531979776
897899742365175808
897899815752880129
897900364791500804
897901358019465216
897901461165789184
897901462436622338
897902637261234176
897904440803504128
897904688682676224
897907126433132545
897917354893602816
897918468665864195
897918955213520896
897922150836781056
897924980314300416
897925182504841216
897928169667256321
897930970539728897
897932374876581888
897933723764539392
897938030467534848
897939298141560832
897939346640093184
897939670880763904
897939936258740224
897942785134739457
897943754862022656
897948477681946624
897949852956536832
897950147388297216
897950264845631490
897950576432091136
897952989104623617
897954936448626689
897956194337173505
897957186948681728
897958213697417216
897959942774181889
897960021215989760
897962916120588288
897964263737888768
897966998315044864
897972709585453061
897974436199936000
897974611123597314
897977552786120704
897985163568787456
897991454576037890
897994145658277888
898001987337367552
898007507456544768
898012220801638400
898013798480703488
898016646408916992
898019066530738177
898019406265163776
898026225779613696
898036553850736640
898037729086382080
898040575353663488
898043768447922176
898053905216667649
898056031875551236
898058058051473411
898058394405359616
898060901345001472
898062504009633793
898066698712100864
898072743983370241
898089122316771328
898094571141255169
898102882100293632
898103973495709696
898104072468934656
898109436572700672
898109871127658496
898110001138601987
898111111232409600
898113097369612288
898113927829045248
898115519114604544
898116855465902080
898117080712716288
898120282224963585
898121810616700929
898125092223320065
898125381647163394
898125468066557952
898127957574782976
898131270462574592
898133790371049472
898134476571672576
898137433145053184
898138353387884544
898141118193430528
898146937018478594
898148211407323136
898149869256409088
898151365771440128
898153488919736320
898156838104989696
898159780405141504
898160026614976513
898165626488881152
898165799654838281
898165803006046208
898181869694590976
898184809905659905
898185295610466304
898187418779746309
898187682148474883
898188013112631297
898192678822739971
898195557377855489
898196402941161472
898200428252418052
898202272487931904
898204685026373632
898204718576668672
898204928174325762
898207190200328192
898207675154083845
898207845916790785
898210252549758976
898210622890016768
898211180350771200
898214627649212416
898215627990630402
898219826467962880
898220724476928001
898224443121688577
898226445062991872
898226484506230784
898230387738116098
898244106052411394
898247957669003265
898247976123940864
898248045346693120
898250663817207808
898251350441574400
898251522684878849
898257661984157696
898258433237024769
898258776893132802
898258895973437440
898259111141421057
898261062751064065
898262033765814273
898262239286882305
898263773567270912
898263795566563328
898265119494483968
898268312609497089
898270882467987456
898272619895685121
898273925435719680
898275024355958786
898277325908856833
898277422252138498
898278170196967424
898279052150161408
898279406275362817
898279727021957120
898282962889752577
898283198223986690
898283737711910913
898285666135457792
898292310315749376
898296372096638976
898297150701883392
898298027588308993
898300714463617025
898301186729664512
898303207541153792
898303895902060546
898308853938483201
898308925027565569
898309735568592897
898310998490202112
898311779016744961
898321069433528320
898324744486830080
898328677036859393
898339403138908160
898341528816427008
898345049506758657
898355400222920704
898357624869191680
898359718258896897
898363680194269185
898374169745903616
898413294595096577
898416074164654081
898416316205326336
898418841595674624
898424064338870273
898467597414432768
898484343596695552
898484633393876992
898486495270588416
898493764452450304
898502680263446529
898507156831571969
898509461609783296
898512154789376000
898522135542382595
898524616058077184
898526971151491072
898527296646246400
898529921005432832
898533439128969216
898533589754810368
898534053623865344
898534751610564610
898535242327306240
898538738694975492
898543236242960384
898545671455858689
898549034465415168
898558732090703872
898559274837848064
898560289444163584
898561575828824064
898566155199062016
898566186216022016
898567666830594048
898569956501012480
898570915285311488
898581075999551488
898581212335284225
898581705987989504
898583570221899776
898584396634009601
898584897413165056
898584973338226688
898586101476184064
898588650497298432
898590937663721473
898592619982356480
898594090232631296
898597210660753408
898597456035815425
898597526911111169
898598721457356800
898598862398554112
898599330403295235
898599632309276672
898600031187484673
898602246329352193
898603147266011140
898603745566752769
898604356261601281
898604768020635648
898605006588444672
898605317147115520
898606412778979328
898606761070014464
898607501796671488
898608385100087296
898608441329045505
898609805740396544
898610048590544896
898610672694644736
898612346620305408
898613542437478401
898613872801837056
898614232828325888
898615726419963905
898616097959690241
898618453128613888
898618605788516352
898618884722393089
898619807888797698
898621677705277440
898622393240965121
898622701941780482
898622876865236992
898622898646249476
898624220304887809
898624677471375360
898624811278016512
898625558279446528
898627020405432320
898627909618851840
898628397630234624
898630588101533696
898630905605963776
898631063194304512
898632869366706176
898633271931805696
898633347945115653
898633709901008896
898634056530747392
898634308864294912
898634927914209280
898634930435088384
898635335185317888
898636314572148736
898638467520790529
898639214928998400
898642587292024832
898643870585503744
898648061987221504
898649806180159488
898650498034577408
898653354896654336
898655000183820288
898655120128212992
898655339930722304
898655405349449730
898662879603437569
898663669407465472
898667107486801920
898667247987818497
898668121250201600
898669815749120000
898669885760393218
898669996930461697
898670087950880768
898671576064827392
898671826464722944
898672755947819009
898672841519968257
898673257150267392
898676170933248000
898678285718048768
898681265758523393
898681614707961857
898682022008369152
898683982413516800
898685051117989888
898685618452144128
898689114962317312
898689314216751104
898691708329672704
898694131362476033
898694748751265792
898695689131012096
898698616771969027
898701546468384771
898705656877727745
898707243176140800
898720026181509120
898720298354315264
898720537467342848
898739135422136320
898771613574975488
898776895482806272
898782464667033600
898782546443595777
898785689675776000
898794220051456001
898797569186320384
898797616586031108
898798564083732480
898805979369934848
898817803355955201
898825980567068672
898826615823622144
898829343966625792
898833772753321985
898833891435433985
898838302178103296
898840416539205632
898841280574242816
898841401760370689
898842119003099136
898843553454989312
898844615465476096
898850180467961856
898853198248767488
898853443632152577
898853532543074304
898853907086139392
898857148880486400
898859329473957888
898860204829192192
898866371718594561
898868047364190208
898881432193454080
898881490087444480
898888274797748224
898889706326433792
898890132886962177
898891351676211200
898892308409704448
898894127948898304
898898782372466689
898907258200969218
898908863159648256
898914321434112000
898916077576564736
898916630801022976
898918689810124800
898925414919393280
898926000041603073
898929079939874816
898929167147970565
898931212290588673
898932720579096577
898943456739033088
898943507473334272
898955021269815296
898959324193730560
898963467763318785
898965172336906241
898969614511624192
898970028908969985
898970143845261313
898970533059940352
898973447098961920
898974562544754692
898974887175311360
898976622371422208
898984967761530880
898986975578832896
898990650997256193
898993249423118337
898994822270386181
898998025871171584
899001922803318784
899003092200341504
899006220710756352
899006299169488896
899028045591224320
899029161037180929
899030415352242176
899030421861801986
899031011157323778
899032017777590273
899036068632309761
899051131225206785
899060143530192896
899061953791905792
899069295916752903
899073075836329986
899078194560720896
899093481112711168
899105316608118784
899117985062948864
899120667332882432
899124297494548480
899134308472041473
899139097964535808
899142065849851904
899143989345091585
899149094534483972
899151972351299584
899156433014591489
899159771265327104
899160040518676480
899173325162913793
899176515774160896
899181382001463296
899188026584256512
899189325597999104
899192298080227328
899195293224325120
899198739704885250
899213831653687297
899214800101703680
899215281226121216
899218720953958400
899219409658687489
899220254378905600
899221111682019328
899221732015452161
899222676165808128
899224666350465024
899224745622810624
899230553907634176
899231157874814977
899238022725726208
899240415156633600
899240525882064896
899242561776345088
899242801694724100
899242803779305472
899242809227608064
899243541146345473
899244083922837504
899244993222672384
899245079277309952
899245518773157889
899247258578890757
899247788726341632
899248801227177984
899249413750697985
899250200765636608
899250735006797825
899250830418653184
899251915594313729
899252752685117440
899255878695571456
899258284531757056
899258862104174592
899259344033910784
899261998592122880
899268915854954496
899270069699489792
899272135390244865
899272927690067968
899278461235326976
899282171546017794
899285794979971072
899290468302946304
899290863792160768
899292555397009408
899297102005768193
899297257601814534
899298765873577986
899307540780957696
899314706753748993
899318650632646660
899320748229238784
899322579013513217
899323081113653248
899323346168557569
899324281905192960
899330342057857024
899331244453974021
899332229729595392
899339215334502400
899343974611263488
899345208546123776
899349944791904256
899350319729192965
899350752577060867
899351636748972032
899354710683131904
899362077424340992
899365300356960256
899366083861372928
899366674163523585
899367689831018497
899373088089022465
899373412312899586
899373744090742785
899375881096966144
899375923014885376
899379244920434688
899383443821350912
899384847252193283
899386612626456576
899394388463431684
899401937367465987
899412404676833280
899412484368592896
899425114680438785
899426105802637312
899432692529463296
899437555808178181
899444933593104385
899451765292183553
899458489990483969
899475770132897793
899478230897446912
899491838503071744
899511193966186496
899515331231854592
899542460392714241
899544744199696384
899558350945472513
899559376029196289
899565691837329408
899565830635216896
899568685693771777
899569789647159300
899572718106009601
899572805330665472
899580337906491393
899580855051579392
899583106117758977
899587185950720001
899590657127227392
899591255700754433
899594487378432001
899600289354985472
899603302140301314
899605655560097792
899606907132006400
899615798226030593
899619508490567681
899620417815621632
899620911078404096
899621345616592896
899622428971864065
899622445329637376
899623747669372928
899628196144058368
899629303448698880
899633203337728000
899633471320186884
899637737766236161
899642012634361856
899642576730566657
899642607768305664
899643214713454592
899643291020472321
899652551649484800
899654136685359104
899656241810743296
899659752829014016
899660401700470790
899663911921778688
899667002696007681
899669974775713793
899670729326829568
899671298489466880
899672000620249088
899672453181575170
899674783536775169
899682739322056709
899687100752293890
899687768271486977
899688331566608385
899690341464293376
899691994020286466
899692652844781568
899694287084036097
899694451735613440
899697253266460672
899699703167713280
899701940011106304
899702636244590592
899702917585920000
899705317679919106
899705637260713985
899705966438035456
899706740379406338
899707002926108672
899712543626809344
899716146101977088
899716436746285058
899719662606450690
899724254937305089
899724427331612672
899724470964940801
899724961681739779
899725825725145092
899729653862207493
899729949963280386
899730914263023617
899732520262094848
899733993695961088
899735172005978114
899742106729820160
899744272668401665
899746070355263488
899746821987291136
899749991203438592
899756880217735170
899757754344235008
899759500927934465
899762363137613825
899772949997117440
899773345868259328
899774322344067082
899777514624737280
899781142286610436
899784285493772288
899785203220189184
899788494872223744
899820790400593921
899821114838437892
899825273981554688
899826549842628609
899842154717208578
899846201805287424
899854667181690880
899857684580773888
899860462053068800
899860487604719619
899861891882897409
899866222078042113
899873771380772864
899873772655792132
899877547537649665
899884414032859136
899892844172902400
899899166251515904
899900782300082176
899907802713522176
899909402668539905
899911708441022464
899924744778264576
899925775310352384
899926399380860928
899926868790530048
899927961406713860
899928040238612480
899928110271000576
899928154726379520
899935489754529792
899937204985835521
899937945934864384
899942205670002688
899944080519647233
899947778230673409
899952617593458688
899953633894293504
899955074620809217
899959791128387584
899964320120832005
899965055818752000
899970369146277888
899973218848714756
899973573170925569
899974073152942080
899976048670015495
899979210349060097
899984997225988096
899989253496635392
899993881583812610
899995081993617410
899995092051664896
899995095436378112
899995097919496192
899995102554210305
899995108849860608
899995118903508992
900004309416456193
900005686867898372
900007384298475520
900009039794364416
900010381552238592
900015422271082497
900020116976533506
900020129953665031
900022320647069696
900029786944352262
900030573359640579
900036427769159680
900036955399966721
900041560330571776
900042906299506688
900044907796103168
900045088990121984
900047262918823936
900050632618516480
900051471072464896
900056934153428993
900058145028014080
900061299387879428
900062814315970560
900070097108123648
900070112203489281
900070337877954560
900072171619221510
900075833234247680
900076846586396672
900078358213648385
900078639860953088
900081625597444096
900085823676272640
900085828705300481
900086214589632512
900087798765686790
900088209308213248
900089963026558980
900092059754913793
900093107059994624
900094640090689536
900095957123072000
900099452639301635
900104139765673985
900104610785972224
900105238253850625
900111052842688513
900112883618643974
900115926179250177
900116697109147648
900117571621371904
900125521933152257
900128219990417409
900134017462398980
900139834148352000
900140868878913537
900141740027514880
900146081123758080
900154757033197568
900167705277464576
900171066189938688
900190108762202112
900192587155484672
900202253772083205
900204860968194048
900219630333177858
900239933725712384
900242576971890688
900243073166434304
900243896067907584
900249283252936704
900251882463125504
900255033203105792
900257001200078848
900258500235972608
900258811004370944
900266473628864512
900267156432191488
900269420085424128
900273215527821313
900274532132564992
900279996870262784
900280224247685120
900283032699056128
900286484636368896
900292880115400704
900296946908311553
900304889666052096
900315268467093504
900315432464330752
900317517767376896
900318761059848193
900319351609450496
900319400699588608
900327423979421698
900336206004846593
900337534097649664
900337945391099904
900341345910497280
900341856990502912
900342835920027649
900346085281071104
900347568282062850
900348702094532608
900349580549685248
900350126488604672
900352450959421440
900352643880689665
900360360754126848
900364381665595392
900365010949599232
900367232118669312
900367382279008256
900368873865609216
900371406973743104
900372761436188672
900372826867236865
900373085265829889
900373255545999361
900373421221003264
900376627762257927
900383494253277185
900383571835330561
900384600450617352
900386185096433664
900386942822625280
900387274617225218
900387915062267905
900389214025523201
900390619532505088
900392417215598592
900392730962087937
900392995597328385
900393834915430400
900395394324148224
900397884063043585
900399403416129536
900399415000682496
900409705704693760
900411048754282497
900411840215355392
900412192964702208
900413576208420865
900414327907287048
900419703700697088
900423444994682880
900426867945164801
900428926962585600
900428929172987904
900432429202247681
900433143932608516
900433446748782592
900433709312217090
900434965086830593
900438328092315649
900438477820571648
900439773424238592
900440015041441792
900440624024965120
900440736876961792
900441557257474048
900441718746750977
900442083240144896
900445411416080390
900448193506422786
900450317485174785
900452213750865921
900452640315887619
900457115608809472
900458179288584194
900459698285096960
900461968842215424
900463855041753089
900464350812663813
900465364143939584
900466322957533186
900469312640700416
900471080539889667
900476518710693888
900478007026102272
900480630554755072
900488213860675588
900492955701694465
900497154845712384
900500966637744130
900501843251539969
900504773836886016
900509221892091904
900515132190707714
900527410491396097
900543245238898688
900543496884563968
900556773547020290
900562603616997376
900564575778689026
900567379268300800
900568894259200000
900571465367654401
900580294373322752
900587245144559617
900608654554148864
900610157385830401
900610924951810048
900617720546381825
900629578263212032
900638996589670400
900640055647227905
900642615439355905
900643925429563392
900643931179896832
900649248169086976
900651667577876485
900654391367282689
900658950982389760
900659474427502596
900667035977469952
900668622149996545
900670903486427138
900672220908974080
900674146119667712
900676288897273856
900680909497806853
900683834966122496
900685138534830080
900685964410068992
900688508175740929
900693137923952640
900693721355878401
900695347051343872
900695710705881088
900696224508018688
900698143389609984
900701361901367296
900702238292758528
900704041025626112
900704566114734080
900704886567964677
900706144045477889
900706555913543681
900708728156155904
900708908087595009
900708931143643136
900713219383283714
900715382843092993
900716013217607680
900718182519930880
900718315081019393
900721073565687808
900723149427355648
900725890396696577
900728149859860480
900731440312332291
900731718595903489
900732027493810176
900732678017777664
900732969559748608
900734116257304579
900736399627911168
900736447023599618
900737367702618112
900740448423211009
900740960098942976
900750667840704512
900754040895799297
900758409691226112
900760869625249792
900763871899725825
900770654504484864
900779038947586050
900780282109972487
900780543176056833
900780707672469509
900782273154490368
900786881440477184
900787776093921280
900787881379102721
900789126244519937
900789827939053568
900789883299651585
900789893806379014
900791202802544641
900791547205218305
900792016107384833
900795613582852099
900796606374715394
900799891349405698
900801338791120896
900803102932164608
900806592140115968
900807277522845698
900807365578117120
900813912496644096
900820982818123778
900821055782178816
900825141885771776
900827524674048000
900832160646656000
900832891701252102
900839032149639170
900845694201716736
900850057292816384
900850940642820096
900851865876914177
900854040661295104
900858537651257344
900858811245891584
900865512502161408
900865614822166533
900867712829841409
900874667409461248
900874835152314368
900875760000524288
900878195657986048
900890388059361280
900896434584780804
900904487220637696
900919526312873985
900921102532325376
900976244367294469
900976570516611072
900978942814941184
900979690260881409
900983553189707777
900988999090745344
900989380785037312
900991163749945345
901002019879743488
901009124539977730
901009416945885184
901012046766112768
901015955463184384
901017687702286336
901021108157198336
901023020755689472
901023086471983105
901027642060787713
901030334778814465
901031636455784448
901033354266419201
901034849133264896
901034869236609024
901038435569463297
901038970129305600
901039227131109376
901043330418700288
901043906284072961
901044330764414976
901048946591772672
901049780406767616
901050253545275396
901050907210678273
901059107314126848
901060067579101184
901061373052026882
901062956393402368
901063591444590592
901066424713699329
901072452712894464
901073356602171396
901074521360347138
901084383414767617
901091531775512576
901092699914342402
901097532163588096
901098654978547712
901099417511571456
901099620155174912
901099697686933505
901103019122728962
901111111231184898
901112014243856384
901123606108925953
901123910976118784
901124101410091009
901124231660023808
901125990507851777
901126533963710465
901134448464465920
901134631604547589
901135985962045440
901136037107433472
901140499607801857
901144166477963264
901144389669593088
901145360646766593
901146284660314112
901146682674601985
901147834455556101
901150463659298818
901150659717853184
901153037724549120
901155238656319493
901162286773149696
901162401269207046
901162425164193793
901162577853599746
901168095800303616
901168775336165380
901169153259823105
901171088922685440
901172800207171584
901175060077187074
901179860474875904
901184971628564480
901185878856527872
901188185337860097
901189658352263168
901189886467874816
901191656967462913
901191678341640194
901191679159545856
901192905997643781
901194350960496640
901195281668198404
901195902416826368
901197145201668098
901197494213898241
901198399520854017
901198591825522688
901199085486690305
901199251191083009
901199355583115265
901200597122265088
901202456851488768
901203138425827330
901203345397993474
901204116961099777
901204277615611904
901204996074680322
901205214191112192
901205626906398722
901205903759728640
901206350839119875
901207836885233664
901209091762077696
901209674829246465
901209968841547776
901210456475488259
901210563614789632
901210697413033985
901210733886799872
901210772486987781
901211446112952320
901211609665818624
901213610369847296
901215506165886978
901217990900932612
901218713986322432
901218914247385088
901219026038394884
901219580525281281
901228611277131778
901229466491408384
901230913585020928
901231524661612546
901233940417130497
901234028220645376
901239028686749696
901239930042580992
901240409850077188
901244694331523077
901248051054030848
901248194914512896
901251785217757185
901258611778887681
901268884162039808
901269140413001729
901272445109370880
901281016953929729
901283317575802881
901284484451975169
901334399182143488
901335904509460480
901336881203466240
901340198235254784
901351460771958786
901361866211020800
901375902642253825
901377876481781760
901380340635369472
901386633798438912
901389105501794304
901389880479166464
901390723668488193
901391429121048576
901392451264544770
901392906371706882
901393137033240577
901393561094168576
901393806444154880
901394119758684160
901394225484500993
901400414817579008
901403263777595393
901405371411165184
901405721652277248
901406438853152768
901409586678300672
901411614209056771
901413898431102976
901415949856854017
901419790706900992
901424332198612993
901424413148565504
901425886590795777
901426691922440192
901430870707404801
901432468733128704
901436761989054464
901438494668619777
901439955985203205
901441733954875392
901444173768912897
901450368760115201
901450383003983873
901452532446359552
901456072585748480
901463123202330625
901467906386644992
901469022927155200
901469333716598784
901469964942667782
901470790918557697
901471142287998976
901473282242863104
901473444952502272
901473625588604929
901473693674741760
901482867053785088
901483153071779840
901485860205584384
901487044588916736
901488425529991169
901488483222597632
901488666501160960
901490463131267072
901490998148288512
901491333667454978
901491526634700803
901492218661351425
901492366305001473
901493682049777666
901494999321165824
901495382366183424
901495994793242624
901496118118363137
901497662888853504
901505269259173888
901505623677968386
901506315301789696
901507639053606914
901507967438245888
901509038269222912
901510232253358081
901510237823303681
901514940065906688
901515263669153792
901515788997332992
901516523398934530
901517933540724736
901518879335297028
901519594493546499
901520292010438657
901520583502028802
901521424447361024
901521602726309888
901522651704827904
901525528175403010
901526467682742273
901526638814535680
901526649279320073
901528333330067459
901528769097289728
901534771565789184
901536486612508676
901536495428935682
901538239420313600
901547353638916100
901548542296305664
901548585963200515
901548837592064000
901549246129766400
901549918036393984
901550173909811200
901550633567834112
901551722446942208
901552602554433538
901556922108784640
901557200178601985
901559355237117952
901560222820511744
901563672010489856
901567206302957568
901570977120653312
901573088617402368
901576636495265793
901581866481754112
901583119731523584
901583495964831749
901583618845405184
901583808012615680
901585819181473794
901586432762007552
901587134079016961
901587876923760640
901594068949635072
901597557377380352
901601177888018432
901602934898688000
901619042670321664
901628347767246849
901633533567012864
901634213463588864
901651177347182593
901678524628692994
901678588809940992
901679225496797184
901685886907277312
901689888260665344
901690008641392644
901695075767410688
901695895342899201
901697034499104768
901708360789217280
901717107930529792
901720411024625664
901721259981058048
901727819033608192
901728135653330944
901739150361206784
901739360369946624
901744510690095104
901744896125612032
901745108374212609
901748996464627712
901749884856016896
901750502656016384
901755117657051136
901756523562622976
901760654301855744
901768220134301696
901770615195136000
901774343486787584
901776732168040448
901779331910836224
901779437125074944
901784066319626240
901784686221037568
901785577934249984
901787010297421826
901787675933499392
901787680970858504
901788734177333248
901788827676790784
901789831394725892
901792105525379073
901794309212659712
901796034229276672
901796874444840963
901798620130938880
901799479967440896
901801409783500801
901803896548581378
901806407690973188
901807231896825856
901817397195223042
901818620766031874
901819476307582976
901821429175463936
901824124133224448
901827844782907392
901830985481945092
901831035398303744
901831545853550592
901840609731891202
901841136549076992
901843046639308800
901843649750761472
901845843699015680
901848343608950784
901848645594697729
901851669264080896
901857045946793984
901857226721255424
901861165575413760
901862305180332033
901864504664973317
901864956840304640
901869421655990277
901871466815385601
901875022725349376
901876519257157632
901880415769812992
901880963122294788
901886104613376000
901886165342674944
901889781981904896
901889963687649282
901890867962761216
901891128039018496
901893864411226112
901894734603542529
901895079039819776
901895715642896384
901896473683558403
901897176623849504
901897450537062402
901897711422754816
901898060372070401
901899827021303808
901901636251025408
901904233133461505
901908008820764672
901909017164959744
901913758976671744
901915420248166405
901915538435309569
901915590880833536
901916256953139200
901916391984562176
901916616807649284
901917454141714432
901917594097156096
901917706055802880
901917906161762304
901918252175159298
901918307963559936
901918781685067776
901920038940286976
901920521775960064
901921262007668736
901922058065600513
901923060512673792
901923810450006017
901924154550734848
901924286109282304
901925007932231680
901927079926738944
901928438872903681
901930324623536128
901931205876174849
901933611716419588
901935373298933761
901935682008096768
901936494042128384
901939780191227908
901939874206507014
901945844139569152
901948025421082625
901949544174321664
901955409103204352
901959527456792576
901960952299511808
901962570013265922
901965822725431296
901967083084406784
901968551531175938
901970584074117120
901973629558296576
901985616484851712
901986203267985408
901996905034547201
901999420761309195
902013196533411844
902016644662382594
902017041879707649
902042180423966721
902048127946858496
902052650669264896
902062078621515780
902064186678759424
902067525361512448
902070754107207682
902075073842040832
902078466841042944
902078642775314432
902079678780989440
902083535040897024
902084878879076352
902085321772457984
902089430114164736
902092470426750977
902094138648166400
902100606252351489
902102653920006144
902103026789486592
902103043176628228
902103157240725505
902106799955902465
902108506198704128
902108508752973825
902109451599179777
902109626954592256
902115108872212481
902118605680246784
902122524405891073
902128274855399424
902129359548542976
902129881609371649
902131738029293568
902131875212390401
902132957753856000
902133256803495936
902134705956499456
902140131670245376
902141543921876992
902143845323988993
902144051448774656
902147152973094916
902148869663883264
902150248751095809
902153529556684800
902158032557281280
902159485883400192
902159615152009218
902162068740202496
902164038972530688
902165674142916610
902168861398716417
902172383775039488
902172877868412929
902172963042193408
902173050254356480
902174214324723714
902174433112154113
902174652482674688
902176560479961088
902178146354638848
902178747792621569
902179927671410692
902181950143819780
902189330462015489
902190252353359872
902200093021003776
902204284820959233
902208077746905088
902208416629837825
902211846299684868
902213946362531840
902214060904677376
902215093005508608
902217526259703810
902217527488634881
902217671470612480
902218973705625600
902220862794944512
902230707682115584
902232240695934977
902237538542391297
902237920635101190
902239846256824320
902240509770571776
902242546511822849
902242614472269824
902242721221361664
902242842638155777
902242879120130048
902243270474031109
902243809001693185
902245268208439297
902245352534925314
902245362165051392
902247404375826432
902249428127408128
902250145785491458
902252934964137985
902253204683055104
902255139922300928
902256086232772608
902256892742967296
902258791898640385
902259518372843520
902261918332850176
902263068851351553
902264864843948032
902266787944960000
902267368843436034
902270786366529536
902270968370008064
902280712996388864
902285184137080833
902286069147860992
902286961678974977
902286997343096832
902297805636739072
902298491405443072
902300828916211714
902302224772190208
902305586095775744
902307177817403392
902309988416282626
902310851599753217
902316018554593281
902321005586034688
902321781561810944
902324772901724161
902327791961722881
902329057567760385
902336447340044292
902344984833163264
902363218345164801
902425588480086016
902445422505070592
902449123122585600
902450066866278400
902451631194873857
902453204608266240
902455916662071296
902458654254882816
902465778930388992
902469576662896640
902474660138377216
902476843269410817
902489182085500928
902489697984839680
902493144872300545
902502892862668800
902506689102057472
902506976000794624
902520033284415488
902520957725757440
902521042027020288
902523051077767173
902523632404094977
902525806756421633
902527996187348992
902538618241253376
902540956985159681
902540974592860161
902543464335896577
902546059376939012
902547315965272064
902548013083750407
902550052903804928
902550108138377216
902555846349021186
902556443437649920
902556809772269569
902557502675582976
902560151810572288
902560235281412096
902567610109349888
902572380307861504
902574049171128320
902574349298708480
902575835168854018
902578782493663232
902580039950237700
902584186015322112
902584569366446080
902585756778196993
902586330563084288
902589157947695104
902590106703462403
902591838015684608
902592549881352194
902596474906845184
902596571359047681
902596645614964740
902598087209836544
902598333415469057
902598677344264192
902599379055411201
902599991402926082
902603780549730305
902605209129582592
902605303413227521
902606979943813121
902608727286706176
902613597729193988
902615194932834305
902616029599334401
902618466057932800
902621046406307843
902622805883281409
902623312983011329
902624070474326028
902625335891648521
902629666950926336
902629670281207825
902632978752430080
902637123987222529
902638167219679233
902639791577206784
902640597739163652
902641702489526276
902643086484021248
902644324374020096
902644815279472640
902646424868982785
902649337712398336
902650347218337792
902650383025233920
902654763787063299
902655653587582977
902657497705713671
902658845754970112
902659194830159873
902659208277090305
902660286188060673
902661310441283584
902662838430392320
902664575371399168
902665188935118848
902665911202656262
902666767973089281
902667407726170112
902667977300082689
902670568931168258
902671823049019393
902673202572398593
902673332163813387
902673992762277889
902674004753842176
902676337390968832
902678237519728641
902678579649110017
902681660789055488
902691244366852097
902698178390233088
902701951565139969
902703832312008704
902705226930642945
902705811616620544
902717132877824000
902721579242717186
902728634053652480
902729056856281088
902729135688122368
902739787542618118
902742484077465600
902766383238348800
902771665523879936
902772925056638977
902777041354985472
902777454934323201
902777693581783040
902792557352144896
902792840887111680
902801460181819392
902802155190484992
902803826180272132
902806523973443584
902809008247111684
902809719189905408
902812861126336512
902819746927796225
902827094949847040
902834096065437696
902837949783572480
902838198098944005
902840077541355520
902841642868203520
902847947326406660
902850045820665858
902850763797516288
902850867388350464
902850958828470272
902853302207090688
902854456047493120
902855563360571393
902855678288699392
902864385638629376
902864592837201920
902870727870877696
902875424790896640
902875625140232192
902879430191828993
902881419122413571
902882075958804481
902882077628141568
902882164047478784
902883003751424000
902885017843621892
902887361645858818
902891315188432896
902893334728933380
902893426160566273
902900299379204097
902901789212778496
902905835424231424
902909062110687232
902910948310220801
902911283858636801
902913461960802304
902915327562014720
902916598037712896
902919756734500864
902928986740809729
902931326294257672
902931589742649345
902931666049654786
902933841639346177
902939148708917248
902943510369841157
902943525293215746
902945456078106625
902945958555656192
902948777127841793
902948887878619136
902948936532549634
902955717455380480
902956427966377984
902958221463351297
902958328007012355
902958457216802816
902958770090893312
902959416420511752
902961793764655104
902970447427403776
902970751527116801
902971438088499200
902973745085677568
902974119951654912
902975899603275781
902981060300075008
902988891061407744
902989285623726081
902989738763792389
902991098511011840
902992591259672576
902993753505501193
902996695402909700
902996874097020928
903001057474875398
903005412848537601
903019306463715334
903032510959034374
903035381976768512
903040672646778880
903041061911752712
903041097965768704
903043452920844290
903044232784617472
903044302422593536
903045088355401729
903045478073475074
903046092949991424
903046234725867521
903050153908736005
903052365963698177
903055193771827200
903055330917187586
903060210360524800
903061704589938688
903063714907250689
903064140616478720
903067172263665665
903071105715507205
903071847662534656
903072368356184064
903072944041193473
903075508858101760
903076820857352192
903081849840431105
903090644863795200
903093056991350786
903093759537274880
903098884158889985
903101266523340802
903102282740445184
903103994368851969
903105089220603904
903105695251406848
903105925543841793
903106983368130560
903108779771924480
903113284865466372
903115345531199488
903121154637840384
903122998890303489
903127736021118976
903131407223971840
903134642697641985
903135307914194944
903135481977872384
903135814141534209
903136629937889280
903137891169308672
903139550465331200
903145628812894208
903149753491488768
903154577381449728
903155153641103360
903155232535969792
903156574272749568
903158474741305344
903164748564500480
903171539989925889
903177580983066624
903179998650961920
903180301458923520
903183553952972800
903184483599474692
903186704059785217
903186785039212544
903186995987533824
903190361086066688
903191463349153796
903192451942318080
903192601251205124
903195723075899394
903195805292654593
903199198149009408
903202669669433344
903204972011155456
903208709060530177
903211931124805632
903213427660918784
903214588635877377
903214744659779584
903214824783532032
903215475722682372
903216280609554433
903217000918417409
903217639123714049
903218155480391680
903218369792499712
903224090005184512
903225771090685953
903225928779751424
903227690400055296
903227756246380544
903228859763523585
903230018234535938
903231463574917121
903232127126433795
903233557816123392
903233864415502336
903235101705850881
903235145343406080
903235318572306432
903236985988546560
903239527153664000
903239635329011713
903240064003649536
903240066109190144
903242707270868992
903243532265193473
903243829649842180
903244487304122369
903246140728016896
903248689157869572
903251089142804480
903258473663750144
903261192826826752
903263824400277504
903264198439862274
903265445817581572
903267757822799875
903268990436483072
903269409447329792
903269413658386432
903272052286738432
903273843673968640
903276333966528513
903276606881452034
903277570744926209
903277971703816192
903282396287688705
903284276812230656
903290773982117889
903293891654426625
903296870839185408
903303364007616514
903303555720892416
903304040133652480
903306732872626176
903312752986513410
903312963838369793
903313501673971712
903315969585631232
903318161507794944
903326178148319233
903327336552169472
903328911014199298
903333575998799872
903333923291361280
903334489358827521
903334519306113024
903334585181892608
903335317469581312
903335972225654784
903336961246732288
903337035905331200
903337553247559681
903337686026649603
903337751441022979
903338113845534720
903338404192153600
903342429851537408
903342501905539072
903342527192891392
903343842006622208
903344151118401537
903350437524496384
903351302620622848
903352783834931200
903353361411567619
903353832385781766
903354560969936896
903354962352017408
903355187573792768
903356503318454272
903359266551197698
903360880502607872
903364047017562113
903364248948137984
903364926336638980
903373248271982592
903374775824896001
903377465225224193
903380431004778496
903383010489323522
903383116194209793
903385256568508417
903386279114657792
903389840087142400
903390717107515392
903397093292863488
903400499076108288
