1036744721731870720
1036753835535081474
1036791343929016321
1038095176458227713
1038745645513887744
1040379020322512896
1041425203459448834
1041684790595002368
1041751353389985792
1041839216206995457
1041856061244932096
1042337027155484672
1042444824287346688
1042903065614057472
1043084996066652160
1043249974090313728
1043251081306886145
1043428021343068160
1043447530346999808
1043893483642195969
1043910388146933766
1043991948040851456
1044125694773653504
1044892133403119618
1044910419264106496
1046281835070730245
1046452964888436736
1046497311944323079
