1080203879726358528
1081157052930519040
1081432564609568768
1081512365844238336
1081593664890068992
1081955167354916864
1082009608150020097
1082058222662500354
1082092020267548673
1082098725785284608
1082101897530552320
1082114001427787777
1082119669622816768
1082120802495938560
1082128466730934278
1082131543693250560
1082133260841308160
1082134717950914560
1082147278616330240
1082150027986784256
1082158003472625667
1082158519757860864
1082189311427002369
1082193855523377158
1082210163828809728
1082216050119258112
1082228516823810050
1082251565807820800
1082257270031888384
1082265581502382081
1082266047896408065
1082296900345184256
1082311002698510337
1082425194877116416
1083320239641616384
1083745249288224769
1084388853463633921
1084390057270751232
1085304625065021440
1085373326699114501
1085779025388171265
1086828195284992001
1087056440072691712
1087486465708380160
1087728859762565122
1087732105147179008
1088063982353739776
1088800252595982336
1089064735746723840
1089065635445919749
1089067743893180416
1089071869838413824
1089149855526780929
1089488187817422848
1089501231536455680
1089503997998841856
1089625904261718016
1089919702690922496
1089969468107763713
1090187543793020928
1090457325205360640
1090575357063909378
1090665996040445955
1090701199651864581
1090895218931576832
