1058120737893040128
1058378847903760384
1058385732409192449
1058437529467146240
1058486737880731653
1058624851311804416
1058635777884778496
1058784133357363200
1058797128137482240
1059016546004148224
1059037796445245440
1059086071638700032
1059086129125830657
1059088327754821634
1059088763148734464
1059089937121849345
1059090489926959105
1059094966490882048
1059096109040197633
1059124426875252736
1059124471326490624
1059125428047241216
1059142210728402944
1059278884653486081
1059295740357423105
1059305691708514304
1059383444843782144
1059588592039804928
1059611211103383553
1060131873400209408
1060131918413529088
1060593849914048513
1060595696879964161
1060674668493971456
1060751513562296320
1060902290423533568
1061030737628008448
1061098799865757697
1061102793258344448
1061104280978055168
1061162255495188480
1061614146838351877
1062070445179047936
1062213336731975680
1062601028837826561
1062711268979687424
1062737139031572480
1062766098620149761
1062900503833649152
1062976208336510976
1063144798956195840
1063528636496703488
1063822261285662721
1063933572648710149
1063968086305452032
1063973372806221824
1064067591549984768
1064068094866247683
1064122974008160257
1064140081303351298
1064179389036929025
1064207643579990016
1064318822411317248
1064568133107601408
1064749842923016193
1064829373721776128
1064998939714306050
1065227077543239680
1065265493588746240
1065285454684086272
1065290259716599808
1065321692657082368
1065379342929276928
1065528883703934976
1065541702465847296
1065562160917610496
1065927624881569795
1065932155921068032
1066054988269592576
1066258634781405184
1066286567134777344
1066321216674426880
1066393901458690048
1066402118523908096
1066429121545363456
1066790321051320320
1066793524262252544
1066796980771438593
1066798122884579331
1066832811024424960
1066893361682898944
1067002916475731970
1067145211208437762
1067152613702012951
1067157219890860042
1067417278478733312
1067453544406503426
1067453620877123585
1067453639344570369
1067499515803025409
1067658795336249344
1067659375836389377
1067697787813486592
1067697928612077568
1067912524299821056
1068272544887631872
1068386249105465344
1068478372714553345
1068487637214867456
1068573170381123584
1068607484418551808
