980271835907424257
980274166657142784
980300083269955584
980371870334713856
980388522682142720
980406327494234112
980420897688379392
980470708827439105
980495326435045377
980747007936655360
980747032926347264
980814900325994496
980822363838271489
980903050545172480
980909431327215616
980961197037113346
981071073520136192
981124240534421504
981199819774586881
981510490613432320
981569056124751872
981596203338092545
981919783795986433
981942602923724800
982023478172729344
982027283811721222
982049212044120064
982083244941348865
982207342350512129
982242400876675072
982244499685392384
982335985030762497
982453577795989504
982524518970179589
982536007160512512
982892165109075968
983011624058523648
983053804059922432
983167858099318784
983192661115879425
983241889783648256
983292517029310464
983325684318789632
983342891438309378
983360998236094464
983416333718011904
983501764119887875
983510432924123136
983601925370327040
983610291744313345
983633677082128384
983760750220017664
983817844377858055
983840973414334464
983880588229824512
983943075377614848
983969054049406976
983987068597567488
984028225625034753
984113305407991808
984370003922292736
984453010460823553
984545468859535361
984625524432691200
984667379673296896
984670112237178880
984688414531506177
984761480955482113
984822285369561088
984835550288007171
984855318457999360
984898695958355974
984910564160884738
985076369842409472
985444776299261952
985463357070168064
985570973272469505
985650400056537089
985650622233014272
985708480563744768
986159101930590209
986295506983727104
986396983538659329
986491800394268673
986513932893540357
986555176092827650
986572922004410368
986715284684894209
986759066075746306
986770326519472133
987035631359537152
987158571866558469
987267937894633472
987288471554396160
987311671168421889
987312261642375168
987330795852500994
987377542989537280
987393204554170369
987425710838083584
987460924100562944
987461428289376256
987480806816759808
987505140893732864
987550211621830657
987584175426256897
987604297591459840
987651307757621249
987652685607383041
987655259932651521
987668380684562432
987671010085363712
987672680831897601
987700040981532672
987774585503473664
987793307542675458
987797172656791553
988021785198235649
988185052260560896
988247049094205442
988402433746337792
988468701711294464
988493712744476672
988658798456987648
988892919053434880
989097716444692481
989118380941762561
989145818832756737
989188519364120577
989213216055193600
989214876370456577
989217474712350721
989218167632343040
989233451244183552
989237189627252737
989240518667272192
989255545159847937
989262527015026689
989375376035074054
989622351305367552
989641779770216449
989834407337840640
989853278769999873
989896753167167488
990092863303176192
990134208180957184
990142617408229377
990145295894962176
990145524048285696
990172908243898368
990179919006257152
990320749083754502
990338490985603072
990510770768302080
990635097488527362
990666474208595968
990705791618502657
990839987951325184
990891157218443264
990951676822552577
990953979067686913
