991109743379918848
991115828467851264
991140020374339585
991173663297822720
991180414894174208
991195512261959680
991209847994683392
991221936809127936
991230322070249472
991240350630137856
991248758724812800
991249837936009216
991252643736678400
991255659835547648
991255758003195904
991259356724416512
991261914830393344
991263462104948736
991263928507404288
991267946659008512
991277669655326720
991279652533661697
991279925981270016
991306459173539842
991315313345155073
991321466380668928
991325879639953408
991331669503332353
991332029315862528
991332139647070208
991333357215715328
991336229902913536
991337249148194819
991345350421155841
991346641927114753
991352762616156160
991364311636500481
991377023099600899
991377485580337152
991377547807125505
991377664777826306
991380177413341184
991380191669780480
991381222218706945
991386534598279168
991393075724521472
991397352652136448
991399610479468544
991400666160656384
991412473130602496
991416067649097728
991416773978320896
991421640641740801
991428587638140933
991433566293843968
991438057349042177
991440576229896194
991440813212266496
991446018356064256
991447377713156096
991462432324423681
991466543287545857
991502706023063552
991502788650774529
991564808175734785
991569788060291072
991572786979201024
991583173753569280
991583257660678144
991584631257477120
991587162952028160
991592389474181120
991607628664107008
991617351060738048
991620263161815041
991631781953753088
991638052043927552
991655543101116416
991655545647091712
991657625195630593
991669649808023553
991669696884862976
991675691698671618
991685023622295553
991686900577656832
991690699358777344
991691407361359873
991693019228311553
991694470457561088
991694598220210176
991699367299026945
991703103991943168
991706173391843329
991708191959539713
991709222223204353
991710601184456704
991712434640605184
991712503817211905
991715323274547200
991716326551900160
991727828625477632
991732024988848136
991732576183377920
991734841468248064
991745529397829633
991745730116276225
991746409341865984
991746454250176512
991750359554101248
991752267131965441
991763750058385413
991768397573775367
991769845464223746
991769862656716801
991773807814815746
991784153304698882
991784732718399490
991785122272890880
991785403375079424
991785775124578304
991791201576603648
991792648221548547
991794960952328193
991795413094207489
991804252598226944
991812466274459649
991815287816228864
991817836682080257
991821145132425216
991828493125148672
991837252513910785
991840041306472449
991863981156511744
991868893944827904
991890453929906176
991908963397525505
991913242418139136
991920872695975936
991923879999307776
991939162386268160
991941716293890048
991943448960950272
991955111751667712
991955143200591872
991955770563547137
991956042362818560
991956311188361216
991956982713200640
991957192839516160
991957456665350144
991958600884072449
991963612976746496
991967632147480576
991970160570503168
991972448349323265
991974847105458176
991975986689462272
991978335914942464
991981840499183616
991982495137660929
991983219343020034
991984644143943680
991987824261042176
991989817385930752
991991216207204352
991995785486139392
992003528792125440
992003879222104064
992006633206185984
992006968733773824
992007514014322688
992010884967903232
992013973645127681
992015943705550849
992018807995666433
992022146766557185
992023633542418432
992024601600327681
992024687172612097
992031080122380288
992039053741654021
992042435793604609
992044616412168198
992055822325899264
992058806568923136
992060678243483648
992061318105567233
992063216481161216
992072954363236353
992077219123159040
992081850825891840
992082436430487557
992083064762327042
992093974549512192
992096649261428736
992100118349443074
992102195788242944
992105562258182145
992108844183572480
992111739121618944
992115574913355776
992116137272934401
992120368038064135
992123874077757442
992125376561336320
992128410620235778
992131776993742850
992132254687166465
992135195733176321
992135791748046849
992143168689893377
992149812886765573
992152575691644928
992153489190129667
992183112212893696
992185419595993088
992199163084406788
992201495952199680
992212232124686337
992225385025851393
992231051534757888
992258574125445121
992264058177966084
992276419223764999
992298783647006720
992304008952922113
992304692209205248
992314643791069184
992321815849521152
992323332505784320
992330536235520000
992331244250812416
992338826285715456
992341318532726785
992341371376865280
992341727401992197
992342488341012480
992344960866406401
992348232440340481
992360325419819008
992364766508314624
992372535902826496
992374708120244226
992375765789499393
992376982678720512
992380229074276353
992390898150531072
992391250358697985
992392257083977728
992392286859415553
992396866208911365
992401479536467968
992409650871095296
992411277178830848
992411488395644928
992420486448599040
992423652284026880
992427272320831490
992434877931892738
992441393351192576
992441517473136641
992456756281466880
992456982765465600
992464316904411136
992464912965349378
992469363071516672
992473237379600385
992476894066102273
992489143774130176
992489606909186049
992492459837059075
992496761104162821
992501385760526336
992521299883851777
992538998672420865
992544787155824641
992552471535980544
992553224010915841
992553527674191872
992560661329862656
992563401456005120
992590735768784897
992594710266089472
992648396958674944
992668884028329984
992676785270620161
992688811992854529
992692658165383168
992694043560828928
992733685588877312
992745604546793473
992750875671252994
992752124600684544
992754868954812416
992759971711418373
992762269355466753
992772027835658241
992780876810420225
992801450467168256
992811853595193349
992825514439176193
992829077659807745
992835791339642880
992836626849157120
992839906773884929
992841338273062913
992848218219319296
992849416955613184
992862903291260928
992865999966875649
992866187016097793
992870327624617984
992887887107633153
992900200321732608
992955880957206528
992966411592110080
992992593293258753
992996022958817280
992996559846563840
993015001362325505
993037614100897792
993046064742719488
993047000521244672
993055772505325568
993068494802554880
993070848490852352
993071688752467968
993073247460655105
993076654187696128
993077012469309440
993081028028895233
993092297343545345
993094065649528833
993096510651949057
993098048560599041
993098284276346880
993103561155403778
993103576233840640
993123101159411712
993125426888404992
993126107628097536
993128066368065536
993128158630174720
993130120293638144
993139862021828608
993153434776952832
993154925017419776
993157804415479808
993159424658362372
993159942239653888
993162332565057536
993163212517531648
993165998797807621
993167984817528834
993179067108265986
993180896537825285
993187203122679808
993190303954763776
993191713601654784
993194020535971840
993194244503408643
993194272206852097
993194361121902593
993194537291010050
993195257847341057
993201720019697666
993202092465688576
993227113154121737
993229606831390720
993230750492299265
993234464129060864
993235863323774976
993244462087360512
993252725252124673
993265389122523136
993299184743837698
993303165956046848
993308240644595712
993320782876020736
993369026880593922
993370287306690566
993386089477017600
993388714683518976
993393887006855168
993396244780343296
993396781345013760
993405503626674176
993410015645102081
993426081741864961
993427174765088768
993429052341014528
993431364866400257
993434444764770305
993445404376256512
993450304262860801
993450956879745024
993457472760434688
993458148991057920
993462249196048384
993479104862175232
993481194896535553
993484648041844736
993486934277312512
993494852368326657
993495205964902401
993496940737384454
993497824053596160
993506273340678145
993509738372632578
993515198538506240
993517967190183941
993524494001205248
993531185950322689
993534290167255040
993534988946759680
993542533203410944
993543159778037760
993546043857031169
993546758268620807
993547521946456064
993552040709312513
993556226360438787
993558844432363521
993561079170174976
993569052147830784
993569916568637446
993585735377801216
993588597570842624
993592689961598976
993594805568573441
993597949623046144
993599117262819329
993600612154699776
993603447093067776
993604783834566657
993615300187836421
993615462939484160
993615518740418560
993615581629812738
993616968677773312
993618439632715776
993622252666216455
993623198934716416
993635974365114368
993653803474931712
993686191085096961
993689463854387202
993702653313142785
993706424826920960
993713301795344386
993717381599059969
993718326567292929
993719064760594432
993720125420425217
993724678442225664
993742101576929282
993743587622842369
993750476742184961
993759072536100864
993759620312203264
993766043909873664
993769295749566464
993773428401426432
993790908146601984
993792077971550208
993795024889499648
993795466780401664
993795836470538240
993798150455545856
993798251534045184
993799402849554433
993806938352881664
993813931096494080
993815304571584512
993815521199099904
993816107135000577
993818453852262401
993820563562024960
993821926719217664
993830682764996608
993831600872976384
993835300211314688
993835461314572288
993839498470547456
993840672598831104
993841052330184706
993841150040662017
993841749419323393
993842326974976001
993842333266391041
993847674301485057
993849296209563648
993849602821578752
993854190563807232
993856212436430850
993856890009477121
993859481665703936
993861581753782272
993862673526816768
993863847122493446
993866369996394501
993867018838388737
993867219749736450
993868438002159616
993869650764226566
993878863959732227
993883853533204480
993893405628489728
993893564596805638
993905913030496256
993907737997316097
993911099706757120
993917004208844801
993918731687485441
993924100396548096
993932259152547843
993942960508203008
993943915517612032
993963073684852736
993965161793847301
993965720479334405
993966616286294016
993968630873378816
993970639953375237
993977818521460742
993979187525451776
993979281029173248
993979370816581632
993986966269120512
993988691839287296
993990433712803846
993992935216689159
993996817028304896
994005609551990784
994019381310091264
994022911051751424
994032263506681857
994063817280839682
994065057536454657
994078559814737921
994080611680817154
994083291824361472
994087405627027456
994092242888470528
994093009145860097
994101787044012032
994112766851108864
994123035820089344
994124814188036097
994135951332044800
994139915368783872
994142704647983105
994143309793775616
994147574562148352
994157579268915205
994163423159160832
994175592118587393
994176165895172096
994176793782439937
994185434451398656
994191299342491648
994194079008387072
994196040189390848
994196823270199298
994200148086534145
994202748529926145
994204086944915456
994212595535155200
994214885188874240
994219459484311553
994224550975102976
994228630942253056
994229268719788034
994231537427206144
994234844573036544
994241564317749248
994247268730589185
994264148119867392
994264613532438528
994268303421050881
994269660710408193
994270961758343168
994276097687785473
994277925997379584
994284718744055808
994286239527383040
994286340593287170
994288949165281280
994289625911918597
994291124645912576
994293233361485825
994295321856528384
994296039497707520
994299279605936133
994300190218772480
994303455878672384
994310811874152448
994311712370114560
994315417203200000
994315987225923585
994317903158706179
994319599771570176
994319625335820288
994336010824712192
994339828891254784
994341120728498176
994346516570664961
994348585352298496
994358761967030272
994423440252854272
994464553227304960
994472106757836800
994472779947954176
994477979630755840
994482137859584000
994489938430320640
994498001786884096
994506530467741697
994506534930575361
994507146279649280
994507456364662784
994507460240199680
994513019236470784
994514728859906050
994519193667108864
994519536782241792
994519751929094154
994525523710742528
994530053592682496
994535207104602114
994535629051621376
994542315636183040
994546380315283456
994548424623181824
994557642910683137
994565336715464704
994569146577948672
994576627530190848
994581575160487944
994606313979203585
994615288141438976
994615320840056833
994619725274648576
994625632532344832
994636882515582976
994642626790948864
994647731078647810
994649590392672256
994667018560434177
994667655259975680
994686779633618944
994692962692030464
994694089445605376
994694565079732224
994698012810186753
994707239020695553
994718864792580096
994728942362914817
994729112290971654
994747665379463169
994751133246738433
994789322787303424
994824710146928640
994838727938727937
994862132163465216
994862815386198017
994874299831017472
994882410776055809
994927106722234368
994929177911578624
994930186809364481
994930599973572608
994949725391654913
994952313860059136
994953711855243265
994974403174780929
994975314097922048
994982961727574018
994983024562528256
994985346122338304
994986270131712001
994986716799946757
994996852721422337
994999538476834817
995001049772642304
995010194018009090
995014622783721472
995015918399967232
995017773553209345
995018200512450560
995040764609662977
995054552561922048
995064469997973504
995069490550407168
995076828913119232
995091132743933953
995096352223834112
995099017213292545
995180329643270144
995181984866422784
995185570845470721
995185646191939584
995194066001367041
995203302701916160
995205902759325696
995206936231542786
995217960976506880
995219350960377861
995221450624774144
995224116956409856
995227401906020354
995237643574226944
995238206009470977
995238661926129664
995239260893704193
995253023256571906
995256660535980032
995258621188599808
995260949236998145
995277019259817984
995278171015667714
995301053045276673
995304702706372608
995325869492264960
995331947042951169
995348647939399680
995354155450601472
995355204454354946
995363930712301569
995366588206460928
995369833922428928
995371342877876224
995374179066302466
995380626147590144
995387471641874432
995408233039876097
995414198510346240
995414380643790848
995414585313243136
995428241346351105
995441250613506048
995441327373520896
995445951568465922
995464714816774146
995487970970034179
995545315884154880
995549383134498816
995572493292331008
995576587390259200
995592840729321472
995606043534266369
995606361059840000
995608725191831552
995609713990565888
995615657298419712
995620463152902147
995622001044869120
995622521281052672
995623770793631745
995628561087246336
995633459606548480
995634069525450753
995634929735274496
995635490912194560
995647459283095553
995647487066157056
995648366280355840
995649744176336897
995649835037614081
995652430862929920
995656388180312064
995659367830773760
995663179622633473
995670137981161473
995680002141245441
995682440713826304
995686465983131648
995693495611359234
995694258131734528
995694576932356096
995695757616406529
995709223412563968
995712738667257859
995714514963324928
995717690475114496
995718273042993152
995724073773740034
995728973404495878
995730135809708033
995737792746606592
995739245842173952
995742447337697280
995751374074851328
995758639897042944
995768763659284482
995773201228746752
995776974449774592
995778220015390720
995778562417397763
995780093334220800
995782360376496129
995787014778826752
995801445499883521
995814540720918528
995820141815316481
995875452504887298
995875928541712384
995878749647376385
995906620222828545
995908846731317248
995910124286947330
995931590319538176
995932978642636800
995935454544396288
995947811261829126
995952178484465664
995955778442932224
995957152496922624
995957977524981760
995969042937729025
995976785614573568
995977192088760320
995984440642940928
995986395201261568
995995877260087296
995995915008774144
996000904120762369
996002560053071872
996015074358779904
996017158739169281
996025296947171328
996035261623689217
996039558453252097
996041593076543489
996042235241205760
996042744069058561
996043777486872576
996051474437279744
996061065132826625
996070630670897153
996073703820623872
996092188814729222
996092962797948930
996105101558370305
996109255601197056
996112778367848450
996120411552305154
996122660169019396
996128912613789696
996131819690094594
996135504801423362
996142257194532864
996142476166680576
996142901448110080
996144887614623744
996153141363118081
996156159647256578
996159489945624577
996170692923154432
996189329474105350
996206242174504960
996252544333762560
996269203291365376
996280589786472449
996285649543221248
996285714160668672
996287092203446272
996287846116937728
996290870654599168
996291563968913408
996293318425264128
996293537435037698
996294215150682113
996294323816710144
996294833810563072
996296337917267968
996296973329170433
996299252958547970
996302175537192960
996306200814931968
996306321199820801
996310386856157184
996312460389945344
996313262361796608
996317652086939648
996321415233200128
996323481351581696
996329986289295360
996330560506269696
996331278965379073
996331557890740224
996338661934452736
996342893844430848
996343874875518976
996349685248950272
996350074492944385
996359847636594688
996361300119867392
996362833339219968
996363403584266240
996366178506420225
996367622617825280
996369665260744704
996371565263679488
996371878582325248
996372119213826049
996373048805789697
996374479055081472
996375127741882368
996375731050569729
996377050582781952
996379156878413824
996381584184852486
996381856407937024
996383113856061441
996384514351030272
996385215206608897
996388878926909441
996390998308683776
996391229851127808
996392051934720001
996392866887946240
996395271453134849
996399125183848453
996399892330352642
996401999821369349
996402048194236417
996402489019658240
996409806813573123
996412121247305734
996420438967365632
996420493946376193
996425365601046529
996428609916108800
996431024564432897
996441727572611073
996442704417644544
996444409599315969
996444432496029698
996444752081014784
996445056583249920
996449983980326912
996457025998639106
996460499100422144
996469808672763906
996471152284524544
996474389049806849
996479755674439682
996482503761387520
996490855027527680
996492687950925824
996492721522184194
996494421893017601
996498829661933580
996502718654140416
996514057950818304
996517175124025345
996526277636050945
996530552864985089
996531984808673281
996552781866635264
996602076259061761
996613830380802048
996616342739415040
996619657510612992
996631385619169280
996636893595996160
996646432256987136
996650219285766145
996657754382123009
996659782336512000
996661925172957184
996662043456491520
996663708205150208
996671041492672512
996679161677799424
996690872006737920
996691729918152704
996694048089001985
996694790094950402
996699280097374210
996702439641403392
996714805695270912
996728472843190272
996730061658185728
996735768847572992
996778551587364873
996788571372703744
996797413867311106
996798978246238209
996807671801155584
996807761995411461
996808004627521537
996808278700122114
996814255306559493
996815096134369280
996817999033139200
996818078368350208
996819302622916609
996820317195685889
996822254985019393
996825116746113031
996829499781271552
996838020107112452
996860137510965248
996872647035285504
996880924058030080
996882909624709120
996892719690772480
996903155786010624
996910145790767105
996939938343071745
996978874289459200
996982410263891968
996992862897262592
996997492993658880
997004319626055680
997020142243647488
997023098363891712
997025950947794944
997036155248852992
997037564111544320
997048076706746368
997051102507032577
997063588094382082
997067432157237248
997069217273974784
997076742673260546
997084273999011840
997092254878748672
997096278923333632
997096686173544448
997099692424122368
997101614514298881
997108504073682945
997114576150978561
997116604939980800
997116779494232064
997119069504593921
997122382572777472
997154778487709696
997155159389212672
997167118608105472
997175179590725632
997176573848641536
997184984686514176
997209704651739136
997210069128400896
997230510492520448
997246497564471296
997253803962322945
997264058213691392
997277206333227008
997309241785450496
997315121365086208
997384271173218304
997407492073279493
997414507067691010
997422304278863873
997423826391699457
997436940696813569
997444912806268928
997456096116772864
997456626276761602
997477423313809408
997481115123372035
997483275596763137
997498009368788992
997499611999764481
997537923493978114
997540078229520384
997544810671169536
997560111890665472
997561565657403392
997571714191159296
997576626547326977
997587744292593666
997588909994446848
997589331626942465
997595528203571205
997603551038853125
997605520650489856
997607572134944768
997608674133708800
997614222304579584
997615818983788545
997616788706820097
997619850519502853
997620437751336960
997622187182968833
997624838389878784
997624963409510401
997626449447280640
997661897188171776
997676810853928960
997697373857091584
997734448157229056
997763216280350720
997764512089600001
997803785450868736
997806976900980736
997807855301513216
997809522021490688
997816807502286854
997818692003037184
997824802269343745
997836707373506560
997839334287007745
997854395365605376
997864253867679744
997874651559809031
997885241774702592
997885397391814657
997886493518680065
997886885526691842
997889028396634112
997892138439446529
997901437731573761
997913212749320195
997916673389809664
997951308782080000
997969803108339713
997979478541438978
997979499949101056
997983666121990146
997993323955662848
998017057852665856
998039766624014336
998050683457712128
998051349190279170
998065839269187585
998068948422877184
998071013379227648
998081012180639744
998105497738899456
998106904017735682
998110198681260033
998110869325271040
998114316284059648
998117901222727681
998122802548039680
998123573012324352
998126197807644672
998135488631443456
998141419356348417
998142170296176641
998144192626024448
998165067676962816
998170639407243265
998171588993388545
998178389222658049
998179029696966657
998198264334880768
998200059949977601
998205998643929088
998217425194758149
998220552895528961
998224564298674176
998229368894840832
998230760158089219
998232793128886272
998240933861888000
998247937611321344
998252701388505089
998254081071337472
998257667867983872
998261870535561216
998267966818078720
998271229739094016
998274023950897152
998278511453462528
998284961034752000
998288566873706497
998309929713897473
998314580379086854
998320312734437377
998331937864540160
998340855151955968
998344750007836672
998344802411470849
998350724353478658
998350843496759296
998357212530700296
998367669769433089
998375623415431168
998377138309992453
998382680344588289
998386542442897409
998387217390239744
998399500350869505
998461690537623552
998462144474636288
998467492103245824
998470219235504128
998470651013947392
998470968757628928
998477511037251584
998478117122510848
998480040433250304
998487835438141440
998493374331195394
998493648638611456
998494733692354560
998495985692233730
998497139121586176
998497977554452480
998499168351072261
998499777364013056
998499893126803456
998501513365458944
998504313084436480
998511218133368834
998522107297456129
998522498730864641
998522952139333632
998523815729745920
998523987700404224
998525852932550656
998526064304558080
998526501774680064
998526503431364608
998526899805720576
998527116248604677
998529247777120256
998529867682582528
998530985913397249
998532490393477120
998533966360711168
998534866047205376
998535238946041856
998535282541678593
998536347471278080
998536524064022529
998537020673875968
998537391425118209
998538877903278080
998541969944137729
998543427057922048
998545905048539136
998548126775545857
998549560057266177
998551479278501889
998551760305381376
998556108955508736
998556350555750400
998557718314209280
998557778695344128
998562233868316672
998562673431326720
998563324412514304
998566433654214657
998570067158847488
998570657725210624
998571135443783680
998576696260464640
998578994726490112
998580084024934406
998583008537047041
998584951065972736
998586866604691457
998587049916682240
998587107777175552
998589170972053504
998590514403446784
998594220054204417
998594672023998466
998595608792383488
998602847754350593
998608273925459970
998615043951472640
998617915208454145
998619702145495040
998620858087243777
998621174778290177
998621198262161413
998623382643134464
998630017163780096
998630122902183936
998632308528893952
998634955977777156
998639688008261632
998640823398002688
998642447000526849
998651502922207233
998652273411723264
998654497667895298
998654609655812102
998658838776643585
998663314946297856
998675984672083968
998688767245541376
998690589658025985
998691270410326017
998696915914166272
998732677195948032
998744563211816966
998770625790513155
998772156296237056
998791984864210944
998793550153252864
998797743618437120
998812075999793152
998819515688456193
998820631151022080
998821089127157760
998821525741502465
998822887233646592
998829363603951616
998833332715737088
998844215265284096
998845197999136768
998847077047324673
998851857287086080
998854213663952896
998858720862973952
998860172918513664
998866216503726081
998873680540250112
998874061081055232
998874900357107712
998875141546242049
998877066329194496
998877254221549568
998879407581351938
998885004049608705
998886473700175874
998886558882254848
998886640155283457
998886804110618624
998886948994539520
998887062785937408
998887562977693697
998888037772873728
998889132914069504
998891551144202240
998892766020161536
998893496667918336
998895296443756549
998896762776641536
998902393088724993
998903476599042048
998903707294199808
998903771848724480
998904153949777920
998911273780830208
998912866790117376
998914562958286853
998918424679141377
998918935956414464
998924956019937280
998932126639841281
998940151995879424
998943076793159681
998943202819428352
998944682708172800
998946791998582784
998948877838508032
998954715047227392
998961720809984000
998973457705598976
998977792086806529
998978904026243072
998980700001980416
998987860115165190
998989176736567296
998989286589509634
998990319634014210
998990495798972416
998991879931944960
998993199883542528
998994690539249667
999001736684728320
999004964499476481
999009529974132736
999010859165933568
999014192026931202
999025327417389057
999030585388617731
999030653743087616
999046702861570048
999050138487226368
999051931023822848
999052104282099713
999052137039585281
999052587851755532
999060286115074049
999061750711451649
999065254658232320
999068117690208256
999069379366187008
999078679396352001
999081205625651201
999108810152333312
999109059990126594
999109554674823168
999109633775108096
999128821457670150
999133460035002368
999133461611995136
999155630161186816
999175028976562176
999180420196552704
999186919698325504
999190694542573569
999194469441396736
999197762397835264
999202228895387648
999204284955877376
999214335753965568
999232132848476160
999232984464216064
999234192830550016
999243744095473665
999249336780382208
999252198977691648
999257917927886848
999284958270251008
999287395899138049
999289246933450752
999292148481777665
999297022275530753
999312193689653254
999312270307090432
999312639351316482
999314249099939842
999325712124399617
999326015297028096
999336577062064128
999339935432892416
999344190378176512
999345815004106752
999345932448796673
999346600211296256
999347840878043136
999356927200112641
999357217248817155
999360671258161152
999375482167746560
999380659192975360
999385176030539781
999388006795620352
999389227858227200
999399621221904385
999404341516750850
999404489143615488
999425747147264001
999427694956875777
999430466150326278
999432634160893952
999456020916330496
999463627164979200
999465646286131200
999468399410458625
999470907205849088
999475516720734208
999486787662893061
999497285586309120
999497796041433091
999502518001553408
999508036854173696
999510536223117313
999519783405211648
999521880586498048
999522584382377985
999525476770119680
999553142399356928
999553265724424192
999556736100028416
999557369943216128
999571836831715328
999575480834707456
999605935973613568
999610120358256640
999612287538343936
999612483009695746
999612622247997441
999619177097912321
999620435401740288
999622245222887424
999623792505835522
999625716005302272
999626171506679809
999626352281112578
999626395516096512
999637958352306176
999654402129526785
999654519997960193
999655433488011264
999662281544912898
999664491536232450
999665730508423169
999670808132890624
999673568412790785
999687475936284672
999698766461534209
999701336349401088
999701581145739274
999703367004893184
999703654142758912
999703785009270784
999704794167152641
999704870511923200
999706619935117312
999707205229301760
999709744716795905
999713861380042753
999725016186064896
999746968317411328
999748518683299840
999750557542830081
999754778946211841
999758942652821504
999768039301222400
999772035529265155
999773054388580352
999788215098859520
999788883675000832
999789538418585600
999794236433338369
999802414663393280
999804184898744320
999812868378910720
999821672231456768
999833757292081153
999855995475103745
999857048237101057
999859713733988352
999873327580762112
999880698683998208
999889979823157248
999891018337013760
999893325191696384
999911474297384961
999913713728565248
999914953535442944
999921562454118400
999923109800001538
999923538034216961
999939254108196869
999942275659698176
999957438924193792
999958837128986625
999963493381165057
999963592375132160
999965924827508736
999968597840662528
999968753449349121
999975086408044545
999975247087628288
999977974228234240
999981012175196160
999981417483337728
999983159214247936
999984799199760384
999986062515671040
999989534984110082
999990317653913600
999993844220485633
1000002325661016066
1000002822539116544
1000004857603002368
1000005781641744384
1000011283721269249
1000015811879358465
1000021209948545025
1000025361046908933
1000025637053231106
1000027308038770688
1000029456378089472
1000032166745722880
1000056399076802562
1000058687719919616
1000059487997366272
1000059741551374337
1000060688428126209
1000062560765382658
1000064159898324992
1000064713286447108
1000064738427133953
1000066181716414466
1000069639890665472
1000072154799591424
1000075678874853378
1000077615082934272
1000078016360435714
1000079394587791361
1000079549785395200
1000079736008314882
1000080016628121602
1000080889026662401
1000082842746048512
1000086322336452609
1000092300461137920
1000092644381483015
1000096015368769536
1000103581029224448
1000104759234383872
1000105044568616966
1000105900076687364
1000105930258862081
1000106834559225856
1000113053902491649
1000115032338911238
1000115928649134081
1000116818122629125
1000117550162771970
1000120622494740480
1000124286248603648
1000132210090037248
1000143444143230981
1000143757038309376
1000147578091171840
1000147617878290433
1000150604235333632
1000154789718708225
1000157409892012032
1000170065998827520
1000186986899169280
1000195840227663878
1000198401240256517
1000200313842880512
1000201045782523905
1000202362433212416
1000202582126718976
1000203823758106625
1000204696076931072
1000204892768817153
1000232408657072129
1000240208414150657
1000244917329891328
1000257684795547648
1000272198358224896
1000277961755561984
1000289985994657792
1000296741751705600
1000300802676838400
1000301063977734145
1000304700032503808
1000315610230734850
1000321725555466241
1000329702274469889
1000336875381551105
1000353358128013312
1000366205377634307
1000368665689231360
1000369938417307648
1000374591796187137
1000380525079678976
1000389950527942657
1000390010485596160
1000393617603735552
1000412319577501697
1000414259841589248
1000414623919693824
1000428498668879872
1000433802794106880
1000434999412346881
1000436665742176258
1000439846387712000
1000444020542312448
1000444773415694339
1000448994991071233
1000457340817235970
1000457966586384384
1000485008543494153
1000488127826362368
1000500219165990915
1000507269400981504
1000516142023217152
1000522327778611200
1000533380155498497
1000545826786234374
1000555533882089479
1000563116122542080
1000569257829306368
1000633893739991040
1000652955631185920
1000661858850889728
1000684056768647168
1000685886743371776
1000704321548365824
1000705217887907840
1000711382680170497
1000755573967802368
1000755958077886464
1000764873897336834
1000781542069858309
1000788789831364608
1000789913036521474
1000793102808993793
1000802049284591616
1000803004361117696
1000810939090862080
1000813969903378437
1000821765029982208
1000833262858752003
1000835084738531328
1000835412842172416
1000836614963253249
1000848765023027200
1000850050195644417
1000850171708760064
1000851947229011978
1000851969433628672
1000853037760634882
1000856202757263365
1000863171610054656
1000868458198953985
1000873894738300929
1000879532742758402
1000888834886918150
1000890632531886081
1000902152615809024
1000923713896878080
1000924054440890368
1000937095379202049
1000942016954544128
1000971973789446144
1000972582533910528
1000980830225883136
1000980838199242752
1000995170538655744
1001006142846328832
1001010076763807744
1001023484191965184
1001025870734200832
1001030839344553984
1001031963539656704
1001037619009081344
1001040388914728960
1001049383327141888
1001055558852579328
1001057308728856581
1001061199793000448
1001066753068294144
1001069098078539776
1001070894939361280
1001074669791924225
1001077571449126913
1001084172843343873
1001084239515869184
1001093285396533249
1001103615459807232
1001108376909205506
1001108791302279168
1001114636891119616
1001115132683063297
1001122578377912321
1001123918223151104
1001135199898554369
1001135612202643456
1001137983230234625
1001164470792675328
1001167823614377985
1001168759762182146
1001168970756521985
1001185420380696576
1001186621243514880
1001187625359872001
1001190679085699072
1001191241244176386
1001191604902944775
1001195618000191488
1001215736025702401
1001219525969408001
1001230990679924736
1001235549062090752
1001238006072737792
1001246956335915011
1001248058745683978
1001248356759494657
1001248393262444544
1001250386404171776
1001259633971990528
1001273578359328768
1001280142021455872
1001281803817283584
1001302509862948864
1001303621328359424
1001321156887109632
1001339756532379649
1001361014107996160
1001391732351791104
1001394632696135680
1001400916183044096
1001403814870732800
1001406163248996352
1001415613439410176
1001426662909759489
1001432337832263680
1001448071920832512
1001459627643559936
1001460055277998080
1001462196235264000
1001462218460876805
1001463143728631810
1001464154539089920
1001466476518428672
1001469889851396096
1001483818996510722
1001485176411697158
1001499420691705856
1001499934472986625
1001503481604255745
1001503587732738053
1001514276568387584
1001514503408881666
1001516626527903752
1001521024008114176
1001525198884081664
1001529353719767040
1001531034834481154
1001531627900751872
1001537164641959936
1001538054828576769
1001549990991486977
1001565366034862080
1001581618522357760
1001582522831130624
1001584981943209985
1001586876099284992
1001601825433374720
1001608082101850113
1001613270040698880
1001616702642192385
1001624169753133057
1001641251488387073
1001655796059566080
1001698726010900480
1001700988862918656
1001708354513891328
1001709266724638722
1001723634761650176
1001724947134369792
1001768933211258882
1001780830807699456
1001792283254149120
1001796107289153537
1001799240853721095
1001799338987851776
1001800681949421568
1001808079103692800
1001808930933223424
1001813347266949120
1001813904132132864
1001813920057786368
1001814180519972864
1001818183160954880
1001821100303581184
1001825705573994498
1001832124616454144
1001836940923154432
1001848211856801792
1001850695744741376
1001853563377803264
1001881305347444736
1001884177606873095
1001894146871881728
1001895152401596417
1001896141426970624
1001901253151150082
1001903069569933312
1001905631471775750
1001909046474104833
1001916422166065152
1001927539999346688
1001929837475491840
1001931064028352512
1001931276511825925
1001934084136951809
1001934927531773954
1001937722091720704
1001943467432599554
1001943467877117952
1001946388475899904
1001953053107507200
1001958522169389056
1001960264366018561
1001961064630816768
1001961454285787140
1001969337056616448
1001969795510755328
1001970395698909184
1001973836454219777
1001976355838406657
1001987066832531456
1001988799902167040
1002002691025973249
1002015642202013696
1002016016317100032
1002017024204263424
1002021677377650689
1002022086314024960
1002035037083131904
1002036654801072128
1002036759662739456
1002074213124050944
1002089797903638529
1002108123660914688
1002119788448055296
1002129983123394560
1002144832222089216
1002148145986523136
1002148763950026753
1002151371959873536
1002157581207556098
1002157672832094209
1002159741286699011
1002165441320636416
1002166906818875392
1002168494325141504
1002169338244288512
1002180394878291968
1002189401697476608
1002192634251751424
1002192921591009282
1002193571284480001
1002196987104628736
1002197661867565056
1002199400930824199
1002203800764067841
1002205716722089992
1002211482615074822
1002219941691523072
1002220158562291712
1002231559074865152
1002233324868374528
1002234257710964736
1002238533371944960
1002239058939138048
1002241271434530816
1002245003932991489
1002246649350180865
1002252919222226949
1002272604529610753
1002276067762147328
1002280054876004352
1002283385857945600
1002283975736426496
1002290148065890304
1002297550156845062
1002329523344629761
1002332858667724805
