1024446564549443584
1024456202238021633
1024456482245488641
1024457157109006336
1024463404533264385
1024481213518700544
1024531421040234498
1024534946755563522
1024547673007943680
1024547694507905024
1024548600221782016
1024549752220934145
1024553052320292864
1024553207912116224
1024555669570154496
1024556523111022592
1024571954362245120
1024586894477352961
1024593044170055680
1024596874890764288
1024599221947781120
1024606026358816769
1024607068236513281
1024610738265051136
1024612862252261376
1024615022734057473
1024616508381704192
1024618315514372096
1024620047954845696
1024621885055750144
1024622927159996416
1024634476327002114
1024649161428348929
1024650763681837056
1024652590687109121
1024652658240577537
1024652965674733569
1024669924906749957
1024670645915983872
1024673824426475521
1024685238763626496
1024696780615610369
1024697147634147328
1024697682277920769
1024698322051903489
1024698411797422081
1024702845189337090
1024719015883751426
1024728189178920960
1024729203860746240
1024729873678585856
1024733487847362562
1024733552934567936
1024746652157075456
1024748232986042368
1024750843130728448
1024758840401780736
1024761464647819264
1024763797620371456
1024771004273438721
1024777291732328451
1024778257915432961
1024788449310765057
1024788792744525825
1024791915840061441
1024808338645766145
1024813409949417473
1024833595049996289
1024845771101753345
1024848797292277760
1024871755251363840
1024872995905564675
1024877040896491521
1024887659204947969
1024900214006710274
1024904509636661248
1024910186824323072
1024923202571694080
1024935647503687680
1024936023330119680
1024936047233454080
1024936098810798080
1024936111817273344
1024937948066791424
1024940799618949120
1024942035025965056
1024947754135629824
1024948385181257728
1024958170068918272
1024959054240788481
1024963707409973248
1024967563648933888
1024971000033828864
1024983627837435907
1024992636354977792
1024995758171455489
1024996378244784128
1024996687197216768
1025009317517385729
1025012006045315072
1025022024585019392
1025023581091254272
1025024130129817601
1025027841254141952
1025028407007043587
1025030218971471872
1025033337445003264
1025033997632643073
1025047202966777861
1025048156751491072
1025048280923815938
1025048646247702528
1025050625963446272
1025051057137889281
1025056886805209088
1025057273931079680
1025060231410266112
1025063605232979968
1025064308806434816
1025066811795156992
1025069648662880256
1025070163085877249
1025071583218434048
1025072777823510530
1025073276878512134
1025073306247081989
1025078481607159808
1025078560040595457
1025087352111214592
1025090975444676610
1025108852549799937
1025109477513682945
1025112582967963649
1025121828451373056
1025124485127696390
1025130844132978689
1025132458075934725
1025137429177618432
1025144582131146752
1025193366089342977
1025201096195821569
1025208412391518208
1025214441229561856
1025216123552374787
1025259756896829441
1025259834889957376
1025271089050673153
1025290405074661378
1025293070168977408
1025295294303485953
1025298009352019968
1025337813716410373
1025337962551300096
1025343349350440960
1025344053192339456
1025350569429483520
1025350880659423232
1025357404072857600
1025364629999046656
1025366324103598080
1025366882365276165
1025371888233660417
1025377258033373184
1025377540930715648
1025383123541008386
1025383414197899265
1025399253605265408
1025402194630066177
1025409201185718272
1025420682702807044
1025422859949232128
1025432377252818944
1025438961454465025
1025446204187009024
1025446961669963781
1025450107825790976
1025459527829860352
1025460870002958337
1025461547374661632
1025462518641303552
1025465458722578432
1025465776508153856
1025468085451546624
1025478971331407875
1025491801308839936
1025492759266975749
1025506470039830530
1025507750149799937
1025508066832384001
1025510536195317760
1025510634979512327
1025512264898686976
1025518602479431680
1025527470500601857
1025533334452101121
1025572877213548544
1025574536471867392
1025583136476995584
1025583311366832129
1025590832999608320
1025620119765114880
1025626380984377344
1025629030110908416
1025660518458118145
1025664492984774656
1025671954446118918
1025685223734951936
1025696426758754305
1025699516450779136
1025709720546537472
1025711065462714368
1025711695237455872
1025713517238906880
1025719262202224640
1025720196672245760
1025728532419358720
1025736520072941568
1025737528815640576
1025741437059719168
1025744116389425152
1025748959527100416
1025757880404897793
1025764431899320320
1025787775709310976
1025788105394204672
1025790651340873728
1025806648835796992
1025818880768262144
1025819295077605377
1025826636778950656
1025832381738098694
1025832608205295616
1025834592543166465
1025835293826461696
1025837391402151936
1025842207717302273
1025846994663866368
1025857940996087808
1025882832068141057
1025891018107957248
1025898241953619968
1025903985616596992
1025923654826295297
1025943779918929920
1025954712397537280
1025958761997905921
1025961031229759488
1025980832392069120
1025986284144271361
1025989919766966272
1025991256072237056
1026015612005478400
1026027988985491457
1026029514835542016
1026055060684460032
1026056723302363136
1026057078559977472
1026059935422001152
1026069218985500672
1026069543179964416
1026076962488545281
1026082078713176065
1026085275183632384
1026085352799432704
1026085690424090624
1026086126564663296
1026096971046633472
1026100705180958720
1026114264531197953
1026120427654062081
1026126621814779905
1026140411830722562
1026144981323603969
1026145260039229440
1026157641196822528
1026162633265766401
1026165163676844032
1026165574987116544
1026166464351559681
1026171163041570817
1026173005779558400
1026173605560954880
1026178646271254529
1026179514504699905
1026181476688293895
1026182951455875075
1026184936037011456
1026187458940219392
1026201344602853376
1026202047564197888
1026205807745089541
1026210766242893827
1026211653766053888
1026243939840536576
1026250342030368768
1026253390450491393
1026269837998399488
1026276256248033280
1026294287854497792
1026301792273854464
1026320262327926784
1026333541897068544
1026335811044892672
1026338379611467778
1026338443809497088
1026343360351625218
1026346474223927298
1026366787657650176
1026373559331872770
1026375962253045760
1026379908673675264
1026379924612046848
1026380461088681984
1026381025218322432
1026410066591838208
1026420314094350336
1026420864814915586
1026427060665888768
1026427666155495425
1026428396509769730
1026428721580916736
1026429850272387074
1026443082865303552
1026451941260447745
1026453007842594816
1026458462551769088
1026459452424302593
1026471178020507648
1026503559691624448
1026504359994183680
1026520334416183297
1026528439900229632
1026543555769032704
1026544142946426883
1026544795605295104
1026545222166016000
1026549002907484161
1026551820221538306
1026559101113970688
1026560733516050433
1026563885124472837
1026573268214530048
1026574841909071872
1026579792425091077
1026587478495567873
1026608231500656641
1026610832376033281
1026619220568748032
1026623207275606016
1026650688766586880
1026661948790923264
1026664783280594944
1026692240066994176
1026705751589306369
1026715117893894144
1026717073693503488
1026725487056498688
1026734952279408640
1026736800755314689
1026739722075430912
1026740272225546241
1026755436039626752
1026755592931737601
1026758344789422080
1026767745902358531
1026779233052491776
1026784901440434176
1026789412846428161
1026795247848906752
1026797097234964481
1026812619234189312
1026812882481074176
1026820269434920960
1026830747733250048
1026845370335285248
1026845871537827840
1026862821550837760
1026866644520501249
1026872075028492289
1026881053783412738
1026888370759319553
1026888400924823552
1026890685163692032
1026890764863856641
1026892210183327745
1026894561522671618
1026898474183344128
1026905927876788226
1026920684923105285
1026921051488505862
1026922091675828224
1026925968475279360
1026939998845771778
1026940936683761665
1026951528580562945
1026961111705419776
1026972422065586177
1026979661857927168
1026986377773293570
1026988930443304960
1027017439521849344
1027026625907617793
1027034714840780800
1027041768167141376
1027061110195806208
1027064362496716800
1027065601053925376
1027076460954181632
1027093754904162305
1027095155399110656
1027096600731164672
1027110273738522624
1027120720927711232
1027128282397990912
1027139858685292546
1027144518947287040
1027146654728826886
1027147280493826049
1027159863296761856
1027161879192502272
1027162130863280129
1027165211571183617
1027167463916617729
1027184607706443778
1027186488436555777
1027195009995616257
1027195520614391809
1027195824902758402
1027196011628961792
1027207445297483777
1027208561384992768
1027229005265752064
1027240929206431744
1027242331530035201
1027243698734686208
1027244304828432384
1027245295514603521
1027245699015032832
1027246682982019072
1027253338117746690
1027265072811397120
1027267955850182656
1027277692343910400
1027285576796594178
1027286999919677441
1027287520411897856
1027287616901865473
1027295449756196866
1027295531536670720
1027300703528804358
1027304907072856073
1027310467889471489
1027318462203527169
1027320719162724353
1027322819347144704
1027340819521523712
1027345150157234179
1027356139640561665
1027378192485703681
1027448767933558784
1027454125326315525
1027460280043954177
1027461867990667264
1027462843959046144
1027465502355017728
1027475421447815168
1027487647881719808
1027496037747810305
1027500146031054850
1027506022687100929
1027512146370981888
1027524564681744384
1027525796745891842
1027528419435786240
1027528432450719745
1027536092910768128
1027540340897718272
1027547210769154048
1027548083993882624
1027561868007755776
1027562314025902080
1027565582235983872
1027569219955818497
1027570051665276935
1027579785801818112
1027597200291966977
1027603205977530369
1027607235000774656
1027612731250298880
1027615623227027456
1027615788889460737
1027627561566781446
1027627624363974661
1027631814473658370
1027651257593475072
1027653483523059712
1027668429921284096
1027674043976232965
1027674056575909888
1027683944240578560
1027688523548303360
1027689099006799872
1027705913585610752
1027711560343597056
1027718638265151490
1027720504721989633
1027725410358976512
1027732680719384577
1027751224655970304
1027767956128784384
1027798225993064449
1027818268910866432
1027837134877720576
1027857804852379654
1027858186508939264
1027874023793938432
1027874366045003778
1027874392884305920
1027879658841427973
1027888135127162881
1027890246099365888
1027902383722913793
1027914393735122944
1027917815670550529
1027921588883255296
1027921749940363265
1027924102542254080
1027930115886465026
1027930561732636672
1027945110967930880
1027949061570260992
1027957396054986752
1027968313744392194
1027977563124232192
1027984849737539584
1027985902218424321
1027993200638799877
1027996280629411846
1028009412575813633
1028014591689797632
1028022871669526528
1028025473744478213
1028030080843476993
1028036730061029381
1028048744770666501
1028054102469685248
1028055259673972736
1028058007769436161
1028067864824176640
1028069004810887170
1028073181096095744
1028105506597076992
1028113427129163776
1028186708322512896
1028237694806183937
1028245967445872640
1028250112361984000
1028253253534924800
1028255923138191362
1028259022527447040
1028261647541051392
1028284793375678464
1028288522120306688
1028289046815105024
1028289073671299072
1028289580338999297
1028290412920950784
1028290898185121792
1028298812002107393
1028300332424679425
1028301190168276993
1028302255529836545
1028303547262267397
1028304300664127488
1028311576959438850
1028314993639546880
1028316388161724416
1028318568021151744
1028321674796703744
1028322134823759872
1028322166125813760
1028325294850097153
1028325657221255168
1028325776331079680
1028330481497059328
1028332628997550082
1028342024221675521
1028345318419513345
1028349662472941568
1028350807937298432
1028352701682331649
1028354223317114881
1028358933587677189
1028364061371760640
1028371097043972096
1028372439225520133
1028373561185132545
1028384954198241286
1028394273497116674
1028411328803876864
1028416295090434048
1028417218776838144
1028418001496891392
1028418197396049922
1028422626996310018
1028433684444180480
1028461382382039040
1028476152640430080
1028505659984289792
1028525252400369664
1028538836899561472
1028544209815527424
1028545828833648640
1028545938716012544
1028553113894940674
1028553925098647552
1028556482353065989
1028560504673980416
1028566458069131264
1028574621451407360
1028577291545194496
1028582525323620352
1028585676181258241
1028586087827103744
1028591515701010438
1028592848650862593
1028596816873508864
1028598231176044547
1028601172461010944
1028601321132306432
1028603803329875968
1028605923546341378
1028606293915967488
1028607161306361862
1028608048787611649
1028611774176796674
1028613928526520320
1028615195898339333
1028615617023225856
1028617668436406272
1028622592951939073
1028634863400837120
1028635442235748353
1028635844456980481
1028636768059445248
1028638777533706241
1028645272677691392
1028656771915804677
1028678006854889472
1028690517620600832
1028747852930015232
1028750077572079623
1028760698405482496
1028762867695140864
1028763485516308481
1028767045654069248
1028773768250970113
1028776121918283777
1028778827454050306
1028787857698250752
1028787869538832384
1028789010800492548
1028801104425955328
1028805101811625985
1028870805176967168
1028872906951020544
1028876426777436160
1028883721930395648
1028893404074262528
1028905034707357696
1028906659660406784
1028912899622887424
1028914565596295170
1028916869527425025
1028928870693720064
1028937302666633217
1028937863705059330
1028942268995194882
1028945597984849920
1028951891122769920
1028960478972792833
1028968518593798145
1028970876635496449
1028974553811378176
1028983718751477760
1028993752386478080
1029007857423970305
1029010763221004289
1029010937288818688
1029015800164884482
1029015820716986368
1029020686956867585
1029025669299224577
1029028310079229952
1029044283251335168
1029056684147269632
1029063773334724609
1029070812232536064
1029078071939354624
1029078880798351361
1029083249782415360
1029092076921778176
1029098319379873792
1029099885042327553
1029101042271694849
1029103233346797568
1029103293757313029
1029103752618364929
1029104483266125827
1029110034016415745
1029122386501808128
1029122661807472645
1029124805075902465
1029127473911365632
1029134586197024771
1029157967755718657
1029180010937167872
1029185535263350784
1029196805765038080
1029198878178979840
1029237505210699777
1029253787918258177
1029257562766553088
1029283254204084224
1029291290863775744
1029310010885582848
1029311951153897472
1029321876160630784
1029329663271809027
1029336128820850690
1029341539464605697
1029343227659395073
1029343872734908416
1029347835966189568
1029373353675640832
1029382125634633728
1029404428590297088
1029405272639455233
1029416655250759680
1029422124203687936
1029425183524675584
1029428983983730690
1029440275452702722
1029442658240999425
1029447025065111552
1029447824361103362
1029449601525329920
1029456292690251777
1029458391188602882
1029461898356555778
1029466403903078401
1029473486803292161
1029481237033967616
1029482613625573377
1029496188486209536
1029497809228242945
1029505581198073857
1029520709633159168
1029526717981966336
1029532702221905920
1029536159779540992
1029565260276150272
1029582868866113536
1029582982468825088
1029608299300311041
1029608546290286592
1029608630222573573
1029612404693327872
1029620579392008192
1029643014711463936
1029669026518118400
1029680348605571072
1029680934696771584
1029682990610243584
1029696347803279360
1029700513988861953
1029701534047772672
1029701722371969025
1029706472001822720
1029713756622745601
1029714769597554688
1029716588679839745
1029716936781975552
1029718672053596162
1029719784831762432
1029722257000747008
1029734441307000832
1029739710199918593
1029745440877686784
1029749442671517701
1029764969972342785
1029779142085099522
1029804977185849346
1029808325645529090
1029814250129293312
1029814612919767041
1029815792341340160
1029821769631387648
1029826429519839234
1029837807165087744
1029843571208146944
1029851037803446280
1029867487544791040
1029870104836759552
1029870598481227776
1029879773948993536
1029880189608755201
1029880341845168128
1029885286921265156
1029910815577497600
1029934765443563520
1029940979334348801
1029942698566926336
1029959689675653120
1029966812451102720
1029971377128984577
1029993663978303489
1029993896749813760
1030002112967651328
1030002527423655937
1030003295790788608
1030008706430369792
1030016017517490176
1030021345646501888
1030024505094221824
1030030681634754560
1030031517576257536
1030038500236701696
1030040952646393856
1030046656065089536
1030049098521608192
1030050898200993792
1030057224893345792
1030063450398093312
1030063886249218050
1030073367901229057
1030077925876486145
1030083096580775937
1030093586065502208
1030093716177018880
1030096372605902848
1030096944931250176
1030102246128840704
1030112887069724674
1030117684107718657
1030117813283897344
1030146800517369856
1030146849171156993
1030161393755070464
1030166647804514304
1030170359935496192
1030180229564833793
1030180951404568576
1030181356125474816
1030186700520095744
1030193075874873344
1030209726422888448
1030220523798757377
1030224863481475072
1030225284757381122
1030267146444500994
1030269486425886720
1030287805078007808
1030293198093123584
1030294052057505792
1030300907660095494
1030334559399956481
1030348508375576576
1030375476773175297
1030383204484739072
1030392275526983680
1030395640193458176
1030396044951994369
1030398039763165184
1030413844315889664
1030421833206693894
1030429072172699648
1030443855412441088
1030446529272791040
1030450034020634624
1030452013723787264
1030453345843064832
1030453955283898369
1030456100116750336
1030465912837627905
1030466700091613185
1030470256437936130
1030474154221477893
1030474174345748486
1030488613656645632
1030488664000868353
1030493282768498688
1030498466064162822
1030500225574682625
1030501661700182016
1030507314778988546
1030515967233851395
1030516328610910208
1030517655848009733
1030524353077760000
1030525024640413696
1030526398874742784
1030527246149271552
1030527412222734338
1030535109601058816
1030536277706399744
1030537100234555393
1030547022254944256
1030555935188680705
1030572607941345281
1030576607696568320
1030578761417285632
1030584622533337088
1030593261948334080
1030614234328129536
1030645491535695872
1030647596212215808
1030647672162508800
1030755548386480129
1030760186884104193
1030763871584350208
1030779403066925056
1030779435782471680
1030780093893935106
1030789759654866944
1030792530839789568
1030808383786561536
1030820486287175681
1030823455904522241
1030823962505297921
1030827073030565888
1030828603498479616
1030828603951534080
1030839710489489408
1030840460833636352
1030841818135621633
1030842659458433025
1030843054167601152
1030848279431589888
1030850749432033280
1030851749391867904
1030852033102929920
1030853157407154177
1030855539704705024
1030855917934452736
1030855925723226112
1030856113170862080
1030856141771812864
1030856222122172416
1030857509807026176
1030858287934267398
1030858525248040960
1030859063855337473
1030859889680310273
1030860439121526784
1030861178044669953
1030861191118299136
1030861514968911875
1030862118646677504
1030862587146240000
1030863510211907586
1030864243363602435
1030864358576988161
1030864662378819584
1030864834332700675
1030865020547211264
1030866489409249280
1030866651300933632
1030866899175989250
1030868718769922049
1030871275516952578
1030871532225093632
1030871938665795584
1030875216371752960
1030876770923409409
1030877059461963776
1030877555669327872
1030880927415717888
1030880998337204224
1030881224569643008
1030881257956229121
1030882302367293440
1030882532181590016
1030882878668857345
1030884988802265088
1030893391658319872
1030895029622063104
1030898972595036161
1030899030921043973
1030899431875530752
1030900640271282176
1030901655292850176
1030902321763495936
1030902952163201024
1030905852931330049
1030908473532399618
1030908869772500997
1030909127864852480
1030913441295417344
1030914057027706880
1030915673508204544
1030918060276953094
1030918720644886530
1030921598776369154
1030922078596358144
1030924314609115137
1030930975612694530
1030932786193084416
1030937032984600577
1030938338272927745
1030940399773409282
1030940703646515200
1030950256383586304
1030974279645638657
1030974601373917186
1030983520955641856
1030994648888688640
1030994843911237633
1030995031388315649
1031012743120388097
1031072754798346240
1031073913692975105
1031076766293606400
1031090748375093248
1031092333792686080
1031104272061083649
1031125693193703425
1031131314412560384
1031145443747610624
1031147812296253440
1031161312070524929
1031163298488770560
1031164180513083394
1031169380225376257
1031172882901151745
1031173003818627076
1031174241004265472
1031180755605565440
1031182956767993857
1031184220956372993
1031198619163156480
1031215255022653443
1031215501207367680
1031215781416263680
1031215992364515328
1031218988792127493
1031222696972087299
1031222887825506304
1031223514911723521
1031224844027916288
1031238098871562240
1031249783871164416
1031249940650057728
1031256312636694528
1031256581072150528
1031257872087302145
1031267786146934784
1031281699924193281
1031287111809466369
1031297956601884672
1031298027087114240
1031298308210339840
1031305182569738241
1031314790449405953
1031320437236613121
1031329863549046784
1031337926259625984
1031357420944220160
1031422272005988352
1031439285784784896
1031441853537832960
1031445776914952193
1031477916171988994
1031478630461915136
1031479387936489472
1031484503313838080
1031486293434413056
1031486337508159488
1031490275754078208
1031490885366804480
1031491480987287553
1031492717753315333
1031494255485702145
1031495955713949696
1031496497341317120
1031497248117612544
1031500494534000640
1031506723503263744
1031512307375820800
1031523777946038272
1031526627551969281
1031541450109054977
1031562590344937478
1031571952459231236
1031598002882981895
1031601012728098816
1031611089077850112
1031614619859578886
1031627530338480128
1031629311680360450
1031630797709684736
1031631417216823302
1031639430849875969
1031641613993435136
1031644827643985920
1031647887116173312
1031650812492230656
1031672441699876864
1031680701115056128
1031680758992302080
1031680817888722945
1031686076547706880
1031700954159173643
1031713567932862465
1031718065665466368
1031725681917534208
1031727334234177536
1031728867688546305
1031730326048002048
1031768573046390784
1031802134814175232
1031804929290240000
1031810472692133888
1031813770882899968
1031820181012541440
1031827895621218305
1031828889650249728
1031829985730985984
1031830003246407685
1031832732467449856
1031833997071056896
1031838109586124805
1031851177770659842
1031868507812716544
1031907326482173952
1031926699582218240
1031951578926858243
1031963798620516352
1031972301712117760
1031977307882315778
1032001077997199360
1032009840330199045
1032023445389942785
1032032218166771714
1032043948808785920
1032068252715896838
1032114242437038081
1032134395220697088
1032157774262808576
1032192623069548545
1032206152002691072
1032206212186734592
1032206346802921472
1032217124918439936
1032222676914458624
1032226272691277827
1032234405446799365
1032234430633529344
1032234586212900864
1032236672879091714
1032248031482134528
1032257317264416770
1032258851112935425
1032287491481645057
1032296518055849984
1032296578042748929
1032307132270628864
1032311162061373441
1032323115827822593
1032329805964947456
1032342708059291649
1032343144451514368
1032351625783009280
1032352450362179587
1032356828817108993
1032359169217777665
1032361423240933381
1032362947887153152
1032371590225219584
1032374675542700032
1032377007928225800
1032377313776652288
1032383857301934081
1032395415570866177
1032428472973570048
1032430575548809216
1032462211506159616
1032484651489742849
1032492637012598785
1032510547084931075
1032515279119626240
1032530379045883906
1032562254045212672
1032575074359042048
1032575553017131009
1032575627113779200
1032583228920610817
1032587494548746240
1032588059949326343
1032588296914915328
1032588297766354944
1032588769600462848
1032595750113435649
1032596852871495680
1032598908512464897
1032600545557721090
1032601952717352961
1032604897542381569
1032610460049256448
1032610853458272256
1032620428634804225
1032621123232399362
1032629789486669830
1032630068810534913
1032635178311725057
1032645178371317760
1032647018429202432
1032647445841371136
1032647575017607168
1032649449858838528
1032665052279713792
1032678367508811777
1032678478343294976
1032679132969222147
1032680634228109314
1032704116974346243
1032711185429393408
1032714185975705600
1032717361508495360
1032723572861620230
1032723593820553217
1032732111206268928
1032753314679672832
1032769479078555648
1032769736201961477
1032771168984616961
1032809098675478528
1032852909283786754
1032873895865405440
1032885863900954624
1032886092075294720
1032909535726510081
1032910171566223362
1032913007758729216
1032922965090787328
1032925703929569281
1032926909783592961
1032928914669068288
1032932211396362240
1032952684217872384
1032956495510626306
1032956796598738944
1032962420233396224
1032966526234779648
1032966709957877760
1032967679257260032
1032977136062291968
1032978318109409280
1032989134804140032
1032995281548136449
1033000346589773824
1033001987372199938
1033004321414291456
1033007600282083335
1033007706360168448
1033007793928855554
1033007830683537413
1033010354224357377
1033016456068378626
1033023685957955584
1033024176125370371
1033027572244901890
1033031493927555073
1033038771023953925
1033051118220259329
1033051876152025088
1033058826109562881
1033059106272288770
1033059310534844416
1033059456081379329
1033059481666707456
1033060222384918528
1033062975521714176
1033066307070160896
1033066454688690176
1033067413875699713
1033068336702218240
1033069474591789056
1033075745499820032
1033079788397842432
1033083876602785795
1033085270869114882
1033085482182291457
1033086250989834241
1033088036513476608
1033096069754830848
1033096341638053888
1033107046667878410
1033112444837814272
1033113950983016448
1033117774716002305
1033121218067656705
1033121656770899968
1033125023555493888
1033126294417010689
1033127280078401537
1033129313065951232
1033129789111066624
1033133862640132096
1033158880388423681
1033173417829257218
1033186874913959937
1033186954114936832
1033190135511371777
1033208614331109381
1033253462866309121
1033254269745614848
1033264627377950721
1033265683323346949
1033266941593636864
1033267665115275264
1033278147112759297
1033279302618554368
1033283834593374208
1033290217480957955
1033295618041630720
1033300726800367619
1033301058049765377
1033304309482569728
1033304429515206656
1033304642921357317
1033311436016152576
1033313472770187270
1033316257620271105
1033316384472788993
1033316430912081921
1033322486748925953
1033324416124575744
1033325673576886272
1033332123611082753
1033332279899238400
1033332312518414336
1033332438204919808
1033332561890750471
1033335709313257472
1033336021771931649
1033337138140602370
1033337180914106368
1033337358488354821
1033338503957041152
1033339156188094464
1033339169194602496
1033339218276352000
1033339241324011520
1033339373868199938
1033339404083978240
1033339507683352576
1033339607910416385
1033339688856285185
1033344216209022976
1033354530816225281
1033360354628304896
1033364197504151552
1033365135304192003
1033369985597497346
1033371176456867840
1033377831030542336
1033379606051672075
1033384643834327040
1033388137962254337
1033389119559360512
1033389123359399936
1033389197175017477
1033389341719056384
1033389584095293440
1033391333740892160
1033392607991418881
1033397668389761024
1033399269804441600
1033401876115537920
1033404655181520896
1033404684210503681
1033410460194885632
1033412665551593472
1033420191407984641
1033424450090422272
1033425266931113984
1033425280365420549
1033428234833158144
1033429951524024320
1033433713839886337
1033437671140614144
1033438057855217664
1033442004309565445
1033449209289170944
1033450626150223873
1033451335776186368
1033454724362772480
1033468365933867009
1033468640656588800
1033469669066383360
1033471557782446080
1033481524702789632
1033482429435191298
1033503497000570880
1033506001390055425
1033511581072715776
1033524165586956288
1033536223455920129
1033537833674436608
1033578547749769217
1033606217149685760
1033609992883130368
1033641030720122882
1033649741878489088
1033669400023519232
1033669435763163136
1033673167498305536
1033674260949200896
1033674460572860416
1033683071072169984
1033683291260551169
1033683443551535106
1033683486446641152
1033685066306805760
1033686517938409472
1033692054960984064
1033692151341899777
1033692558973657088
1033700786985828352
1033709473104388098
1033710564336455680
1033712698050207744
1033713215123980290
1033714002403229696
1033714253629452288
1033715047200116736
1033715859875946496
1033716615404290048
1033716644135280640
1033716689131790336
1033716948759179265
1033717781873807360
1033718396356096000
1033732035813285893
1033737407236112384
1033744830957056000
1033744882525982723
1033751359366029312
1033752042232274954
1033754757289132032
1033754945110065153
1033755000017694720
1033755120398413824
1033760878783606787
1033774274132291584
1033778914282430464
1033778914299203584
1033778946146545666
1033778977201184768
1033779115193712640
1033779115604803584
1033779130708439040
1033779269099577344
1033779315245305858
1033779315266269185
1033779407956135936
1033779407964577792
1033781461479030784
1033782518854701061
1033792079519014912
1033794875500781569
1033795267437490176
1033800166384513025
1033800743541792769
1033802493837357061
1033807480424484866
1033810070834954240
1033815239891070976
1033819601119916033
1033822071560855554
1033846950943236096
1033850024499793921
1033853502022402049
1033861521934360576
1033889470700023810
1033915264826523649
1033953505533284352
1033956152965562368
1033956882791243776
1033960066691592193
1033965054960459776
1033966394268901376
1033967158429147136
1033968831541256192
1033984719988383745
1033986033610895362
1033994255705026565
1033997365387165696
1033997914782294016
1034000163407388672
1034000831765536768
1034001945550368768
1034006794169982976
1034007015201288192
1034009489257713665
1034017679244505089
1034025616948056064
1034025684916727810
1034025746568814592
1034025782300037120
1034040857417183233
1034041588442382337
1034053941498064897
1034055430920708096
1034061651455160320
1034061718832459776
1034062020994363393
1034063551906963456
1034064794679222272
1034066179734814727
1034071580811440129
1034071802094538752
1034073696695209989
1034078083223941121
1034078707621789698
1034087400736210949
1034091529168670720
1034094329302863873
1034097328242806787
1034099001312858112
1034127121210376192
1034127558261006336
1034134519530618886
1034135454852018176
1034142885912948739
1034146485783482368
1034149487768494080
1034152249709211649
1034153352509239297
1034155574093524992
1034158055867473920
1034159430756003840
1034161375881379841
1034161516243820544
1034163442637332481
1034165134590128128
1034166881064771585
1034168674188374016
1034172704491032577
1034172942291292160
1034177670521675777
1034178594120065024
1034184431341330432
1034186182022914048
1034186355247603717
1034191698816065536
1034193398750699520
1034204915894108160
1034209062378921984
1034220191113076736
1034220785479507969
1034224290235736064
1034236183604330498
1034250702997123074
1034281605815316481
1034308881793671168
1034312407106052096
1034327218456023040
1034345935126634496
1034346092408651777
1034348238202171392
1034348867356114944
1034351760595398656
1034356214937870336
1034356848676229120
1034359470527311872
1034359488176971776
1034373258370527232
1034399508946448384
1034404866322563072
1034416322254393344
1034424735608791042
1034444882532814854
1034445015479668738
1034448002226827264
1034448116731269120
1034448883039064064
1034467902957805569
1034475210274091008
1034478587460681729
1034490027051560960
1034493018018144256
1034499024127188994
1034501991299309568
1034508179584036865
1034516195142189056
1034518062446399488
1034522210814361601
1034532707869646848
1034536089535565825
1034542529612460033
1034573957612138498
1034586235594006528
1034587824807391232
1034591053603631105
1034611179149254661
1034615325961150464
1034615784897691648
1034620339475628032
1034625484091523074
1034663708994166784
1034670738639212544
1034671267981537280
1034715567792566272
1034718333088792576
1034748147065663488
1034750982834593793
1034751370358910976
1034756317573988352
1034763734353358848
1034764613047525377
1034764875619344384
1034769954065862656
1034774726361669632
1034784503833800705
1034805572523225088
1034809356192239616
1034812326178955264
1034844457223548932
1034844548919250944
1034850740584370177
1034854428598259712
1034854938223038464
1034855038068383744
1034855068560969730
1034855162593071106
1034855180670513158
1034855232327573510
1034855424342876162
1034857279919718401
1034877084974309377
1034878433573199872
1034887353083543552
1034887487607459842
1034891227332837376
1034893622699876352
1034893943153090565
1034896227035475970
1034902280179515392
1034904140214947846
1034905097468305408
1034908028477362177
1034908673984946176
1034919033919823872
1034923662749691905
1034951931083612160
1034952386173911051
1034952632778063872
1034981792498020352
1034982560407990272
1035032150515638272
1035045802534731777
1035045832339406850
1035051995009245184
1035054553111179265
1035054637005656064
1035067094507941888
1035076809358893056
1035082991750537216
1035105580439019520
1035105654678188032
1035110533442297856
1035111161954557952
1035124592074006528
1035130344205418497
1035131159162880000
1035134026678513664
1035134629089619969
1035135049367076866
1035135622305001472
1035137262756028416
1035140838769217539
1035151403809992705
1035157384858148864
1035164498825498624
1035170135143862272
1035172134572777472
1035175762645659649
1035177666851291137
1035183317006671873
1035183615620145153
1035187940790546432
1035194066575740929
1035197760612515841
1035204918083235840
1035205665076248576
1035226815693025280
1035228843630649348
1035229138930622466
1035236041916067840
1035236842440941569
1035237499440910341
1035241939451486208
1035242661375078400
1035248005308469249
1035250065571540992
1035251036561317889
1035253211299557376
1035256399796809729
1035261705167757312
1035262872195096576
1035263179918520321
1035265183105601538
1035268039426621441
1035270172670676992
1035272715492573184
1035272884246200324
1035275085844815872
1035277546663768064
1035285691138224128
1035301118648168449
1035305192978374656
1035318476745961472
1035338482338725889
1035372287183212544
1035376699893075969
1035380792799707136
1035423326414532610
1035438683002994690
1035470082409938950
1035471185084071937
1035482200576323585
1035482806611320832
1035482965193547776
1035483013008814080
1035486442712190976
1035486555106881537
1035486815984205829
1035488766335574016
1035503915347918849
1035505432842919936
1035534652046491649
1035538928957366272
1035538938105085953
1035539496442314752
1035539993496875008
1035544291786010625
1035571045166710787
1035584746640814080
1035585739914977281
1035589600780201986
1035603671420215296
1035604121771016192
1035605689681567748
1035606450133983233
1035607157247537152
1035607186217549824
1035608179428741122
1035608731827032064
1035610758086832130
1035612593103298562
1035624729321697280
1035625155039559680
1035632354981801984
1035636540922359808
1035639028530524160
1035641501504733184
1035643279050715136
1035650912679686144
1035664438911807488
