914319477424185344
914911528578666498
914932020693946370
914938215689207808
915223126446919681
915223206042140673
915893957044916224
916045646557216774
916053555722596352
916068614989631489
916074876267630593
916123914807533568
916832427112325120
918296317213986816
918296356653027329
919467555663659009
919561131781275648
919565148699770885
919582529916751873
919639512870920192
919701396919762945
919994218474377219
920680483368861696
920995146329571328
921137473337679872
921271814780850177
921901277486964737
923867011867746304
924076436654379008
924167618465906689
924184967365709824
924496373034225664
924642144840712192
924686068426989570
925374920057487360
925375819622551552
925379723269689346
925381924008415232
925382093466689537
925445919872602113
925466110815809536
