992389909683101696
992421447355248640
992423489972985856
992443473314897920
992503292918943744
992918376308707328
993003222888427520
993862854741651456
994079029161594886
994453850173124610
994454249072406528
994465049405247489
994529360680976384
994575852863012865
994784580724051970
995240178607448065
995895958872449024
996337931555147776
996385276460261376
996462639126491136
997006611012030465
997139525557202944
998046200283643904
998206686102999040
999247638506672128
999309234390134784
999615815774334976
1001053478935060480
