1112553162051735552
1112553755466039296
1112563112417189888
1112563898534649856
1112564593509822464
1112579895194984448
1112595491546517504
1112615508203855873
1112632283712778240
1112642535854211072
1112651931510464512
1112677452181094401
1112699063319715842
1112743444944846848
1112920057867321344
1112968476665163777
1112973219818946560
1112997011182182402
1113058983701430273
1113068463398871040
1113092306184237057
1113199139699875840
1113261645755813888
1113262902360903681
1113283011922026497
1113283146991190016
1113369445672476672
1113418335612362752
1113426904281964544
1113428432686182400
1113449188191232001
1113509324851171328
1113578916323545088
1113796128917442562
1113799413808410624
1113809835844198400
1113933450367635458
1114004148830261248
1114005804636622848
1114103662777905153
1114158713860907008
1114174717622022144
1114212541037666304
1114288843790798850
1114292982323339265
1114347789998100480
1114354477107171328
1114355649423396865
1114414748018380800
1114429924616458240
1114430481250914305
1114430793290407937
1114432304925958144
1114451951062642688
1114473409126133760
1114477996444803072
1114490941300072448
1114498514539565056
1114500720542146560
1114503965029191681
1114505081968152576
1114515119805882369
1114545853992034304
1114671024165900290
1114681060304928768
1114744633769115649
1114873787701272582
1114880741450469376
1114897807654002689
1114920847645528064
1115023765564301312
1115031650834964481
1115038817226973184
1115046497710555136
1115083458068357120
1115143400120913920
1115163736606527488
1115168061366198272
1115200131828154368
1115266019994431488
1115366725820846081
1115397570732466177
1115442541204135937
1115520540012240896
1115556624205144065
1115602873499312128
1115639428599312384
1115655759071784960
1115740571262377985
1115740653466439680
1115742552668246016
1115833655048511488
1115833772472262656
1115840873839964160
1115842903346229254
1115855108485656576
1115944961361375232
1115963714094620672
1115996689314107392
1116069328347123712
1116102723848429568
1116208422758694912
1116288409121718273
1116289155821002752
1116326421582868481
1116334786719571968
1116459444781617152
1116475216631230464
1116541111231815680
1116642123078672384
1116669876347604992
1116688053123215360
1116688801496068097
1116691291213942784
1116711385696653312
1116716419704471552
1116748565701808128
1116777303386787840
1116981684660871168
1117000632051949568
1117006522536595456
1117069080169566208
1117176604478910464
1117261334108729345
1117262888505184256
1117264543938256896
1117293853747187712
1117321811279138816
1117396512269422592
1117417743819493379
1117453064401633280
1117454886478630912
1117474671870578690
1117541240776663040
1117552406168870913
1117562812241342464
1117572451590787072
1117584449510592514
1117612056293851136
1117675465446240256
1117675523675549697
1117675765288460288
1117676435068444672
1117678061204361217
1117680591632097282
1117681530724392960
1117688554933690368
1117688775964971008
1117692433414930433
1117715900566687744
1117736463964069889
1117739591136452610
1117743430690467840
1117763653522972672
1117767576044523520
1117791300714020864
1117819124451815426
1117823072566800384
1117906021991636993
1117952158979117056
1117992584142475264
1117993541240680449
1117993610861957120
1117997079026995200
1118004116343549952
1118004481654870016
1118004852238376961
1118005428321783813
1118064309853024256
1118107802055204867
1118134487047639040
1118134531096219648
1118163751117578241
1118170145283825666
1118171848246743043
1118175140775432192
1118201496083009541
1118289457797406720
1118361113274589186
1118408208597626881
1118437279079354368
1118437957117984768
1118438975478194177
1118440394847469568
1118452398924582913
1118454283458846721
1118467666191081474
1118474167781875713
1118520381076201477
1118523644639158273
1118620689940922368
1118636624886108166
1118767717475950593
1118768426342731776
1118783195325976576
1118877828441726982
1118935422548099072
1118981614837673984
1119013590931894272
1119349657891524608
1119493082523680768
1119513381910777856
1119534713733967872
1119535202571890693
1119543116808110080
1119565440991129600
1119577335194218496
1119750975579811840
1119899096972550145
1119911203894177792
1119930638201696256
1119974137739522049
1119985052580888576
1120014749490712577
1120021346707230720
1120075335364747264
1120287487635574786
1120299047846170624
1120301484711628805
1120308100383301632
1120308101624688642
1120319996251394048
1120334288791035905
1120339149133762560
1120375065797726209
1120376345484087296
1120409954429669376
1120413793882972161
1120414761093607424
1120427539065970690
1120438492499185669
1120524717725814784
1120536318763778050
1120536788500721665
1120555113859440640
1120592396788453376
1120595607322804224
1120595680743936000
1120597410453921793
1120602134074933248
1120604395257733121
1120607136210460674
1120665283121668096
1120705509848420352
1120790223468802048
1121040083191095296
1121060052687736839
1121169292051898368
1121234305454264320
1121300283630293002
1121300803224887297
1121346994021081088
1121553858172297217
1121741360770347008
1121741921934725120
1121743297678954498
1121756992500953089
1121837632605106176
1121903051986485248
1121954685567373312
1122095497139777536
1122100757212188672
1122161437915267072
1122187811694759936
1122237420370575361
1122409009208684544
1122421954529464320
1122451362032357376
1122472972780855296
1122512245311725574
1122550136628969472
1122644873428066304
1122644885356646401
1122645495824961537
1122647695724883974
1122652529672822785
1122657237791662081
1122703530291159040
1122763257608065025
1122765928972812289
1122783931747586049
1122811587335610368
1122825192328159234
1122835465919320067
1122841360577384451
1122916363134275586
1122935122527801344
1122984988666777600
1123012834210615297
1123107406148300801
1123126951571525632
1123223056095125504
1123236392740409344
1123242031130656771
1123250735578271744
1123305530800390150
1123341807335628801
1123348494721273856
