969013662093488128
969049234405289984
969049827492347904
969061316542439424
969078506897391616
969087105266667521
969093107663872005
969111028574253056
969140724779266049
969142009045725184
969144096165019649
969150138877820929
969171508563030016
969178918501560320
969187329767165952
969201585782972416
969223789195288577
969242845121994753
969250100903141377
969331828891922433
969392119159795712
969397792664891392
969398095011135488
969398323391037440
969398929488924673
969407075645145090
969409583834787840
969414417367449601
969416722129158144
969421682917097472
969452492814655488
969453459626840064
969461512678006785
969475267897868288
969477225413300224
969494903771115522
969495704015024128
969496065379524609
969505321772183552
969506331756384256
969510931637006337
969511162747355137
969516461013291009
969519739264417792
969526516836192257
969528699572776966
969529028834082816
969534908795252736
969538486142345216
969549471871741953
969549736943411202
969551555174084608
969561483313999873
969568602918563840
969570168652234752
969574582721155075
969585024461713409
969626035921747968
969653290106531840
969655231314317312
969656185027776514
969656320482721792
969689588020080640
969693844705914880
969701426887671809
969718757772767233
969722541018202112
969733064510251008
969746287905001472
969758034049167363
969759848958066688
969765650905423873
969770820380672001
969776307360772096
969780831773327365
969789950999764992
969795040791838720
969800073956618240
969839137191636993
969862199983263744
969863457464971264
969864388197994496
969864446460928000
969899102761660416
969913459444891653
969925507566387205
969980897121488897
969988051765211143
970094470359216128
970097263480422401
970101123926274049
970102471207960577
970111889853181952
970119424874225665
970119577592938496
970120281812492289
970122516113969153
970136468051058688
970176971001905152
970211971407667201
970252739623100416
970282798497050624
970284521894510592
970303442878017537
970317829328142337
970340889615728640
970350849426731008
970418423002931200
970468149828071424
970497041024532480
970544229679120384
970577739458605056
970634030214299648
970638548490530816
970655467016830982
970669419595640832
970680055318769665
970681159226089472
970824867430846470
970897326544887808
970947203933003777
970948169436557312
970948395266318336
970948840156160001
970949293963014144
970955460873306112
970967869289672704
970986312063860736
970994172193730561
971147680452784128
971182974954717184
971247863807258624
971291743785246720
971291755952918528
971322557235425280
971326798507122688
971347150561923074
971360349675900929
971364808825040897
971370407956594689
971370669681324033
971370713901920256
971371646471651330
971371735034425345
971372789083996161
971373526023225344
971373675319644160
971374267978866688
971378488077766656
971380798376042497
971390351444463617
971429723824730112
971431085690142721
971434926833786881
971440370226577408
971505486360203264
971508000845254656
971508164024680448
971581669202280448
971605081769484288
971666493946478593
971701120916705280
971701499708526592
971701548903489537
971702189998661633
971702338028232704
971703144613863425
971709360987455488
971713456087838720
971799444583866368
971800727629672448
971802396119654400
971939892132532229
971940280990547969
971940675594870784
971941669653237762
971943888029081600
971997930793025536
972001794573217792
972023167492415489
972049239596396544
972068456945238016
972068875750735872
972070774730379265
972092986728185856
972099655663144960
972119305977438208
972127191675760641
972128866897506305
972136855763271681
972182624427900929
972226601277562880
972227958231334912
972231949463859201
972234915260506112
972236343836270592
972246790975062017
972247184836984832
972268863965478912
972269913376153601
972273134165401601
972276674573185024
972276839434534912
972277475265855489
972305248701136898
972306974804140038
972328312767836161
972329192724426752
972330216960872448
972340787642998784
972342252944080896
972342548243992576
972348506248699906
972351490475016192
972354028259586049
972357491278282752
972359896287989760
972361916675891200
972362585273069568
972362898151424000
972363451375878145
972366212012404736
972366285488062470
972366394091233280
972366467499896832
972366554116403200
972366569014673409
972366836166610945
972367256867909632
972372251038240768
972373136443240448
972374441303752704
972379698213789696
972382709925294081
972388608798728192
972391044909228033
972391049065738241
972393075313074181
972394211512209408
972394649850544129
972394797095829504
972394801302679553
972394972820381696
972396543188717568
972413703751548929
972444986112278529
972447018109976577
972447671859359744
972448607499558912
972449390152437761
972449959717949440
972450422806888448
972451310296473601
972451727784919040
972453152829014016
972454231234850817
972454349346553856
972454835176927232
972455332671729664
972455937876176897
972456682340081664
972457652268642304
972457865964224521
972458196496392192
972458699838009344
972459180765278210
972459761135362049
972461188792504320
972461436206133248
972461717190885376
972464531522732035
972464692634427392
972465002190749701
972466116185407488
972466317960925185
972466824586526720
972467568282820610
972468266206511104
972471320490385409
972472724168691712
972472908453789698
972473234787454976
972476415311400961
972477674030432256
972478386621726720
972484198664519681
972484601351307264
972485545031970816
972486669961056256
972489949508349953
972491450616369152
972497334838878208
972500142497529856
972500164282740736
972503015146991618
972512433901207552
972515044448550912
972525010920329217
972594460625440772
972598363454545921
972606522210402304
972616637185605632
972629758910410752
972631736696815617
972643647291244545
972647991298240512
972654764671434752
972665064606978048
972668207390629888
972669216963813377
972670385488457728
972672305250803713
972681791243935745
972686362464763904
972689306677526528
972689614925262849
972689619765440512
972691172907872257
972691199344586752
972692412748345344
972693523823656960
972693749451993088
972696454782267392
972704159311970304
972706566834069504
972707389324517376
972708256727445505
972711874314821632
972713876256014336
972716568562909184
972717382287241216
972718315930976256
972724910635196416
972727160879202304
972728704378880001
972770250641981441
972771486279786496
972781407914270720
972795802316816384
972804893504430080
972805881372053505
972805988775546880
972806041296670720
972806392678633472
972814152006737920
972814776513343488
972817310980468736
972823414665723905
972883985075286016
972937951507296257
972940434531110913
972945725637013504
972946020484071424
972963714583314432
972971056691429376
972978388779515904
973012818143232001
973021937373937664
973022019179679744
973023752278724608
973023783736004609
973051626301747200
973051698900905984
973053560567996416
973053791472779265
973062689269407744
973071448653799424
973077368121077760
973078371755114496
973080855638765568
973098382016184320
973111257199882240
973113452079210498
973119514517716993
973156627804184576
973159979073945600
973161142162939905
973180120952332289
973247454203097088
973258674826248192
973259363778523141
973340461208256514
973345379885268992
973352690968182785
973355279273246720
973373717030977537
973384541371973632
973401103088762880
973401376469299200
973407160326438912
973410618920202240
973422968633098240
973447786321526784
973472924052086784
973532573757509633
973537023108657152
973553743676485632
973558938309406720
973565443267969025
973666693334487040
973717470421790721
973737798523027456
973743132855562240
973743405514686464
973748598465687552
973755478797795328
973761206560350209
973767922865885188
973770741454983168
973821205630406657
973837000980779008
973874467431690240
973883906175901697
973895728790564865
973903819993071616
974060306128228354
974061150663921664
974091153581670401
974128822651006976
974145670293721088
974219776103993344
974237419863232512
974244659646967808
974259583794397185
974283743409180672
974283810547236864
974284160566140928
974284271891329025
974286319579938818
974286874893152256
974288924238430208
974289712314703873
974291517153075200
974300512265814016
974329125354655744
974352093367685121
974440082223513600
974457971420880897
974458251734433792
974460211611058177
974481037186056192
974513926833504256
974627252708114432
974638818904104961
974651773884424192
974838849372348416
974840807382372353
974877610302849024
974880064813740032
974880759793164288
974927444992913408
974928740982521859
974932989397233664
974936203051978752
974940174625816576
974963461301051392
974964139239137283
974971252325535744
974972625574182913
975006531455410176
975156750482460672
975167559321268224
975211088944902144
975215627194568705
975215988739162112
975227153959841792
975241020311941120
975267899932778497
975297341866430464
975298037256826880
975316468148531200
975362349082161152
975362847248023554
975364269511446528
975368534711660544
975368668103131138
975377922394640384
975380929312055296
975382193458487297
975399930385895426
975422482680287232
975445767367331841
975483354630930432
975522320126181376
975572939927007233
975606998497710080
975622305194770432
975700203075338240
975890218485075968
975890680269582336
975891183812493312
975940344188583937
975972778728919040
975979862904201216
975998767001493504
976009311972306944
976065431743049728
976076956859957249
976107556388122625
976166778278760448
976255942026321920
976256102714216449
976268820389101568
976340399722655745
976341077199237120
976376128607784960
976434954526601221
976451964132184064
976461957493547008
976470647252467712
976502074719514626
976714782890868737
976737916679417856
976759337191378945
976759602740998146
976759684265725952
976761091454746625
976761122928803840
976761897591566336
976799556598874112
976885800716656640
976953908412248065
976972721375490048
976980800439713792
976988577073647616
976989317393453056
976993525094146048
976993703385583617
976995537521004544
977027116431798273
977076086453493760
977076208247619584
977083926630969344
977114812197908480
977121310043238401
977158924485894144
977167814535479296
977239427075391488
977309364175409152
977335863788036096
977381470728867840
977393246455316480
977488619484078081
977501074075594753
977575233543487489
977578642673827840
977652389858676737
977702294522273793
977770730812092416
977790172338229248
977795220610859008
977831314870030336
977832048667672576
977877117319835650
977878929028493317
977898613119467520
977898998592753664
977899005295276032
977899008633929728
977899153756794880
977899800124211203
977900307207282692
977901447206486016
977902736569020417
977902885877956608
977908754531233793
977913879970787328
977919274709757952
977929227780612096
977929242456412160
977932201521176578
977935468049264644
977940158535294976
977941569494859778
977962703351246848
978002859630432257
978028007813083136
978051495076683778
978077353384460288
978091984807133184
978094412713603073
978094721670107136
978114035085336576
978114389101264896
978124678580420608
978124814031441921
978124814039900160
978199828193783808
978200239403278336
978203046613102592
978211973358743552
978225187970678784
978226060331397120
978235287833739264
978238629423169536
978241799067025409
978241882529525762
978245110042214400
978248600961605632
978251996246392834
978252510057017344
978252753318289408
978255305116024832
978255348770390016
978312116137426946
978358517705797632
978424785632923648
978442522447015936
978452073346883584
978455935881502722
978458120266563584
978496753602215937
978496796379856896
978496840835383301
978536716905586688
978640715956731905
978649176698339329
978688313749098496
978776576148979712
978939097895989248
978977333808787456
978985829799313408
979023517487308800
979112332289699840
979151718905626624
979264209719611392
979330674359349248
979352956582727681
979399098561261568
979475963376381952
979491910107697154
979565822124244993
979600127340851200
979628104321662979
979661781105864705
979664042250838016
979773223733747712
979896939662790656
979914527314608128
979925349474607104
979938541013815296
979945589080076288
979951852878839808
979977359150415872
979998556856733696
980044442953383936
980189568833146881
