936421480597823489
936422511981428736
936426541449400320
936444640705757184
936466445227253761
936480736139456512
936514660446093312
936536853343297536
936550748636114944
936559719103176704
936560632509341696
936581403554271232
936609226654281728
936613000487698434
936630967652950016
936712120699322369
936750342997532672
936793440725057537
936863649267834880
936875348918075393
936876456067579904
936896075197161473
936901535077867523
936912861728718848
936913541684068353
936918603781124102
936922269200404481
936924924584787968
936944943582478337
936954816152006661
936976997879660546
936977156273422338
937087006357700609
937148997940101120
937204284529266688
937249398895071232
937257575682158592
937295624722141185
937351002121953280
937354860873244673
937359826937528321
937360819758645249
937381482552688641
937431961366228992
937484091162857472
937504744309968896
937505421706846208
937590055635480576
937602263761149953
937604508393369600
937605708790431745
937624311371743233
937649205832593408
937663308336959488
937665933979426819
937695347236728832
937695801203027968
937696298618167296
937703503027363842
937715305068904448
937799998174982144
937803779306434560
937804544402104320
937946122718298112
937954483979485185
937954713487773696
937982353238036481
938022615070863360
938028238785433601
938031254087221248
938039424151146497
938070890260045824
938265334565429248
938265557945552897
938270893532467202
938293194625777667
938341263899873280
938385476477579265
938442666177630208
938443513900994560
938443568829616128
938444291038433280
938454276631867392
938454335197011971
938454370441711617
938456257454800896
938456647453855744
938456777959583745
938456839716593664
938461674574630912
938462037197316101
938507932509130752
938527410051358720
938752988792754176
938753312303726592
938764018491289600
938765731230990337
938772220637192192
938840418342526976
938840488383094784
938890162821566465
938932164149764096
938932419583004673
938993345245863938
939046819383750656
939090569153753088
939102269605265408
939111045032919041
939131729540976642
939132137533349889
939133505841389568
939143973540585472
939153799129677824
939171632056115200
939194820857229312
939195991302877185
939235075513880577
939235098569904128
939235246641258496
939235282704064512
939237624815988736
939248255300284418
939272719404638209
939349275124817921
939386902188298240
939391630439694337
939408663101313025
939443740896366592
939484061973835776
939568827196510208
939592837074751488
939609943547580416
939614503162994688
939634949140836352
939640919732523008
939658332968587264
939660539852046336
939663968024649728
939664441385345024
939700235152084992
939830875969134592
939879597004374017
939900180974862336
940009322666516480
940048364455862272
940048808624267272
940048941126520837
940096136353689602
940160860311379968
940175101659553793
940262268960374784
940324218822123520
940346691928117249
940355382941245441
940547300434370560
940562606628024320
940564163889266688
940567881619611648
940568124314624000
940570666478141442
940570713055928321
940574912359497728
940577213384073217
940632667506163712
940776811595780097
940777394511761408
940798409014939648
940799354213928961
940803998541664257
940816817412562944
940817401012203520
940831757292752896
940875378532474880
940896822196867074
940896899019653120
940920773446746112
940926806097403904
940930099058061312
941076665215545344
941135614484680704
941135685364342784
941144106650054656
941145610354180096
941202996075028480
941224121446252544
941231967307292677
941269569821401089
941269573420109824
941274423159484419
941277390759587842
941305928107696129
941320386180009990
941336996043161600
941403244017999873
941424655319093249
941507011434262529
941508277556224002
941654992934408192
941656020035756032
941679263408799746
941709153701171201
941714672540979200
941727739081506816
941788751117684737
941807169103593477
941820521263480835
941883926985003008
941911257468334086
941912296808419328
941974347211735040
941976585455910913
941980205123379200
941980840967380993
942003660929712128
942071953841561600
942071953854042112
942099533911162883
942112107608399872
942147109075034112
942170229752213505
942326715455434752
942362237028782086
942375858307604480
942402863442960384
942518552833249281
942669527241945089
942695800815026179
942696841400893440
942701386319388673
942708694919213056
942714336123895808
942729231921954816
942757583290376192
942799241365266432
942804656396238848
942907030976700417
942939820426452993
942940114392682497
942979800888573952
943135868587356160
943213208747368448
943354853430120449
943356504756903936
943384669919178754
943387803060072450
943388100427837444
943389822214815744
943404592846446592
943406887969611776
943436837422370816
943450404305752064
943451758231216128
943478406305292288
943479076144082944
943558345134284800
943598170042454017
943614776562913280
943756643224969217
943757023077810176
943758605542658048
943781897359912962
943802189796974592
943809195568021504
943822002091048960
943822606846763008
943863410273292288
943969637758148608
943994668924186624
944020340186939392
944044968284270592
944059345926582272
944069265665200128
944069556125011979
944090746709266432
944107049436069888
944124733036969984
944129658009935872
944138700912332801
944150107745812481
944190414155739137
944192268298174465
944198725097926656
944233219544641536
944268839281405952
944327560019791872
944327790198960128
944328119896494080
944328231855017990
944335550521192448
944342112497291264
944356065273106432
944356943539396608
944357256040189952
944372126949064704
944384751384666112
944443689128153088
944476856622841856
944524126655524864
944524154937765888
944552446352855040
944589880503480320
944652603840905216
944675893116637185
944712171941851136
944760636881305601
944761269008998400
944765664639696896
944790504570470400
944798358836621313
944834227425574912
944841665323372544
944842448487956481
944850413920051201
944851561888362496
944851738070257664
944898277211652096
944914273871970304
944926889423990784
944933652399398912
944955865857081345
944968828768829440
945048850854682624
945054485264474112
945059301554454529
945117755489095680
945148020743483393
945158599617196033
945212483765194752
945253684488708097
945257392664592384
945265200369876994
945274891351212033
945277175543906310
945381246716338176
945410406327160832
945415363767836672
945447961705701376
945512308222185472
945535516140851200
945535979145789441
945536145621966848
945537923671384065
945542713134510080
945583116042866692
945608532665102336
945620920579665925
945621078247800833
945623339414024192
945631340472426497
945645620374597634
945660180938637312
945662554071711744
945791675296829441
945809476753375232
945829530568142849
945921437063188480
945929896072638464
945931638801809408
945948790590025729
945953145095516165
945973631753977856
946005922022793216
946044272452751361
946055820399333377
946136765529649152
946138324434948096
946140519318482944
946231511241691136
946232247065239552
946253409010757633
946343511481188352
946386268216348677
946509973772627968
946579230942306305
946730063684427778
946866440400904192
946886808469610496
946887101664186368
946894378341191681
946944214667071488
947037248918351873
947041551015821312
947076986622459904
947219118138081280
947229344698572800
947339063891197952
947339646110982144
947397871783038976
947401013375332352
947415913652981760
947426900493737984
947428041889685504
947475034033016835
947500621787291648
947600347673124864
