914281088599580672
914326805657534464
914328700023214080
914345461976260613
914384180410294272
914426552531726337
914427179588554753
914438641354600448
914501007312375808
914557075480502273
914562978548146178
914610960672927744
914629922609434625
914631084402368512
914648184181317632
914679609211355137
914680143108599808
914816834716753921
914817827428868096
914873333358804992
914878587756412928
914905068935290881
914905804595064832
914928584707526661
915027514073976832
915058139623575552
915062487871033344
915208127502413825
915262678326812672
915264071993356289
915276775277592577
915367880199348225
915461898010632192
915487950955319296
915566029182345216
915612079683489792
915644319125659649
915682961332334592
915686050432942082
915698192066285569
915700530118238208
915706111390449664
915737330845134848
915776455312683009
915787483824119809
915829631860736001
915860387085606913
915875252600578048
915896663205482496
916059232268513282
916069581004865536
916073518554431488
916091577122086913
916153249362714624
916171094070935553
916219741965922304
916219891803348992
916223885216849920
916231438520999936
916231608591466496
916281151282593794
916305789899304961
916428610860453888
916429175292035073
916431562798977025
916436476996476928
916472980292616192
916481772380069889
916552142776946689
916554924850327552
916569338919845888
916573104222195712
916573878486315008
916575926976241669
916576097680183296
916580443821969408
916580643483672576
916580660265017345
916583475481763841
916584224551047168
916585194274021376
916587517503332353
916597390894759937
916603866279419904
916606353292001280
916663626089377792
916734657458253824
916738101409648643
916895682681749504
916941721165996032
916941807145111552
916957347347607552
916968015538745344
916968205133811712
916998105475584002
917039664305004545
917066114026393602
917142333346398208
917319154381627392
917356738608693251
917366877969453056
917373030535372800
917380927164112897
917384768894861312
917391861521645568
917392680874676224
917400012899835905
917419057573277696
917507891245965312
917543208372056065
917544127524302848
917649693898887168
917688444062638080
917692885637652480
917713012869517313
917713421147299841
917713988074508288
917714162083655680
917714198582394880
917714378442657792
917714946833702912
917716660647333890
917716888393846784
917759474433015808
917869191964667904
917873031829110785
917874187267481601
917882202079268864
917882594443911169
917900212819120133
917900565774045185
918088147199598592
918090735525568512
918094421010169856
918119748373811207
918176645311270914
918188990037217281
918269234597134337
918348192395038720
918365930106839041
918368043167727616
918388797456502784
918410143620050944
918419898610548736
918444163934203904
918450108106137600
918497947922333696
918504632502181891
918512901039599616
918517705929568256
918582303340879873
918593588535218176
918599375957266432
918600799772590081
918607351451717632
918607385291317248
918607421181956096
918607837823209474
918701549089472513
918757989720428550
918770047509848064
918838338731302912
918961658004828161
919032416760508416
919053654681776128
919062487806353408
919088669910294528
919139365615308801
919151556385128455
919183784548777985
919212111363846144
919220332044500992
919273208372543488
919338235616051201
919342938093600768
919346207465472000
919347443677802497
919347687475986432
919350492081164288
919366941025767426
919390811963342848
919437315025485824
919438116687003649
919454413630054401
919474176343158784
919492188811149313
919500167627149313
919509320437342208
919510397958414336
919511800961314816
919516392008724481
919526879471730688
919526892046254082
919609663267553280
919661547252617217
919704777931423744
919902712606502919
919903894532059136
919918993628000257
919977041105076224
919979792140660736
919990783742300161
920025571303788546
920165921112473605
920209730211012608
920261547187769344
920276547973529600
920298209880109061
920323044358393857
920384184719421441
920560911248527360
920577831129702400
920582440229355522
920622216164737024
920671116628189184
920678732230148098
920797459118309376
920867410470567936
920883589595635712
920914583828787200
920952659779211264
920956954259812353
920958257434210305
920970467061637120
920991928887345153
920999989513396224
921016705878335488
921020297460957185
921040736325337089
921053124206268416
921067510228807681
921180927174197249
921244474654654464
921336496845721600
921345265424052224
921367258701619201
921548763424051201
921549230682099712
921583509457608709
921606857038401536
921625305286086656
921758244573499392
921798961224208391
921816899817738241
921847330336276481
921902860249341954
921910725546729472
922043943809724418
922081087249047553
922081218564419584
922081523091890176
922083720894566401
922090775705296897
922104765181505537
922109805271158784
922206330471047168
922312393908215808
922334421558157313
922370462390382592
922370892323319808
922450131265339392
922477392412622849
922578342297051136
922624972350255104
922643086785875968
922651560575770624
922652849376391168
922657802840973312
922659690269442048
922720899433771008
922790165818458112
922806431115444224
922807957644910594
922809819941052416
922818977365028866
922930529078407168
922955346808774656
922957368823988225
922994819340759040
923000999677018112
923064589486452736
923093748669734912
923109138040680448
923154115982585856
923159715072286720
923163907694395392
923199794410958848
923214367276990465
923317125199962112
923341757508673536
923410740786036736
923431175863095296
923461476765061121
923476707977203712
923528680839692288
923559653685919748
923591586180509696
923599202629947392
923612578659622912
923650222982664192
923671394365218816
923678363998339072
923685441685004288
923713500748361728
923735754479607808
923761858967830528
923778514138030080
923787804550643712
923844614598959105
923859992272289792
923861465320312837
923885926073245696
923903628963745792
923909833174028288
923948419961511937
924045968575643648
924131257650262017
924155284695781376
924292468627197952
924292787415191552
924325222785961984
924427434899861504
924499219355983873
924500121487904769
924501089134764034
924554014515126273
924770421336969217
924810835951841280
924907130922110976
924911024888827904
924915948980789248
924939436646895621
924943403665772545
924981192239218689
924983916414377984
925000197935001600
925015387153895424
925112517562580992
925161755747250177
925216357632720896
925273390927278080
925296450795393024
925372321556074496
925432537517907970
925468963357773825
