1068759767022100482
1068814709455970304
1068833400524627968
1068836968195182593
1068855466183151618
1068855784660815872
1068860095570690048
1068861929890865156
1068925446631256064
1068925986836639745
1069027694937952257
1069034566063538176
1069091507100164096
1069134418181218304
1069171621355646976
1069215726240595968
1069216907960573952
1069222359700131841
1069224599496331264
1069305271036665856
1069306780155547648
1069324659223658497
1069360918566526978
1069403422376501248
1069421366032556032
1069525594512261120
1069526609915342849
1069528101426618368
1069531151079890944
1069539260762488832
1069577556444114944
1069605669811023873
1069615852960407552
1069626738500526081
1069627583602417664
1069657590492160000
1069678787636408320
1069704228635955200
1069711100160036864
1069714601967669248
1069845277216030720
1069857089797808128
1069868184398913536
1069876244164960257
1069879322377445376
1069883874035949568
1069885639804493825
1069885639804510209
1069921056935165952
1069938035842674689
1069951219429335042
1069963427186176000
1069964797263925249
1069964974225805318
1070068527430692865
1070083216273358848
1070094157555748865
1070132432672673792
1070166933335470080
1070169957412073472
1070220616983171072
1070225659031482368
1070247759679119360
1070266891136978946
1070278737134936064
1070281639392030721
1070282682293047296
1070285434679263239
1070285801164955648
1070286406830874624
1070289951864963073
1070290844001873920
1070294118884986880
1070294730007695360
1070300979524919296
1070301770553843712
1070303038491942917
1070308045253562369
1070316437611278337
1070328674547724288
1070329097715253248
1070330734324342789
1070331381526388736
1070336133492441088
1070338709793329152
1070380097100668928
1070426775933485056
1070427309604200448
1070438273351208960
1070439472079093760
1070444871826067456
1070448994004824065
1070452882124742656
1070453500344074240
1070455723744649217
1070456612089823233
1070479360312799232
1070486215911075840
1070490735382675456
1070521485402337280
1070538443413831680
1070573051836694528
1070605015805378561
1070621574938669056
1070642881486934016
1070648499845259264
1070657515661099009
1070664475928276992
1070676971183472641
1070689317129871360
1070691833951514625
1070695774676312065
1070716704236290048
1070816580257247232
1071026430111186944
1071031037382164480
1071061308580065282
1071062490119688192
1071084161358684160
1071092255081910272
1071223086786068480
1071233351904710657
1071245093011521537
1071274245991223296
1071283824057769984
1071323580212817920
1071367970893398016
1071369209181962240
1071382963340767232
1071401286862462976
1071403710495027200
1071403763968049153
1071404097612304385
1071404289514303488
1071404435895513089
1071404523120283648
1071404590640197633
1071404646458023937
1071404758836011008
1071405343949807616
1071405725652414464
1071405827993481217
1071405840282738688
1071405873635852291
1071405919831961601
1071406153018396674
1071406167283326976
1071406457961177089
1071406879497052160
1071407828244430848
1071408037108170755
1071409314688991232
1071409353725374469
1071409881339457536
1071410147707109376
1071410789834088448
1071411010479640576
1071411078809055232
1071411122043899904
1071411128306028544
1071411135444770816
1071411235281752066
1071411244093960192
1071411250364481536
1071411351476551680
1071411379540656129
1071411382925443072
1071411392148758528
1071411393830707200
1071411473111375873
1071411514601484288
1071411533899386881
1071411624907485184
1071411625343639552
1071411726430556161
1071411741534212096
1071411747393683456
1071411755807531009
1071411871125659648
1071411976394272768
1071412002004721664
1071412147542908928
1071412244024455168
1071412246113247240
1071412343416926214
1071412441156702214
1071412490204921856
1071412527974703105
1071412745239638016
1071412903348068352
1071413030037086208
1071413084130959360
1071413178494414848
1071413300980703232
1071413321960632321
1071413918805839872
1071414073152102401
1071414110070308869
1071414182623379456
1071414608768823296
1071414666620882946
1071414794572316677
1071414797516759042
1071414938848002048
1071415060482813957
1071416487376707584
1071416500399988736
1071416720173092865
1071416841791139840
1071416884166184966
1071416916042952704
1071417305685360642
1071417336714805248
1071417344268763138
1071417691129360385
1071418366840102912
1071418464152182785
1071418478848962560
1071418624361947136
1071419632697757696
1071420024856821761
1071420094884962305
1071420328511819776
1071420543256027137
1071420620850683904
1071421400609579008
1071422524649435136
1071422765436100608
1071423411358814211
1071423421404262400
1071423601742700546
1071423824070008832
1071425586084536320
1071426594395176960
1071427757077221381
1071428413485834241
1071428457907728384
1071428730558439424
1071429261540507648
1071429378993610752
1071429401240170496
1071430222031990784
1071430638530584576
1071431190102470656
1071433340513734656
1071433423573532672
1071434088781766656
1071434695294898177
1071436920754847744
1071438015921250304
1071438662661890048
1071438877817106432
1071439976326356993
1071442034894884864
1071442975664701441
1071443835513753600
1071443923564785664
1071446336556298240
1071447164503478275
1071447401519411200
1071448257958531072
1071450077049192448
1071455835832778753
1071457795000590336
1071473924188233728
1071474935833325568
1071474937112580097
1071487808567631872
1071504464169717760
1071518935340638208
1071530146329292800
1071530662207774720
1071535392980033536
1071548923775340544
1071549721125171200
1071549818441392128
1071552135374921729
1071554867120881664
1071555445494493184
1071560099922030593
1071567907228811269
1071603094893453313
1071607173438889984
1071610824991461377
1071612394940579840
1071616615727255552
1071622155933118464
1071638464192376832
1071638693062955008
1071642886268047361
1071645335301218304
1071656207784468480
1071656306316992517
1071691227706228736
1071692288051433472
1071696261701484544
1071701157314158592
1071705565519179776
1071722942118027269
1071740211313266689
1071745793097224192
1071747725408927744
1071750898840260609
1071751061570908161
1071817718288941061
1071884081393164288
1072009447902347264
1072026449308147712
1072028000986624000
1072048302663888896
1072048870136238085
1072051043012370432
1072055536718397440
1072056142233198592
1072057964242976769
1072058595406077952
1072061996621676546
1072063035978575872
1072094012192911367
1072098565533532161
1072113903658651650
1072117610253144065
1072129054785110016
1072129480901062656
1072134207051190272
1072142939172700160
1072178270316060672
1072189884763332609
1072193547615387648
1072284446986985472
1072326455902691330
1072331243268788225
1072349038039744517
1072370360601976833
1072372609180987392
1072374357010366464
1072382132364943360
1072446518681092096
1072447691005849600
1072455859807141888
1072457336638312449
1072458882117758976
1072460054123724800
1072461580678430720
1072461763323551744
1072465347595419651
1072465517624086535
1072474058493714432
1072474242615336963
1072476081393991681
1072487172803096576
1072518053248843777
1072629590814793728
1072673198163062785
1072685755909136384
1072703595559084032
1072713911839805440
1072769079553839104
1072779531457454080
1072780897416568832
1072782682923225092
1072803482468413441
1072803729118654464
1072803802086920194
1072804575105536000
1072805757475668005
1072805762072625153
1072806154680459265
1072806543907729408
1072807769055449088
1072807920054595584
1072807951511937024
1072808152414879744
1072808422540685312
1072808524445433858
1072808561816756225
1072808599536066560
1072808763956948992
1072808788959227904
1072808861046730752
1072809155679858688
1072809173728014342
1072809492268560384
1072809772661932033
1072810108785057792
1072810154364567553
1072810272585265152
1072812342092517377
1072812659601358848
1072813172162146304
1072814211930017793
1072814293278613504
1072815627084021760
1072817087553236993
1072817100970852352
1072818320229883904
1072818640708202496
1072819449722396672
1072819577300516864
1072819644816228353
1072821551555198976
1072823133227245568
1072824613711699969
1072827278436913153
1072827633639993344
1072831207476355074
1072831896772464641
1072832124103716864
1072844651671904258
1072845431401369600
1072846206068355079
1072854356435693568
1072859587571666944
1072863087726747648
1072863174964039692
1072866174742945793
1072867339094261765
1072873605376012288
1072874215085244416
1072882168827850753
1072982288160317441
1072983526314659840
1072985174286036992
1072995796755206144
1072999118237163520
1073039016562290688
1073046957902315521
1073047462221205504
1073057655193722880
1073072720298930177
1073092954904903680
1073093355850981378
1073112910019186688
1073119595102269441
1073120616335630336
1073162956869853187
1073164780242898945
1073169085293318144
1073185073111810048
1073211598552985601
1073219582603681792
1073249283732848645
1073324493890904064
1073440502471688192
1073502561389268992
1073528372280639488
1073528402924240899
1073528478841139200
1073624266678116363
1073693308252090369
1073702977112748033
1073711358892331009
1073714777644523520
1073781245224443904
1073850674377453568
1073864108724744193
1073868036250120193
1073932267968356352
1073933573529382913
1073952285162561537
1074024872207138816
1074025091560861697
1074106557221134336
1074162272547807232
1074217756919160833
1074239471225208838
1074243127408349184
1074319133653626880
1074319379855171584
1074338197545594881
1074645145159589889
1074653473088524289
1074653590818480128
1074657974491070464
1074661884198965250
1074675706934611969
1074689687833333760
1074794237969948672
1074889076661092353
1074889194093174784
1074996797708201984
1075029560255598592
1075073815628140544
1075146026921517056
1075146898002956288
1075148764065587200
1075251995517186048
1075254951251771392
1075312869560872960
1075327908640632832
1075405816696471552
1075497445155516416
1075501278527139842
1075506271187423232
1075507228134727680
1075526246786686977
1075653614473867264
1075655402421768193
1075661289140019200
1075674768341254145
1075686581208399872
1075690747934892032
1075709251836768256
1075732504403800064
1075735278747234304
1075739627833614337
1075745080403648512
1075748316246208513
1075749813252165632
1075763058046205952
1075767750608379904
1075771709628735490
1075787193581371392
1075796988711493632
1075798181982527490
1075873715106140161
1075951434992996352
1075951490936631296
1076070313870454785
1076088714223247362
1076092167058206721
1076118225404870657
1076160896169361408
1076411205512642560
1076426487354421248
1076467060224315394
1076487483133636608
1076615346914643969
1076629112209338369
1076650261958049792
1076726963853643776
1076728376281358336
1076747889026592768
1076771986007703554
1076830086723133440
1076842585916813312
1076854315262697472
1076946579045511168
1076964043833761792
1076968659141021697
1076984571051225089
1076994821544243200
1077023203577327621
1077068412248121346
1077078477570887680
1077111247424737281
1077128494432145408
1077132792738177024
1077185815036362752
1077187708324200450
1077192126826536960
1077195308839387136
1077219688193519616
1077224335499128833
1077232509384036355
1077243193509347328
1077247030894964736
1077248189768491010
1077338655059005441
1077366082866839552
1077400385197756416
1077463228819562498
1077465262226456576
1077473366464880642
1077510416425578496
1077526655504183296
1077574876154613762
1077586882358259713
1077590598490644480
1077618232679264257
1077684486114922496
1077780366012731392
1077809784848445440
1077843940785582080
1077844864065261568
1077854466907373568
1077860810649567232
1077862291607965696
1077862390660620288
1077866694415007744
1077868339005804544
1077869013881896960
1077871116062941185
1077872623910965248
1077890406119948290
1077899400356159489
1077899477552230401
1077899539170746369
1077905264852922368
1077912981533413376
1077923009275387905
1077933278882017281
1078037320383660032
1078255727460970498
1078348210349862912
1078492576343343105
1078492910264274946
1078501022954209280
1078505577540595712
1078517460825866240
1078518245596905472
1078521843475046400
1078522412872785922
1078554986861219842
1078561612577951745
1078647102169767941
1078665808769802240
1078675290820435973
1078702685921013760
1078804150736113665
1078841792504582144
1078847073993207808
1078873900853878784
1078874701877862401
1078879498035052544
1078881811206291456
1078936217226424320
1079203532786393089
1079217841214111745
1079232910937403392
1079234473743441920
1079243918879813632
1079277913328050176
1079340930652491776
1079389962469023744
1079395938425364486
1079396529918672897
1079432158849060864
1079588001456377856
1079588828271206401
1079592994456530944
1079658895382114305
