1123661746755993600
1123708596347387906
1123725344111038464
1123725361345441797
1123728728926883841
1123797916894879744
1123855219882905600
1123855927738810369
1123864581196189697
1123869458311929856
1123954572484124672
1123956263635886081
1124122665931956225
1124171100500500480
1124452100623093760
1124539080115654656
1124539515400409089
1124539850714013697
1124546353961390080
1124664422373310466
1124664440832516096
1124805729745944577
1124809882098589696
1124817593326374912
1124896558221340672
1124988531762315264
1125152304225763328
1125159211833290754
1125285248978305024
1125286393612316672
1125341821759107073
1125344499394318336
1125349384458162176
1125353270111637504
1125369004200062976
1125392238832308227
1125422382599028741
1125449252128395270
1125586226797600768
1125612701252644864
1125638160661274625
1125785897817915392
1125786359443017728
1125788050229870592
1125793123991375872
1125816064154095616
1125872220868206592
1125939175805468672
1126042085575069699
1126139067106643968
1126181879919644680
1126206048027672576
1126224013062066176
1126224055047057408
1126226592567422976
1126296750292123648
1126322867564683264
1126396527725801472
1126445568778211328
1126445721870376962
1126462890007883776
1126785683660709888
1126888061193736193
1126969534768996353
1126995645049577473
1127000614892756992
1127012494000525312
1127029524535767040
1127139779999617024
1127140397434556417
1127141180695691264
1127142705333587968
1127154122208137216
1127227579583352839
1127229430936375296
1127239488894263297
1127265327060938752
1127352215012642816
1127490839280738304
1127548244177969153
1127631572444647424
1127677455190216704
1127691708676730880
1127697193165512704
1127744938576371713
1127748510881931265
1127748630419574786
1127783822710362112
1127857484616519685
1127861067944562688
1127981852155949057
1128078770802315264
1128108331514650625
1128138660543717376
1128139000596840449
1128155652390576128
1128163062878494721
1128172784457269249
1128213301492690944
1128213568455757824
1128266514568663040
1128278165510660096
1128292385027284992
1128403099545100288
1128434716649099264
1128513447451217922
1128513839547310080
1128516774838689794
1128547441060356096
1128631135024570368
1128644905356517377
1128657575535206403
1128669271771336705
1128774270715342851
1128790915361886208
1128850544561274880
1128858411813105664
1128991766751862789
1129030326012002306
1129132554458664963
1129134364711763968
1129152941284364290
1129176335467724800
1129247448596066305
1129260183744421888
1129332878159097856
1129333548861808641
1129336999083511810
1129367927474364416
1129372988023791616
1129376875594149890
1129533023878205440
1129551457823277057
1129570954789629952
1129594009679159297
1129688056053682176
1129696690628321286
1129702513509392384
1129736888649244678
1129796655811899392
1129812064006885376
1129864580765585408
1129866322181943296
1129893967422558208
1129900626727514112
1129952500549767169
1129952876837498881
1129953676464779264
1129959289945116672
1129974018658881538
1130040091521372160
1130070809756569600
1130094561248894982
1130225167395725313
1130243243487191040
1130251573341216768
1130261866582724608
1130264624777949184
1130265224567635968
1130308840854032384
1130309240013246464
1130310115616145408
1130315845614202881
1130406253019242501
1130410396571975681
1130439870336393216
1130448588255797248
1130449183779934210
1130453891470905345
1130610532791119873
1130649841397260288
1130671704966074368
1130672202347556866
1130673710757638144
1130698416068055041
1130707405703077888
1130729592321273857
1130761462329335809
1130835038562447361
1130847470441730049
1130850847955439619
1130926409239502848
1130930067477938176
1130945649715757056
1130955400235237379
1130996132778205184
1131041895583326209
1131062252612624385
1131141181465800705
1131238762732752897
1131238807213367296
1131301255832166400
1131385587103961090
1131468964557549568
1131489778057109504
1131494844763856897
1131563380085383169
1131584101650116608
1131715707983605760
1131758769677803521
1131771060662263814
1131771368528175104
1131786220554473472
1131813247777030144
1131813410537033730
1131818729350803456
1131818761210793985
1131855530580799488
1131856400462671872
1131897383426543616
1131904546886656000
1131907233342578688
1132067589113360384
1132081780557639680
1132088803064107008
1132182986600747008
1132235968193236992
1132241983693443072
1132399083157463040
1132399577552711680
1132455081750745088
1132457788150468608
1132484403983028224
1132524332909858818
1132585602031816704
1132617490414964742
1132619767976587265
1132623965225082885
1132646764614316032
1132647243188539398
1132659868882522113
1132661621275279361
1132698810751365121
1132720002652622848
1132912718745407488
1132941535270526977
1132952486594039809
1132982129921445889
1133007895027523585
1133043917409083392
1133061360676429824
1133151954283192327
1133168485280784384
1133175508252758016
1133190812496347137
1133199241285779457
1133211989227069440
1133214636063580161
1133265267184656385
1133294223413919745
1133310410055139328
1133312029912121344
1133312154034147330
1133333112149225473
1133419510629838849
1133553252728004608
1133570175951724544
1133610551106347009
1133615351839825920
1133622071580172290
1133643949908811777
1133654566107373569
1133668921964294145
1133678245893804032
1133735124430798848
1133736891067523072
1133831496551157760
1133836038227484672
1133854279184277504
1133881774910476288
1133887357126529024
1133889572973174784
1133928511213674496
1133963098304471040
1133969141574975489
1134001388525015040
1134018186712473601
1134065388122189824
1134078006262095872
1134240993572605952
1134276484921585664
1134416012223426560
1134447831492833280
1134506643599908865
1134560396122165248
