1035743495250763776
1035854202940153856
1035867641192357888
1035901436788240384
1035920259746648064
1036005950442766336
1036051061876748290
1036056515713486848
1036212021228843008
1036251911576375296
1036260008252461058
1036315351682670592
1036373265378205696
1036396295433273344
1036548364542697472
1036597043660087297
1036618362099445765
1036648282120802304
1036714714108252161
1036718581583626240
1036780064216702982
1036791809505198080
1036941824760446976
1036943641007276032
1036951682549198852
1036965406366412800
1036965582514675712
1036965664240689154
1036965785464385536
1036966142844325888
1036966301355466753
1036978024019685376
1037001734831464448
1037011377536126976
1037038351537172481
1037164164727238656
1037185380787937282
1037192475448881155
1037300205731962880
1037348493730308096
1037349246775619584
1037351576707317760
1037406094253944832
1037537594949521408
1037537739233624064
1037565596081315840
1037566030992699392
1037566372476203008
1037566565422522368
1037567352265617408
1037567517504360448
1037582014713606144
1037584907508178944
1037594363990138880
1037594730148679680
1037603843758940161
1037607017781714944
1037612818114072576
1037634620102070272
1037655823143452672
1037666325663891456
1037674790985715712
1037674830861033473
1037675509507739648
1038277710508777472
1038544638917791744
1038761787313676290
1038764402827091968
1038777793130065920
1038777886285606914
1038940264142974976
1039044912430362629
1039165547319943168
1039168597422092288
1039406811676168192
1039443709811720192
1039508276910542848
1039605413648523266
1039669497806954499
1039681744516141056
1039709673987948544
1039757973059502083
1039786182723350528
1039786344195579906
1039804942133813248
1039873349579464704
1040079165733535745
1040296507034030084
1040443978313883648
1040572170106105856
1040576754467921920
1040584228306595842
1040599310583250944
1040608815727734785
1040613737315459072
1040775610849734656
1040776584972652545
1040863133349212160
1040863728856555520
1040866212635267072
1040896664960040960
1040905508637405184
1040959513115783168
1040967242068815873
1040968336798957569
1040984923585142785
1041003982905196544
1041062406632292352
1041111658675007493
1041113394709856257
1041133983679930370
1041148638611697664
1041203227469873152
1041330411744329729
1041333755057647617
1041336985934163975
1041337029727010816
1041337435974787072
1041340221139238912
1041394199562616832
1041477569357524992
1041653505273090048
1041655451044261889
1041680677689683968
1041701664728596480
1041729043018637312
1041734638224343040
1041738687413932033
1041999972017864704
1042040257431171072
1042186428954730496
1042200312503853057
1042273252268236805
1042336109152403456
1042371428367196161
1042620153106620416
1042638256989364225
1042656380161712128
1042666369299312640
1042784835729801217
1042789377754181632
1042790647986626561
1042791836044222464
1042794505701748737
1042803910325366785
1042911144275574784
1042914108956397568
1042922956710703104
1042947067235196928
1042967414386786304
1043015545128247297
1043020040981770240
1043035687853805568
1043147018950987782
1043152261810200578
1043152406090076161
1043154543502979073
1043265689648340993
1043530844294537217
1043569759478931456
1043596471742820352
1043624190203449344
1043632656162803712
1043658600701292544
1043768338373984256
1043810547332931584
1043813037096849408
1043847589311873024
1043856172548280320
1043857397700222976
1044084718486999040
1044122901769682944
1044135391983415296
1044198124112105474
1044200549246091265
1044217451452411906
1044242963717476353
1044395845007945728
1044396204644134912
1044396367886528512
1044398896221306880
1044436842899156992
1044441960810000384
1044456235284738048
1044505158061707264
1044533077035413508
1044575182608683008
1044598528717160448
1044607309899427841
1044614169511768066
1044632937105223681
1044716040930775040
1044754840373665800
1044767238321000453
1044828636640153600
1044953507743166464
1044957238190690305
1044977499585753088
1045012816489517058
1045323201696260098
1045372302303485952
1045375053360128001
1045423403186806785
1045431771238555648
1045447662223290368
1045448543002140672
1045535995289108481
1045536244086665217
1045539355568287744
1045566063646191618
1045584270285103106
1045621908283297792
1045658975834763266
1045671114179936256
1045671509258207232
1045674757327327233
1045743223484735488
1045806033782722560
1045871238667796482
1045949347677048833
1045949677617598465
1045950026575466497
1045963746991058945
1045980198292807680
1045980453331595264
1045995150760001538
1046025057657483269
1046036409109241856
1046076542739255298
1046108000853864450
1046158139509207040
1046160485173743618
1046214119253139456
1046267125172596736
1046288061888262144
1046341592557088768
1046345180746567686
1046402477761785857
1046426576286445568
1046444512355082241
1046446648530886657
1046477738406600704
