991105752902307840
991107653773529089
991117891222343681
991120768535801857
991142659963138049
991142978726088705
991160891629559810
991170653058461696
991171984221528064
991172980452614144
991180387601838080
991184083026874368
991184974907822080
991193815271854085
991194679709446144
991201820096724992
991202420276518912
991213796512460800
991222277802004480
991241921820442625
991250727350755329
991254620499570689
991262744870555648
991267755398746112
991268104343781376
991279210013618176
991284289747800064
991285567336927232
991319877993619456
991324890040078336
991324967382994947
991338323699527680
991352679963222016
991366608840003585
991374338929635328
991382407579422720
991382732176576520
991384173742092288
991388585332002819
991395920209002497
991399564312707074
991401479851229184
991407783080841216
991411936255467522
991414608459157504
991414717930450946
991416525230891008
991421771059474433
991425859255873536
991449437431062535
991451838359789568
991455427849318400
991456935567417345
991457548476780544
991464366309552128
991480974906191872
991487704264249344
991495251704664064
991495405417443328
991526644606296065
991557231555510272
991572019841060864
991572289555755008
991638171577438208
991638424921825281
991640331220287489
991645300086353920
991650761183584258
991653614136545280
991666238999924736
991681648898043904
991682542049943552
991684742377422848
991686316738793473
991690570568478726
991695871397060608
991698026388312070
991698589247332352
991704162638409728
991704408864964608
991714055340675072
991714809308696578
991715240634126336
991717495932424192
991725691602456576
991727145738293248
991733586549075969
991748447370924034
991757612348780545
991761178333532160
991764024177123330
991764287189381122
991786868051251200
991788999357423618
991794111182143488
991797166325878784
991800603532767232
991827358582788096
991835938853617665
991836768927453185
991844163908878336
991864461811167233
991871249037967360
991875250844512262
991878843249016834
991887381602144257
991887421439651841
991905978277756928
991909749808607232
991911562171461634
992008609985908736
992044321808433152
992045011284975616
992045208517906437
992048232862814208
992064549393072128
992066323588009984
992074607405477889
992075673177964545
992076098015059968
992076928042532865
992077394902208513
992077445623840768
992077864639098888
992078295004012546
992078838992658433
992082548019773440
992084678696878081
992084747928076293
992086440879112192
992087386564714496
992088840729907201
992091929004228608
992093197399613440
992094135187161088
992095318006091777
992095461417697280
992097054837981184
992099194792919040
992103194749751296
992103300177670144
992103779574145025
992104336745476096
992104416290463744
992105511406325760
992107893334990848
992111703881146368
992111846416109570
992118024671969280
992120968666648580
992122933282668545
992125119861547011
992127079335514112
992127938765185025
992139632916811777
992139766710853632
992140112640270336
992140457911218178
992142023221305344
992142555096723456
992143832107143173
992144256289648641
992144431342960640
992145124527308800
992145501591146496
992146979793915904
992147481705279493
992147964893147136
992148302945759232
992152041752539142
992153059877949447
992153171710693376
992153238387425280
992153862906658818
992154417817407489
992154441683030018
992155257944924163
992155609016492033
992156251160305664
992156973012484096
992161120344576001
992162251103760385
992163136944918528
992165630475362304
992166309503885313
992170130099580928
992171546511855616
992172489819283458
992173242298392577
992179115607261185
992180959381344256
992182754120032257
992184327009177601
992187106146570240
992187957149884416
992193795214204928
992196849921503232
992197524382519297
992200539634130945
992205111865655296
992228211168690177
992229994591145986
992233467462090752
992241598120407041
992244856259923973
992247785536741376
992251060868628481
992255943067877383
992258952065765377
992266021946802176
992266073125797888
992267107457892352
992267135538757632
992268643927912450
992273926557392896
992288180060614656
992288378858029056
992299788614881281
992310827179851776
992313369347538951
992320928620085248
992334215885836288
992346451505238016
992350653358923776
992353981975486464
992357393181958144
992366492313313281
992373115782037504
992382044821999616
992382386036817921
992382780074962945
992392952524738562
992401838552076290
992403328368721924
992405597919350784
992412437164052480
992413549073870849
992415580375470080
992418130914922496
992421092924051456
992425227698298880
992438332377493504
992438726633623553
992441866649038848
992442878130606080
992452494029619201
992454399053230080
992474190711279616
992474990581862400
992481943882293248
992487680872099840
992489668531941377
992493635156545537
992493716874162176
992497716168220672
992500681964703745
992516805284548609
992517223880253440
992518921306681345
992521526397358085
992530745024446464
992530993364992002
992531730299994112
992546104150577152
992549453306396672
992569045324062720
992591686596427777
992649817544445952
992649862855393283
992672213869453312
992697232905326593
992705298547736576
992720800401813504
992744027094241280
992748729303293952
992764549404282880
992781521676357633
992792770963222528
992806087253483521
992808701319925760
992811030249136128
992811975070683136
992812145074155520
992822518493802496
992824433575452673
992824965811535877
992825079498199041
992830886491148288
992840365630803968
992841352122691584
992856554364862465
992857643210428416
992859227399118848
992862582854770688
992869974468415488
992872975937355776
992875406121254912
992889920913100800
992893778393526272
992895115554361344
992905516081860608
992907155736014848
992913485364264960
992913517631213570
992923177138511872
992924502928453632
992934488748511233
992935119555104768
992937069428330496
992939676666335233
992984133788950528
992997386539618304
992997522841919488
993017235252940803
993031407785168896
993054151415218176
993068565950496768
993070913510952960
993075614902038529
993093160543940613
993130433213804545
993135690765537280
993150564627345408
993182431871029248
993182645159804929
993186719938859008
993201476347613184
993202038761811968
993203541362790401
993204400188354561
993208849929850880
993210184540545026
993232497403088896
993243846334205954
993248038129987584
993268960585048064
993278395654995969
993281444708569088
993282628563472384
993316173365293056
993318687431151616
993341909606191106
993359325623185408
993401222924242945
993443584107040769
993444771959115782
993457508806209536
993475462054666241
993476183093231617
993488384348901376
993488810057977856
993499943007535104
993500867419570176
993501585060827136
993503013636661250
993527567524253697
993538707184586752
993554889648242688
993557972856000512
993559047461797888
993566169385918464
993624965546172416
993690785940815874
993693188014657536
993713432661708800
993720359131152390
993729978637398017
993733145055891456
993735285837058049
993737989045084160
993741557152059392
993743787682811904
993796752498020353
993801419558936576
993812614089146368
993822874636095488
993862571219439616
993862739805208581
993877261689339906
993883230234296320
993887062586806272
993898312955826176
993898533584556033
993907523236302855
993910371034464256
993913958561034240
993931193778229248
993934591168626688
993939725437292546
993943387031162881
993945030388678656
993951930408980481
993962863738916866
993964142561284096
993984354480160768
993992901637169152
994007371562315776
994012320022999040
994031890783981568
994040473860927488
994072430414004224
994077479122931714
994082549432537088
994096077757468672
994099301923115008
994117446452858880
994118091108966400
994124131753963520
994139438031745024
994140065386319872
994141583418118144
994142156372705280
994144259400847361
994153558600642560
994155019606769669
994175119424720896
994176370585587712
994180236852903936
994180317844918272
994185621953380353
994191359744532480
994212627751432192
994212716741967875
994214383109705729
994217105212964869
994217233172725761
994217460088885248
994223256172421120
994230146600177664
994238893812797442
994243427012435968
994261341677457414
994270486577205248
994276102867570688
994279429219241984
994283494766358528
994290675855179777
994294632732418048
994305956942139392
994309652530716672
994310022489255936
994317242971164673
994317414115360768
994319502883082241
994327269899423744
994330394634964993
994332465790685184
994338284955492352
994353018710757376
994355049588502528
994357270992576512
994357629920178176
994360183844429825
994371879229063169
994373957926211584
994445783704498176
994467841972850688
994480190012215297
994492290159841280
994495568029278209
994509947420446720
994525952372805633
994529290636185602
994533259714420736
994538041208459264
994545809067687936
994562603493052416
994575422108073984
994581630105866240
994586523180912640
994589132046454785
994591180955570176
994596197733105664
994599749054590977
994626113207926784
994628756449964032
994658695400251392
994671412534304768
994674547520626688
994692924372897793
994713828255522816
994716153149906945
994728091426705409
994732998758162433
994733517165813761
994748997104537605
994753140208611329
994765013444386816
994786418231783424
994858261621952512
994880041417920512
994907428260020224
994913720424775681
994935232137760768
994935551903100928
994939850083127297
994969442554654721
994970833834643457
994981380806397954
994981736508542976
995041103618363392
995046606016860160
995049144954826752
995049255982305280
995049360411901952
995050010105581569
995050793177927680
995051445836754944
995064499504930816
995069557667704833
995069902443573249
995070921659617285
995071654400331776
995073116538843141
995100189521317888
995109570078003200
995113384386400256
995135525680902144
995135561336733696
995136660655558658
995155334963515392
995172068143652864
995174760475709440
995209805533888514
995251438627438592
995253750573957120
995296162935726080
995298234892472322
995301717855166470
995334286608920576
995364280517132293
995385924791033856
995412242811228161
995415191792701440
995433605244555264
995455388848926722
995464825525424128
995503689937883137
995512593199652865
995527529522966529
995551316276600832
995596571571089409
995609379289358336
995635608767807488
995637504182190081
995659353695932421
995664877464121345
995672357153984512
995688697327702017
995696156054310913
995706764288053248
995712303319334912
995722643939749899
995723759624605697
995724941600481280
995733795331489793
995755536867102720
995755608237330432
995757207542288384
995757431916519424
995762936114241537
995762962118963201
995764945169141761
995767675262513153
995770561770016770
995790253179928576
995796035040694272
995799949588815873
995800318263877633
995800578310787072
995809998277136391
995817024151531520
995826953331523584
995832168969469952
995935361435144194
995946870575951872
995970224078733312
995971082623504385
996004738561970176
996021781696786434
996023649416105985
996034477422989313
996050002224058373
996050203827474432
996051267259691009
996051973983145984
996057818728935424
996074161280765952
996074530517995521
996074919606730752
996096086719762433
996099152353243136
996107163067191296
996115349509738503
996116385913888769
996119920047017984
996124498112974849
996128712985890816
996129353011531776
996148305531949056
996186814472904704
996187204631388160
996187811568128001
996198095963684864
996201033687805955
996204673899089921
996219532573335552
996220243558240257
996223763439026176
996232273690333184
996233559680651264
996238644838064128
996254064370315264
996279731380260864
996287616264822784
996303718214758400
996306875254702080
996334959915864064
996346497158537216
996346881365209091
996360421824221186
996391351456600064
996399204485533696
996399706933743616
996415324135321602
996424788988973056
996442615917760512
996450957142773760
996470859962441728
996473946030522368
996474949396201473
996475884755238912
996484072867319811
996490095036325888
996491649831325698
996495921755164672
996512515570962438
996533713067544582
996536090629636097
996538082089488384
996539207391891457
996539265285738496
996556460665593858
996566073163046913
996573520158216192
996582679704428545
996599596561436672
996613322425413633
996635945687371776
996652989216673792
996685746739310592
996691289105141760
996714910150283265
996716500194156544
996728029937356800
996757849349898240
996758442827231232
996763539770556416
996768892512096262
996785602631618560
996799104096309248
996822937381433344
996833969646768129
996869849010798593
996873183457366016
996885843980759040
996930099348983809
996955309628325893
996977412771545089
997001729655824385
997004256308842496
997011223874035712
997011658848403456
997044390349557760
997045557221879810
997085286902517761
997129802325876736
997138809585373185
997139770869473280
997140000348229632
997171859908067329
997178375717445632
997220824984662017
997242840907501570
997250294164549632
997322588878761988
997338903886655489
997362196551225344
997371539921268736
997371646720737280
997429759209435137
997462165685657600
997464366432768007
997477674544259072
997497072780800000
997528879442071552
997541209446010881
997561532526485505
997579830295252997
997580113712762880
997596845206654976
997599814769659904
997603243529261056
997628360376356865
997638781514764288
997660966862155777
997673254507528192
997701918385319936
997718608359952384
997740179241644033
997794266910003202
997817177435713538
997827849078890498
997849060030676992
997851922232217601
997860476985004033
997866478543233025
997873615566667777
997875361663905792
997887436230455296
997889168893149184
997903637161668609
997908479124889602
997911762761666560
997917514842624000
997922021630656512
997941990691131392
997942992295120898
997945212361113602
997984302418677760
997996218428125185
998013462491074561
998019624334757888
998020034550054912
998022765423702016
998023541823025152
998043389248589825
998046764392382464
998060035614826496
998076159354064896
998122008947970048
998131177725874177
998136255769710597
998147130597486593
998160366252179458
998171758850134017
998175849554825216
998183513395515393
998194136325992453
998225166193881088
998225906899415046
998232463859245057
998235689685676033
998253372900827136
998260000723292160
998276350132850688
998292037140205568
998314054413438977
998373650020564992
998380466574184449
998384455357206528
998412436842713093
998412982429331456
998413377616609280
998443097179787264
998447168590663680
998477611360698368
998491683577835520
998528107333210115
998529157771374593
998531196454875136
998543367498846208
998544386697977856
998549233639845891
998562411287318528
998565141800214528
998570887560474624
998575533595082753
998576446690988032
998581502500884480
998600665474748416
998621340864270337
998627706970533888
998666978230521857
998691161773674496
998695564538658817
998701697030541312
998704841051574274
998721381733978112
998779414111571968
998789086587518976
998825710847324160
998834380046065664
998857609338867712
998858614331920384
998904512147374080
998909903942008832
998913977429254144
998929296520429571
998930285340364800
998935084475527170
998936240794808320
998938441583878144
998949022969851904
998955829884833792
998963790690562049
999008546854461442
999017228640153606
999031300924190720
999037689952337921
999062113976029184
999065290301460481
999072507859734528
999083769171730433
999095906652884992
999109139266719745
999112997158178816
999136230271959040
999137026778771456
999157549948657665
999159772879491072
999162786512072704
999172881337733120
999194699704479745
999195183291031557
999195625286787072
999196221817393152
999197312760123393
999217685748748288
999223989775060992
999230144093962241
999242027798708224
999258585656889349
999271631628505088
999278484269813760
999278869311053824
999284413312782341
999289903249788928
999295154870738945
999303866947551233
999304336709533696
999308660701458433
999316518222684161
999317481654247424
999329589662027776
999335443362562048
999337277099720704
999338109648060416
999351981905973248
999352945324969986
999353949047140357
999354434718183446
999362710935568384
999363408850960384
999363961991544832
999363964625711104
999374351374876678
999381547986931712
999389053266079744
999394862389604352
999400524268089344
999402852102627328
999417385349197824
999430404502315008
999433690701881344
999435415420481537
999464056217112576
999469090220670977
999483960705994754
999500310967025664
999517424528506880
999545283947057153
999550895930204161
999569635665117184
999573051086852096
999609469398118400
999613343659974657
999615920212340737
999618203201437696
999627860557139968
999654515367346182
999680274547068930
999684201824825344
999705291322249217
999707321247903745
999720626003771392
999733783535456256
999734873626677248
999744978036326400
999750859646013440
999751978854084608
999753681330417664
999753764343971840
999760348977811456
999788767480287237
999792215634345984
999798063748276224
999839492977713152
999851190908260352
999854927202709504
999897172656062464
999922825841426435
999931991918166016
999932101129469953
999952367167696896
999964733687164928
999971376588091392
999974077728079873
999980344005742592
999982160990949376
999991276882792448
999991467966976000
999993219260846080
1000009889513639937
1000010215021006849
1000017140324487174
1000017155721703425
1000017399427416066
1000017406566137856
1000017410752053255
1000017415357394944
1000017448492523521
1000018405238468608
1000034523751432192
1000036154241142784
1000054673368215552
1000057454598606850
1000057694332555264
1000058441509961730
1000058496992403457
1000058690655936512
1000058731755749378
1000060081939955713
1000066174326099968
1000066366672703488
1000066663214190592
1000067934096674816
1000072056656941056
1000072251675369473
1000075021174239232
1000075059778719745
1000075420052656128
1000076492263567360
1000077476532510722
1000080768637591552
1000081516481789952
1000091045131177989
1000091115976966145
1000092740024184837
1000095754789183488
1000095920992673792
1000100579203534850
1000100882837581825
1000102424688939013
1000103494211244034
1000104223139299328
1000105811576741888
1000106175172632576
1000108572146061313
1000108728295837696
1000109223630573574
1000115532287311872
1000115656501616640
1000117987658133504
1000118817870286848
1000118839085019136
1000119143155339264
1000119319748141056
1000120164916969472
1000120257611227136
1000124597981757440
1000125570510983174
1000126476497408000
1000126997421592576
1000127313261015041
1000127415170031616
1000127536381267969
1000131949002829824
1000135115907809280
1000136966061486080
1000138589953552385
1000144109368168448
1000144906688614401
1000145380225552385
1000145411678580736
1000152137668710403
1000152290739871744
1000155579103330305
1000156057669267456
1000156616338132992
1000172485508296704
1000178466170589184
1000189262271205377
1000195611189116928
1000196923591135232
1000197785101058048
1000211664057372672
1000222395498672129
1000225495622053888
1000225496897114112
1000228935802740736
1000250166522376192
1000273711252017152
1000296413316739072
1000301262808723457
1000311214965059584
1000331539685625857
1000331937431539713
1000341294491762689
1000341375437619202
1000344862993125376
1000355256474058752
1000355343304540162
1000361267758952449
1000365205195513857
1000367224073457664
1000367948656250881
1000368620919115776
1000369390464925696
1000370324926619648
1000380686115721217
1000383759718473729
1000387355092639744
1000390517169897473
1000397259094265857
1000401120781451264
1000401331327299584
1000401601855655937
1000410461404184577
1000410605361205250
1000415001289474048
1000415200623841280
1000416032815796224
1000418495245553665
1000423602494361600
1000424367271170049
1000425868857040896
1000426257237118976
1000426627694817283
1000426731193425920
1000428122045665280
1000431437991104512
1000431794557157376
1000434357310492672
1000435129460944896
1000436873863553024
1000438219383681025
1000441204914425856
1000444677370327040
1000444748677689345
1000450905928622080
1000451859331547137
1000454343139655680
1000455087641116672
1000457069013725185
1000457890283638789
1000460476889743360
1000482511657484288
1000504499453157376
1000505609286860800
1000507771463270400
1000510158412374020
1000512209863131136
1000537279214039040
1000545642236833797
1000546640074366977
1000582125983289346
1000587909509107713
1000591694834880513
1000610168785301504
1000613567295438848
1000617191195201536
1000619377698406400
1000644032635191296
1000665898917576704
1000672174322176000
1000679897310859264
1000680739934035969
1000693292219228160
1000728914883502080
1000758881054797824
1000771356185653248
1000774885696786432
1000782691715993600
1000790086269767683
1000795278415486978
1000797657399373824
1000808736653561857
1000810386302668806
1000828922462920704
1000829711100997632
1000834530360557569
1000840069152956418
1000841845650395137
1000843574664036352
1000843828729802752
1000845343691608065
1000849294738550789
1000851921647951873
1000852547010260995
1000863549944729602
1000881321189748736
1000882137829126144
1000882410442117120
1000884534034841600
1000891196665925637
1000897308622512129
1000904188136706054
1000905246049259520
1000906180833792000
1000907830487142401
1000908024645636097
1000915748372598785
1000918179936391169
1000918340624412672
1000919586684846081
1000919795947180032
1000921178532392960
1000921455222140931
1000923073816813573
1000923916750213122
1000926766469406720
1000930134734589953
1000931267330752513
1000931358829633537
1000931653072572416
1000932050440867840
1000932093637967872
1000932562590629891
1000933222484664320
1000933665893826560
1000934122167193600
1000934311191826432
1000934718869770241
1000934773173473281
1000935968759799809
1000936892379037696
1000938842277457920
1000939354494263297
1000940466739834880
1000943030306856960
1000945016116625408
1000945172853616641
1000945483324444672
1000945662849003520
1000945794340605953
1000946032593784832
1000946198272819201
1000946356389728257
1000946507141468161
1000946639928868864
1000946787270643712
1000947334207782912
1000947794385846273
1000949009723379712
1000949181274624001
1000950411455541251
1000950609422508032
1000950863190470657
1000950892970029058
1000950910154092544
1000951015414288384
1000954134303051777
1000956460401033216
1000958871337340930
1000959159939026944
1000961205052243968
1000961700840001536
1000961718875512832
1000963204929990657
1000963302753792006
1000965254803808257
1000965311296819203
1000967211329073152
1000969426278211584
1000969534109446145
1000970271468277761
1000971020180668417
1000973632779124736
1000975129298522112
1000976045242179584
1000980743386943488
1000986107918635008
1000986468620357632
1000986983324319746
1000988528027684865
1000988900121239552
1000990516526440448
1000990688488632321
1000990751856218113
1000992193442648064
1000999421033832448
1001000168467062784
1001000826981179393
1001012723713478656
1001012742172692480
1001019471098728449
1001029577270013955
1001041504163463168
1001044999293849600
1001047613611872257
1001047673565253632
1001050642725523458
1001059504048390144
1001076464974991360
1001077036646043648
1001077343262314498
1001078436683694081
1001078700937490433
1001078740355551233
1001080251991183360
1001085608134172673
1001088071872348160
1001094784008699904
1001098288353947652
1001111871607492609
1001113384471982080
1001113836647313408
1001116375845425152
1001122661853007872
1001124493081931776
1001126164981665792
1001126221550313472
1001126868043657216
1001128424835092482
1001128641252687874
1001128942831652864
1001129800587792385
1001129819860586496
1001129852567769088
1001131019439820800
1001132301651251202
1001134158033440769
1001134170595348480
1001134797643833344
1001135110152912897
1001135698181804033
1001136490884288516
1001140036354609152
1001141094552190976
1001141750566703105
1001145949891284992
1001147574340943872
1001148465638989827
1001150254496940032
1001151333712441345
1001162113413459969
1001164823005220868
1001168435966038016
1001168488835231745
1001168606263234561
1001171051903143937
1001175765516537856
1001177444156624896
1001179024096415744
1001189806800547842
1001194347969179649
1001195430489804800
1001197920278982656
1001198184905953280
1001199506128449536
1001200904505298945
1001201098265366528
1001202444305547264
1001204816952127488
1001206972816019456
1001207617467899905
1001208515082571776
1001219621570084864
1001223582691848192
1001225007509442562
1001226368124903424
1001233311778435073
1001234260970229761
1001234606572515328
1001238891909865472
1001241849313529856
1001247710010372100
1001251359054802946
1001255228287668226
1001259495568429061
1001262382499282944
1001264048162443265
1001264992019152897
1001269157579689984
1001270308500893697
1001272957182840833
1001278595610836995
1001290053186879489
1001292329834164224
1001298732434980864
1001301739365060608
1001316540610904065
1001319430104715265
1001321487394131970
1001325637674586112
1001327092653527041
1001349519542370304
1001351108411846657
1001352298558193665
1001353381242286080
1001353916511072259
1001354044936409088
1001354418141454337
1001354542393376768
1001354559065911296
1001354859499610113
1001355392100614144
1001355711622754305
1001355920931254272
1001355935757959168
1001356487808114688
1001357133865148416
1001358258060148736
1001359500111048704
1001359650934198272
1001361626874904576
1001362142807773184
1001362526553034752
1001362719063212032
1001363216138625025
1001363283209842688
1001364082329468928
1001364325070761984
1001365112765136896
1001365468005924864
1001365643839524865
1001367996646895617
1001377598784573440
1001390423728885761
1001390722766069760
1001391124580216832
1001391564571082758
1001394277027590144
1001396799905648641
1001397640431652864
1001398004920864768
1001398162223923200
1001400933820063745
1001402880363040774
1001404693166329857
1001407490754600960
1001409352626913280
1001410276191858688
1001417340133650432
1001421143201460225
1001421890219597824
1001423487821463553
1001435523368570881
1001437247256846337
1001441331674320899
1001444813336653829
1001451133733363712
1001452525835489280
1001456187446087680
1001460458115645440
1001469405824540672
1001471515127361536
1001472965521956864
1001475928801857539
1001476056702963712
1001477648864956416
1001478265033445378
1001480105473052673
1001491769844994049
1001494748207747072
1001495207660138496
1001504857751150592
1001508094902456320
1001508485803241472
1001510580035997696
1001510991904104448
1001515206110007296
1001517759426015233
1001522342105935872
1001526880359665666
1001527421768753158
1001527676006432768
1001527838565191681
1001528113019457536
1001528217067573253
1001528305596751873
1001528355789950976
1001528461847089152
1001528497272250369
1001528719004102658
1001529235901636608
1001531984416518144
1001532415989305344
1001532983474565121
1001535435062108161
1001541049985183749
1001543671848800256
1001551414525661184
1001551444321947651
1001554303998406656
1001556020706054144
1001557554563047424
1001560898266435586
1001562647693701120
1001572974909120514
1001573015610683392
1001573807503609857
1001574082628988930
1001574709669097472
1001582971617394688
1001583865432018944
1001597757398900736
1001603598529118208
1001603987609616384
1001604101707321346
1001606568348090369
1001616665304485888
1001641860094406661
1001658777798676487
1001672767463350272
1001678715422674945
1001688993141059585
1001700910211444736
1001709996965597185
1001719998685954048
1001720139220488192
1001722916688416771
1001731996920549376
1001735366632726531
1001748652069609472
1001750818465476608
1001763007934935046
1001763227284443136
1001771551727980550
1001784117426622464
1001790421465534464
1001790866841731078
1001791357248200704
1001810969805209600
1001814667071639553
1001829182710595584
1001832840168951809
1001838842612277248
1001847861208895488
1001852468676956163
1001864099481997312
1001874535334010880
1001874755526496257
1001880633394827264
1001889368909414400
1001890212350480385
1001890473240399872
1001890873821581313
1001895263139753985
1001914595110465543
1001922729946296322
1001928786949099520
1001929049567039490
1001931837458051077
1001934114549837824
1001935158512095232
1001945843941945348
1001947371079720961
1001956957996101633
1001958188189659137
1001960498009649152
1001962736484528131
1001962891686400000
1001964659564601344
1001996557678469120
1002008442263896064
1002028412570095617
1002037364917612545
1002039479635529729
1002040966541402112
1002064792301924352
1002070744443097088
1002103085475414018
1002154929144803329
1002202000648384512
1002203318406479872
1002213565552611330
1002221651319238656
1002222729230258177
1002226062129025026
1002227998551048192
1002257895482974209
1002259400445210625
1002265506089402368
1002270670561005568
1002288741690544130
1002292983406903296
1002294140598661121
1002296926908252160
1002308681843793922
1002324298076512263
