958857871353147392
958867255286169601
958872350912647168
958872798579093504
958883680147202048
958885877425606656
958886038205845504
958886216467927041
958892534775910400
958910187724857345
958947413045194753
958952509116178432
958971669669965824
958976772300791810
958992966105870336
958993955965857792
958994523870388229
958996984177876993
958998417228759041
959000168162000896
959000455866142720
959003548745981953
959007171815108609
959011046060109824
959015853990842368
959023195708944384
959026872427442181
959038005376843776
959039810211078149
959040657842167810
959052209513226241
959052601965928448
959052915284545537
959052915695550469
959059657628188672
959059657645010945
959060599668969476
959075561183350784
959079815444754432
959082284212215808
959082948203970560
959087476760629248
959087894513307649
959098515346440193
959104968266534912
959108489384742913
959112731533115393
959128028130435072
959134076316848130
959143017344061440
959144064246480898
959147129758416896
959159160381329410
959161530171437056
959161856454782977
959164434701783041
959178454150340608
959213027827552257
959218708995440641
959221064113979393
959249518968655872
959249660031401984
959250227516469248
959252747878051841
959264260802170880
959281900094238720
959282137785540608
959303301408813057
959319189390376960
959324157560340481
959330173047975936
959334613578600448
959335512833130497
959335579946074112
959335866807275521
959338470631231488
959339337111482369
959339778134208512
959340750646464512
959341166322909184
959341764439171072
959343130654007296
959343137595576320
959344082219950080
959347619255541761
959348768515780609
959349812859756545
959349994913374209
959350940305412096
959352001871208448
959352115549188096
959352390397947904
959352451102072832
959352546316910592
959353259537453056
959353357906391041
959353422922305536
959353556695478272
959353947617222656
959353950561603584
959354068853514240
959354811283058688
959355320404463616
959355818826182656
959356698669568001
959357543809273856
959357615229808640
959357687686488064
959357937625034752
959358090327089152
959358508507521024
959358690955595776
959358949769302016
959359959313022978
959360612366213120
959360811612467200
959361563374379009
959361599730483200
959362196580028416
959362293439090688
959362527506419713
959362880226381825
959363316018761728
959363759293812737
959363794156883969
959363830244610048
959364780673904640
959364796197072896
959364903965511681
959365202289549312
959365413590192128
959365826968211456
959366225590710272
959367043911954433
959367157585989637
959367455540957184
959368363045769216
959369040815935488
959369049615593472
959369205236883456
959369547915694080
959369653595369472
959370176495063040
959370356782977024
959371936999661568
959373721676009472
959374054686826496
959374599518638080
959374603725369344
959374619403804672
959375477411667969
959376914380140544
959378062780530688
959379968252784640
959380332679258113
959381645404065792
959382511234240513
959382558382452736
959382961719250945
959383527967031296
959386112891457537
959386391389048832
959387535192612865
959388781328699392
959389412961456128
959389480498188289
959390352523366405
959392910193102848
959393724324302848
959394008689758208
959395321058009090
959395704677584896
959396785306382337
959401625247997953
959403152666759169
959404059085156353
959406633641226241
959406933164937216
959406958175571969
959407233724448769
959407740849307649
959408075127091201
959408614489427968
959409380390252544
959411460769230850
959413035717877760
959414149309706242
959419901369880576
959420671431409666
959422019082293248
959422663239323648
959422864641454087
959422990462144512
959423764319690753
959423984512241668
959424459345219584
959425262122405888
959426187801001989
959427273286963201
959427395764834304
959429175823294464
959430082627588096
959430094384082944
959430304929894400
959431379070214145
959431609777901571
959433202350911488
959437263267647489
959439691350147072
959440107404013569
959442293907341315
959443794214219776
959446882929008641
959448764879646721
959451173681094657
959451220250386432
959451966396084226
959453792591806464
959454083705966592
959454696053223424
959454879646437376
959459033404067840
959459563132129280
959459578240012288
959459958231306241
959460163806666753
959461860901662720
959462200263004160
959462757094617088
959462975600984064
959463434902556673
959463827891867648
959465606293655552
959465731707502592
959466432978440193
959467154809630720
959468453383024642
959468467639418880
959470868052275200
959471304389873665
959471462393548802
959471855382953984
959472179195842560
959472740817424384
959472789018292224
959473555347070976
959473894485839875
959474452512886787
959474583341617152
959474887457943552
959475594584092672
959475645775564800
959476542496583680
959477232069697541
959480610581598208
959480618538201089
959484173651243008
959484707972042753
959485204174966786
959485802697969665
959487347472691200
959487947685990406
959489773432918018
959491978412126209
959493184257757184
959497225457061893
959498685066424320
959498932131975168
959499519313489921
959499556231708672
959502049334497281
959502624792825856
959504598204592128
959505626891202561
959506442888859651
959508976667897856
959510234812354563
959510632130404355
959511099367395328
959511375390404608
959512100988211200
959512574101508096
959512904625278976
959516325444907008
959516381283745792
959520823861116928
959524846236585984
959531145208659968
959531748349612032
959531971910295553
959538029751947264
959540207853953024
959541641488076801
959543468921180163
959550687318347776
959557011926118401
959558670764867584
959565490300641280
959573477895307264
959588949009358848
959592726823129088
959604994734424065
959637126899003393
959655633875333120
959656389672136705
959659479162937344
959660352836423680
959685893220192256
959694417744445440
959695607660195840
959697324808331264
959710075509231617
959719116310564864
959729096644349952
959729258959654912
959729966073118721
959741214437277696
959744348836507649
959745985856630784
959747753327910912
959748086368219137
959750108463226881
959759489430900736
959766993086959617
959769892537950209
959771755605889024
959772324399648768
959772809273671686
959776574076850177
959793620982419457
959797767488004096
959801976866385922
959802136669368321
959810287053524992
959812807830200320
959814528509726720
959816760139624449
959817913137065984
959825436883718144
959826458565906432
959827979890241538
959833691294855168
959838289917366273
959852174061768704
959852541327572992
959854600990928896
959863957367468032
959870045818990592
959871320891772931
959871943750094848
959883755182751744
959883898363793408
959884071991115776
959884686058311685
959901336610508804
959918669143990274
959929533649612801
959948588867641345
959962470675726336
959964237748625408
959969127040475136
959973146844639234
959977327739404290
959994924107153410
959999432128417793
960007173559463936
960013251114389504
960014326089297921
960015602005020672
960025597048127488
960029411750932486
960037562554429440
960047697238441985
960050557326184448
960057789577093120
960058973637500928
960065567511252992
960122316029091840
960123169804836866
960125780587089920
960150677900185602
960151669450444804
960170581973856258
960170582183575552
960170869292072960
960191222961729536
960203835653459970
960210282298662912
960248773028040704
960249423157694470
960250283795406849
960250361813577729
960256034630782976
960256085373456384
960257482915532802
960261014527897600
960281564948127744
960286214719975424
960306453511790592
960336433121841153
960359378514841601
960361239946854400
960406902915129344
960425127581233152
960434806097108992
960434925475426304
960435019004174336
960444391084253184
960444929288867840
960445195220287488
960446536974045184
960447580915322880
960449761571569666
960463363699544065
960464291861352448
960481026303807488
960487032962322432
960487319429054464
960501960100270080
960504144057552896
960510158253232136
960511972725874690
960515842722078720
960517224980238336
960517303279419395
960519200354816000
960523489437454338
960523675261956097
960527130181300224
960535795521159168
960548241279455232
960549921127575558
960553980794494976
960554239541080066
960569988775104512
960574098349940737
960574626400157696
960576126585327616
960576632233910272
960576710130323461
960576885020270592
960577923563556864
960580390225297408
960581416965804032
960594935635415040
960596156597202944
960610405511987207
960613182535593984
960620827480870914
960627220833292288
960634259752062978
960636595148918784
960638999726624773
960651658651979777
960669546452434945
960671951856586752
960678218163507200
960678859891933184
960687094141157377
960688159506956296
960690131446493184
960690528030519296
960701663043469312
960703922104098816
960707964578488320
960714872031010816
960720852823298049
960726280709787649
960732438354907136
960748529806344193
960748606557847553
960759454697340928
960763266908741632
960764965576757248
960787260403802112
960797986501509120
960805475255226368
960809752136593409
960811152849690624
960816293799694336
960828175851900928
960829583028293632
960835413471457281
960838134815698945
960843262364876801
960844110021189632
960845332656553986
960845428685144066
960848350869417991
960851316678553600
960866176686370816
960873303228338176
960881932568616960
960883164871671809
960887193500864512
960902886069821440
960904094427820033
960905439968940035
960913682912878593
960914096999813122
960915555363540993
960919585259163649
960924519425769473
960926785893519361
960928078288642048
960929295895093254
960935944432922624
960936420335607808
960937031445700609
960939166359007232
960947203920416768
960951537026633728
960954659694407680
960957747532582912
960958276434358272
960964479000481792
960980066283991041
960980783925288960
960989987901714432
960997206739300352
960998225955127296
961000700158332928
961018775498903552
961039206612168704
961039343090589696
961056968843628549
961069808853778433
961072112378068993
961077697945456641
961079527060529152
961134238182576128
961134621764222978
961156943858556929
961159142529380353
961163020545282048
961163056649732096
961181533804560385
961192673892818944
961209604591022080
961210812131135490
961212543984320512
961241961561841664
961242836485066752
961259250495492096
961261322867544064
961275011410653185
961277953735770113
961301951567851525
961302320930803715
961316614737203202
961319001413640192
961326349293154304
961338415085047808
961339902762864642
961368420229971973
961371598006706176
961371665371365376
961379564525060096
961381630618333184
961448000882012160
961459961346777089
961472504568033280
961472688970608640
961472819811909632
961473136515567616
961475377918078978
961475873269432320
961494772803239936
961497130836770816
961511787026878464
961520094240296961
961524683639226368
961534090213298177
961535989821923328
961548373550686208
961548759804076033
961553276637507585
961555265161187328
961579871876022273
961580027916816385
961580515701772292
961587043708043265
961594478132940801
961596524542164992
961596637784297472
961604402695024640
961625663198265346
961631721891422210
961631864774676483
961633027150491648
961643482489110528
961646112968003584
961651058513731584
961657151499403264
961663415709249543
961663699281788929
961663705103634432
961666682501476352
961666798826541056
961667695589707776
961669079273738241
961670784690393089
961675432407060481
961687540523782146
961695414884950017
961701126260297728
961710100007346176
961736141148913664
961738416978300928
961738472376676352
961742707369676801
961759273591062528
961772617345765377
961776282764791808
961784214591950848
961794976358326272
961805406325690368
961810951191212032
961814454269755393
961825566428024838
961832537176682497
961839312655413249
961840618770128896
961858445392539648
961860729597976576
961861149875515392
961865435216887808
961868489492283392
961869019241267200
961880053595308032
961902575342759936
961917811567288320
961924400420458496
961942308416614400
961947919954964480
961949860663562240
961950832852860929
961953472387133440
961953947585011712
961955688644796416
961956781701451776
961959576760352768
961959773078999040
961964173478514689
961966699040960512
961969203967340544
961970307916541952
961980059648061441
961991538199973888
961999977487613952
962002115366477824
962002571333431296
962003202701852672
962003772573659136
962004387454267394
962005769192325121
962007833934876673
962008653485109250
962009169824956418
962011791545876483
962012652342976512
962014551108661248
962015366879719424
962016348346953728
962019542326128640
962019611100065792
962021239316398085
962021387819864065
962022083663286273
962025497881399296
962025989374013441
962026353431326720
962030367413645312
962036696605892609
962038235063975936
962040463183167490
962044028765130752
962044575584944129
962045302482944002
962046882070409216
962047294769020928
962047717131264003
962048964957581312
962049415010697216
962049982059565056
962053988467187715
962055108887375872
962058312769445893
962058548506013696
962066395218366465
962067281869094912
962078710512762883
962083015148044289
962088405235515392
962095816163852288
962098109584150528
962102058966020097
962108841868644352
962110773882482689
962115492898058240
962126474852618242
962131122594328576
962150027970805761
962150190697168897
962156816871428096
962163892632936448
962168723653189632
962170719735107584
962177851293249536
962190199316013056
962195155745849344
962197051550380032
962199246429503488
962200708555657216
962218142176043008
962224578079674370
962229179512111104
962234082632634368
962238271957995520
962261518430679042
962270123871604738
962276818828054528
962285162972286976
962285433928511488
962303791570669568
962306991388585985
962312449033633794
962318824379944961
962324377642528768
962331359032340480
962334102539177986
962336691259346946
962343827439792128
962347481429368832
962352981114048513
962358693944754177
962359166856818688
962360550977097728
962362388497317889
962369906393133056
962372963617202177
962376455773704193
962378137286963200
962382888149901315
962384000911331328
962391964200161281
962407416456536064
962411333999263744
962411340215341059
962433237850185730
962433238680702977
962445236072050688
962453785338621954
962455868628504576
962498854577950721
962498975587864576
962501884325060608
962514676545400832
962517257715961856
962520005014376449
962523854525616128
962567859913314304
962582092868702208
962589816658391041
962596368182382593
962625295692988417
962626279005663232
962684664153489409
962697333824684032
962697398467350528
962720333324345344
962739275669401600
962744321001906178
962746000799494145
962766803574444036
962767441251233793
962776636851736576
962788286526877697
962807773338664960
962814048357224450
962822866864570368
962824435890900992
962829080751230978
962854821199011840
962888639435780097
962943445970153472
962947389903593474
962948097876803584
962956371976073216
962967805237723138
962992154439225344
963015888646615040
963015891691692033
963061427220164608
963064559853588480
963094662427889667
963099722813669376
963100669895901184
963112970355200000
963114802200633344
963127482819010561
963132585957208064
963135451140972544
963143388785729536
963143744563372034
963143751681150977
963148158644584448
963148328086134784
963150569966747648
963155886654058497
963160810347548677
963170155227439104
963176989594148864
963177374803165184
963197588940959745
963207672479846401
963212135500312576
963275549262180352
963275831584968704
963276076532273153
963291902735925249
963297838682787840
963321263434412032
963356404152139776
963365586347675649
963366434008072193
963382869358866434
963390910707875841
963405659957063680
963429471884926981
963432108487188481
963432722474598400
963433008526176256
963433988286230530
963443943496142850
963447877329592320
963448727099736065
963458015377567744
963466997068476416
963478660144508929
963479215906553856
963482735489712128
963485726733164545
963489973935591424
963494779261734912
963494963815288832
963495486844997632
963505745277808641
963507539626352641
963507841603694597
963508379305103360
963514661944602626
963518373937102848
963521916832309249
963532540186365952
963544581613801472
963544782101467137
963547346914172929
963548079667499008
963558167803244546
963562734993453062
963570661368238083
963570944466800640
963578123034882048
963583629736726529
963590008442531840
963593206993649666
963602345132285952
963607909715210240
963616754269384705
963632249689264128
963632751760101376
963639322531565568
963639806248017921
963639992798056449
963660501665361921
963677887932100609
963704070451224576
963704085101797383
963712873867362309
963745442650558464
963754721365303296
963756443852853249
963761467781668864
963772282832334849
963776827364818944
963779699599204352
963780508277669888
963783124692996096
963788328536551424
963790671214673920
963790853922750466
963791492320931840
963791861008789504
963792358449078272
963793412888567809
963794315075117057
963794480859148288
963795044070252546
963795638403190784
963796421043351552
963796589750886400
963796843816783872
963797774545367041
963798042573987840
963798743408455685
963799683364720640
963804103750115328
963806381257248774
963806481937256451
963806831314440193
963808124552564736
963810197234909184
963810846748151808
963811036519436289
963812986027696128
963813025454026752
963814508564135936
963815002221305857
963815232723472384
963816436270497793
963816453861502976
963816551202902017
963816566289772546
963816934952263680
963821721492115456
963823880749031424
963824574461763584
963825460290318338
963826334798635013
963826828078088197
963828010448072704
963832965234151424
963833150555279362
963834145431609344
963834256580636673
963834341737549824
963834917196091392
963835616440889344
963837786955579397
963838132134260737
963839078373478400
963839271323889664
963841149721968640
963842614184284160
963843621060571136
963843810370473994
963845488104521728
963853069321728000
963855987080880128
963857908273467392
963860525460475904
963863573125414912
963864310463201280
963864626709647360
963865106135375873
963865618255568898
963866668492558336
963869164959039490
963871968020721665
963880071604985856
963883715414953985
963884531634884609
963885193064058881
963887278484545536
963899689836924930
963901897546477568
963901973220249601
963905648667840512
963906021562429440
963914398439038976
963920058140405760
963920421866364929
963923861208264704
963925507879424006
963927287346466817
963933789943713794
963940384844984320
963942894964019202
963949549361475590
963950525233459201
963951779737194496
963952108134256641
963952348086202368
963953527562407937
963959361356947457
963969325332754433
963969443092148224
963977135982485505
963980280020197376
963985091306209280
963985591376457729
963993336917839873
963993364587827201
964002123544387585
964023972084973568
964032451310792709
964037734225477632
964038588429029376
964049850127081472
964051116806696960
964061863855128579
964063418679361536
964067811835482112
964080860709511168
964084644403662848
964092269220446208
964093235948851200
964093915891630081
964096531887460352
964096912289878016
964097177793585152
964099831970091008
964107471445995520
964109895359389704
964114231426764800
964116888115609600
964132204451368962
964133503397871617
964154527355166722
964156885417967616
964158026235154434
964159612873265152
964161307455967232
964162309382983680
964171315891572738
964175232528461828
964178443943346176
964197539091066880
964199321691291651
964199812429176834
964201573185409025
964203357878468608
964207019501658112
964208133102071808
964209152720560131
964209531772391426
964211972970598401
964212567286669312
964216111502798849
964221542673670145
964225889109082112
964226089718513669
964227240216137729
964227722158452736
964228090003009537
964238876901552128
964267037064298498
964274431177756672
964279522647592960
964279812465467392
964285392571674624
964286248641851393
964289427496423424
964294408249192448
964305176684388352
964311688345477120
964311952188112897
964312195445219328
964316243372130304
964338936347705345
964342552118906883
964345952877404161
964351751510941696
964352525368307712
964367395828543489
964370044959440897
964374200667353093
964382394881949696
964397674089693185
964403272256647169
964405381547008000
964411025423388672
964419309593178112
964435040296951808
964436220158787584
964438560161042432
964442883230261249
964443811459018752
964450796812169216
964465137821388800
964468169854341120
964476511507140608
964491870301753345
964505450917056512
964508691029520384
964510923263164417
964514443504730113
964515867273891840
964529155042828288
964532957603012608
964540584391315461
964541953982586882
964554550303698944
964555285573570561
964560373683716096
964561429796982785
964563899407151104
964571680264916995
964581707155468291
964583404191838209
964593411369193472
964594899080290304
964597205544984576
964604807272173569
964610554756247552
964626813539487745
964627048844050432
964639799842877442
964639957661995008
964641631180853248
964641694091268097
964680519089868801
964708144894136320
964708924585906176
964713386503110656
964725026116251650
964727630347014144
964731218175692800
964760191991472129
964767474976739328
964778097919881216
964778964018499585
964780977376575488
964781022142320640
964789629277954048
964801819598884866
964812035681865731
964812894247452672
964825228944838656
964825786707562497
964825881515646976
964831105521250306
964854289112875008
964875210708025344
964876922160340998
964879974590287872
964881297905774593
964888388775088128
964896148258545669
964896208228638723
964896260246376448
964896608386256896
964896639826702337
964896743409233924
964902145316225024
964912594522910720
964927493957390336
964937275514802176
964951543702269952
964952627074146304
964957852057128961
964962248795017221
964963377457090561
964968463071694851
964970972142071808
964974503863508992
964978269807312896
964985592638595078
964985753687162882
964998916860194818
965004759328575488
965031808814510081
965044741111996416
965047070217383937
965061999020429314
965063226693218304
965072752771256320
965172925329534976
965195199629725696
965199963520229378
965203028696551424
965219028695486470
965221228251291648
965245331209416704
965249832502906880
965253869939834885
965255826599501824
965257336565764097
965274977779048448
965281033527676928
965291543778287623
965292887050203136
965295845733208069
965333694541021184
965333727848038402
965333746265321472
965333770592235521
965333818411573248
965333819275522048
965333843996758016
965333877995769856
965334225271566336
965334401423900674
965335169841295360
965335426541244416
965335896072638467
965343394024296449
965346042710495233
965351812831178752
965353140726874112
965354553406193664
965354664966393871
965356333049491456
965360567165816839
965361245724561408
965362505802534913
965364409580351488
965367815141232640
965369045129269251
965373611031842816
965375318948159488
965375504361672704
965388954244706305
965398106215915522
965411867953913857
965432506622271488
965435272778469376
965456641062682624
965456930473852928
965457166051225601
965457491256627200
965459851798233088
965461529930772482
965493873891045376
965500465264889856
965507763588616193
965510839460618240
965522341492088832
965537386452013056
965538319261040640
965538794047922176
965539162748223488
965552084132098049
965566668561887232
965573239765266432
965578048547340288
965588718869536769
965613771019489281
965619147710324737
965621931058876416
965624170355638272
965632647673163776
965635644302221312
965648898403553282
965651829311918080
965654295965298688
965657487406874624
965673032344883204
965675380718886913
965683783889453057
965685030990286848
965692165920903168
965703312682106880
965708944810405889
965735511934586880
965736455686541312
965754836351377408
965811481710231553
965823561297379328
965844278122442752
965844498860265474
965850596103409664
965872278134079488
965877154868355072
965887997118906368
965888249230053376
965909526061965312
965917925159919616
965920276935512064
965929998044598273
965930545812328449
965938783819575296
965938821178318848
965941333146812416
965944239874965504
965953064283901952
965960528756662272
965961524136366081
965963929548677120
965983416289251328
965983495154819074
965987670995415045
965989206467194882
965989276583448576
965990966468464640
965995713560698880
966009127909535744
966012307510788096
966012627930505217
966013386688487424
966016214903480320
966034143443406848
966035292292632577
966036840821256192
966047787937927169
966050979803205633
966057767453814784
966075147378622464
966095898299138050
966102232100933632
966105553163431936
966112766535888896
966121280108945410
966157395482304512
966170169377808385
966183179664142336
966195428285919232
966202189076160512
966207347659067392
966208399598813190
966218289331531777
966233040291803136
966246634098016257
966247344978251776
966265240173281280
966283906717642753
966284181016891392
966284438987575296
966284947341430785
966298274729734149
966298374562635776
966310709415038981
966317187270172674
966319801156108288
966330847694671872
966345452688957440
966345731614367744
966347370203156480
966347371989921792
966372094912155648
966372162008485888
966372227817115648
966373751230226432
966381290047107078
966385352238870528
966385749015834625
966386010757181441
966386337069850624
966386633619705857
966387392792932352
966388018142765056
966391408402878464
966394656908029952
966394965193506816
966408287125168129
966413191512281089
966414411211726848
966417205465268224
966448314639110151
966449033517543424
966455958342807554
966456027108474881
966478174300258304
966517018991063040
966523867467411457
966524793544695808
966549467414474752
966555604918484992
966578640468275200
966582493343182850
966582836038852608
966591534186549248
966593250479038464
966610467660722177
966685384330551297
966686333845479424
966686371988549632
966697886183493634
966706477410013184
966727558787141632
966731189376770053
966733223219822592
966738893922906112
966749632595464193
966790283349450752
966794440659685376
966798134264262656
966814628796817408
966815977416593408
966826717607161856
966829609567203328
966841817076588544
966842177794990080
966850127867637760
966850363415584769
966863796915630081
966874468932046848
966881531703713792
966884189508288512
966889153018253313
966894258048286721
966896498226032640
966901087633522689
966909561830428672
966911955507138562
966933064193523712
966936862953824256
966937450160336901
966968652426809345
966978631112232960
966981632942108673
966987093510623237
966991199985954816
966992234045427712
966993594270781440
966994769930047488
966996765634260993
967000497696706560
967026016408489984
967026870641479682
967029926586183680
967032159650369537
967034144399282176
967041609832566785
967041936178733056
967043596674355200
967047973447270401
967054009050783744
967057334794096640
967057792698847232
967070641122717696
967074387752038401
967076686385827840
967077917409689600
967077953061273600
967079817005944832
967084054095917056
967085371770134529
967086701423276039
967088884235587584
967092480041803776
967095281828364289
967096087952666625
967098007694073856
967098024899072000
967101265799974912
967101269612605442
967108275765465090
967109403676676096
967112608909164544
967114209875001344
967116672355241984
967116772791980032
967119428834988032
967129287982755841
967130712796291072
967132854940585986
967139907952173058
967140707537387520
967140968272187393
967141484616142848
967143257091334144
967147693859471360
967150853844013063
967159804480360448
967160171473571840
967175169071550465
967204694010589190
967214281375830016
967217022600966144
967217181284098048
967222576207532033
967229554480721920
967231456211881984
967231863457832961
967234555773153280
967243407042236416
967246778809626624
967257529674846208
967281345755000832
967297303395557377
967314064249585664
967314817995497472
967315183151464448
967317935625850880
967331733208100864
967340322291363841
967349566109609984
967353425133522944
967355168877678592
967359147158077440
967359830426992640
967361843697192960
967363156489179136
967367793317466113
967401534790156289
967401837619007489
967420992183291904
967450754138214402
967455432443768832
967466494509572096
967468919341674498
967473106804723712
967474087466536961
967474218311999488
967478470090649600
967478587107528704
967480416922931201
967481678104088576
967481765555183616
967481786509873152
967491161224110080
967499618174062594
967503336437174279
967504507067420672
967513241709576192
967514387169841152
967515993160540160
967520734812823552
967534647331573760
967544118921408513
967557231150583809
967571519865049093
967585634981326848
967589641800028160
967590645476024320
967634499436650501
967643556474007553
967665582177955840
967677200408416256
967694565661728768
967697677424254978
967711121821102086
967713928229867520
967719682395406337
967736884129656832
967737614722895872
967739794511028224
967741752844148738
967742196173680640
967749362569768960
967759927186829314
967813121434939392
967820812106584064
967827405120434179
967858414876585984
967859265925996545
967866051030667265
967866903577407488
967876657594929152
967877165109915649
967880525154213888
967884832306073601
967886019713433602
967887736408506369
967888599600566273
967911765588705280
967917581003784194
967918965795192833
967919057805758464
967921731276075008
967931794111606784
967931915037749250
967936436082216961
967979012940234752
967982957205090306
968027398338961408
968035224490856448
968037868580065280
968078317579571201
968081357644713984
968082609657077760
968085281848135680
968086473453944832
968087558503718918
968088074851778561
968119876035457024
968123941154832384
968133606441758721
968135177707950080
968144919402614786
968146636147961856
968151420993200129
968155449618059265
968194074535657472
968197673663844352
968199482260316160
968201024078057473
968204824780115968
968206002746109952
968220793091117056
968221461273108481
968240085652135936
968240245027344384
968241160228569089
968243873930792965
968256777719631872
968263569128214533
968264981757157376
968298062761353218
968299423708188673
968303515260145665
968321156515336194
968323654651084809
968334033028599813
968337871663976449
968345551975731201
968345689842429952
968369326406455298
968388643277754369
968397765460967425
968399076185329665
968410484272705537
968447239789207552
968463395304259585
968465222582390784
968469363933270016
968474163462705153
968479155095523329
968482206048911360
968487782342684672
968500017550934017
968500835759075330
968500837982048257
968508683427762176
968522749416296448
968529476245184514
968547331904868352
968557867929255937
968562888381104128
968573056338640896
968573607055048704
968575640877305857
968581275488542721
968585888405098496
968590144344338432
968591174058565634
968594036226445312
968605836150038528
968609183540146176
968614796798185475
968620950248968192
968625620195344384
968629954148814848
968641443609894912
968647134475177984
968670800403419136
968675588213899264
968678504903606272
968679620613681152
968682326757724162
968693627894542336
968696399486472192
968711491456323586
968723611719753728
968728987152285696
968734181764280320
968743557749248000
968775790128193536
968776641999552512
968786780442021888
968795563750764544
968796570790612993
968803810582900741
968808076370472960
968809016989233152
968837536566140928
968847466593509376
968859671976185856
968860965541433351
968865432450076672
968870031949029376
968875789046427648
968877475966136321
968880339270606849
968892281884479488
968894798873747457
968898654982455297
968900676767031297
968914993201770497
968915321598996480
968916088758112259
968917733491568640
968918677885079552
968930415216967680
968932303098580992
968932539757973504
968933399468609537
968938867611938816
968945047495462912
968946453845594113
968953136189726722
968955557989306369
968967618701942784
968968720549908482
968969381173743618
968972141436817408
968973392601894917
968974263754641412
968974804807282688
968975142457167873
968976162432208898
968979335507038208
968982259327012864
968983348600233984
968983934569721856
968984833824206848
968995587990331393
