1068660762976112640
1068671373474742272
1068680079830642688
1068681527565922304
1068681950469210112
1068686148988518401
1068686420678725636
1068694813573300224
1068697485563101184
1068697929110687744
1068700075755520000
1068701253662924800
1068703749961596928
1068705855665782784
1068710785889628161
1068710930190671872
1068712295461728257
1068714929052663813
1068718839389663232
1068719430283288576
1068720038985768960
1068720612749717505
1068721452013228033
1068727377734324225
1068729610769219586
1068729639743426560
1068730423117660160
1068733623900217344
1068733945620062208
1068734324747395072
1068736490707005440
1068737207509356544
1068737765775474688
1068738828393988096
1068743827371032577
1068747179886555137
1068748332921696256
1068752216830427136
1068753723403333634
1068756462304931840
1068757368287170560
1068759920923824130
1068760209915617280
1068762497056825344
1068762850213150720
1068763035525890048
1068763497830469632
1068763981442109440
1068764410519449600
1068764926003617792
1068766209993261056
1068766358362574849
1068767997471440896
1068769643316293632
1068769647510659073
1068771997994360832
1068772599042318337
1068773915206590464
1068774163928834048
1068774241263329280
1068777468226666497
1068777948453330949
1068778322191097857
1068778882801852416
1068779494071304192
1068779647175938048
1068779919797309440
1068780701602983936
1068782876366422016
1068783949902692352
1068786526237089792
1068788317607608320
1068788979074400256
1068789234503467008
1068789382533038086
1068789390086950912
1068789422420836352
1068790031853080576
1068790036865458176
1068791433161777158
1068792702748155904
1068792741356806145
1068792940905017344
1068794449277460480
1068794458496532480
1068795541058920448
1068795827508965377
1068796502821097472
1068796580386418688
1068797409214509056
1068797421373792261
1068797956118192133
1068798336541630465
1068798984590897152
1068799105797931008
1068800541931655168
1068801240262459392
1068801482277994497
1068801499915059200
1068802506954760193
1068802573220683776
1068802608054161409
1068803121852416000
1068803274919329792
1068803630621499394
1068803677182410752
1068804063884660737
1068804271506829312
1068804335843401729
1068804797476847616
1068804841076477952
1068805194257821697
1068805406493790208
1068805513843015680
1068805544067125248
1068805729006559232
1068806119504654336
1068807406338142213
1068807472167698432
1068808055595372545
1068808056010665984
1068808577777889280
1068809248866488321
1068811487387545601
1068811687459991552
1068812195381809152
1068812608919228416
1068812897919356928
1068813132783632384
1068814677583568896
1068815107071762432
1068815342783348737
1068815838952730624
1068816158973923328
1068816341430345728
1068816697560203265
1068817588837384192
1068818420966326273
1068818490621083649
1068819206987309056
1068819565591724032
1068820237368377344
1068821308765556737
1068821631282360322
1068822706714480642
1068822858556686336
1068823085053292544
1068824251476660224
1068824533321351169
1068824885240233984
1068825941789442048
1068826385949421568
1068826551633014784
1068826961437442048
1068827416917725184
1068827588053864448
1068827898834968576
1068828268793659392
1068829820690317314
1068831151530356737
1068831174733283329
1068831668675330049
1068831727420882945
1068831908186869760
1068832162789638144
1068832412753453056
1068832670711463936
1068833029747965953
1068833472259620864
1068833577519988736
1068833685732904960
1068834103057887232
1068834547658178561
1068834785894768640
1068837182146838528
1068837320953159680
1068838364881842177
1068838606909763584
1068838905124806657
1068840351308357632
1068840584117436416
1068841125568364544
1068841508533661696
1068841935526391808
1068842602991112192
1068843035692285952
1068844582580961280
1068845044327768065
1068845687746514945
1068846174684229632
1068846481287901184
1068846990912626688
1068848581455618051
1068849674726060032
1068849937826365440
1068850385786470400
1068850478048514050
1068850704977195008
1068851190665015296
1068851273267597312
1068851548002951168
1068851685173415936
1068852630577917953
1068852891438469121
1068852962326388736
1068853596333252609
1068853811245195264
1068855181100511233
1068856718761869315
1068856750630191105
1068857087004950533
1068857305943416832
1068857600824000512
1068857801735319558
1068857883947868167
1068858647290277889
1068858807521083392
1068858882980757504
1068858997103579138
1068859277710893056
1068859388411224065
1068859409395179520
1068859722713845760
1068860291469979650
1068861021685760001
1068861219644325888
1068861491879784449
1068861754870886400
1068861934349369344
1068862019925884929
1068862020760555520
1068862076993642498
1068862175953993729
1068862292564066305
1068862296355758081
1068862542968250371
1068863148202041344
1068863909472493570
1068863914082009090
1068863979521523712
1068865267592241153
1068866038480191488
1068866067018194944
1068866390809931778
1068866772063924224
1068867211631239168
1068867282942726144
1068867412135694336
1068867472928006144
1068867693980385280
1068867968698916864
1068868000990851073
1068868021157064704
1068868178430828545
1068868745509171200
1068868873414500352
1068869237085794305
1068869733267722240
1068869949698072576
1068870734875934726
1068871142142816257
1068871687393955840
1068871988553424897
1068872337917911040
1068872439847940099
1068872896607600640
1068873219141038080
1068873279534972929
1068873722449326080
1068873780334927872
1068874449317961729
1068874624237256704
1068874871260803072
1068874978244943872
1068875037812367360
1068875549077135360
1068876075449688064
1068876247017680896
1068876544825847808
1068877475101339649
1068877712109043712
1068877720069840897
1068877918011568129
1068878018704109568
1068878044692168705
1068878187285737475
1068878407503630337
1068878643642871808
1068878673518968832
1068879264391618561
1068879286210363394
1068879609591201793
1068879740881248256
1068880043714248704
1068880313399631872
1068880334371078146
1068880507574853634
1068880911490527238
1068880956793139200
1068881014695448576
1068881928630296576
1068881991951503361
1068881999925006336
1068882186164670466
1068882215919063040
1068882257438330881
1068883215434375169
1068883301824438272
1068883517424029696
1068883535027679233
1068883636529897473
1068883722924163073
1068883782923689984
1068883871830327297
1068883935608885253
1068884042974662656
1068884072762654722
1068884107181113344
1068884375583055873
1068884529069338625
1068884537046982657
1068884583184297985
1068885141047652352
1068885240863690759
1068885378831187970
1068885480345927680
1068885489149710337
1068885641008693249
1068885951806623744
1068886000452157440
1068886553253027841
1068887035593732096
1068887058687696896
1068887064521949184
1068887077545263104
1068887347247415296
1068887362757894144
1068887604328841216
1068887666425507841
1068887754916937728
1068887897540108288
1068887899201069056
1068888519106617344
1068888582893514753
1068888687302320128
1068889316062126080
1068889319400751105
1068889340376477697
1068889433913487360
1068889449419980800
1068889554281738243
1068889856254910464
1068889980414640129
1068890346174758913
1068890701000249344
1068890832286167040
1068891016835579905
1068891259253731328
1068891398529839105
1068891420319203329
1068891600263266309
1068891770111578112
1068891842685612033
1068891861144739840
1068891920699674626
1068892443733630976
1068892473085370370
1068892654283436033
1068892746142883840
1068892807379787776
1068892811582414849
1068892874908012544
1068892889575579651
1068893559435202560
1068893748174749696
1068893764515713024
1068893768307433472
1068893777543213056
1068894171384098820
1068894284605259776
1068894489308266501
1068894682653044736
1068895048832638976
1068895151156797441
1068895164175958018
1068895465310179328
1068895516472369153
1068895531148210177
1068895669975433221
1068895859587383296
1068896132204503040
1068896206456274949
1068896233723518976
1068896435465277441
1068896453056217091
1068896568844050433
1068896624624177152
1068896834750431237
1068896919878057985
1068896929977905152
1068896992473112576
1068897192960643073
1068897220643086336
1068897303266643968
1068897452139397120
1068897510452805633
1068897546108456961
1068897775939739650
1068897870328270848
1068898099349864449
1068898166425083904
1068898275502247936
1068898319538315264
1068898361464561667
1068898645012029441
1068898915561426944
1068898947421241344
1068899051037446144
1068899242285195270
1068899322375352321
1068899325328150530
1068899803042586625
1068899867651698692
1068900063118852097
1068900167976435713
1068900175089872896
1068900461166632960
1068900771113111554
1068900866302853121
1068901077272207360
1068901089469034497
1068901107903156230
1068901120905543680
1068901163263758337
1068901339034517506
1068901368377851904
1068901369225068545
1068901489576484865
1068901541610954752
1068901560070094848
1068901697618087938
1068901765985247233
1068901810449063937
1068901892649029632
1068901986194595846
1068902036962451457
1068902060849078277
1068902210594058241
1068902229053194242
1068902401833385986
1068902456384462851
1068902476500357120
1068902630015913985
1068902796123152384
1068902818755616769
1068903082598297601
1068903311577923589
1068903332553654272
1068903347678322688
1068903358134738944
1068903367659925505
1068903384986656768
1068903544365961217
1068903559897513984
1068903581296836609
1068903724729417729
1068904144168251393
1068904183607095298
1068904214649233409
1068904217975406593
1068904306470989824
1068904395826434048
1068904463371522048
1068904510343573506
1068904536322957312
1068904714174111744
1068904860970614786
1068904866016370690
1068904873968762882
1068904889932283907
1068904944844120064
1068905050976788480
1068905054323834888
1068905060619436032
1068905190630273024
1068905251032522752
1068905270347128837
1068905345815240705
1068905610475970562
1068905646576275461
1068905660820193281
1068905726611996674
1068905794215788544
1068905803850100736
1068905850394345473
1068905986319093767
1068906081940893697
1068906126387830784
1068906222437330944
1068906463215738883
1068906513962598400
1068906566395600898
1068906779885662208
1068906816342552576
1068907154399158272
1068907377146175489
1068907402295238662
1068907625855795201
1068907777702060035
1068907807901134848
1068907813764767744
1068908083445932033
1068908129188892672
1068908179503964161
1068908211821076481
1068908342238531586
1068908443732508672
1068908489471418369
1068908702940520448
1068908791050264576
1068908801951260673
1068908915612626946
1068908947497787394
1068908967177478144
1068908993215692800
1068909039776686081
1068909254067793920
1068909275890806784
1068909356438175744
1068909473031426048
1068909483080990722
1068909792616488960
1068910054785630208
1068910226739535872
1068910231760064514
1068910270787899392
1068910415487401984
1068910582827495424
1068910783730339840
1068911174241189888
1068911370966573056
1068911555520196610
1068911617994354689
1068911810504519681
1068911893547347968
1068912102864297984
1068912124238446592
1068912159462055936
1068912198477643777
1068912418271780864
1068912456850915329
1068912651890094080
1068912654834679808
1068912779837489152
1068912860368158720
1068913072587358209
1068913226522525696
1068913466839195648
1068913567494299649
1068913721446158338
1068913917332729856
1068913924005904386
1068913932004442112
1068913992406491136
1068914035595202565
1068914081724329985
1068914150930288641
1068914619874459648
1068914833758830593
1068914953304895489
1068914988113424384
1068915121915863044
1068915151284375552
1068915171006001155
1068915548497592320
1068915563571920896
1068915652096925703
1068915717507112961
1068915938114834437
1068915957832261632
1068916035007496192
1068916066879983622
1068916117240987648
1068916204868444161
1068916208655843328
1068916239731490816
1068916250166870016
1068916302616641536
1068916623040569344
1068916674219438081
1068916753487618053
1068916914137833475
1068917016495566848
1068917099521748992
1068917151531175936
1068917249287827456
1068917301687263232
1068917363351961600
1068917483308908544
1068917509745725440
1068917756781883392
1068917913237766145
1068917969420464128
1068918016841342976
1068918592295469056
1068918602353516544
1068918622905454594
1068918847305015296
1068918900161683459
1068919146765840384
1068919146778435590
1068919182429995008
1068919184246083584
1068919266315923457
1068919297764864000
1068919332598685696
1068919411023720448
1068919476450729984
1068919489436311555
1068919598500724737
1068919759159418880
1068919787651309571
1068919894195011584
1068919934468550656
1068919944967000066
1068920031788945408
1068920258273124352
1068920462543966209
1068920498170544128
1068920563177910272
1068920576184672257
1068920674331316224
1068920739749863432
1068920914253893633
1068920972533792770
1068921223361556484
1068921309424422914
1068921400352808963
1068921428072951808
1068921623942696961
1068921806810165248
1068921811826544640
1068921816444481536
1068921881896595456
1068921887315488768
1068921912921915398
1068921921708781568
1068922118006628352
1068922150306947072
1068922190580592640
1068922292934270977
1068922305089277953
1068922387289145345
1068922400278867968
1068922500522930176
1068922539131453440
1068922542059069440
1068922552112824321
1068922576443830272
1068922585264594949
1068922627207483392
1068922739212324864
1068922780719050752
1068922805461413888
1068922860411019264
1068922980779073538
1068923013481955328
1068923148979134464
1068923202225754113
1068923259687645184
1068923278167818241
1068923281082851328
1068923315073556480
1068923417431326720
1068923453498101760
1068923625032560641
1068923712290938880
1068923828271751169
1068923845237719041
1068923881316999168
1068923895984652290
1068923917388128258
1068923970211233792
1068923974422355971
1068923994986946561
1068923999990792192
1068924017216770049
1068924216425267200
1068924334717181958
1068924395534602241
1068924420272607232
1068924443341271042
1068924465550106626
1068924497863077890
1068924507950329857
1068924513805570048
1068924538132541441
1068924649705066496
1068924783088230400
1068924950411689984
1068925004971151360
1068925077117435905
1068925138761105408
1068925149653729280
1068925163100614656
1068925164321193984
1068925179840159744
1068925207946149888
1068925238157762566
1068925395024543744
1068925399625809921
1068925426901417987
1068925455858843649
1068925595940093952
1068925702462996480
1068925726798303232
1068925798105534465
1068925874425290754
1068925876539179008
1068925934403809280
1068926043032039424
1068926064016203781
1068926071586897922
1068926341687517184
1068926365586608128
1068926498126610434
1068926665890414592
1068926780407332865
1068926816054722560
1068926906249199616
1068927260659499009
1068927417920749568
1068927422538629120
1068927432206348289
1068927433443815424
1068927458626306049
1068927515236945920
1068927573554417664
1068927574405984257
1068927579418177538
1068927813875449857
1068927814303285248
1068928033224945664
1068928224514768896
1068928243808505857
1068928290340184064
1068928584390184961
1068928622952628224
1068928624227700736
1068928675389861888
1068928753005260800
1068928826401419264
1068928930806202368
1068928996685963264
1068929023936528384
1068929084342890496
1068929097743515648
1068929145135132672
1068929183722717186
1068929196305526784
1068929229054607360
1068929230287904768
1068929346897932288
1068929378778824704
1068929485750308865
1068929537747140609
1068929618697175040
1068929652683612161
1068929661466402823
1068929695863865345
1068929703002730497
1068929715170209792
1068929789380182022
1068929890466983937
1068929956342874113
1068930042728714240
1068930125763407878
1068930137926918144
1068930224363110401
1068930332987088896
1068930509550624773
1068930526319468549
1068930561970982913
1068930610209726464
1068930655931809795
1068930822449750016
1068930988967895041
1068931018319646720
1068931109327695873
1068931146271154176
1068931343826984965
1068931855511097344
1068931870593699840
1068931955339739136
1068932120599502848
1068932157509382146
1068932193978847233
1068932426343301121
1068932544224260096
1068932567708196864
1068932588247625728
1068932633151844352
1068932683907121152
1068932693008752641
1068932817684447232
1068932845354328064
1068933060551499778
1068933251383926784
1068933321424625664
1068933465276596225
1068933502618488834
1068933522335899653
1068933586508750848
1068933737918943239
1068933846534668289
1068933854944219138
1068933892697194496
1068933936322150400
1068933958539362305
1068933980769140736
1068934032363266048
1068934150219022339
1068934232838295553
1068934247933779968
1068934250030866433
1068934607402426369
1068934658988089352
1068934669054369792
1068934680815251457
1068934735324270592
1068934758397329408
1068934916107354112
1068934922402840576
1068934976912134144
1068935023070519304
1068935062480146432
1068935141735784448
1068935398016122880
1068935413967003648
1068935522171551745
1068935587615387653
1068935653046525952
1068935757069467648
1068935951253147651
1068936005355536385
1068936061123026944
1068936064482578432
1068936365218381825
1068936371530858497
1068936373627838464
1068936409266966528
1068936509103976448
1068936553966166017
1068936595913523200
1068936654637973507
1068936741476884480
1068936975061790722
1068937119383478272
1068937122315468800
1068937207845662722
1068937252754067458
1068937296794345472
1068937336199667712
1068937394093768706
1068937523278356480
1068937643637923840
1068937646590676992
1068937680975773697
1068937714550992896
1068937876035985408
1068938024912908289
1068938134790914048
1068938175911989248
1068938232132329473
1068938287044165633
1068938306786856961
1068938311392219137
1068938321462624256
1068938400315564032
1068938487133601792
1068938503919190017
1068938667891277824
1068938673759109125
1068938712799764486
1068938733330857985
1068938766474047488
1068938807570063360
1068938922091270144
1068939144393605120
1068939271443234817
1068939271866916865
1068939276895830017
1068939396018290688
1068939573449932801
1068939604919812097
1068939703045500929
1068939751280001024
1068939828455194624
1068939831840030720
1068939868728897536
1068939937079353345
1068940112405266432
1068940120793989126
1068940292370415618
1068940327170433024
1068940526811049985
1068940557421035521
1068940626647932928
1068940637972688896
1068940703802241024
1068940718083923968
1068940749360807936
1068941254094917635
1068941403844214786
1068941498618662912
1068941664717287428
1068941665556185088
1068941708338057219
1068941816148430849
1068942035506290688
1068942095904382976
1068942451149336582
1068942498964402179
1068942541754634241
1068942550571106305
1068942732608106496
1068942785443700736
1068942818599682048
1068942824442404866
1068942858412089345
1068942936849768448
1068942975886114817
1068943030382731264
1068943076536852480
1068943091216859137
1068943123072479232
1068943238449381376
1068943283735470080
1068943664158789635
1068943776146747393
1068943843670851584
1068943855414857728
1068944102463553537
1068944184256733184
1068944211502862336
1068944216561278976
1068944372148961281
1068944579334934528
1068944735392288768
1068944807542837249
1068944810860523520
1068944823871168513
1068944853252345856
1068944878397259776
1068944896852152320
1068944980322922496
1068945013457985536
1068945169066668032
1068945272678637568
1068945275589443590
1068945368287719425
1068945372511391745
1068945492044857346
1068945500848705538
1068945620797317121
1068945635058036737
1068945696303300608
1068945741996007424
1068945838494355456
1068945859042258944
1068946068749062145
1068946087224868864
1068946140886913024
1068946201721081857
1068946406386229248
1068946440356065280
1068946495750066176
1068946536850059264
1068946575416745984
1068946611504586752
1068946657616818176
1068946665610956800
1068946684900753414
1068946738986328065
1068946864416927745
1068946869013946368
1068946871949975555
1068946908436185088
1068946983958667264
1068947000291401728
1068947459991367682
1068947495659671553
1068947506992750597
1068947619395837952
1068947641621450753
1068947735561175041
1068947775407181825
1068947807300661248
1068947847553449984
1068947884052291584
1068947917199761409
1068947917602521088
1068947965845401600
1068948061458714625
1068948117687554049
1068948219152003073
1068948318556950528
1068948345836748800
1068948433908756481
1068948468738199552
1068948522827898880
1068948547582795777
1068948629367414785
1068948639844917250
1068948784565100545
1068948875560579074
1068948971262025728
1068948980866998272
1068949079831523330
1068949089088204800
1068949189722292226
1068949271955861504
1068949392298819585
1068949428403355648
1068949777356857345
1068949831023017984
1068949839830904832
1068949867093868545
1068949956877213696
1068950016411254787
1068950041598017536
1068950049135239168
1068950168689696769
1068950425355935744
1068950542381211648
1068950653106573312
1068950947974414336
1068950988676046856
1068951160210509824
1068951333019934720
1068951371209162757
1068951426120982529
1068951441241452544
1068951495775666177
1068951519666393088
1068951543158697984
1068951568316280832
1068951570820358149
1068951605217845250
1068951607730233344
1068951645482999808
1068951660171411456
1068951871560261633
1068952025084452864
1068952071204933637
1068952157192445952
1068952189081653249
1068952307780345857
1068952366932733953
1068952595920822272
1068952619006246912
1068952663054852096
1068952730557997057
1068952737273077761
1068952743165988864
1068952783817199622
1068952829140889605
1068953142446968833
1068953191079952389
1068953201154686977
1068953203268624384
1068953240581083136
1068953410458681345
1068953508618035200
1068953537126825986
1068953554310832130
1068953555577507842
1068953628982022146
1068953679754133504
1068953777456275456
1068953819831255041
1068953940614615040
1068953956540456960
1068954064401113089
1068954245137932288
1068954344123494403
1068954372623613952
1068954377262718976
1068954445176815617
1068954453993123840
1068954571043729408
1068954573140881411
1068954630158204929
1068954716573437955
1068954723699621889
1068954725775740929
1068954831476350976
1068954909486268417
1068954935918817281
1068954937189486592
1068954982467203072
1068955014356439041
1068955058807689216
1068955073072570368
1068955156144955395
1068955166618132480
1068955307970224128
1068955420390277120
1068955478678482946
1068955741640216576
1068955741673988096
1068955747109806080
1068955993726484481
1068956080959557632
1068956286895702017
1068956296966230017
1068956440419860481
1068956563321311238
1068956664827662337
1068956702563856384
1068956816648929280
1068956872856748033
1068956911859613697
1068956937449029638
1068956989034774529
1068957132924600321
1068957262109134850
1068957332988719106
1068957357282127873
1068957380350828556
1068957406804303875
1068957419785474048
1068957473061654528
1068957489847242753
1068957494884556800
1068957737298518016
1068957843431272449
1068957893750398977
1068958098033905665
1068958141235191808
1068958244805246978
1068958247342624768
1068958614352732161
1068958665510711297
1068958693201457157
1068958696540200961
1068958722565775360
1068958887385227265
1068959119728697344
1068959178474078210
1068959191044419584
1068959239685558274
1068959266550226945
1068959535384182786
1068959725398777856
1068959760236638209
1068959888573894658
1068959939329183745
1068959947717775360
1068960005179752454
1068960034938372101
1068960175875387392
1068960316392910848
1068960401537167361
1068960441366282240
1068960526930243585
1068960570957676544
1068960577685352448
1068960654462255111
1068960662834024454
1068960695964901376
1068960753409880064
1068961063796912128
1068961070935461888
1068961265148678145
1068961327195000832
1068961373340622848
1068961534389510144
1068961536511758338
1068961559987277825
1068961717684764676
1068962130433646592
1068962249115664384
1068962296926359552
1068962502447439872
1068962592641605632
1068962598085951488
1068962632894480384
1068962954601738241
1068963045211365377
1068963055256637440
1068963086311272448
1068963124487888898
1068963149225713664
1068963300224856064
1068963397532860416
1068963506169528322
1068963730543833089
1068963974224453632
1068963986413166592
1068964752297099264
1068964956127879170
1068965078186176512
1068965322286383105
1068965502637232129
1068965570589179904
1068965753058091008
1068965791620653057
1068965942632210433
1068965955643064322
1068966043295588353
1068966067626594304
1068966121318031362
1068966352826888193
1068966373370589184
1068966479893282816
1068966488294383616
1068966569261309952
1068966609946071042
1068966932064477185
1068967160633061376
1068967286042701827
1068967367827472393
1068967447951261696
1068967449201180672
1068967464724180992
1068967581757902850
1068967688293167104
1068967773035028480
1068968030548500481
1068968076253614081
1068968112765190144
1068968145896001536
1068968274233315329
1068968292264628226
1068968408472006656
1068968445767761921
1068968480177709056
1068968480194600960
1068968543084003329
1068968757417123840
1068968765801619458
1068968853462544385
1068968954541105159
1068969016193097729
1068969386399211520
1068969500245143552
1068969715836571649
1068969790050578433
1068969912113291264
1068969928454217728
1068970274488545280
1068970281207832577
1068970324010532864
1068970436409606144
1068970717830672387
1068970763955388417
1068971138506616833
1068971172073754624
1068971391855280128
1068971473224777728
1068971496738091008
1068971585212542976
1068971775650918402
1068971869586436096
1068971988281171971
1068972001283502081
1068972503756939265
1068972518868951040
1068972549919424518
1068972561659248641
1068972563735502848
1068972845169029121
1068972900986818562
1068972976039702528
1068973075864199168
1068973105647943680
1068973244076736514
1068973282228023296
1068973298179080193
1068973474339848192
1068973531814338561
1068973593034293248
1068973657609854978
1068973715503882249
1068973832105598977
1068973950808449024
1068974204974968833
1068974361011466240
1068974381995622400
1068974406326722560
1068974415545815045
1068974468398166016
1068974577844252672
1068974731359997953
1068974747298529281
1068974962055233537
1068975045094064128
1068975050966122496
1068975345393524736
1068975576503992321
1068975671723073536
1068975867169316864
1068975880192630784
1068976191389003777
1068976270686318592
1068976287887179776
1068976322704261125
1068976334028881920
1068976358347423744
1068976367553970177
1068976542469029888
1068976572265320449
1068976574358347776
1068976682541797377
1068976727416819713
1068976799583940608
1068976961911832576
1068976984984698880
1068977242091528193
1068977297846358016
1068977465228492806
1068977562091732997
1068977563782004736
1068977742471880704
1068977756292018176
1068977948412207104
1068978160224673793
1068978232756707328
1068978303648727040
1068978664769937408
1068978970144751617
1068978996543664128
1068979137891745792
1068979351805460480
1068979454981095424
1068979570320252936
1068979625685123072
1068979789288038400
1068980472536018944
1068980480517832704
1068980613464514560
1068980683937378305
1068980760265281536
1068980771162071040
1068980875591905280
1068980989702082560
1068981217863843840
1068981300466315264
1068981315163312128
1068981324411691014
1068981495946272768
1068981549218041856
1068981646500814848
1068981869650354176
1068981883931832320
1068981895235461120
1068981905318658048
1068982093202501634
1068982263092785152
1068982303358050304
1068982336883175424
1068982485357277184
1068982627577802752
1068982992457080832
1068983005887123456
1068983050367832064
1068983137609355264
1068983447971143686
1068983560785268737
1068983602732507136
1068983732357484546
1068983742839050240
1068983785205760002
1068984126168944640
1068984169370435584
1068984189922492418
1068984209656692737
1068984496983367680
1068984722196451331
1068984838802165760
1068984927709028352
1068984937787858944
1068985013717340162
1068985069061079040
1068985231368220674
1068985346321453058
1068985549741088769
1068985582888595457
1068985643269873666
1068985936883712000
1068986002717507584
1068986437658427392
1068986568122277888
1068986573155377152
1068986691434807298
1068986874289512448
1068987113809502208
1068987264804372481
1068987310484672513
1068987336501940226
1068987370920304640
1068987546237976576
1068987561333350400
1068987647299895296
1068987695534403584
1068987765587566593
1068987813398482944
1068987894776385536
1068987995028631558
1068988000888111104
1068988782702206981
1068988967243124738
1068989079226908673
1068989413110226944
1068989505799999488
1068989545658621957
1068989585089331206
1068989660590944256
1068989854787096576
1068989939092738049
1068990051076501504
1068990293901524992
1068990303141543936
1068990340047228928
1068990806470537218
1068991068593692680
1068991136952475648
1068991380641464321
1068991535004426241
1068991692299296769
1068991714931679238
1068992078154276864
1068992421692956672
1068992427967553537
1068992494669565952
1068992916603969541
1068993089421942785
1068993110791897089
1068993128844222464
1068993187124047873
1068993202252705793
1068993277326585856
1068993328929230857
1068993450970882048
1068993566322696198
1068993607825272833
1068993645569810432
1068993769725407233
1068994082222104579
1068994361130655744
1068994389224169472
1068994658913656832
1068994661040017408
1068994779726446592
1068994804451868672
1068994885842321410
1068995004520112130
1068995059490725888
1068995084664762368
1068995158904049665
1068995161839943683
1068995408855252993
1068995507849064449
1068995573301329920
1068995631144992768
1068995742310850563
1068995808144515072
1068996074097033216
1068996245623062528
1068996251067301889
1068996270377877504
1068996293853368326
1068996420097597441
1068996673429360641
1068997031660797952
1068997069799677953
1068997126418505735
1068997140276527104
1068997241350823937
1068997275735728128
1068997372619956229
1068997667076931585
1068997728309571586
1068997796693516293
1068998030307684352
1068998212336312321
1068998220729262080
1068998221974900736
1068998342343081984
1068998365009141763
1068998682106871816
1068998812532916226
1068998828915941376
1068998901884170240
1068998979902468097
1068999227789975552
1068999329283629056
1068999389249564672
1068999398485606400
1068999657681022977
1068999841001467906
1068999979837128706
1069000009159331840
1069000083411222528
1069000172737347584
1069000216370647040
1069000408494878720
1069000796455559168
1069000832522182656
1069000971357835264
1069000988961513472
1069000991884877827
1069001057324290048
1069001187339444225
1069001222579863552
1069001366436229120
1069001561056137216
1069001589191393280
1069002305578635264
1069002307650506752
1069002402429370370
1069003323498536965
1069003420005294080
1069003435494785024
1069003743369314305
1069003778161020929
1069003872558026752
1069004142235000833
1069004380882591744
1069004402294489094
1069004495407976448
1069004663603806212
1069004748332908546
1069004775155486720
1069004908139962368
1069005081364914176
1069005111127625728
1069005241989902338
1069005252064493568
1069005257915666432
1069005653866409984
1069005710917332994
1069005887925350400
1069006094280916992
1069006099318169600
1069006246546735105
1069006514562580480
1069006575375982592
1069006740614713347
1069007158375723009
1069007211634995200
1069007710354583553
1069007824410353666
1069008227918991360
1069008266510942210
1069008349117800448
1069008884755390464
1069009303758098433
1069009320963178496
1069009363325632513
1069009429566291969
1069009861579546627
1069009920744411137
1069010067549241344
1069010188756115456
1069010386312142849
1069010479001915392
1069010492402724864
1069010583855529984
1069010710946971648
1069010758774644737
1069010811195150336
1069011022143504385
1069011023837847552
1069011476004970502
1069011676882771974
1069011845493784576
1069011900011298817
1069011938615717890
1069011994815209477
1069012333303906310
1069012382809276422
1069012582877532165
1069012686044839943
1069012712473149442
1069012904979001345
1069013067734888448
1069013420878508032
1069013612147032064
1069013725389225984
1069013757270126593
1069013758519824384
1069013835263033344
1069014160334237696
1069014219054563328
1069014248418881537
1069014385564180481
1069014452274642944
1069014489155215361
1069014802926850049
1069014950947909632
1069015330146660352
1069015866174451712
1069015976061095936
1069016279711911937
1069016499933929473
1069016507454173185
1069016661829844992
1069016810731814912
1069017144183140352
1069017442792353792
1069017483070316544
1069017610593947649
1069017752747290624
1069017758204129280
1069017899992416256
1069017950718492673
1069018122701565952
1069018126044487680
1069018576512679936
1069018794608201728
1069018896131387400
1069019146933784577
1069019157008711681
1069019176717697025
1069019739593289728
1069019758073393152
1069020102010576896
1069020536083075072
1069020809140801541
1069020827171975168
1069020948391763969
1069020999566278656
1069021109029343233
1069021157276508161
1069021254177484801
1069021317490507777
1069021329658122240
1069021380430188545
1069021592666103808
1069022361481965568
1069022494022135809
1069023050576719873
1069023096319827968
1069023379422945280
1069023386146357248
1069023387794722820
1069023792566059008
1069023957406400512
1069024076943872002
1069024273665323009
1069024409535438849
1069024538304737280
1069024610027520000
1069024666218582016
1069024694337241089
1069024731263918080
1069024763530682368
1069024959836684289
1069025318047047680
1069025594871033856
1069025626315665408
1069025841059835904
1069025887176273923
1069026066277240834
1069026402249437184
1069027146738409472
1069027464247156736
1069027605196808193
1069027829143298054
1069028034680930304
1069028567370121216
1069028623972270080
1069028752338882562
1069029003581808640
1069029306398109696
1069029532047429632
1069029559733968896
1069029657037684736
1069029994272382976
1069030002627407872
1069030008948183040
1069030441380966400
1069030561744855040
1069030822630502401
1069030952238600193
1069031114138890240
1069031432922820608
1069031740759515136
1069031761319878656
1069031856123904002
1069031882946314243
1069032043592351745
1069032848496226304
1069032919375716353
1069033266219548672
1069033876914356225
1069034043453321216
1069034097958404096
1069034679733575682
1069034715347329024
1069034973305307137
1069035303409577984
1069035379326504960
1069035487950721024
1069035542493478912
1069035582737842177
1069035648181522432
1069035704381046784
1069035772739694592
1069035833150398464
1069035907406213120
1069036004273664000
1069036040344657920
1069036136809431041
1069036264324833281
1069036297044529154
1069036386362236928
1069036430851158016
1069036440900829184
1069036445095116800
1069036650636791808
1069036729464750081
1069036752139182080
1069036777300733952
1069036815053668352
1069037059581648896
1069037183284273152
1069037184978702337
1069037244105850880
1069037694980956160
1069037851847741440
1069037916888780801
1069037939521400832
1069038037261119490
1069038070375141378
1069038188260409344
1069038389566029824
1069038423548268544
1069038767900508160
1069039209963499520
1069039517405978626
1069040200251305985
1069040264415711232
1069040325237317633
1069040440991784960
1069040441838817281
1069040525725114369
1069040593672724481
1069040678007582720
1069040939706929152
1069041361670819840
1069041482441654272
1069041657759375362
1069041961854619648
1069042190872182784
1069042539003441154
1069042625834041345
1069042655164719104
1069042670700544000
1069042745359032322
1069042817098485760
1069043048624070656
1069043057834803200
1069043106065129473
1069043125765648384
1069043145512534017
1069043148427542529
1069043151795625984
1069043315365081089
1069043476422119425
1069043752830943233
1069044035099246592
1069044175616790528
1069045412080738305
1069045431831805952
1069045828176744449
1069045976248328192
1069046039968137216
1069046439710384130
1069046653301080064
1069046665338859520
1069047017698197504
1069047123381936129
1069047138460598274
1069047374616637442
1069047645585514496
1069047775608938497
1069047819649073153
1069047836413636609
1069047898057273344
1069048074633236480
1069048296117870592
1069048596916404226
1069048849757540352
1069048881189740545
1069048935740858368
1069048961309319169
1069049456669147136
1069049557344968704
1069049589632782342
1069050264898932736
1069050280019251205
1069050393240526848
1069050537973293057
1069050729199951872
1069051260655923201
1069051372203532288
1069051415841173504
1069051426729574402
1069051430906916865
1069051899444428800
1069052337748987905
1069052339007287297
1069052407798267905
1069052423703052290
1069052593995960321
1069052661100625920
1069052688812425216
1069052709758742528
1069053065867587592
1069053598124961794
1069053615338225664
1069053636729364481
1069054101017804800
1069054195398057984
1069054538894606336
1069054770835595265
1069054838783307777
1069054882408206336
1069054923084570625
1069054979292332032
1069055108082778112
1069055261564915712
1069055457883492353
1069055479287029762
1069055566947831808
1069055623139078144
1069055951527862272
1069056261512142848
1069056318126776320
1069056432631361539
1069057125131984896
1069057667426070528
1069057716520333317
1069057813819916288
1069057909039030272
1069058147686469632
1069058148529553410
1069058278976454656
1069058518039306240
1069058691683545088
1069058835539795968
1069058882935259137
1069058950912458753
1069058991165267968
1069059263388094464
1069059396737605632
1069059512106172416
1069059572911013888
1069059817006755840
1069059838846615552
1069060573680287744
1069060804794822657
1069060997288054784
1069061042171342848
1069061654107824128
1069061776585703424
1069062135207157760
1069062164986675200
1069062298805911553
1069062447682641921
1069062713610027008
1069062727014858752
1069063296198893569
1069063443821547520
1069063662780977152
1069063880058396672
1069064793557004288
1069064911005769728
1069065000327749639
1069065212983164928
1069065634116501504
1069065656761339906
1069065844632752128
1069065902107316227
1069066226742304768
1069066439804534785
1069066546339696641
1069066604678389760
1069066915862142977
1069066931829948416
1069066939362766849
1069067106723999744
1069067417920376833
1069067729150377984
1069067735018045440
1069068123414896640
1069068270639165441
1069068286166470656
1069068521454342144
1069068647715520515
1069068745006505985
1069068829739765760
1069069782262140928
1069070119073009664
1069070396715089921
1069070496535212032
1069070595541880832
1069070657605050368
1069070744854978560
1069070747807744001
1069071105162264576
1069071263283466240
1069071549335044101
1069071626480832518
1069071719183368192
1069071725051215874
1069071893691580416
1069072500598824960
1069072518223486976
1069072564750831617
1069072740072611840
1069072845349769216
1069073583576616960
1069073636005429248
1069073801655181312
1069074198851723264
1069074358268829697
1069074384684490753
1069074591459340289
1069074967252353025
1069075150988107776
1069075193346220033
1069075704195600384
1069075900497518592
1069076148804640770
1069076266236694530
1069076684815704065
1069076807721340929
1069077263625453568
1069077402914095104
1069078185952735232
1069078878470078464
1069079148562284544
1069079268108455938
1069079307945984002
1069079380918333440
1069079595658416129
1069079756308664322
1069079865796845569
1069079950525906944
1069080031899508736
1069080115357851648
1069080141366611968
1069080387559796736
1069081016273444865
1069081028038459392
1069081356456476672
1069081845495726080
1069081853469040641
1069082282986622976
1069082403354886145
1069082630669271040
1069082981745209344
1069083319806001152
1069083580666544128
1069084031583731712
1069084119664128002
1069084464830005248
1069084609546076160
1069084615015567360
1069085320044527616
1069085338532962304
1069085401435041792
1069085412763844609
1069085718528622597
1069085812481056768
1069085878755254272
1069086050281152513
1069086224348921856
1069086361083367424
1069086475181002752
1069086902572236800
1069087704112144384
1069087902066515968
1069087977169653763
1069087985549959169
1069087989307973634
1069088004407508992
1069088388609990656
1069088394058309632
1069088398265196545
1069088525776080897
1069088539181281280
1069088797562941440
1069088894438830080
1069088940601294848
1069089012739014656
1069089084042342400
1069089388955619330
1069089400284278784
1069089532002385922
1069089547928117249
1069089764329037824
1069089887658348546
1069089891424833536
1069089980767760384
1069090258422243328
1069090297873907714
1069090643060903936
1069090759654035459
1069091105696673795
1069091125800198145
1069091408496263168
1069091557012172801
1069091806975905793
1069092457093173249
1069092692792086529
1069093406662696960
1069093514481491969
1069093670069116928
1069093845814661120
1069094090371973120
1069094515221372929
1069095017732550656
1069095991213731841
1069096229466984448
1069096704652308480
1069096824634572802
1069098042211610625
1069098084586598400
1069098136159875073
1069098272931889153
1069098342548934657
1069098423071105024
1069098624800497664
1069098690663526400
1069098869332615169
1069098902916395008
1069099172995858432
1069099627654180864
1069099681362391040
1069099722873454592
1069099909104713728
1069100184683065344
1069100346574860290
1069100369215508480
1069100784481169408
1069101598167711746
1069101652664307712
1069101661061210113
1069101835972108294
1069101979400642560
1069102174452375554
1069102337606578176
1069102496998715392
1069103213398372352
1069103316548825088
1069103751930163201
1069104011561713664
1069104362205650945
1069104810564116480
1069105635575369728
1069105774411112448
1069106191345815552
1069106391829356546
1069106590626631680
1069106598608551936
1069106635933663232
1069106961852047361
1069107749932347392
1069107792294883328
1069107899258019840
1069108242360532992
1069108361071927296
1069108698289766401
1069108814467653632
1069108830385184771
1069108863541088256
1069108940699590658
1069109146237063169
1069109177275027457
1069109561028685824
1069109617228173312
1069109855921684480
1069110516906422272
1069110673362300928
1069111147310264320
1069112713064972288
1069113481050378240
1069113572880375808
1069113762051805185
1069113905081774081
1069114150436012034
1069114557308772353
1069114882358984704
1069114914231308288
1069115175519817728
1069115397411151872
1069115420064579585
1069115433473724417
1069115719558803456
1069115879768514560
1069116253883662336
1069116403217809418
1069116431328075776
1069116698496811008
1069116786984042496
1069116888570056706
1069117068866392064
1069117130912776192
1069117804513759237
1069118268416421889
1069118514198454272
1069118705899094016
1069118943686725632
1069119464225079296
1069119572433911808
1069119677274759168
1069119710430552065
1069119917624979456
1069119956225327104
1069120171376340992
1069120225046614016
1069120430588522496
1069120614726688768
1069120910429442049
1069120939760263168
1069120972085755904
1069121211580338181
1069121762288271362
1069122001753661440
1069122348622798848
1069122354926645248
1069122513890918402
1069122515975397376
1069122758834102272
1069123006285447168
1069123084739846144
1069123388835278848
1069123467688243200
1069123656847110146
1069124070804004864
1069124389600284672
1069124520861147138
1069124586728378368
1069124833336803329
1069124852206817281
1069124964215914496
1069125016195907584
1069125099251478530
1069125103286448129
1069125504429477890
1069125558548684800
1069125824471883776
1069125865987035136
1069125910035644416
1069126041724084225
1069126193574699008
1069126201518813184
1069126504368488448
1069126768173424640
1069126827300524032
1069126987955011584
1069127242570067968
1069127292457230336
1069128038196088832
1069128257591754752
1069128265942687744
1069128491185201152
1069128562916159488
1069128600241229825
1069128604003573760
1069128729023168513
1069128973559390209
1069129098952359936
1069129194561396736
1069129266732953601
1069129488586416128
1069129517111934976
1069129563257692160
1069129658455785472
1069129833379061765
1069129859371343872
1069129861044817920
1069130085461123073
1069130215459180549
1069130416811139072
1069130441976881154
1069130672634298368
1069130716707991552
1069130732637954048
1069131157109764096
1069131273262809088
1069131310592114688
1069131451956789248
1069132082339692544
1069132118414901249
1069132462771462144
1069132591968641025
1069132633483825157
1069132680040730625
1069132815122513920
1069132847821144064
1069133572613656577
1069134204674273280
1069134265491701760
1069134792711696395
1069134900932931584
1069135092612718592
1069135413040873472
1069135562794127361
1069135705820094465
1069135762875023360
1069136195727314944
1069136253592002560
1069136372278153217
1069136433951182848
1069136499784986624
1069136664222728192
1069136764470743040
1069136956557312001
1069137047137349632
1069137169229336576
1069137735007522816
1069138213162278913
1069138311321534464
1069138487880822784
1069138846913359872
1069138888025939968
1069139166540242944
1069139340587094016
1069139531423772673
1069139847284051968
1069139955899908097
1069140059092340736
1069140183252004864
1069140288080236544
1069140359836508160
1069140663915036676
1069140805674135552
1069140929389387776
1069141066991976449
1069141119403880448
1069141159270891520
1069141287197179905
1069141288837103616
1069141307740741633
1069141666752167938
1069141775376424961
1069141780019507201
1069141990984597504
1069142097092116480
1069142155392966657
1069142386905882624
1069142478761140224
1069142584457658368
1069142633111527426
1069142948124794880
1069143303780741120
1069143374702227456
1069143425021300737
1069143487491260416
1069144636331982849
1069144683291435010
1069144698822914048
1069144889668116480
1069144906461982720
1069145069620408320
1069145159349256192
1069145243235180546
1069145331315527680
1069145376618438656
1069145612761870336
1069146199528103936
1069146367312957440
1069146698663018496
1069146824517181440
1069147537943093249
1069147672593002497
1069147744311357441
1069148021546455040
1069148101645086720
1069148173812166657
1069148730387918848
1069149631718858752
1069149777726705665
1069149984086384640
1069150010930016256
1069150250395414528
1069150624946642945
1069150810351656962
1069150866530283525
1069151032222068741
1069151147137556480
1069151223469592576
1069151759950667776
1069151823691419648
1069151833766141952
1069151874845040640
1069152253620105216
1069152620613435392
1069152662547877888
1069152723382255616
1069152760678006784
1069152801366990848
1069152864285659136
1069153062277640192
1069153150358220800
1069153373079789568
1069153425923788800
1069153509797285888
1069153835707445248
1069154264335962112
1069154488332820480
1069154695929913345
1069154726573473792
1069155327197749248
1069155634224885760
1069155733621551105
1069156319976808448
1069156350192545792
1069157035097255936
1069157847965949952
1069157876483145728
1069158065671471104
1069158494304129029
1069159165816438785
1069159287853858817
1069159299199324160
1069159667455029248
1069159745905483776
1069160112059834369
1069160198894510082
1069160391803060226
1069160530626138112
1069160966867234816
1069161806986268672
1069161937433436165
1069162186130563073
1069162796808581121
1069163034218778625
1069163112677367808
1069163678459719680
1069164090755551232
1069164305109549056
1069164316014841857
1069164383543017472
1069164397782814720
1069164910343421953
1069165267685658624
1069165541598756864
1069166304119140353
1069166338059362306
1069166929896710144
1069167086340055042
1069167303202299905
1069167368209932289
1069167399222546433
1069168532099723265
1069168826158321665
1069169033763786752
1069169285396930560
1069169778663792640
1069169950634459138
1069170372166045697
1069170990809260032
1069171116248391685
1069171350290423808
1069171510491910149
1069171925312782337
1069172485680185346
1069172637908131840
1069172815327301632
1069173178981769218
1069173714590318593
1069173739781271553
1069173789680787456
1069173811898195968
1069174398261833733
1069174694408933378
1069174737585221635
1069174758548406273
1069175069774147584
1069175102074368000
1069175313903562754
1069175324796223490
1069175435961888768
1069175871309791232
1069176100310433792
1069176628813606912
1069177223133851648
1069177804879790080
1069177838434164737
1069178106466906115
1069178255368830977
1069178301069967360
1069178337971470336
1069178642910142465
1069178795171725312
1069179116874752000
1069179271623643137
1069179347142144002
1069180262750306304
1069180320224661504
1069180331536932864
1069181102034579456
1069181294528086017
1069181402745368576
1069181706865827840
1069182085611565056
1069182331393474560
1069182708855713792
1069182832168198144
1069183582948794368
1069184111041015810
1069184168892948483
1069184746888978432
1069185176805158913
1069185325690306560
1069185925484343297
1069186141465837568
1069186197686181889
1069186326854029312
1069187144344834053
1069187684558675968
1069188318313631745
1069188588850548736
1069190328236875777
1069190415067295744
1069190554301419520
1069190657481162753
1069190697746644992
1069191684250988546
1069191922072342528
1069192342350045186
1069192968114888704
1069195809336553472
1069195944011460608
1069197479957028865
1069197784027324416
1069199395470655494
1069199850997207040
1069200117754925058
1069200163900669953
1069201147863257089
1069201183498297344
1069201680976289793
1069202202332299264
1069202751781916672
1069204394661564417
1069204474370162688
1069204781808279552
1069205551874105344
1069205798914543616
1069206625205084160
1069206843728297985
1069207190165172224
1069207526967832576
1069208871690883073
1069211053135937539
1069211177685794816
1069211611380891648
1069212497230458882
1069212529929408518
1069212550070484994
1069212687245037570
1069212990497611776
1069213475359129601
1069213935029682176
1069214200139055104
1069214373363793920
1069214504226078721
1069214617874849793
1069216173114351621
1069216589185191937
1069217156695506947
1069217541724274688
1069218757652946945
1069219134699917315
1069219358281474048
1069219369169883138
1069219634698756096
1069220194634088448
1069220367837863938
1069221032626548736
1069221049424855040
1069222094641213440
1069222204515201024
1069223051777200128
1069223185978146816
1069223464081469440
1069223647380992000
1069224203101061122
1069224229101625345
1069224359577952256
1069224704341393408
1069224846100520963
1069225075956690949
1069225568783265792
1069226336357560324
1069228157075640327
1069228474592841728
1069229063066345474
1069229667041857536
1069229776907448322
1069231577962401793
1069231785597378560
1069231817889210370
1069232113159950336
1069232244852695040
1069232583748272129
1069232660382474240
1069233106379509761
1069233110968164358
1069233241838673920
1069233402048626689
1069233536719302657
1069233592885223426
1069233722090815490
1069234062680674304
1069234418340909057
1069235083142447104
1069235193440075776
1069235291616030722
1069235870409068545
1069235921600618497
1069236424749342720
1069236790647812096
1069237104801169408
1069237280123043841
1069237380798865415
1069237489012011009
1069237943221411840
1069239027033939968
1069239409269239808
1069239787058589697
1069240269814579200
1069240759726018562
1069240792848498700
1069241483637620737
1069242424432779264
1069242803157385217
1069243223858655232
1069243312366854144
1069243487697145857
1069244443163848705
1069244730897301506
1069244922975461376
1069245741724426240
1069246385130659843
1069246511786057730
1069246537795026946
1069246560444108803
1069246716870832131
1069246867475767297
1069247047797137408
1069247063748108290
1069247384633393152
1069247749088890880
1069247852260544512
1069248726374457346
1069248809824395264
1069249316911529985
1069249361807327233
1069249423056822272
1069249519085342720
1069249529160101889
1069249570260086785
1069249684768792576
1069249886942519299
1069249935181324292
1069250387725742080
1069250482965815296
1069250723282591750
1069250750109417472
1069251151948906496
1069251246715006976
1069251843572801537
1069252889632231425
1069253862316490752
1069253930238959616
1069254069901058049
1069254559405613056
1069254666339389441
1069254861370392576
1069255002319769600
1069255582383652870
1069256086526533632
1069256291221151745
1069256445999415296
1069256757556510720
1069256760991670272
1069256809196724230
1069257229897879552
1069257483678613511
1069257700096266240
1069257760477466625
1069257781021196289
1069258267975512065
1069259176080285696
1069259434008883200
1069259533409796096
1069259969638350848
1069260066107416580
1069260714932613122
1069260745148440576
1069260877675806726
1069260892376915968
1069261076519444481
1069261451473420291
1069261577285718016
1069261827278725120
1069262070540107777
1069262141834870785
1069262240828796928
1069263094361264128
1069263227748577280
1069263242848026624
1069263506246127616
1069263595597426693
1069263668154638337
1069263817044041729
1069263831304732673
1069263836354625536
1069264155100753920
1069265123150315520
1069265163432484867
1069265168897589249
1069265182315040768
1069265257393213440
1069266248079421441
1069266605413027840
1069267011447021568
1069267256373362688
1069267407821262850
1069267479107637250
1069267687967141889
1069267714844360705
1069268023532552192
1069268148103376896
1069268922782879745
1069268973110218752
1069268984028004354
1069269324588756994
1069269377466421251
1069269392146526214
1069269405538942976
1069270015382298625
1069270083351060480
1069270367728996352
1069270440269529089
1069270754846523392
1069270868948410369
1069270936870895616
1069271076553744384
1069271403713753088
1069271450685710337
1069271890689212417
1069272466151768065
1069272631801610240
1069273174951378944
1069273489125924864
1069273618297827328
1069273885051219968
1069274331342127109
1069274363646627840
1069274636272029696
1069274960907173888
1069275193263054849
1069276084968087553
1069276324466966532
1069276648707686407
1069276922574716929
1069277206109663232
1069277315169947653
1069277951454322688
1069277960652214272
1069278181708959745
1069278506364747776
1069278649814302720
1069278743758340097
1069279142338879490
1069279157735976960
1069279415689973768
1069279497445392385
1069279684544921601
1069279748264771584
1069280116105142273
1069280887886495744
1069281106825003008
1069281592512663553
1069281691922034689
1069282222509834240
1069282486759366657
1069282637301338112
1069282885214134275
1069283040382332928
1069283059248164864
1069283417467035661
1069283524430127105
1069283660329668608
1069283751752953856
1069283994594758656
1069284088949891072
1069284175776284672
1069284289882320896
1069284734478544899
1069284919002697728
1069285015501062146
1069285181184462850
1069285505798467587
1069285646303399936
1069285650522931202
1069285661008527360
1069285686568579072
1069285767111880704
1069285980312662016
1069286009534377984
1069286093848223744
1069286384928784385
1069286589178806272
1069286626088624128
1069286643310448640
1069288030790250496
1069288234608410625
1069288330259423232
1069288487097196546
1069288967353159680
1069289023565381637
1069289088593858561
1069289441733292033
1069289797401919489
1069290977259442176
1069291241521606656
1069291333360205827
1069291401299529728
1069291854703853569
1069291858499723264
1069292454082277376
1069292606759157760
1069292722534707200
1069292778318909440
1069292908317196288
1069293011522199559
1069293930045456384
1069294146085638145
1069294146907709440
1069294988289175552
1069295420705251328
1069295563731075073
1069295823387713536
1069295871198662657
1069296087180038144
1069296141705994240
1069296531809824768
1069296639175610368
1069296643772682242
1069296909297336331
1069297241876250624
1069298011560267776
1069299104142901248
1069299219062759424
1069299249278410752
1069299748400705536
1069299849483509760
1069300243735478272
1069300444671791104
1069301009636184065
1069301370350694400
1069301375383887872
1069301596402667520
1069302682333130753
1069302734342537216
1069302902521360385
1069303331598680064
1069303440235347968
1069303468765077505
1069303603398131714
1069304871726301185
1069304918320836608
1069305482446282755
1069305606996090880
1069305973167276032
1069306842667458561
1069306882911887366
1069308264096153600
1069309011118309376
1069309178471043073
1069309610891272192
1069310405296701440
1069310889738858496
1069311280207589380
1069312688650514432
1069312972613459968
1069313510352535553
1069313774568390656
1069314112222457856
1069314229658890240
1069314295085887488
1069314712008081408
1069315784919396352
1069316341075718149
1069316554125324288
1069316924083970052
1069317373725818880
1069318704570212353
1069319573193859072
1069319576561815552
1069319642835910657
1069319833668460544
1069320029240520704
1069320235889635328
1069320277849530369
1069320897771839489
1069320988767076352
1069321979910606848
1069322396820213762
1069323272163127299
1069323376597090304
1069324237687668736
1069324452863856641
1069324886529720320
1069324992230363137
1069325123088453633
1069325167132692480
1069325221662986240
1069325401183391744
1069325430530998272
1069326572660973570
1069326859119149056
1069327091475365888
1069327315039965184
1069327350679199744
1069327633828192256
1069328015920963592
1069328144694419456
1069328666470027266
1069328983974658048
1069329778774175744
1069329977991184384
1069330271185514496
1069330492237864962
1069330725025984513
1069331541220823041
1069331570991886336
1069331674608140293
1069332619580661761
1069333506252255235
1069333711349575680
1069334796860628993
1069334830809210880
1069335082882744320
1069335502757670912
1069335642398695431
1069336285813268480
1069336522812530688
1069336695588487168
1069336959028523010
1069337328538267649
1069337406959206401
1069338289042157568
1069338710112522240
1069339065403826176
1069339348938776576
1069339794780680193
1069339876569550851
1069340571561529345
1069341006506668037
1069341813490806785
1069342518129520640
1069343138039291904
1069343682048880641
1069343990778974208
1069344132945141761
1069344159369179136
1069344236531662848
1069344290667671552
1069344388801863682
1069344548592115712
1069345228509851648
1069345287645343744
1069345541404925952
1069348198496505857
1069348725292716038
1069348985351991296
1069349009255530497
1069349043237736448
1069349390077313024
1069349637151170560
1069350902115520513
1069351597543698432
1069351994756907008
1069352099614507009
1069352141150724098
1069352843662913537
1069352916258103297
1069353584817524736
1069353765172588546
1069353902301200384
1069354034421592064
1069354215229681664
1069355609399705601
1069356256178184195
1069356677709905922
1069356955339300864
1069357391978860544
1069357922973609984
1069358954789130242
1069359054198210560
1069359624619532294
1069360965517565953
1069361559460286464
1069362092539617280
1069362960332742656
1069363142801661953
1069363696852361216
1069364001384017921
1069365805735907328
1069366963326017537
1069367106406371328
1069367496073990144
1069367671395966981
1069367850073288704
1069367938153684993
1069368168815173632
1069369012298153985
1069369221581283329
1069369803763146752
1069369804618850306
1069370423698182149
1069371740688711682
1069371985216585728
1069372892868014080
1069373390304231424
1069374123900583941
1069374826031312897
1069375071809085441
1069375625037795328
1069376360718757888
1069376768421838849
1069376965520576513
1069377483542282241
1069377625712414721
1069379918339940352
1069380140206080000
1069380420809019392
1069380992064995329
1069381427421167616
1069382976801308672
1069383475956977664
1069383494399336448
1069383709554556929
1069383840853037056
1069385032018657280
1069385104185794560
1069385230845280256
1069385493819871233
1069385550455545857
1069386583067975680
1069388464641245184
1069388610179338241
1069388945312661504
1069389007371493376
1069389466232532995
1069389938511282176
1069390390652895232
1069390854144450560
1069391205627133952
1069392020156887045
1069395660825337856
1069395693519933440
1069396425849663489
1069396615864168448
1069398091814617088
1069399069519503360
1069400300144877568
1069401519416664064
1069401643160981504
1069401815551262720
1069403029785509888
1069403411865587712
1069406328592961537
1069406548798115841
1069406683842043904
1069411974570594304
1069412253055811588
1069412469066608641
1069413827614318592
1069414161057239040
1069415904633470976
1069417026999988225
1069417301730967552
1069417939273691137
1069419651409592321
1069420163525570560
1069423154047713280
1069423752142827520
1069425017149186048
1069425387518730241
1069429291564318721
1069429515535945733
1069429549094588416
1069431259552718851
1069432278336454656
1069432738057527300
1069433534132162560
1069434224917143552
1069435002134384640
1069435711378661377
1069440987414622209
1069443542584569857
1069444211143929856
1069444435132465153
1069444887240675328
1069448189005127680
1069448800132112384
1069449560148324352
1069450085669302272
1069453604271124481
1069454217901998080
1069454512753131520
1069454924835115008
1069456850691735559
1069458043967033345
1069458354337140737
1069459462459674624
1069468407664394242
1069468505404129280
1069470742633308160
1069470798409359360
1069472022311391233
1069475519509471233
1069476370537943042
1069477373391904770
1069479774228221952
1069481148676485120
1069481258567299072
1069481573139935237
1069486720549191680
1069486999344766976
1069489617819353088
1069489773016956928
1069490449981665280
1069492394033324032
1069493065553870849
1069493091546161152
1069495564922994688
1069498197704269824
1069501667228430336
1069502045550505984
1069506314500534272
1069509045424406528
1069510247935438848
1069511702100754432
1069512641209647104
1069513608479064064
1069514626776408064
1069517163084558336
1069519800064344064
1069526947154210818
1069529194852376577
1069534009074507776
1069535061446443008
1069535360932241408
1069536604954476546
1069538764999946240
1069538988137070593
1069540238031286272
1069548005467000832
1069549470554177536
1069565017597583361
1069565941149773831
1069568003455504385
1069584023243186176
1069590028651819008
1069592321228980224
1069594539621605377
1069595192255074309
1069597765775360000
1069601322230562816
1069601872921718785
1069602392293982208
1069603705421553664
1069608197521063937
1069608768357392384
1069611439718060040
1069616478335508480
1069618078873501697
1069632727488622594
1069633706871218176
1069637635679940608
1069643409957183488
1069651848062164999
1069654378053816320
1069657266876542981
1069657991471919110
1069662210526453760
1069663017070198787
1069669050568097799
1069670514401120257
1069671122143203329
1069675167964676097
1069676070989905921
1069679233935519746
1069679265380265985
1069679452467150848
1069681087830466561
1069683089566257152
1069683608603017217
1069689951229493248
1069690497730600960
1069690687719948288
1069696375221297152
1069696808065122306
1069697629297221633
1069699088910823424
1069702947674697728
1069705296900018176
1069709136257011712
1069710018851889152
1069712994718883840
1069714692149559303
1069715501251813377
1069717917162487808
1069724731660746752
1069730417006112768
1069730424996409344
1069741928688828416
1069746581438693376
1069753496604430337
1069760234309193728
1069765524169601024
1069765856756932608
1069765985996038144
1069768361230295042
1069786813647253504
1069788303430443008
1069804145773821952
1069805482481717248
1069816750051536896
1069823020955566080
1069826429683142656
1069833671971086341
1069845372841934848
1069848144421171200
1069867890806059010
1069903279801417728
1069911676789518336
1069916338049699840
1069917240529547264
1069926651297972225
1069927963716575232
1069930543691849728
1069938114771251200
1069939999683026944
1069940313865814017
1069943739445993472
1069943975883137024
1069950197722173441
1069953526741299202
1069959437362827265
1069960202785452034
1069962025659445253
1069963545251594240
1069966754028445696
1069967727803199488
1069968390087942144
1069970786704855040
1069970907509198850
1069973598155235328
1069980220101410816
1069984083059466240
1069987644875132928
1069988593291149312
1069990916012658690
1069991748154339328
1069997348380655617
1070003788516388864
1070006548196417538
1070008860927295488
1070018787573972992
1070019496839184385
1070024904140050433
1070028926376968193
1070033062879260672
1070034754286759937
1070035368496500742
1070035930868842502
1070036166685016064
1070039739821162501
1070045077475594248
1070046855432671233
1070048135538450433
1070048877946925056
1070053155294113794
1070055047785078787
1070056382806732800
1070056842338934786
1070057404535095302
1070058656715157506
1070058719894036480
1070059602530746368
1070060050931216384
1070061562059210753
1070061628643782657
1070064916848132096
1070069877132705792
1070069901476421632
1070070550746329088
1070091923459858433
1070094748516581377
1070094792128897024
1070095633942405120
1070096995010863104
1070099765319237632
1070109300679356416
1070125943228899328
1070132288103636993
1070137815227424768
1070140951283286021
1070155790730768386
1070162103590252545
1070167600640991232
1070170641536561154
1070171044156104707
1070178151081357312
1070183221072183297
1070183872867065856
1070189562465607680
1070193551248683008
1070206647111364608
1070218743085703168
1070219684249772032
1070227023887515648
1070230776942346241
1070230832298803200
1070231613286473729
1070248567086989312
1070259505378676741
1070263005563113473
1070271105988886528
1070302364916219905
1070319055305875456
1070329782662037504
1070331480901996544
1070336287599718400
1070364803422658560
1070370912812314624
1070380331633643522
1070385936775684096
1070386519414857728
1070387714791489536
1070391193136230400
1070398426607575040
1070398923041312768
1070402819751059456
1070403569659056130
1070403590798434304
1070406047263850497
1070407081549803522
1070417695663894529
1070423438085500950
1070425867451543570
1070429699682299904
1070431349826293761
1070433298919370752
1070451790326435846
1070461997995753478
1070463061704753159
1070477293305454593
1070482963220062208
1070502053095587842
1070503772026073088
1070503838279438336
1070514663367024640
1070531807861325824
1070533329286561793
1070547789300551680
1070561430401941505
1070564815507243008
1070567631973949440
1070568412546510848
1070568445476044801
1070568495987994624
1070575816545878017
1070576115784265728
1070576269295738880
1070581938744778752
1070585993588301824
1070592245810761728
1070593824148348930
1070599332645228549
1070599629899747328
1070600002790076418
1070619520119857152
1070633244746485761
1070648762400468992
1070649644051513344
1070652308265029634
1070654155021258752
1070657390406705152
1070675842101985280
1070684220199198720
1070688267224342528
1070689872883707904
1070692267109871616
1070693920357666816
1070694880878452739
1070695810940186625
1070705992416010243
1070709573105971201
1070714243043942400
1070717005400039424
1070724427627855872
1070728692396101634
1070728885766160385
1070739952005201920
1070750314473635841
1070750996878356480
1070771251176714240
1070771426079240193
1070774706024972288
1070777798472753153
1070781675641163776
1070791126301503494
1070802114560081921
1070810049759592449
1070818182515040256
1070818194036850688
1070825523381788672
1070829361987837953
1070832121445605377
1070846036892155904
1070850427904761856
1070851973929291776
1070855458540396544
1070863128647225345
1070864678891462656
1070865273224355840
1070867281033523200
1070881523610603520
1070883266763284480
1070892024918761472
1070903875056619520
1070919409915572224
1070921332999766018
1070923320705605633
1070926303682064384
1070932186180804609
1070962227069497345
1070971619919695872
1070976110207348737
1070995537376104449
1071001269328904194
1071007918441537537
1071008031788449792
1071022812956164096
1071032081105457152
1071042636805492737
1071046237271588864
1071048907730362368
1071050591411953664
1071051331262185472
1071051854736437248
1071053819759464448
1071065004277932032
1071067498857025536
1071067869008453633
1071076630481788928
1071080798789558272
1071084467517865985
1071086468838408192
1071088285626187776
1071088528082141184
1071088852641742848
1071089421011816451
1071089428557455361
1071090038392283136
1071090052657307651
1071090987592634373
1071092318856507393
1071092609525956608
1071093153942319105
1071095434859462657
1071095540069396480
1071100715429285889
1071101507716739072
1071102063608807425
1071102249714237441
1071102273231687681
1071102453549096960
1071104811599306753
1071105223064723456
1071105743158472707
1071107996762161152
1071110187115782144
1071114994513784833
1071117469580959751
1071119679127781376
1071121208798838789
1071123312712052736
1071124090294099969
1071127394554167297
1071135726954266624
1071141368293138432
1071142697493254147
1071144134449209352
1071144965332439040
1071146203084218369
1071146229902557184
1071147302839091202
1071150037072138240
1071152011754782726
1071154202884354050
1071158444156170242
1071162846073876481
1071172170435440647
1071177558832660483
1071178453066674176
1071182098365599744
1071185723469037568
1071188934661734401
1071211977735880704
1071213627355496449
1071224805599428609
1071227292872073217
1071228299035140096
1071229394864259072
1071233357781053442
1071236951041327104
1071242597421801472
1071244309775536128
1071245533849812993
1071262949417803776
1071268224153477121
1071277943656132609
1071278837021974528
1071319691115794432
1071332224220479488
1071337949021831169
1071338602108338176
1071346893383442434
1071351799045648384
1071353943173812224
1071354719564652544
1071379373255737345
1071395805699829760
1071397126062538752
1071403982898282496
1071405991131013121
1071412694211792896
1071413248132550656
1071415849435705344
1071417755323285505
1071423224427225091
1071426107017216000
1071436435075551234
1071438193084563458
1071444340935921664
1071449038548017153
1071451308077441024
1071451603553710080
1071456072798474241
1071462088705490945
1071462762709168129
1071475445453996032
1071477324485455873
1071481886646681603
1071488946494955521
1071490151505899520
1071491909787504641
1071526488455987200
1071532550479319040
1071533461012393984
1071533705997496325
1071540435854786566
1071541033480130562
1071545335821058048
1071559693921738752
1071562310345519104
1071605540197986306
1071608181980303360
1071630368804098051
1071631487844409344
1071648442550759425
1071661203204669442
1071678673332420608
1071683426414182400
1071685222306070529
1071693719139577856
1071694284095655936
1071697982242746368
1071703355146297345
1071709774490742784
1071717173675089925
1071719317979492352
1071724680225218560
1071725686078013440
1071730144979677184
1071731192314191872
1071733951721549824
1071738344437104641
1071749286994550785
1071751345093402624
1071754068895457280
1071755840963661824
1071764409939357696
1071775564686548993
1071780702696427520
1071785224575434757
1071799672686174209
1071800941496680449
1071804171500863490
1071808026087227393
1071820364051673088
1071847626616827905
1071857202208669698
1071859885275602947
1071861957265891333
1071863707335041025
1071863806538731520
1071865752695783425
1071868267025833984
1071870523305549826
1071915973194715142
1071923607671058438
1071924569425002501
1071932769729531904
1071981560361074688
1071985147338084353
1072001685659246592
1072013241646284800
1072020043108638720
1072021075767238657
1072022439322767360
1072022669598482434
1072036661779984384
1072045177051635712
1072053313573552128
1072063325377314817
1072074553126457344
1072077057126006784
1072080740995731458
1072086025814589440
1072086906215768064
1072090884081094656
1072091058903891968
1072093046215491584
1072094769273286662
1072119305951739904
1072119422545027073
1072122258305339394
1072127767083286528
1072137923754164224
1072143502878871552
1072145902423457794
1072155877342359557
1072156484232982529
1072156920851718146
1072157605789872130
1072170714403360768
1072170860943949826
1072172903691640833
1072173795383795716
1072173831052279808
1072175005935505409
1072175089737699328
1072176495789957120
1072179819243282432
1072196194271604737
1072197666770219009
1072200906115088384
1072201130950705153
1072203131616935936
1072213644212142080
1072213880342859776
1072214304408117249
1072214977182863362
1072216384367673345
1072216779877834752
1072220767402774531
1072220821089894400
1072222944686944257
1072226492225069058
1072229660153532421
1072230406773202945
1072231517819207681
1072232826043428864
1072233975266111490
1072235017135284224
1072236785437011968
1072240592221077504
1072241854668664832
1072248979981660161
1072252268320309248
1072252489745879040
1072252886539689985
1072255945047269376
1072266109515120653
1072267999875424256
1072269515298287616
1072271513871663104
1072278384972046336
1072279167234920449
1072282610322366464
1072283304496369664
1072286977439854592
1072290178084020225
1072305622773846017
1072306025880002560
1072316789265186821
1072318469121683456
1072321206723010560
1072324659461451776
1072329761442152452
1072340685922152448
1072341292837990400
1072344071153295360
1072344971225763840
1072349532107825152
1072376598400249857
1072381730663882752
1072382292990050305
1072383069703864320
1072384937905537024
1072385150565134336
1072385982698348544
1072395382150361091
1072403005289492480
1072405937548341248
1072418716762193920
1072431954795094016
1072434612738113537
1072441712625287168
1072442846580563970
1072447798795272193
1072448146507268102
1072450580436664320
1072457479647301633
1072468233645637635
1072478106831806465
1072491045835952128
1072496125083561984
1072502033649934338
1072515092925812736
1072533887178498048
1072551341459947522
1072552016344481792
1072574622116311040
1072575945255587840
1072576163355246593
1072578042898341893
1072581041360134144
1072581793411293184
1072582394442592258
1072584838023139330
1072585704981569536
1072587707786891264
1072588466935001088
1072588487499624448
1072594546981257217
1072595434009452544
1072598424208457734
1072598731231543297
1072599055589617667
1072602851736764421
1072604188847341568
1072605593519689728
1072609513528795136
1072610809979777024
1072616317101006848
1072623180274118661
1072634066166538240
1072646615498936320
1072664247941980160
1072681651728248833
1072688531305164801
1072715771208495106
1072715805593341952
1072726084548943872
1072732000648392704
1072733741783621635
1072734082285486081
1072735538141114368
1072741230185013249
1072753100065263621
1072755010986000384
1072769247745622018
1072778962567393281
1072779096550187009
1072785596719005696
1072786779915337728
1072787869582979072
1072793628479758337
1072797696438796290
1072815741584449537
1072816527173390337
1072819177138909185
1072827004087615488
1072834371411996672
1072835829737943043
1072842920082989056
1072844558990495744
1072848391040888837
1072850989286342656
1072879438931599360
1072909696082731013
1072923983153152000
1072928551995887616
1072935097828024320
1072936770340306945
1072939929481695242
1072945465950437378
1072950570854559744
1072950655168466944
1072964013993197579
1072965099076419594
1072984453553811456
1072986105421680641
1072987853179809792
1072988336862715904
1072994401738219520
1072997465698242561
1073018888101814276
1073029537854828544
1073063540632838144
1073068399771701248
1073083530303991810
1073087454289281024
1073088546238578688
1073088848668684288
1073103212914319360
1073116617482096640
1073126382211715072
1073128335536996352
1073172770824036352
1073178082067001344
1073179328597377024
1073185143173644288
1073197674512424960
1073204366943944710
1073210305201782784
1073212164570341376
1073217390249414656
1073219975169617920
1073253813136572418
1073254224128036864
1073255354597818368
1073268234009292800
1073273903852728321
1073280484715782145
1073280837880291329
1073289993626550272
1073295691592687616
1073298038733635584
1073312810896117761
1073315755880574976
1073317083373625344
1073319943494664192
1073321921587097600
1073326667853168646
1073326815433904139
1073327242414092288
1073344625283342336
1073373032067096576
1073373997574836225
1073377021269430273
1073379552523677696
1073384444331880448
1073389804639920128
1073395385995997184
1073403749857665026
1073408030161690624
1073420688155910144
1073424181163741185
1073425130775183361
1073432393216860165
1073433176683380736
1073435619462770688
1073455213258960896
1073455235790598145
1073464422759362560
1073487829316055040
1073497823486885888
1073513411219152896
1073515992372908032
1073518182319632385
1073519938797596672
1073532253697761281
1073547620801527808
1073548231890604034
1073564210955780096
1073585932815749120
1073600218636189696
1073602744420847621
1073607312873422848
1073614961195266048
1073617122943746050
1073630101776945152
1073630530715947010
1073645917654392834
1073661499611189248
1073665091848077313
1073680704381292544
1073684514910728194
1073685568528285696
1073686738747473920
1073688637060079616
1073691674579230721
1073698593939382272
1073728137333235712
1073735252579885056
1073742815316926464
1073754600069611521
1073767419930386432
1073771389415391232
1073777703533211648
1073808399949750273
1073810050605572102
1073812601002442752
1073816696287158272
1073830438534299653
1073835880337604610
1073839431361138689
1073843917345447937
1073846212028174337
1073864612435636224
1073865223579287552
1073900815151218688
1073919853105418240
1073922698865205249
1073925046085705733
1073928579287801856
1073940257572306944
1073943614097629185
1073946433538220032
1073948153332813824
1073950462309744645
1073952950794575874
1073977566330060800
1073980232116391936
1073981597421051905
1073982110413807616
1073991793803374593
1073999856950222848
1074018350064459777
1074020604469219328
1074021458886750208
1074031664026841091
1074036313815506944
1074037793180041216
1074049069964763138
1074050064690147328
1074057353723568128
1074059560346902528
1074059625341829122
1074060061570420736
1074060902100557824
1074064054543626240
1074065141292023809
1074071769135353856
1074074816288837632
1074075496609136643
1074094015715438593
1074097388523003904
1074097417719558146
1074100663703851008
1074117708088819712
1074127479537786880
1074133016014979072
1074141924318167041
1074153047167823873
1074155062124036097
1074155316739235840
1074155688753070080
1074160868722495488
1074182591849357313
1074183661761765376
1074202917534687232
1074241652146036736
1074246041199931397
1074247944134631425
1074249724633452544
1074251661550456832
1074268315252678656
1074274528426123266
1074285355728338945
1074289299997278208
1074296015904227328
1074307774639681537
1074312804885323778
1074314610516353024
1074319285483388930
1074328479985008641
1074328666107207680
1074328793559547905
1074329041182867456
1074329369445851141
1074343909009055744
1074344614063169536
1074345255795859457
1074359384292110336
1074370658145067010
1074372290098417664
1074377751979810816
1074377825396973573
1074378886388043777
1074379446952570885
1074382861086679040
1074383382837149696
1074383403796041735
1074384099631091712
1074384370620878848
1074385564068126720
1074388099990474753
1074389254871150597
1074390763574886400
1074391407366946816
1074430232390557696
1074436822778961920
1074437077503262720
1074439707713593344
1074444761036017664
1074454988200517634
1074463551790686211
1074478281062313984
1074490584621027328
1074494872894074881
1074504055077007360
1074513267014492160
1074524277519585284
1074524535871938560
1074529096963682304
1074530394865889281
1074539052320374784
1074542505092210688
1074542552072765440
1074562042567094272
1074574961862471680
1074580669915906048
1074581222288875520
1074585868801843200
1074604754842595330
1074604775386300416
1074620300908789760
1074621022475829248
1074628113345208322
1074648947313049601
1074684147568918528
1074686281228021761
1074700195819077632
1074703964845703178
1074704939178385408
1074710912689496068
1074716684873814018
1074716796467470336
1074721058010353667
1074721456829939714
1074726430754381825
1074735030763687936
1074740424240234499
1074741078107013121
1074744824463589377
1074758848521666560
1074760219094380545
1074764025978908674
1074769610724044800
1074770105396092929
1074783995232206849
1074789642719899648
1074791262123950080
1074800034099724288
1074803697811668997
1074806329854869505
1074809192798666754
1074809730185474049
1074843989138919424
1074847102151344128
1074855950459244549
1074856731849691141
1074859555048300544
1074863194852741120
1074863915857776640
1074863956962017280
1074873446151147520
1074879933497991168
1074897250080370688
1074897743745695744
1074916880702267392
1074949156282675201
1075004063241068545
1075007089674727424
1075037879221477376
1075038197997060096
1075051722962292736
1075059410265915392
1075078680815251457
1075086667697008640
1075091070143217664
1075091077269479430
1075097809798512641
1075099365218365440
1075100266142318592
1075104579979788288
1075105324481331201
1075108465176125441
1075113648220241922
1075118090281721856
1075130655971909633
1075140943777579016
1075143960312627201
1075148099310546944
1075157067109933056
1075174627796811776
1075176492617867266
1075180671394553856
1075183290729095169
1075185107701563392
1075190403408764928
1075207444022865920
1075211888273842176
1075223532957782016
1075223873132597248
1075226252997476353
1075239591274110978
1075245673451266050
1075268779876085761
1075278318537183232
1075285463127056384
1075303949522087936
1075318395141320704
1075325038067355649
1075330850584227840
1075342723757105152
1075353824418820097
1075359553405935616
1075360115430170624
1075385894075551744
1075396229259882497
1075398045397856256
1075398259697426433
1075401338752770049
1075402142914093061
1075409335944130567
1075409893039861760
1075421214703640577
1075427736334856197
1075428200744919040
1075437331048525830
1075437623685066752
1075446636388573184
1075450672139698177
1075458217302462464
1075458265528451072
1075475302405599233
1075481808165322752
1075482602881077248
1075483640224735232
1075490090821058561
1075492164824694785
1075492845891579905
1075495942093266944
1075501158674956288
1075505439264161792
1075506993694150656
1075508179813978112
1075509678040322051
1075513575370883072
1075527514162913280
1075527527974744064
1075528032323031041
1075531120589135872
1075534998210400256
1075543293314981890
1075545682356985862
1075546147937312769
1075546999661957120
1075552205778898945
1075556833350377472
1075557334972358656
1075560335984201735
1075566191685656578
1075569717836943360
1075571621216350213
1075571937030664192
1075583400705224704
1075584216707067906
1075584408776818688
1075587095677284357
1075594093005340672
1075603445766225931
1075604125461602304
1075604812593393664
1075606045790068736
1075606242825916416
1075606307359547392
1075606473776947201
1075646005482274816
1075649215810818048
1075650629710819328
1075653235178921985
1075656172512911360
1075657049961361408
1075660302434357248
1075661260601999360
1075670581595402240
1075673202226024448
1075684964698591232
1075697285491777537
1075719556285509633
1075720269841489921
1075721278567407616
1075724619762556928
1075726991637254144
1075727565409669120
1075731622429945856
1075734374463799296
1075738467680833536
1075759949454737408
1075762433929695232
1075762737849008128
1075767172633247745
1075777803121901572
1075780557118812161
1075781289851052032
1075783879414276097
1075784180137549825
1075797150720774144
1075802418359689218
1075804309017763846
1075806792079302656
1075810454977552386
1075811843262857218
1075812178551283714
1075815936454782982
1075816920472055809
1075831537621446662
1075841292293292032
1075847158010662912
1075847447031808000
1075852525499285504
1075856113021673472
1075861223210737664
1075869732249747456
1075869964979105792
1075874546010464257
1075877600277512193
1075883675722661888
1075895148658204672
1075897708185935873
1075897891909120000
1075898144003547137
1075898173330055168
1075902061059997696
1075918074900070400
1075951270727438336
1075967068548288513
1075997116986810368
1076017689204789248
1076021740063678464
1076026452792041472
1076043414947487744
1076077179115630594
1076081658619662338
1076088443258707968
1076091202364010498
1076092776952008706
1076094989816549376
1076097171244679169
1076100777947643904
1076105760755630086
1076108337325006848
1076112096276942850
1076119260139872256
1076121389583740929
1076124501606363136
1076137785113886720
1076143184286285829
1076144571254476802
1076149143431794689
1076150613199732736
1076153598894059521
1076153617781018624
1076153830037950470
1076153971801231361
1076156346293280768
1076156396515852289
1076162128451641347
1076163434155311105
1076169533914861575
1076172600622174208
1076173029863014402
1076173203490394112
1076174492437831682
1076181912564232193
1076182836577779712
1076182964474703875
1076184144013598720
1076187665089921024
1076188637719597058
1076189653550526465
1076189899127209986
1076197218850230272
1076197906695237632
1076202750281691146
1076203957456945152
1076204884335185920
1076204941398761483
1076204982058274817
1076206195474685953
1076208404627099648
1076209532035055617
1076211013043798016
1076212736906924033
1076214053926785024
1076220608390856705
1076233403098370048
1076234324570198016
1076234732684271616
1076236743018508289
1076246077014228992
1076264995380477952
1076271721412546562
1076276255060684800
1076277600765526016
1076277821209829381
1076278094246412288
1076282539369775105
1076290057231683584
1076294385745178624
1076311565635334145
1076312638945058817
1076326790967296000
1076333264879738881
1076346840130441216
1076362480270618626
1076362847293034496
1076364433591623680
1076375636560805888
1076384291066662912
1076386066116952064
1076399574284156929
1076419002291892224
1076437793637916673
1076439410521051137
1076458148993617921
1076460550677254144
1076465586354487297
1076473711971233792
1076473866757828609
1076475310659506176
1076479704364957698
1076488053126979584
1076488232211222533
1076494470827393025
1076497499127468034
1076501984079953921
1076503742705557507
1076504856368742402
1076508569162391553
1076515421820514304
1076516276594458625
1076517835189424129
1076525997745295361
1076535924387909632
1076542225926897664
1076542666332991488
1076542887381422081
1076559663330516992
1076562659322064897
1076576494246391808
1076590264322531330
1076590626509070336
1076592282843922434
1076592613518499841
1076611820322881536
1076612644520505344
1076613270428139520
1076616431146582016
1076618851901681664
1076631148091052033
1076643090528636929
1076670533381562368
1076671197704794112
1076681258351001600
1076681366929063936
1076687118162948096
1076689104581128192
1076701556215631872
1076721322271670272
1076734861493321728
1076740969201049600
1076751483935219712
1076754384598564864
1076768657928323073
1076835113332367360
1076836554927165440
1076845271420715008
1076847457600847872
1076856975349166082
1076859538865704960
1076862941872443392
1076863468068896768
1076863591389847553
1076867958922723329
1076869532227125248
1076871291733446662
1076881541362524163
1076886999385210882
1076888579383664640
1076889099884261378
1076890662681919488
1076894214028513280
1076898546052489217
1076903929680723968
1076908894927183874
1076915100802519041
1076916012237369345
1076938854408560645
1076941591200198656
1076953594019176454
1076954789412589568
1076969192413429760
1076971897567338496
1076984474582298624
1076984696058261505
1077001859561345024
1077016829888004097
1077033411217305600
1077035627483254789
1077052166483922945
1077058938183475201
1077081535067668480
1077082899810258946
1077101002006949888
1077107178966736896
1077108124769812480
1077117867714330624
1077131552902053888
1077131622917525504
1077132751210459136
1077134998954598400
1077165670645657600
1077174501169922049
1077179091978211329
1077202180539478016
1077203377229049856
1077206749202051072
1077207923221118977
1077208063281639424
1077218227346964480
1077231151687843840
1077245624561606656
1077267034797420546
1077283345585922048
1077287079388868609
1077295709580378113
1077297789120405504
1077300386237767681
1077327340055732228
1077336634662764546
1077337877426520064
1077343862715179008
1077363359517937664
1077374949210419200
1077394497594511361
1077419969590321152
1077465302886244352
1077484760270888960
1077506315633770496
1077506956942815232
1077508383845027840
1077510211294949376
1077511123136667648
1077514592664731648
1077514783094702081
1077515817007366144
1077516628609458176
1077517881020166144
1077519349446045697
1077556385141919750
1077569453775339520
1077571259469365249
1077589810804490240
1077634400895057921
1077637138924089355
1077641275829047299
1077641424219394050
1077643912313856002
1077645200359591936
1077649438720618498
1077651816865767424
1077653811282563072
1077659371662905344
1077659989517455361
1077660341063110657
1077660621968003073
1077662165509779456
1077665015946199040
1077665138830991360
1077671807778476032
1077673016144875520
1077681939551846402
1077691600707469312
1077692504970022912
1077693155850571776
1077697057496940544
1077698002456846336
1077704950308851712
1077708103200788480
1077724650149421057
1077745062564499456
1077746661441572866
1077750248812961792
1077761184189829120
1077765148650156032
1077765730807042048
1077766431817781248
1077773603956027392
1077773667277463552
1077784509557424129
1077793450974724096
1077795725558378496
1077798959790272512
1077823136693915650
1077872099644108800
1077882522468564995
1077884835631263744
1077897474742910976
1077903549764456448
1077932737934184448
1077947486386507776
1077960190907928576
1077966978470547456
1077967743595483136
1077967813640216581
1077968135351910400
1077971448432640002
1077973465012097025
1077974137107345408
1077977441656885248
1077978024677654528
1077979065276133376
1077979829926998016
1077988769637249026
1077988778864771073
1078004645073698816
1078040183864471552
1078067334407806979
1078068639696183296
1078077504773079040
1078080957079580672
1078120458648662016
1078122378348163072
1078133443794472961
1078151176447774721
1078174415299465216
1078175143141101568
1078184721660760064
1078191414520045568
1078193197401206800
1078194292382945280
1078196279904219136
1078196668720443393
1078199145888911360
1078207448517918725
1078228259790352384
1078232547618971648
1078251960573349889
1078251984472272897
1078254987992535040
1078267816283987969
1078269214664777729
1078281411285733376
1078286437731262464
1078296963764887552
1078297277083643905
1078300401387163649
1078308216847716353
1078309088319209472
1078311254605922305
1078314144846073856
1078314456533233664
1078314488401723395
1078323748992774146
1078325593647779841
1078339887697416192
1078352619230371840
1078353456006656001
1078364033177346048
1078366001169866764
1078369407766675457
1078372783753588736
1078383018295742464
1078383018299994112
1078384268177534977
1078395302992887813
1078421731696668672
1078429461379461120
1078447418461569025
1078455046239596544
1078461385091166208
1078465565176541184
1078476284496351232
1078487022778630144
1078489012535525377
1078496033796247553
1078511855256199173
1078512569873182720
1078521142606843905
1078522993549213699
1078533166418354176
1078534309361811456
1078539329419571200
1078540125162930176
1078555145820983296
1078560657325223936
1078576495910514688
1078640558267158528
1078640751146385414
1078642598317883393
1078662103911800833
1078666753524281344
1078681968580194305
1078697443020210176
1078705647074639872
1078709981904596992
1078713916169965568
1078725194158624770
1078725560795361280
1078728272857317377
1078732678545985536
1078735604056084481
1078737647961604096
1078739829834297345
1078741159827116034
1078806151012278272
1078833046542077953
1078834270032998401
1078835422208225281
1078838706767724544
1078844267575922688
1078861664311799808
1078882549760442368
1078882696632418304
1078882763749634048
1078897819203895297
1078904293380554752
1078908950471499776
1078918379669381120
1078963605578616832
1078968717185372160
1078979106501521408
1078985002405240833
1079008545897623553
1079014503470125056
1079025160378707969
1079031281093132288
1079037494149017601
1079040397026897920
1079043218992480256
1079044582090985472
1079061722529497090
1079061872538804225
1079069818773561344
1079085562936602624
1079087446602719232
1079088160255164416
1079104571539185666
1079106686286217216
1079113472703713281
1079118212254429184
1079133522986704901
1079133550413258753
1079138943449198592
1079145520537497600
1079186686356217857
1079187416991322113
1079208856180400128
1079227884055580672
1079264378300579841
1079266335849353216
1079279390108860416
1079291809375883264
1079303232218779648
1079313080469938176
1079314571532349440
1079333837287485440
1079342415503347712
1079343378830118913
1079353985394528258
1079355928208703488
1079360470228893696
1079388891935924226
1079406504791494656
1079415092628938752
1079415617344684033
1079421823828283393
1079422607986954240
1079423412051812353
1079426814743846912
1079428343718653952
1079432034672693256
1079445237955579904
1079447699588411393
1079448615603572737
1079449957919277056
1079452027682467846
1079452351839260673
1079453774614286336
1079473672405037056
1079478111652204546
1079480334188724225
1079481472946458626
1079484327581372416
1079512368198094859
1079520800422670337
1079522825453649920
1079534371076489217
1079588879022223361
1079590345753677824
1079594278756777984
1079619774672384000
1079655769220571136
1079655794071793664
1079656471896436736
1079660044612820992
1079662316252217344
1079663452073844737
1079667841157148672
1079672596046610432
1079674441574109184
1079674504064823296
1079684599339470849
1079693082294128640
1079724471202787331
1079725261841727493
1079735996743180288
1079775405995950080
1079777545925455872
1079781594276212737
1079840041336225792
1079850158966231040
1079850822949847040
1079884490623709184
