925515633378414592
925524157458210816
925528522893996032
925531216492756993
925535958967123968
925558453854179328
925574264287264768
925574397712220161
925581941134495744
925593244347588615
925613224895975424
925614610559803392
925622688814690304
925623634596716545
925628231142727680
925634066678009856
925639607001210880
925645310377984000
925682654778970113
925691465338146816
925693167785119744
925703205085880327
925724795353870336
925725252549857280
925726342217379840
925726484827983872
925732743127945216
925733259883016192
925734995682922496
925740060946952192
925742055355121664
925743108121174016
925745149891829763
925748056536043528
925751350733938688
925751818398859265
925770085012328449
925773324722024450
925773862435930112
925774102341832704
925777838611075072
925780619019280389
925781652072169472
925792969977933824
925793216183410688
925794036593709066
925797103896616960
925804650300833793
925805455598907400
925806660219691008
925809032903954432
925819765310017536
925842811337039873
925844508323008512
925853338196901889
925871909316816905
925878639895474187
925878890308005889
925890362589175808
925901870920499200
925907084633309185
925910426847797249
925912513115430912
925918324298584065
925919450066538496
925931871489335297
925947554436489216
925960141542952960
925962260895485952
925991282123587584
926016385465094144
926066516616937472
926074200577757186
926078709899186177
926086780587315200
926087075438497792
926113933643190272
926117316781150208
926159032506814464
926162889974730753
926166885498085376
926169683514085377
926170529731670022
926171044133687296
926177386583994369
926179712937943041
926184704134582272
926186848711475200
926192200974680064
926197334052044801
926200983931236353
926204139306127361
926206270822125570
926207299332456448
926210583837462529
926212557672800256
926213985833283584
926214816745836547
926215878319968258
926226248296222722
926228035505975296
926258864894369794
926262918286532608
926263255978438656
926265087999885313
926268841868582912
926273441795162113
926283179283177472
926285005483118592
926294401537601536
926311053507612673
926311768472870912
926314970408718336
926334545645002753
926343732865019904
926346756534632448
926349648104755200
926353659520339968
926358461566173184
926395670516453376
926398724279902209
926426700816273409
926432731801645057
926434242153738240
926442189965709312
926445481651159043
926447809477447680
926450976172773376
926465107193991168
926469262515912706
926471581983019011
926475619289960450
926479106518249472
926495979389546496
926496407715848192
926500559154278401
926501926136680448
926517284763561984
926518415547826176
926539281388142593
926543355739365376
926546397003943936
926547884715241473
926551196973850626
926553209396744192
926570363282186242
926594412154630145
926595027450638336
926596918255513600
926614119675060224
926614148464742400
926621024594128896
926651913520795648
926662458441388032
926666255951650816
926716148883767296
926719128525787136
926730741706133504
926739739742318592
926747921155989505
926751299651043329
926753316284985344
926757131839246336
926760604718780416
926768831267184641
926776747718205440
926778529072668672
926784271603429376
926784901504032768
926788087086288897
926789210308190208
926811841937809410
926813619039354887
926815373944590337
926829301122482179
926845600829669376
926846141303463936
926847264940847105
926848218700361729
926860159883804672
926865128041132043
926868146568486912
926869317735649280
926879310006415360
926880527868682240
926883070246039553
926887907717275648
926892100766986241
926894325421740038
926894439527780353
926895052315652098
926911840579473408
926913719497617408
926913910736871424
926915302842961920
926923114717597706
926935175006703616
926957863284756485
926958108655710208
926969897556545537
926973815459999744
926997998143524864
927008609166286849
927009388191277056
927027176645345282
927031917056352256
927033770930294787
927040891180556288
927042012326649856
927056322037731328
927072651738218496
927074924631613440
927101710262091777
927115457534091264
927121314879389696
927128085656301568
927128729150558208
927131825385779202
927136658134306816
927136982261751808
927141377711988736
927153920576802816
927158038531792897
927161850726440962
927167878373273603
927182016122060802
927182053417930758
927182233387044865
927183803700752384
927183963524947968
927195077570629638
927209026982641666
927211908502921216
927215510571270144
927239676024557568
927240496027594752
927262591633842176
927266340888391680
927272758622466048
927275277520162817
927290757207048192
927305848744853504
927317748379631616
927335465560272896
927335734423506944
927336435937574914
927380345858670592
927402431402643456
927412445915828224
927419059720814592
927424247651229696
927432269236768768
927433205858406400
927433475514359809
927440539561201665
927446079410405376
927467098732773376
927488959059513344
927490447173304320
927495418686115840
927496523880980481
927503104765038592
927506148156157952
927509638546784256
927510688905523200
927515293840297985
927519344552054784
927527509327073281
927530495658811392
927532804635811840
927538912775606272
927539193798189057
927539575890817025
927545745527492608
927546354406223873
927547077873188864
927547636529459200
927549229517729792
927559886816366593
927563771987611648
927565209404817408
927566049503039491
927566783921442816
927567228945551362
927571865320742912
927573887000379394
927579467089874945
927584357241511936
927586477026021376
927589856523575296
927593527219015682
927595960758349825
927600805192101888
927605741397073921
927609493030096896
927609882945212417
927609963878469632
927610030140030978
927610574984400898
927611253618610176
927612594562785281
927615534341939200
927621611045441538
927625069257547777
927625970588246016
927634558836600832
927650553823420417
927651352850894849
927653078370783232
927653499092873216
927653637920354304
927653943668367361
927673751273054208
927675474305617920
927683899823706113
927694592333504512
927717495359836160
927722005486432256
927724918833328129
927737037435813888
927737932923813889
927745154861150209
927748573915119618
927751327438000128
927751742254604288
927753379698356232
927754520158904320
927758986257973249
927761038920974337
927765998714925057
927767478041763842
927768311017779200
927783886985183232
927800892019134464
927807357031034880
927817548808069122
927825080490577921
927829981530607617
927831749723336704
927840410680156160
927845636782817280
927846006506455040
927850913729077248
927854714112348160
927856245436047360
927860368017420288
927866190969450496
927866453528842240
927874944058494976
927875847955947522
927879671060074497
927894917271228416
927900720153616384
927909662015524864
927912660103987201
927936145807331328
927938830090383361
927939711355592704
927941645672304645
927945687312027648
927947613722333185
927951631462862848
927966881125777408
927976110251528193
927979277391347713
927980716864000000
927987019652800512
927988144573763587
928000917470830592
928007375038140421
928007676994322432
928009488522604544
928013182014238721
928015797615779842
928018153111801858
928025266252861442
928026504411385858
928026589119565824
928033195974463488
928075886041104385
928092488761520128
928105090187235328
928113636639252481
928123212881416192
928123519078162433
928127546025054208
928145444802318336
928150749258825728
928151552124162049
928154291440881664
928155051855679488
928161290043961344
928161350018363392
928164938513776640
928165077064273920
928166735928332288
928174195904798721
928177118504091648
928177894861541376
928181315307835392
928182167191949312
928186229123895297
928192426572840961
928192626934894592
928192747332349952
928204542545670144
928206887581044736
928210178855591936
928210325652099072
928234614426087424
928245443695345665
928245748063277057
928246568611848192
928247303449858048
928248253048610816
928249504217944064
928249507141140481
928250017483280384
928251102235119617
928251522516963331
928251547703762945
928251786347012097
928254655263625216
928261031851261952
928261355228016640
928262291803516930
928264297523875840
928268318229774338
928272996497874944
928274936392757253
928275288714301440
928277704197079040
928283946160480257
928284988864385024
928285120997535744
928286259730092033
928286477838151680
928286850317455360
928289655434362880
928289989322072064
928291342383493122
928292917793390592
928293413631512577
928294437377028096
928295515720241153
928299452921712640
928301232996749312
928306649084891136
928307228335136769
928307310128021504
928308431265718272
928313967692234752
928315442451673088
928317484641472512
928317736735903749
928318732459479043
928325324248580097
928329970325315584
928330825044807682
928331146752090113
928331939068727301
928333939760091139
928334491722158080
928334517298978817
928337001887207424
928339044223811584
928343903727734784
928346065069371392
928346581396369408
928347118766645248
928347188308205569
928347319174619136
928347567473287170
928348098048479232
928348399832879104
928348832903188480
928349274148167680
928349280405897217
928349997703208960
928350417930637312
928350978675499008
928351477831294979
928351862851559424
928351937094979584
928352213906444288
928352321700057089
928352463073226752
928352879970267136
928352947934601217
928355172572680192
928356092396089346
928356932095705094
928357785196261382
928358957923602432
928359959116599298
928360272007450624
928360688497692672
928361805856018432
928364022562357249
928365597955522560
928367690305163264
928368138021990401
928369165206822912
928371497240055809
928373153558159361
928374041072865281
928375074951979008
928375115653492742
928376463715438594
928376589112479744
928381066108456960
928381146215469056
928381943133044737
928382153699799041
928384086430937088
928384445878501378
928391475527794688
928392407913320448
928392732145459201
928393259369615361
928395228586786816
928396866491965441
928398437019803648
928405479902072832
928406490708365312
928408799290966016
928410326005112832
928419808885870593
928421777197469696
928435802220171264
928436849110147073
928444808636624896
928448319680020482
928448589675794432
928452764371423232
928458223308349440
928464802858569728
928468806321700869
928468946864562176
928470626670489600
928476507869081600
928477670165315584
928479458209730560
928480401491763200
928482443287580672
928489906732593152
928490483332116481
928490842775539712
928491470079881217
928492364066299904
928492539803521024
928493869829943296
928496107080114181
928506851620212736
928507279019671552
928508559960055808
928519452546813952
928523653159047168
928525388338417664
928531792201523200
928538318136016898
928547578710339590
928559408740753409
928573330914988032
928576608339988480
928578828380917762
928579235228332032
928580746452852736
928583707337703429
928584273833152512
928586398273327109
928591533351231488
928593758865772544
928598459829153792
928609762626768896
928610557049102336
928614507651399680
928626153115484161
928626622076477440
928631179238133761
928635469109301248
928636453101256704
928637990729142272
928644754040066050
928647703902351362
928648313343303681
928656574851178497
928658955953418240
928664077974376448
928664445886312448
928665041485946880
928671161797378048
928673854540668929
928677207026708480
928677399373500416
928702664828964865
928705823093686273
928708536413986816
928708620279218176
928709663834673152
928715776596553729
928718639632732161
928718782251618304
928719997320482816
928720453237174272
928721780772163585
928723139294621697
928723455104741376
928727775233630208
928728051638292487
928728223629959169
928729379991179265
928732156217708549
928739312107163648
928740908044095488
928747215434207232
928747962452254721
928751803830763520
928754414122340352
928760284474421248
928761037326823425
928761114929876992
928762541848875008
928763691499184128
928764012774469632
928764467873304576
928768113566535681
928775277009715200
928785348804644864
928790016645459969
928794052366966784
928794865235763200
928797273596878848
928797638950039552
928800663018065925
928806861784174592
928810158104371200
928811993116676097
928824707305971713
928830310040694785
928834641909477376
928834683869323265
928835440513298432
928847180370034688
928849700308086791
928849931267444737
928850027031814144
928850204312375297
928850539609251840
928850572270276609
928850802353074176
928850962361364480
928850968250372101
928850980850020352
928851020670791682
928851160785702913
928851335256174592
928851813419364352
928852723985874946
928852877916991489
928852938726035456
928853171929104384
928853607285485568
928853781600759809
928854090058293249
928854559845507072
928855106887536640
928855182678487046
928855194422607872
928855391877894146
928855561839480833
928855800520552449
928859319524880385
928860239339905024
928863395117436930
928864576690671616
928866599184076800
928867851573788672
928868036982882304
928868223079952384
928870542630903809
928871870950080512
928877344567242752
928877711979958272
928878673725308929
928878791996215297
928879686649876480
928881467987562496
928885290676101120
928895005107871745
928895852764192769
928896567901335552
928900859496402944
928901484267257856
928903066534928385
928904454027563008
928904714900484097
928905646476537856
928906571178012672
928910110054895622
928910733315735557
928910883048136704
928912732207833089
928913383272992768
928920329896058882
928920337827483648
928926197626671105
928928444179763200
928928871197675520
928929730996424704
928931597042188288
928934101872242688
928934475618172928
928934983519137792
928938297027543040
928938627966603264
928941916271493120
928944687443873792
928944716384755712
928945987179204608
928946820281262080
928947680075812864
928952798393245696
928954453725605888
928954482435809280
928954628787593216
928957470453612548
928958241786269696
928958431779872774
928961950431801344
928961988956426240
928962644526161920
928973474638557184
928974813045166080
928975368786251776
928976059613302785
928977104808448001
928978064905723905
928978998536884224
928982436607696896
928982928616390656
928983173123407872
928983879028965376
928990985442512896
928993134197043206
928995358276911104
928996789511970818
928998220751044608
928999527998160896
928999620264583173
928999954529619968
929000394864320513
929000431002537984
929000872251666432
929001429754200066
929003702568079366
929005228896157697
929005724230877184
929006132772982785
929008750853201920
929008856566583296
929009418150252544
929012338014928896
929012535784861696
929013297025777666
929013529428004865
929013783581876224
929015808604258305
929016069896806400
929016071977304064
929016119821852672
929016264109854720
929017221652692992
929017278993072128
929017457813024772
929018508876353536
929018691332726785
929019215612276736
929019410655924224
929021516209119233
929022380940263424
929024738692861952
929024901444521984
929025176569774080
929025851441676288
929025989023338498
929026276752613376
929026355609600000
929028136506859520
929028246376730625
929028431760756737
929028670416609280
929028975757848576
929029407368294402
929029408618299392
929029565065891840
929030292781912064
929031373658247168
929031677900414978
929032011720855552
929032119636123654
929032302281273344
929032458728812545
929032918009286656
929032959516082179
929033170506469376
929033284201406470
929033339515830274
929033349594796032
929033568520687619
929033620144222208
929033761060110336
929033791259242496
929033900306857985
929034202732888065
929034405980528640
929034640609779713
929034669097668608
929034669139488768
929034721539055616
929034864464035840
929034871137222656
929034950606753792
929034974447140864
929035135546249216
929035341457182720
929035351515172866
929035441340379136
929035476119429120
929035513859682304
929035609913614336
929035728171892736
929035742860468226
929035824645074944
929035846476382213
929035940001124353
929035987161886721
929036003339358213
929036067927359491
929036070230126592
929036087791583232
929036255836430336
929036265063772160
929036387374034947
929036452100423680
929036453367164929
929036602885541888
929036666458820609
929036820888686593
929036979752374276
929036984777101313
929037004913938432
929037017169760257
929037068679958528
929037090075086848
929037134115336192
929037216470286336
929037432758112256
929037635741519874
929037894961979392
929037966072102912
929038048838303744
929038135299686400
929038137350873089
929038223380271104
929038313113247745
929038327654653952
929038340388720640
929038418830508032
929038499369668608
929038518248144898
929038552637128704
929038798402469888
929038887753629696
929038990916898816
929039001016610816
929039073150455808
929039200028168192
929039333809704960
929039433445400578
929039449383751680
929039497601474560
929039523593576450
929039539561287682
929039652794912770
929039698110173185
929039815546372102
929039858298998784
929039861234970625
929039866830077953
929039886824468485
929039902091694082
929039914079006720
929039938007523329
929039982890758145
929040109546086400
929040118790475776
929040184221593600
929040225329917954
929040298906476545
929040370092056576
929040584332972034
929040642235355136
929040666998448128
929040699672100866
929040747914936320
929040921982795776
929041062089363456
929041326724845568
929041332194201602
929041491141578752
929041563728035840
929041677398036486
929041750383087617
929041774680662016
929041879953432577
929042021314170880
929042088854999041
929042231872315392
929042363141492736
929042563226587136
929042813186183168
929042837957763072
929043098839035904
929043396622274560
929043782091149312
929044164205010945
929044198166335488
929044308157763590
929044343599521792
929044445642870787
929044812225040390
929044883548995584
929044956899094533
929045099081879552
929045273569054722
929045320562085888
929045563391197184
929045622547730433
929045712737890304
929045872092033025
929046003382194177
929046096919302144
929046098181873665
929046867824005120
929046959259897856
929047580025278465
929047677324742656
929047845365219328
929048136617725952
929048502348533761
929048781273862145
929048863503278081
929049136954884096
929049773893615616
929050131542040576
929050273607311361
929050302971510785
929050549173080065
929050578096975872
929050644387729408
929050672070144000
929050750491201536
929050854463766528
929050866610589697
929050917428711424
929051095707635712
929051144328044549
929051340214603781
929051342328467458
929051382719664129
929051455964708864
929051584331476994
929051607379120128
929051694620659712
929051993699692544
929052051987927040
929052177812799488
929052196712472576
929052231080476672
929052290664878080
929053012919750658
929053054707621889
929053069970690048
929053076257898496
929053102245859328
929053113297915905
929053277160910853
929053437802803201
929053647501217792
929053693659398144
929053756960002048
929053779068059649
929053938581565440
929053978448596993
929054277498212352
929054318610726912
929054638502006784
929054889854078977
929054949002104832
929055062650798080
929055085333692421
929055188136202240
929055353739862017
929055720762494976
929056086497333253
929056307948044288
929056992869588992
929057018320527360
929057262173171712
929057679070322688
929057815108509699
929057934071468033
929058077478981632
929058373663973376
929058673967714304
929058692015599616
929059275829374978
929059285497274369
929059727895613441
929059840386879490
929059898717016064
929060024516833281
929060117210951685
929060601262936065
929060707877949440
929060716178485252
929060790400901121
929060825221840896
929060855848747008
929061006822735872
929061106525573120
929061185730859009
929061418216886272
929061451020619776
929061499670355971
929061569706844160
929061737491521536
929061762640502784
929061769192116224
929061953921744896
929062050386579464
929062516780564480
929062651417817088
929062674050273282
929063058705666049
929063103584710657
929063339296092160
929063380790468610
929063473509752832
929063695388479489
929063719702851584
929063741924179968
929063785968496640
929064135832334339
929064158435397635
929064423922327553
929064807025610752
929064828001509376
929064953260240896
929065041743060992
929065117689491459
929065227324235776
929065265329033221
929065267392528384
929065273713463301
929065285847605249
929065384866697216
929065389472010242
929065615679094784
929065815600705537
929065861314502657
929065864267264001
929065927597010944
929065980034240512
929066032035237888
929066406561402881
929066870875086849
929066969881563138
929067218192580608
929067240300871681
929067279429570560
929067422442717184
929067960991281152
929067970650714112
929067986136076289
929068028117094406
929068521753010176
929068570440601600
929068649691959298
929068747402379264
929068747440062465
929068754146938882
929068989833031680
929069050663198721
929069208385748992
929069309049102337
929069886583853059
929069930644897792
929070347961249792
929070608440283138
929070737599729664
929070924669882368
929071221215555585
929071586120003586
929071668772986880
929071674565197824
929071833156145152
929071880996192256
929071911979618304
929072121329979392
929072654065262598
929072716489117696
929072764715196416
929072889307041792
929073335517970437
929073388836081664
929073473569349633
929073743271464961
929073915632275457
929073985261883392
929074126194606081
929074392792956933
929074809849483265
929074858960486400
929075091639619584
929075251929116673
929075473207918593
929075477611974656
929075600924594177
929075782525132800
929075814003630081
929075907939241984
929076125183217665
929076300937158656
929076474992349184
929076760217640960
929076951054213121
929077487493099520
929077555021393921
929077736269901824
929077804595105792
929078090785087488
929078201791508480
929078214479302656
929078449247006721
929079290226003968
929079520489066497
929079529729134592
929079737326227457
929079798562992129
929079891865358337
929079923993645057
929079935314087936
929080035545362434
929080184459980800
929080509069742080
929080606444670976
929080661033537536
929080663218753536
929080954106339328
929080971722477569
929081219618189312
929081374786703360
929081388208357377
929081662092316673
929081729184358401
929081773241364481
929081832406208512
929081925930815489
929082029098094592
929082179262525442
929082199797911556
929082312201068545
929082781988278279
929082940121845761
929083193847775232
929083236629794816
929083458508476416
929083570072768513
929083852789833728
929084332009979906
929084542320828422
929084666073763840
929084783086522370
929084966377541633
929085103933919233
929085152164184064
929085548576337921
929085572051886080
929086321536225283
929086408807059456
929086671374647302
929087235089149952
929087582767521792
929087664158068737
929087677982486539
929088263113109504
929088395237785600
929088416184139776
929088667020230656
929088690093096960
929088844426891264
929089269309886464
929089309994618880
929089732801417219
929089916914593798
929090411016179713
929090463835009025
929090791003234304
929090851803983872
929091485575737344
929091611199442944
929091666761408513
929091765776330752
929091847208792065
929091936874631168
929092056928092160
929092607959019520
929093019025809408
929093807563472896
929094150204489728
929095323133382656
929095752437174272
929095900554653696
929096843371450373
929096868969287680
929096939005550592
929097001094078465
929097031297224709
929097041313239040
929097240173572102
929097528318070784
929097720408756224
929097809340624896
929097937250111488
929098293782745088
929098357544488965
929098371809366016
929098609186033664
929098938027839488
929099075575623680
929099193469284352
929099419525550081
929099540736622593
929099570113589248
929099611196805123
929099614979948544
929099615416098816
929099676619378688
929099701374382082
929099755069890560
929099777320550400
929099780231516165
929099799097376769
929099805397098497
929099837295022080
929099872493555712
929100036922859521
929100318624894982
929100442923159552
929100991965880320
929101052317720576
929101819913138176
929102073664118784
929102199082319874
929102483061911552
929102530424049666
929102699488071682
929102786700234752
929102863892078593
929103169241714690
929104613751521281
929104680034193409
929105402851090432
929105802400432128
929106082949148673
929106498667663362
929106635183804416
929106747813449729
929106836334182401
929107105608622080
929107444910952449
929108141182156800
929108180185092097
929108326549516289
929108434334769152
929108454077280257
929108746382475265
929108795493638144
929109072720334849
929109100771848193
929109646912172037
929110147280011264
929110150484496384
929110466076569600
929110491221450752
929110673245663232
929110673270849536
929110673275023361
929110673279172608
929111031045115904
929111207612731392
929111374143410176
929111424936296448
929111710534983680
929112310303485952
929112339671949312
929112391253557249
929112541820841986
929112752366456833
929112785677705217
929112898357542913
929112934818689025
929112981589381121
929113077433344000
929113138255028224
929113207456878598
929113374830530560
929113497300013056
929113684781146113
929114001035939841
929114113443217409
929114180547788802
929114263154778112
929114347913199616
929114395296268290
929114581565345792
929114604579573765
929114728009535488
929114861677793281
929114958587138049
929115072269635584
929115595680960513
929115764732211200
929117200853733376
929117400510943234
929117432383524865
929118136175034368
929118151970902017
929118553512513537
929118610970300418
929118805200076801
929118859721707521
929119110524493832
929119253571211264
929119775728467968
929119853331603461
929120117652377601
929120159117271040
929120555281903616
929120799583125504
929121245412691973
929121284017016832
929121599441301505
929121651437928448
929121665212211200
929121776826806272
929121900151869442
929122355670118400
929122400951705601
929122418576314370
929122704640286720
929122946219732992
929123213820547080
929123529223823360
929123700355543040
929123724242104320
929124082863562752
929124312740761602
929124989680410624
929125117170352129
929125286209343489
929125400877371393
929125446427512833
929125714896363521
929125909080223745
929126058556821504
929126167860224000
929126521314381824
929126541153280000
929126760951832577
929127268361932802
929127279724236801
929127538554802178
929127660617371649
929127749515726850
929127801524850688
929127897603985410
929128246800797697
929129414675267584
929129898714726401
929130212004192257
929130270309019648
929131408207073281
929131466965086210
929131657369616385
929131698456952832
929131737464082433
929131853231083520
929132154059149312
929132718511742976
929132907700146176
929133473515876353
929133780937334784
929133999045382144
929134154230452224
929134435362013185
929135062674804737
929135839933812736
929136129760288768
929136992088096768
929137047041843200
929137494179774464
929138054098497537
929138800688709633
929139559010635778
929140040122413056
929140306846547968
929141634838794240
929141930889420800
929142125911982081
929142418687045632
929143126673018881
929143361587634177
929144341762895872
929144488160661504
929144920887005187
929145441953837056
929145575764832256
929146216650362880
929147563026067456
929148283158712321
929148809573224448
929149632063639553
929149696664223744
929151615965200384
929152933798842368
929152934658617344
929153225319596032
929153865789902848
929153934991790081
929154239498088448
929154399712268289
929154447959347200
929154684115353600
929155483537158144
929156039714283520
929156056667877376
929156927635955712
929157500577943552
929157525307568128
929158131824971777
929158265212162048
929158609946271744
929158679592566784
929159046157996032
929159310411788288
929159659365261312
929159765896454145
929160114053025792
929160281405706242
929160507746947073
929160703352721408
929160971360329728
929161081255288832
929161238948478977
929161535473139712
929161805590618112
929162398266740737
929163058852827136
929163238381465600
929163241326104579
929163359190245376
929163521069404160
929164096523476992
929164640130682880
929165402625728512
929167863038046208
929168019905024005
929169328909332480
929169510522691584
929169574704111616
929169594417217537
929169840211922944
929169849871368192
929169861607030785
929170287739920384
929170313744732160
929170507517145088
929170770525392896
929171290610716672
929171777552572421
929171826235887616
929172553477664768
929172840825393152
929172874375528449
929173554683408384
929173675080802304
929173958192222208
929174187620515840
929174856179924992
929175052054138880
929175263044423680
929175804109520896
929175884187291649
929175968098463745
929176376195760128
929176460086140928
929177577440337921
929178219600859136
929178359262859265
929179379309203456
929180677865586688
929181514209804288
929183068656685056
929183171815415811
929183173891694592
929183175149891584
929183179352637440
929183181454032896
929183184410918912
929183190257766401
929183193604829184
929184156994752517
929184432212271104
929184624714092544
929185624644468736
929186112333058048
929186924690100230
929187179057647616
929187606465826816
929188724239360000
929189474994552832
929190215704612864
929190372579987456
929191115395301377
929193453296140288
929193762001178624
929195995484876800
929196005110661121
929196009321721856
929196486226612224
929197523046035456
929197699181690880
929199158489120768
929199433971093504
929199527923298304
929199735952551938
929200092883701760
929201290370080769
929203188707856384
929205575681966085
929205705290145792
929205948123455488
929206092222971904
929206167099674624
929206516049068032
929206576006627328
929206738363990017
929207593129480192
929208460402499584
929208628724273152
929208658495508480
929211475385708544
929211550891675649
929211679216242688
929211863786819584
929211957722394624
929216776159850496
929217521894375424
929218381714280449
929218925325357056
929219126656192512
929222896479809537
929224026844745728
929225625705041921
929229257124954112
929233245505454081
929233376376246272
929235760124870657
929236411785646080
929236727348293632
929236753625632769
929237019116503041
929238518156681216
929238926690275328
929240040978259968
929241851801907200
929245774315229184
929245845215760389
929247699076911104
929249251795841024
929250247959830528
929253361404317696
929253361819402240
929254961933881344
929255697962987520
929256538572812288
929257606660554755
929257763317760000
929257848034512899
929257919752925184
929258026288197632
929258426869452800
929259554793177088
929260190125428736
929260190129631233
929260190133780480
929260190133825536
929260190133825537
929260190133882880
929260190553202688
929260326452891649
929260719463391232
929260904407060480
929261009281474560
929262128338522114
929262572930351104
929262754933952512
929263955792547841
929264213301665792
929266302908289024
929266964366811136
929267926103859200
929268736451686400
929270204051349506
929270689726689280
929271055465762816
929271588142436352
929271714093166592
929275243897720833
929275244321431552
929275244329697282
929275244350668800
929275244749213696
929275244749221888
929275244765941760
929275461183705088
929276553384652801
929276773170339841
929279769996247040
929280442104209409
929280990429802496
929281074408165377
929281199415099392
929283326317232129
929283343086059520
929283449239764992
929283742849552384
929284324096167942
929284651297976320
929285684392706049
929288375424524288
929288375437111296
929288375445553152
929288375453982720
929288376280219650
929288376288550912
929288376296939521
929288376297046016
929288376691412994
929288376712273920
929288376716468224
929288376716476416
929288377542762497
929288377551093760
929288377555283968
929288723166126080
929288790971244545
929288894255788034
929288895551848448
929288898898825216
929288903931998211
929288906863816704
929288909363732480
929288909778862080
929288910651269120
929288917752283136
929288919434141697
929288920289878016
929288929907314688
929288938304372736
929290534241357824
929290665548070912
929291045518659584
929291640304558080
929291667559124992
929293193845362689
929294648736190464
929295656736428034
929296652074213376
929298314071244805
929298675381157888
929300457561849856
929301591227883520
929304122934820864
929304750411145216
929306406741839873
929307697337511936
929307963675889664
929308034983116801
929308381998968832
929308459194920960
929308485023649793
929310767601500161
929310793585307648
929310913961881601
929311360210497536
929311360239812610
929311360239878149
929311360243998720
929311360244006912
929311360244097024
929311883240267776
929312586637697024
929312753134854144
929314799741165568
929314946772537345
929315090230337537
929315256723300352
929315789609385984
929316333837156352
929316758695145472
929320026070450176
929321301973618688
929322085469470721
929322482401767424
929323265763442688
929323535889326080
929323773253378054
929325208565149696
929325533216854016
929325550396620802
929325560479862784
929325589219106817
929326965152190465
929327886045085696
929329385261404160
929330329625690112
929330512660975616
929330768526102528
929330945118953472
929331048286212097
929331877063876608
929335154077786112
929337543572770822
929337548220125185
929338538486849536
929338619009134592
929339793816870912
929339836619685888
929339836623917056
929339837018267650
929340357145280512
929344553517281281
929344637814284288
929344637839405057
929344638242058240
929344638250389504
929344638254596097
929344638267277312
929345609668202496
929345902841663490
929345992373268480
929346155737223169
929348501204619265
929348559513759745
929349122200543233
929350501057089536
929350651636629504
929350869291847680
929351880131543040
929352370865160192
929353912297099264
929355140800266240
929355298719936513
929355437341855750
929356058488799232
929356937099083778
929357162861748225
929358444229902336
929359970092625921
929360445730725888
929361964496760832
929362815122640896
929364277227610113
929364998681513985
929366576993796097
929368090265227265
929368090269413376
929368090277761024
929368090286141441
929369447558660096
929369447566999552
929369447571210240
929370925648183296
929370978488070144
929371194339610624
929371251130343424
929371566101745664
929372081581588480
929375106513678336
929377713697230848
929377915002900481
929377915002908672
929377915002916864
929377915015397376
929377915028099072
929377915455836160
929378806418124800
929379173726064643
929379311722946561
929379819229470721
929379980026482690
929380060406210560
929380135052152832
929380150159990784
929380862784917504
929382061743493120
929382923459063810
929383061845958656
929384397744336896
929386061599465472
929387528368529408
929389036652740608
929389037491589120
929389933067825152
929390241655480321
929390464364634112
929390827390062598
929392809831890944
929393271620734977
929393791303409664
929393851176853504
929393876439199744
929394141938749441
929394659520057344
929394664557424641
929394706491965441
929394716981919744
929395259297161216
929395409935654912
929395445935300608
929395857413124097
929397358487527424
929398056902189057
929398473400770566
929399321904205825
929399431400710144
929399866328997888
929401302060281856
929401372075638784
929401383408648192
929401767602872320
929402516718211072
929403251966885888
929404026671820801
929404213301563392
929405380597252098
929406568843698176
929406653543301121
929406776461660160
929408157650001921
929408917204955136
929409198248611840
929409735509594112
929409854216855553
929409919639359489
929409924265680897
929411676222275584
929411682937446400
929411843566731264
929412700899123200
929415275350544384
929415457811001344
929415957369430016
929416685320331264
929418131252109312
929418522165436416
929419114837311489
929419269158330368
929419588567207937
929419747338305537
929419757803077632
929419761993129984
929419763272450049
929419765382127616
929420096996601858
929420606344454146
929423026860511232
929423263016484866
929423529166147585
929424381616574464
929424837528842240
929425755259441153
929426082469642240
929426456542883841
929427263455625217
929427402790387712
929427406129020928
929428033806598145
929428184172507136
929428222743318528
929428607390195713
929429046538117120
929429049444679680
929429947873136640
929430826151960576
929430844204134400
929431097540268032
929431104263614464
929431829039292417
929432324067827712
929433332693196801
929433817798008833
929433831374929920
929434325040316416
929434851857416192
929435339248115712
929435671848202240
929435694921068545
929436043580977152
929436097976983552
929436098006315008
929436102175444992
929436861751353349
929437659939909632
929438357469270017
929438723195985926
929439239846146052
929439378346299392
929439874129674240
929440118649352192
929440962123829248
929440999021015040
929441995352870913
929442438808326150
929443265648009216
929443675012325376
929445594749394945
929446161366253568
929446174347497472
929446658412130304
929448830218657792
929448862921637888
929448965682221058
929449502578282497
929449653560586240
929449791955898369
929450082981756928
929452399567175680
929453542372503554
929454684208877569
929454726936006656
929454742077448192
929456213015662593
929456490276163585
929456559473745921
929463520323780608
929464374737195008
929465038271791104
929465161592664064
929465162431578112
929466017633439751
929466533109121024
929466810776408064
929467073104723968
929467141702557696
929467672722661376
929468284218507265
929468295152934912
929468297640271872
929468297661227008
929468689380007936
929469334711406593
929469918256484353
929470560102334465
929470934003736581
929471619143045120
929471620825038848
929471671156822022
929472275539140608
929472762065846272
929473092170027008
929473330402471936
929474122291146752
929474164661960704
929474381083942913
929475954795253760
929476247108722689
929481686731149312
929483072516575233
929483326695657472
929483957506277377
929484470486425600
929485527459553281
929486259785027584
929487949212803072
929489282162724864
929489373204303872
929490393242140673
929491221877161986
929492971279355904
929492986152435712
929496230463283200
929496739223977985
929500267774599169
929500361861320704
929501277486116864
929502487526236160
929507311386685441
929508302932676608
929508545380388864
929511843571277824
929512840347529216
929513052143316992
929515855175667713
929518375964884993
929518381849391105
929518391903141888
929520374965993474
929520666478612481
929520837195108354
929523629758517249
929523693927067648
929523738823069696
929525171693559813
929525598313177089
929525681205026816
929525682010447872
929525682048090112
929525686624124928
929525686636707841
929525689165889536
929525695872503813
929525696292044801
929525707205574656
929525713467666432
929526940444135424
929527457476001792
929527565252882432
929527956585644032
929528302208942080
929529745485783040
929530970889338880
929531135448686592
929531700018679808
929531702933721090
929532725085609984
929532730420879360
929533480068792320
929534466560798721
929534603324354562
929536208493039617
929537048595353600
929537048612139009
929537049438441473
929537051103580160
929537051518734336
929537192892002306
929537466754887680
929538029223428096
929538071162269696
929539513541525504
929540529011834880
929540539107684357
929540800383537155
929541864511934466
929542291898765313
929542299435986944
929542790471606272
929543680632991744
929544511327428609
929544897807470593
929545568895975424
929545568912678914
929546068034854913
929547930314399744
929548340097716224
929549079553613824
929552590991515651
929552898458992640
929553616502845440
929553618172239872
929554784394158080
929555137378451461
929555140322791425
929555140322795520
929555193523564544
929556654927970304
929556940920733702
929557149813915648
929557653939822593
929558827090903040
929558827099242496
929558827103481856
929558827111870466
929558827111923712
929558827501891584
929558827527151616
929559153416085504
929559600952676352
929559670133420032
929560060220641280
929560158769790976
929562027756048385
929562050409455616
929562678854426624
929564188258721792
929564335885750272
929564704174891008
929565186939219971
929565685289697280
929566212408852481
929567183834791936
929567619182505984
929567705602056192
929567789467275264
929569071275827201
929569143736750080
929569218474819584
929570027694587905
929574970560217088
929575002541776897
929575206703845376
929575525047083008
929576866804936705
929578172059869185
929584322172002305
929585588398825473
929586112313434112
929586118160408576
929586118588121088
929586119032713216
929586119414394880
929587578218496000
929590736152129536
929592027104399360
929592917567655936
929593134400413696
929593883092070401
929596137090068480
929596213879562240
929596386265399297
929596900868726784
929597899977007104
929597899993890816
929598665173303296
929599664118153219
929599664919212032
929602486851264512
929604695219302402
929604967786201088
929605616611373056
929605867455909888
929606041972731905
929609227944869888
929609228800499714
929609229614292992
929611497684140032
929611955916206080
929612507496321024
929612733980409856
929612744856178690
929612747410522113
929612996132966400
929614603792846848
929615476614762496
929615477462069249
929615479961894912
929615484575551488
929616293270994944
929616807912075264
929620822930612224
929621883024273409
929622577172979712
929623687820726273
929623834612809728
929625203642191877
929625367639404544
929626349509079040
929626612936663040
929627857382293504
929628369905360896
929628598318850048
929629468423020544
929629631157698567
929629639521198080
929630135971545089
929630838282649610
929631120123076608
929631628904693764
929632151904993281
929632369195278337
929636097935716352
929636494272278529
929636662035881985
929638434976628737
929638797356273664
929639687404232705
929639699701891073
929640671807492097
929646984184528897
929647815956955136
929648003027107843
929648115438587906
929649034813460486
929649926128091136
929650947009273856
929655033116762113
929656055063240705
929657545928491009
929659581822746624
929660152264790016
929663349167611906
929664351606259713
929665886725607425
929668878937899008
929670416133537794
929670435028869120
929671066238164993
929674567248957443
929674569610334208
929674683414220800
929674693895905281
929674722412863490
929674724115865601
929674726217097217
929674730398814209
929674735008432131
929674735012560896
929674737088847872
929674737109700608
929674740050018304
929675146880839680
929675280284770304
929676333894029312
929677193290039296
929677671872708608
929678194470473728
929679072757800960
929679200704851969
929681789815099392
929682194985037824
929683726321123329
929684231738896384
929684235123810304
929685201470418945
929686679987806209
929688840465399809
929692031072346112
929693346410455041
929694100009316352
929694542621589505
929694543867293697
929694543875731457
929694544270016512
929694544689430528
929694546392260614
929694546392367104
929694548065894400
929694548481032194
929694555628232705
929694560229265408
929696366716182528
929696620224045056
929697197586657281
929698060808069121
929698391419969536
929699206696022018
929699365224112128
929699365236674560
929699366478151680
929699366490771456
929699366499225600
929700579793805314
929700924670595072
929703281865105408
929705128612859904
929706852035600386
929708540251594752
929708659369590784
929709667684618241
929712682986389506
929714452546457600
929714491985743872
929714552803155969
929716195527290881
929716196970176513
929716660017102848
929717318535352320
929718214854000640
929718219450941440
929720493724221441
929722730429026306
929722750146670592
929723640601595905
929726665097433088
929727964920668161
929729541999812608
929731567840301056
929733835704668160
929737981585444865
929738346666086400
929738666280353798
929739070175170561
929741827116273664
929741829184028672
929741863568977920
929741864428888064
929741864441434112
929741865250934786
929741865682919426
929742384111472640
929742900837208064
929746653065576448
929748112263880704
929748892408844288
929751375017365504
929751906838286338
929751927394525184
929751963285278722
929752453792219137
929755025735344128
929756050651312128
929757068868947968
929757326323716096
929757326327853056
929757785801351168
929759227584774144
929762409790824448
929762795247362050
929763007080493056
929764793413541888
929766063461593089
929768530123395072
929771079006146561
929771400726007808
929773140502343680
929775964938268674
929777601622654978
929778121255010304
929778122945204225
929779160603643904
929779641698598912
929780215051620359
929782201067085829
929782270675881991
929783382225162243
929786196527665153
929786465567100928
929786981277511680
929788693409300480
929788915728265216
929790306538655744
929790925533876225
929790932739940352
929791792572260352
929792151189368832
929793444284915713
929793689685250048
929794577619439618
929795997600972800
929797016577822720
929798118857695232
929800378287304706
929801128673284096
929801250618650625
929801468072353794
929801763699511296
929801820318371840
929801841688248320
929801982654611456
929802026283921409
929802202855731201
929802273412263938
929802431428530176
929802450709762049
929802471270223873
929802507920072706
929802631513550853
929802635690967040
929802782055456768
929802863030784000
929802916294250496
929802918810783744
929802962918047746
929803046317690888
929803126420291585
929803166144778240
929803210310774784
929803304414121984
929803341407883264
929803370944188417
929803409951264772
929803605527457798
929803606680920064
929803712360566784
929803909945753601
929803953650454528
929804009170505732
929804065525166085
929804083166265345
929804134575955968
929804168126259205
929804168465928194
929804203089973248
929804322640158723
929804342760230914
929804356198821890
929804476734754816
929804743764951040
929804899705147394
929805149756952577
929805508084666368
929805714721247232
929805715572645893
929805726071083009
929805799056166913
929805801132318720
929805818748440576
929805977003507712
929806045681029121
929806122411847681
929806259154575360
929806259175526405
929806344768671745
929806570799665158
929806743164637185
929806788903489536
929807003207249920
929807366463348737
929807526274756609
929807579106107392
929807629957910530
929807652091285514
929807801387331584
929808211590504450
929808288350322688
929808383158386688
929808405782564865
929808411235176448
929808490117427200
929808952308719618
929808964887498754
929809151135571969
929809368798978048
929809592804171777
929809856206462978
929810130509664256
929810139716210688
929810171181887490
929810331840532480
929810381660450819
929810474866065408
929810611307008005
929810646828449797
929810671826538497
929810792341557248
929810841855315975
929811023053324288
929811275948929028
929811775905820672
929811846340558848
929812004533088258
929812554926485504
929813227143282688
929813304704319488
929813498103820288
929813683072585728
929813893811179521
929813905811148802
929813954460880898
929814125995323403
929814285781471233
929814349979553793
929814630586822657
929814683833561094
929815037816070144
929815365537890304
929815578042396672
929816169460256771
929816374150606854
929816638790217730
929817142517817345
929817178588803072
929817347199848448
929817357282787328
929817467182112775
929817809428844545
929817852231774208
929818016035901440
929818160894824448
929818309826052096
929818447608975360
929818848378966017
929818886094036992
929819048417906693
929819149920014336
929819728729837568
929819861286637569
929819933420261376
929820271472775168
929820479950589954
929820534891778048
929820698419265536
929821027319926784
929821549888229379
929821658529062915
929822236927778817
929822724247171072
929822770019565568
929822877620121600
929822882451955713
929823124127911937
929823150052802560
929823371935797250
929823881518395392
929824134435147776
929824410026086403
929824900759638018
929824912893759489
929825279899467777
929825456492343296
929825518555402240
929825537840898049
929825904418750464
929826339401732096
929826385941626880
929828221784416256
929828673527734273
929828812350771200
929829080089980930
929829279998889985
929829585817964544
929829719142477826
929829755238670337
929829808481165312
929830212845568002
929830940972531712
929831031083098112
929831157390282757
929831372960739328
929832771782000640
929833221411389440
929833650912448512
929835985881456641
929836639765049344
929837761313390592
929838461338734592
929838935739469824
929840540874616832
929842616627167232
929842622503337984
929843029678080001
929843403768070145
929844215504408576
929844913436585986
929844939046948865
929845407202541569
929845518364233728
929845853388525568
929846501416816641
929847066779459584
929847309218828289
929847421206712320
929849061380894720
929849146663669762
929849849712914432
929850556037959682
929850790071668738
929852726577688576
929855954094559232
929856147447828480
929856994378383362
929857641886576640
929859381755199488
929860242380242944
929860269647462400
929861143471964160
929861152938397696
929861174509703168
929861176854437888
929861917551689729
929862505190408192
929862752230834176
929862924188884992
929862940160937984
929864240810418177
929866941493166083
929867230094950400
929867275800162304
929867275812798464
929867276202926081
929867276207104000
929867276228034561
929868666631471104
929869329729863680
929870210114387968
929870708821311488
929871845918216192
929873339518042112
929874239598948352
929875148093538307
929875829651369985
929875933678526464
929876594310737920
929880203488145408
929880662697328641
929881025144020992
929881028495253504
929881518809288704
929882025485418497
929886320876429313
929886513793339392
929888331608989696
929889580681015296
929889584887894017
929890090171514880
929891018484469760
929891466792579072
929891768027566080
929892341367717888
929892870282022912
929893356817211392
929893820271153152
929895179233869824
929895622987018240
929897619354243072
929898130342113280
929898457107636225
929899235545317376
929899822328483840
929900630994505728
929901413014028289
929901437156450304
929902275023294464
929903806485164033
929904126942765061
929905172570099712
929906899159416832
929907380430753792
929907458482454529
929907460164505600
929907462240473088
929907464765444096
929907472763994112
929907489117675520
929908142170808320
929908859782778880
929909032625803264
929909178977669120
929913240313675776
929913837582733312
929914231813693442
929916265698701312
929916268198600704
929916270719352837
929917284050649089
929917533641113600
929917575567351808
929917575571521536
929917575965712384
929917575974199296
929917575990874112
929917576003469313
929917725295763457
929919537255825410
929923843967373317
929924130845151232
929927833144639489
929929141255835649
929929331345731584
929929331761070081
929929331773652992
929929333027700736
929929333031890944
929929335120707584
929929335133184003
929929337653968896
929929340170788864
929932338502553600
929932545025826816
929932683874062336
929932812643381248
929933860376158208
929934368293957632
929935218483580929
929936217998872576
929936613081305088
929939771400400896
929939929542660097
929940595585495040
929942243959590913
929942779135795201
929943651572113408
929943997170139136
929944671169798144
929949727839399937
929949857455804416
929951213478539269
929952413464834048
929954263551348736
929954589054525441
929956766263029760
929957335358951424
929957771256016897
929957772090785792
929957772954812416
929958434383962113
929958877717700609
929960235426598912
929962082908348416
929966844806438913
929969501906485248
929970450641321985
929975010680328192
929983928840077313
929984076467048448
929985471270100992
929992506632052737
929993044526489602
929993199707402240
929994533059874816
929997308023906304
929997677969915904
929998020644446208
930000480197070849
930001116464599040
930002727886868480
930003159077941248
930005089288257538
930005701254139905
930005791846801408
930007299267223553
930007435154264064
930007898637438976
930008334853398534
930013485051842560
930014228248977409
930014909848461312
930017448358699009
930017926786060288
930018686290747392
930019474077392896
930023243112697857
930027708234346496
930028665789874176
930029015687147520
930030244647653376
930030626299875328
930030833087397889
930032453347143680
930033238126444544
930035557123715072
930037821653610496
930038178563706880
930039619734917120
930040846979776512
930045158732677120
930045444440379392
930050688612229122
930050977339670528
930051826434695169
930057144375787520
930059431110496257
930061374339866624
930061994799042560
930062048800669697
930062630554914816
930062740021968896
930065274191085569
930066259454001157
930066259466579969
930066259848306688
930066259848323073
930067843210797056
930070154272051200
930073580171390977
930074632807505920
930074812071870465
930075260019511299
930076590863736832
930077937663074304
930078735688089600
930080004620406784
930080097364774912
930080345172643841
930081465068646400
930082192943927296
930082503578267649
930083828550520832
930084234345230337
930085294895808513
930086609776717829
930086699530641410
930087272489287680
930087673812971523
930087824036163589
930088675467190272
930088681091796992
930090388014080000
930090567136137216
930092187370397696
930092506125164546
930093497276760064
930094987957751809
930095577232232452
930097469266038784
930100502582489088
930101436247105536
930101827575713793
930107413532938245
930108051062915073
930108247800872960
930110441841336320
930110876367147008
930114422210809857
930122555809136640
930123685352165377
930125718754803712
930125865115181056
930126568508284929
930127837700517889
930131356318826498
930137042922692608
930137468246085632
930141148747911168
930142173013643265
930145577580494848
930146879014191104
930146998103302145
930149392648212480
930152358436331521
930153201923428354
930154452237111296
930159102705016832
930159395639562240
930159584450289664
930162769973964801
930162822830612481
930163196542976000
930163294240829441
930167340486025216
930168897852133376
930169349549297669
930171359078043649
930171786460782592
930176009277714432
930183128681013248
930184292210298881
930192828852039681
930192934997299202
930193720464564224
930206183545294848
930208664895606784
930211520784449536
930219489957990400
930226375327408128
930227304369975296
930228360084631553
930231766253821952
930236952540000256
930237171063316480
930238002361647105
930238207047868416
930247603534438400
930249488865873920
930250323947552768
930255681747345409
930256177941962752
930258746982436865
930263298624323589
930263667240816640
930273694634708992
930278894740979712
930285715916693504
930291710416052226
930296752812511232
930315093258027008
930323719662309376
930335840735256576
930338677405794305
930338741134045184
930341126023909377
930354167398518784
930356857172123648
930359771395391488
930363299228680192
930364083345461248
930366153448411136
930367723778871296
930376841797492736
930392380829851649
930394726301339649
930397011135946753
930397388421914624
930397433070276608
930398753655349248
930399958712270848
930409696628002816
930411306800123905
930413772207984640
930414428641734662
930420300616892416
930421216871038976
930422372636733440
930423638892871680
930428997527375873
930436411395686405
930440911862902784
930449360453857280
930456559993458688
930461234134159367
930468861811490816
930471996294684675
930475501042503680
930476126429904896
930480332482269185
930481659232657408
930484526760984578
930488417414037504
930488898928574464
930490218423054338
930493755072925697
930495134990467079
930500189500174336
930500241979265024
930504946746822657
930505890859503618
930516346445721601
930518596245012480
930521239931801601
930522582096531456
930525118828232706
930525851984285696
930533231446937600
930535745584095233
930537212243992576
930538698734682112
930538870692773889
930540603758268416
930540979991531520
930542026059403269
930543250380935169
930547037434777600
930552783182422016
930553252193755136
930553314617577472
930553554175176704
930553690750058497
930553753236799490
930553831313805312
930553943998058496
930554041272291329
930554116354473984
930554336832352257
930554820209119235
930555703672102912
930555902075310081
930557080255201280
930558956778479619
930561391580401665
930563487067262976
930564188916744193
930564243308666880
930564610704445440
930565208812093440
930565765404569601
930567241388711936
930570033511780352
930577663378456576
930578051095846918
930580524728545280
930582293051256832
930587684409618432
930590981547872257
930591595174301696
930592378251079682
930593704426872834
930594283295473664
930594711122927617
930604562725113859
930611417484529664
930616737099386881
930618848927137793
930620373917351936
930623172369674240
930623656031551489
930624291447693312
930625867277000704
930626347499696129
930627492980895745
930629424227250182
930637614658605056
930641265812795392
930642765263781889
930646158900211718
930650727759994881
930657285134782465
930664716178984960
930666272756568066
930667843426844672
930675104178233344
930688447517470720
930688820835684353
930704500825972738
930705332971687939
930736809545433088
930737503681830912
930737796880277504
930738868931964928
930741743301136384
930752629604474881
930755834065440768
930757856571285504
930758101921357824
930776872685854721
930777111748599808
930789012276641793
930791959601430528
930797171867348993
930798498534100994
930804498456387584
930804498460590081
930804498464849920
930804498481651713
930804498485751809
930804498896842753
930804498896949249
930804498901098496
930804498901098497
930804498905178112
930804498905284615
930808760737718283
930814256953610240
930820656194867200
930827963519692800
930832638494912513
930839388359221249
930845111486992385
930846429362270208
930851689107566592
930854195946811392
930855843058343936
930859374230360065
930859460624601097
930861126182690817
930863885195890696
930867656642744327
930868243945918464
930868893631090689
930869347026862080
930872892606287873
930873181061165056
930873364092157955
930874579828043776
930874791216713728
930885360871129088
930889405740519424
930891758883532800
930895038820814848
930896500535844864
930899289739530240
930900010727825413
930902541579165696
930907380577177600
930913601958830080
930913756326055936
930914675285356544
930921710802558976
930937672243093504
930939871308533760
930941466033184768
930951727355977728
930951793609138177
930956950921244674
930957813278543873
930958956670922752
930959601331302400
930963933208416256
930971766071193600
930973767152660488
930976091656908800
930976249773789185
930998260239499265
930998511604289542
930999912770277377
931005743263879169
931007976738979840
931008423423909888
931008933040480256
931010163670056960
931013241031061504
931021305536753664
931025937168322560
931028339271155712
931041567250571266
931041667494400001
931041891449233408
931049813680054273
931050140411891714
931052374306762752
931057990605578240
931058849053687809
931059124602748929
931090749650882561
931107443815473152
931112303751294976
931119736498290688
931121402907955201
931123215686094848
931132768708386816
931133083570593792
931136830732423173
931136864169398272
931137157514665984
931137266579320832
931137984660779009
931139793659891712
931147505735102464
931149002657148928
931149038317162496
931154938444599297
931157854735814656
931161591449612288
931163036387123200
931171840659091456
931176372051021828
931186212420931584
931194303770251265
931200308235120640
931211648316203009
931212739741134848
931213031224291328
931216096417349632
931218720801935361
931222297716969473
931223656226873344
931224149070106630
931224927558094849
931225206479257600
931226957567623168
931228562304262144
931233305231544325
931233583334875138
931234294244114432
931237257490649089
931241147338543106
931245849136463874
931245927981076481
931247152755564544
931250129859956736
931250297640443904
931266982581637120
931273633883967489
931279986153140224
931280309534056448
931280501633142784
931281954556674048
931288080329379840
931292374193639424
931293671386783745
931296794000048128
931297971357941760
931302746044715009
931303677708656640
931304819796664320
931311315934633984
931316221982724096
931316281575342081
931317411520770048
931317460598374400
931317733626703873
931318788506701824
931319268779716609
931322161557422080
931322489996705792
931327927463174144
931328380804456448
931329590504681473
931331369313226752
931336668417839104
931336990951436290
931337205720801280
931337961945346048
931343604932493312
931345045676068864
931345756610551808
931346257595027457
931346405469409281
931347522445963264
931349737856487425
931355490344415232
931356486923640832
931356525943193600
931356826221805571
931357928501657601
931360021459251200
931360049980522496
931361248280809472
931361390786433024
931362075842170880
931364666642755584
931365276494499840
931365732826394624
931365891803140096
931366605497311232
931367509139353600
931368967674855425
931369925469462529
931370223638159360
931370288696123392
931370569706205185
931371136771698688
931372214317961216
931372423190122496
931372788929236992
931372822873759745
931373550593888257
931373799735529472
931373976764473344
931374537526185985
931375150716653568
931375350365306881
931375542892449792
931376534425948160
931376751716065283
931378826617204736
931378943659266048
931380651965661184
931380961769676800
931381369607016448
931383013799325697
931383902576537601
931384300175368192
931384454525755392
931385009881141249
931385167129739264
931385241398153216
931385938898497536
931386322991824896
931386430462484480
931386740002172928
931386964808470528
931386996374884352
931387080168656896
931387158593789953
931387596894294016
931387681988403200
931387695489847296
931387869549211648
931388205600997376
931388280565837824
931388317916069888
931388411033915392
931388503706890241
931389148220612608
931389403397844992
931389484708614144
931389588345671681
931389764514627584
931390177234313216
931390934725660677
931391122638823425
931391157468319746
931391812668768256
931391931317407744
931392832962777089
931392951372017664
931393289848328192
931394512055930880
931394796027023360
931394928248225792
931394975421648896
931395087522676737
931396316869025792
931397227448229888
931397805838688256
931399082597277696
931402326480371712
931402724863864832
931403104913842177
931403974816731136
931405084650606592
931407799623569408
931407883929088000
931410913185247232
931411826641965057
931412180569939968
931413160355037184
931413609992900608
931414259967451137
931414443405299712
931417574427914241
931418539587768320
931419023576846336
931419992456822784
931420385458864128
931420991967907840
931426374518108160
931426830430720000
931430205213855746
931431193765076992
931431553649070080
931431940753895424
931435547716751361
931439208065126400
931439584877084672
931439654502531072
931441680351399937
931445950156902401
931446305431474176
931446413199732736
931446674102325249
931448755722764288
931450068950855681
931450691406782464
931452055385968640
931452147245441024
931454670396182528
931455050962087936
931455336602619904
931455935121428480
931457861154213888
931457993018834944
931458124954980352
931459607217795072
931461930476335104
931461952706170880
931464845098176512
931469881194795008
931472488697090053
931472937797996544
931477176347779072
931481576579522560
931487991335407616
931491395017244672
931495200924594181
931497652772114432
931498267829039104
931498499757232129
931501361119801344
931502650012598272
931503735091744768
931503770311241729
931504716986617861
931505848186175488
931508347567853568
931508483899478016
931511809542180864
931513892014100480
931515083599073280
931515369264762881
931515537011757056
931524720658472963
931525874305904641
931526771031314432
931526875050053632
931527204231462913
931528260005056512
931529830373494784
931531833971494914
931535733856309248
931536110509023233
931536766070411265
931537674577555456
931537839829016577
931542302153236480
931543640970756098
931544228584357888
931545717973413889
931546260280049665
931547491748712448
931547492784754688
931547917885820928
931548288234524672
931549888780881921
931550082549215232
931550082565939201
931550083404857344
931553901077303298
931555622385885185
931555779278077952
931556444888973312
931557912501030912
931559116660723714
931559280670633990
931560099004452864
931561488980078592
931562700290666496
931567267195867136
931567852976566273
931568364706770948
931571990686785537
931572382418063360
931572461258395648
931572628799803393
931572873977835522
931572938909868032
931573309765906433
931574005009498112
931574315576971270
931575297899626496
931576336820457472
931577648387682304
931577710027182080
931578738034143232
931578929328115713
931579938469285890
931580287431081984
931583156737671169
931584152008306688
931584277069705216
931584471685615617
931584690208862211
931585692211261440
931585917042774016
931586029424955394
931586578224500736
931586716888195075
931587084300689409
931587100671176704
931587372046745601
931588011250409474
931588825670750208
931589052515737601
931589623129796609
931589712040558592
931589746844946434
931589991389712386
931590222495862785
931590487563173888
931591795779227648
931591914045841408
931594016206057472
931594828240117760
931595085686460418
931596077308039168
931596177971310592
931596430451658754
931596901916577793
931597312844955648
931597687488700418
931597721428987905
931598127492096000
931598252453122049
931598471836024832
931598509584863232
931598644985331712
931599207529680897
931601047549894657
931601195881377792
931601361275408386
931602076991475717
931602846067200000
931602969812000768
931603261748072449
931604733919485952
931604842564476933
931605527070683136
931606027027566593
931606037932773378
931606281210785797
931607020679069697
931607289097871360
931609448732389376
931609829600366594
931611978870743041
931615025931763712
931615214239453184
931615219700436992
931617328986574848
931617816398188544
931619069228302336
931623106266968064
931624074714939392
931628028328923146
931628992154750976
931630108217171969
931633846176616448
931633936781807616
931634031812374530
931636732285607936
931636990943961089
931637234754899968
931638689758711808
931639749672042497
931641153086255104
931642906703736833
931646699633893376
931647147568746496
931647299406782467
931647778824097793
931650116724801536
931651635461443584
931652804858601473
931654504067551233
931654959468335104
931655450621370368
931655576446046208
931659358450176000
931662986955182080
931664743735152640
931665141153910784
931667780616716288
931668178899320832
931668842178367490
931671844071059456
931672972137439232
931674563175366656
931675208322310145
931676584444088320
931677551679873024
931685815264083970
931686792537038848
931687957303562241
931690017956777984
931690479359614976
931691324478230529
931693693857300482
931695012110356488
931696069934796801
931697889868419076
931699843147247616
931702672612347904
931706918480916481
931709207329562625
931713447762546688
931718462917042176
931718792975212544
931722416866328576
931722878923558912
931723140803182592
931724586596683776
931726393481740288
931733643365683200
931733798110285824
931733952057917440
931734395375046656
931739382008221696
931748042411307009
931750637699850242
931761629842329601
931770189166850048
931782980384710656
931784312650858496
931784335711227905
931790123859050496
931790789474168832
931791399732703232
931799459113009152
931800174636290048
931801412794798080
931801975691382784
931804464188493824
931806746300923904
931813721822949377
931819175944884225
931820148771528711
931820691942445056
931822318069932032
931825972147605504
931837887330492416
931838923323539457
931850516442869760
931850900158554112
931851400979591168
931861670300913664
931865638951358467
931868463387340800
931869869288706048
931876471559393280
931878575946346496
931879720035033088
931881028242644992
931883445831327745
931885124408442881
931887389756350464
931889138764312577
931897722847793152
931909266415292417
931917369802481664
931919749646356480
931921505843273728
931921701683781632
931928253606002688
931928851294367745
931929282871463937
931930097401106432
931932859375513600
931941437549060096
931942744511209472
931944435629387777
931945597052919808
931946457296498690
931947084332392448
931947129211367424
931947721476407297
931949926816165888
931952961399304193
931954946576207875
931958741578027008
931962627588313090
931968245866942471
931972463109591042
931976215476539392
931977098801139715
931978986242134016
931979271115026432
931986185739751424
931987228015890432
931990436654276609
931994524880179200
931996085966508033
931999406475313162
932000478145245185
932000625885249536
932012208808185856
932012298633465861
932012639638773760
932013546455617536
932015524065792011
932016045010948096
932017470659022849
932017565446139905
932020359666298880
932020597923643393
932025726303375360
932027516432343040
932032396068839425
932036745155276803
932040897931354112
932049424045527040
932052858408701952
932066917719912448
932067775035723776
932067851351023617
932071216445378561
932073436544929792
932073501510586368
932078082948812800
932079118509793281
932079939112914944
932080604136472578
932083697431572481
932088792273571840
932088907444957185
932090370342768640
932092626270072832
932094740283060224
932095164671283206
932098131738710016
932099424414728193
932100377343795200
932101466625585153
932104015474720773
932104058256707584
932104082608836608
932105059449569280
932106444022874112
932106591192547329
932106623555915776
932106788362743808
932106964066283521
932107254324535299
932112360495558656
932112792903090176
932113224249438209
932113422874951680
932113448435159040
932113456450363392
932113483298164737
932113603666370560
932113890569277440
932113949696327680
932113981585723393
932114017216270336
932114036652589057
932114118722678784
932114132156993537
932114210988929024
932114260653690880
932114265514893312
932114275161821184
932114356967497728
932114378362630144
932114379595747330
932114381730545664
932114414408486912
932114433601671169
932114447157616640
932114453444874241
932114471056797696
932114478174490624
932114479059492865
932114523179356160
932114523498078208
932114536043294720
932114544029323264
932114562488430592
932114571300622337
932114578024022018
932114586383323137
932114588929286144
932114596877471744
932114650967298048
932114651860602880
932114667685728256
932114683720536064
932114696274087936
932114745938690049
932114805737115648
932114838490419201
932114865728184321
932114892177465344
932114926549704704
932114955075235840
932114968920674304
932114977313492993
932114986280898560
932115019248087040
932115028479799296
932115044418162688
932115106900582400
932115107315961856
932115132896960512
932115171501277184
932115218460827648
932115228141195264
932115265856425984
932115336756977665
932115362774122496
932115483989553152
932115527614521345
932115539358609408
932115540172091392
932115559080255490
932115559478648832
932115581284896768
932115704081502209
932115759534428160
932115772142481408
932115821618515968
932115843839696896
932115848055078912
932115858087862272
932115933170089984
932115990246318080
932116162606800896
932116320300224513
932116393717305345
932116404207222784
932116438176935936
932116580363849728
932116651251781632
932116725906145280
932116889068765184
932116905405579264
932117060620111872
932117069411311617
932117377453568002
932117650733518848
932117701912416256
932118048382763008
932118050459082752
932118393741770752
932118438012641282
932118664081485824
932118924157706240
932119047537278977
932119075987144704
932119508843749376
932119585175748608
932119795406839808
932119843494678528
932120100659978240
932120196709412864
932120490159751168
932120750651269121
932120940506333185
932121142923444224
932121161965617152
932121168550690816
932121333349191680
932121376978214912
932121410540941314
932121480170823680
932121751122792448
932122835744641024
932122850449768449
932123157862924288
932123195209142272
932124272717426688
932124451965153280
932125309540937728
932125381129326594
932125767189676034
932125968059289600
932126178172964870
932127241429049345
932127614726279168
932127979647496192
932128132735340544
932128257301991425
932128757682458624
932130056649940992
932130263852879872
932130578874454016
932131214311469056
932131663102009345
932132096784633856
932132328268328961
932134010448379904
932134258499604480
932134718195290112
932135379687366656
932135617890316288
932137342575566848
932137434438963201
932137600894189569
932139694321815554
932141389235802112
932141464334848000
932142451657240577
932143701983354886
932143924201869312
932144643206275073
932145825974595585
932145989972037634
932147816616534016
932148419325390848
932150246783594497
932150717812563968
932155079876120576
932157790247890945
932158129999147008
932159315711893504
932159691836211200
932160372261265408
932161041227702272
932161245079146497
932161524029972480
932162057108987904
932162774326636545
932163697069477888
932165168020123649
932165881072939008
932167789456056320
932168316348645376
932170772034019328
932170944415784960
932172931249123328
932177257673691136
932177308433166336
932178930785644544
932181572350107648
932182479997464576
932185165220196352
932185538483900416
932187056855494657
932187302641750017
932190438265704448
932193504310317057
932198130224730112
932199180063399936
932199428764655616
932200333048205312
932200779343163393
932203862974517248
932204193498222592
932208608028381184
932210887607377921
932211070491594754
932212381639434240
932212684875018242
932213006565543937
932213136182202369
932213327459209217
932213401253744642
932213729667756033
932214424063975424
932214552598528000
932215077704478720
932215934214864899
932217002051108870
932217569972498433
932217874491551745
932218074140413954
932218736832114689
932219254417645569
932219566465454080
932220708142362624
932221735751114752
932221893888872449
932221919050522624
932222577547907072
932222843894427649
932222877868482560
932223309919514624
932223543705776128
932226526514438144
932227030221033473
932227314590650368
932228195843231744
932229631943385088
932229732632023040
932229928480673792
932234838764957696
932236799597936640
932238132984139781
932240254433497088
932240935114510336
932241020351406080
932241193152507906
932241916674150401
932242669534924801
932246944352817153
932249577964670976
932250749039534080
932251041957076994
932252005623623680
932253589413675010
932255160406913024
932255443304566784
932262396600766464
932262741812961281
932264558349099008
932267387843379200
932272054404972544
932273399090556928
932274112143200256
932274263532457984
932276193780518912
932276517131956224
932277105613819904
932277890779111424
932278949002039298
932279357518827520
932279586121019392
932279894284828673
932279964426231808
932280159905906689
932280224494116866
932280471521697792
932280493206310912
932280734097735680
932282569546121218
932282623203745792
932282797707980801
932282820365570052
932283192362569728
932283335942033409
932283506541068288
932283798468907008
932284789154914305
932284841441275904
932285576862208001
932286346676326400
932286958457491456
932287626614378496
932287710496284672
932288007444553728
932288170607210498
932288513285832704
932289835733098496
932289955702890496
932290211119271936
932290296292941824
932290309693804545
932291229508886530
932291252586012672
932291506324480001
932292836757856256
932293232700076033
932293410509037568
932293985317670914
932294226330648577
932294485123457025
932294731736014850
932294913365913600
932294938523525120
932296873343414272
932296975701237761
932297448818651137
932297511754190848
932297927808057344
932298138358026245
932299826250870785
932300066055999488
932300154979405824
932300568974020609
932300887736963072
932301003474522114
932303759153213440
932304466723987456
932307012985212929
932307429160665088
932307497557348353
932309182799405056
932310303953604608
932312422915899392
932312451009449984
932312615006728192
932312905256787969
932313387589095427
932313755421151235
932314344754483205
932315420153008130
932315654648033280
932315698646224896
932315992222523392
932316214545616896
932316378865922048
932317205252931585
932318258434371584
932319652646092801
932320291002269697
932320837516046336
932321216278482944
932321888172470272
932322231723745280
932322454822891520
932322922085146625
932323246325846016
932323501377236997
932324013870784513
932324328452091904
932324744531251200
932325312003821569
932326859542540288
932327154578157568
932327404558831617
932328844455014406
932332374377074690
932332998044696576
932333029103734786
932334537811550208
932334973155233794
932334992440602624
932335512144236544
932335625495367680
932335748094812161
932335751617970185
932335911433654274
932336345120493570
932336460451086336
932336468026109953
932337148736438278
932337568372416513
932338016978337792
932339023162564608
932339516865744896
932340063802970112
932340339767152645
932341227692920832
932342685658157056
932344014820474880
932345016411975685
932346794796863494
932346858000617473
932346862752768000
932348137418706944
932348399969554432
932349516338089984
932350355362451456
932350970222190592
932351368291024904
932351890058334210
932352929826295808
932353698231091200
932357225640730624
932360068502188032
932362928208187394
932363049431859202
932367800320045057
932367997016137730
932368124938203136
932370527867478017
932371792747884544
932372462259589120
932372773908951041
932373692453187586
932374304871845888
932378159403753472
932379326116499456
932381774897930240
932382164934692864
932382818012889088
932384092708012035
932384109413924864
932386167575711744
932386599157018624
932386974576586752
932387353716330496
932389088916774912
932389969733222407
932394992395538432
932397373912965122
932397974549925889
932399259667836930
932399851094138880
932400249951227905
932400874915106816
932410081408294913
932414053288353792
932414304644714497
932419934663118848
932421027711344640
932424019898445825
932424165860225024
932424640252674048
932424934252478465
932426880015364103
932428851858288641
932429780368154626
932430581048250368
932435673793089537
932441178817159168
932448919392522240
932451306374963200
932454746564182016
932455359016419328
932455498179158016
932456156685103105
932458480744763392
932461401234395137
932462253508501504
932462888735850496
932463828901744641
932476655053893632
932480756701585408
932481373679493120
932481493603094528
932481699140714496
932483683121905664
932484668309377024
932485622916198400
932490448890822656
932491227760594945
932494762283692034
932498785493663744
932498804342906880
932500532400291840
932500537563475970
932500553799647232
932501293247086593
932502302484709376
932503305254662144
932503327069184000
932503509953638400
932503812777979905
932504781674835968
932505199414976512
932509272063315968
932509594600980480
932510698130698241
932511135206477825
932512722998132737
932512874978611200
932512884214571008
932512884625620992
932512887167258629
932512888421457920
932512898903023616
932512902648434688
932512921124356096
932514102253060096
932515089986437122
932519562368765952
932520578250047490
932520730482192387
932523079724617728
932526464104202240
932526475000942593
932528221110779905
932528624162525184
932531530005585926
932532767723724801
932533037828624384
932533620413263873
932537035436408832
932537074460237824
932542856308277248
932544207683837953
932544585187827714
932544586001539072
932546597602209794
932557618580729858
932560796160163840
932569085384253441
932572410011901952
932574842481717249
932585040487309312
932593856058503168
932603561707323393
932604083801862147
932604942912774145
932605451665108992
932606300999077888
932609968523632641
932618731976626176
932619296634818560
932620108224126977
932620229473075200
932623186440671232
932624430114770944
932626402225954817
932632487741870081
932634654909370368
932635918682542085
932637842597036033
932643752769937408
932647996570738690
932653209671340039
932654294351958017
932659468063657984
932660560214282240
932662756981071882
932663413179854849
932665247562850304
932667627624742912
932672372892581888
932673096275890177
932673676205608972
932674678233206785
932678792014909440
932679557462847489
932681442135437312
932686272128221184
932687218350739460
932690478583164929
932696180227637248
932700710097039366
932704937183657984
932707686973665282
932714605910134785
932722477339308032
932723699978928128
932726869622951936
932729598177087488
932733423214571520
932733852719763462
932739993210155008
932740564444999680
932748595308236800
932748852981108736
932749631276056576
932751504892710912
932753140243451904
932755944110518272
932757813540950017
932760179954896896
932761956234285056
932765808706621440
932770990341394433
932771423642374144
932771812039102471
932775067657830405
932777975539552256
932786953870827520
932788656724733952
932790963206049792
932799596778131463
932803375456022528
932803724153688064
932806653686185985
932807077507895297
932832278400655360
932839821000790016
932841373732163584
932842596338106368
932843243942875136
932844112193171456
932845410309115904
932847127654424576
932847372819935232
932849281282613248
932855258098827265
932862279380385792
932864003226746880
932896245856825344
932896503521267712
932898157033275392
932901347074150400
932907101382471680
932910518083444736
932912114850660353
932914081144692736
932916950329466880
932919878100701189
932925227096346624
932929858828668929
932933617445163008
932936982858104832
932939199577313280
932955483127865344
932957124338036736
932957238444154880
932961452855562240
932966319099592704
932982316720447488
932985065096740864
932985890481299456
932990039834988545
932992332575772672
933004566517317632
933005767346663424
933007055845126144
933007069636042753
933007442157424645
933008139477188609
933019580892631040
933039039095164929
933045777261359113
933049328553353217
933050936515231744
933051800340586497
933053081620766720
933053920901042176
933054518597742597
933055525213712384
933081346184044544
933087413253165057
933089937829720064
933090428374589446
933094687853879298
933094740697923584
933095571610468353
933098870841622529
933099400590630916
933105788100456448
933107967855128576
933108975331102721
933118132335423489
933124383962554369
933126922351001600
933127600574169088
933137540663730176
933141771860824064
933143559057879041
933143741069713408
933156834462007297
933168902103744512
933173601196498945
933189305920401410
933190924900876288
933212715597807616
933213541196210177
933227972353560576
933243327276650498
933249374213226496
933280303417823232
933292107061710848
933292978680016897
933316985504632837
933324825384312832
933326045234843648
933334750122606592
933335033632493568
933337430706470912
933353823300739073
933357180408954880
933357506226556928
933358300296630275
933364838373445632
933365777884942336
933367864580558848
933368357377716225
933368749142536194
933370548494782465
933373656071331841
933383083843239936
933383974478598150
933384647651856386
933389373877362689
933390115765997568
933392932249284608
933394962707861512
933399527796760576
933399766876246031
933401312892420096
933402426065018881
933402445765419008
933408166800486401
933409100842635264
933412465513152513
933418023842729986
933421726985101312
933423096828235778
933434548116959232
933435521186983936
933438811228405760
933443431229263873
933447826872430593
933450653409591296
933451396241809408
933454251266838528
933459917779947520
933491760742854657
933501559274655747
933513962670276608
933519421968039936
933522575241728000
933540328476250112
933544097905889306
933553473412505600
933570607588847616
933574708771065856
933588375919095808
933589682843086848
933603794515984385
933605038181814272
933610495407468545
933623159663640580
933636891408154624
933670482804690944
933673589500387328
933680982791729153
933682479319228422
933686250397106176
933692322197442560
933692392141672448
933700465816092672
933708900892921856
933716974810685440
933718136741875712
933725639164747777
933730332112707584
933732820601724929
933739602443165696
933742193201766400
933745793152012289
933749834271612929
933750070943641600
933753293817434112
933763736405286912
933764210357690368
933767457155764224
933770060560306179
933774916301795328
933777546147012608
933781482514079744
933783702559215616
933798711456497664
933801750632501248
933801761114075138
933803804155400192
933804426950774784
933806326802722816
933809109941587968
933811607225774080
933822839572049920
933835190992015362
933847575509250049
933849193248165889
933849924730523654
933851921617768448
933866021345259520
933867737528578048
933870464220442632
933888891077218310
933893702363308032
933898045976186880
933900668267409409
933917730687868928
933920719972519936
933933433323212800
933934448353083392
933938833476980736
933940994902343681
933945392953094144
933994388702732288
933995946064482304
934000021669924864
934019921146548225
934032949468479490
934033505633288197
934042384127676416
934052541058420736
934064372338569216
934065432897708032
934067065937211394
934067487880171520
934069935923482624
934070628600119297
934072890009489408
934084963464630273
934096108149620737
934104647748542467
934109542295724034
934109945972318209
934111051628478464
934111440847474690
934112061726093312
934113080493203456
934114024123400192
934114933037400064
934118466709209088
934118976308858880
934121320106856448
934123363844358144
934123533877248005
934124836363923456
934125053016510471
934128976821354496
934130644057231362
934133236979994624
934133765424713728
934139079997915137
934140108080422913
934140302264172544
934141203741888512
934141657037004800
934142087787884547
934144491103145984
934151489743966208
934151925104246785
934153994573893634
934156654601482242
934158286189924352
934162592473538560
934162849152237574
934163136495489024
934163366339375104
934166155547365376
934167917993738240
934168487148257282
934169798724018176
934171324586610689
934175635932631040
934178161293701122
934178328235388928
934180124248936448
934185054665707520
934185278150885377
934186638976073728
934188012040101888
934188996472836097
934189287125475328
934189785006063616
934189922130579461
934190740049223682
934196307127820288
934197691667664896
934199712890179586
934201644815851521
934206281618939904
934206467409711104
934212411179053057
934213488678912001
934218343590105091
934218966444269574
934220142539624448
934222386072883200
934227055990001664
934231260766945281
934235638370533377
934240417364828160
934240908186304512
934246476880007168
934247448280694786
934247464630067200
934253390363877376
934269061533454336
934270193987076096
934272765108129793
934274707913957376
934276249303822336
934281587822419968
934282022767472640
934282345732960263
934283644302188544
934284029725065217
934284648225521664
934284969668632576
934285275450273792
934285963722919936
934287020700110850
934288859495460864
934291240996229120
934294211129614337
934295427335237633
934295768768299010
934296347997605889
934296593775206400
934299579276775424
934301165981970434
934301633667792901
934303125086851072
934304012261908480
934307498973999104
934311810575974401
934312209169223680
934313591670562817
934314433836285952
934315655637200896
934317615190888448
934320167005315072
934320901029617669
934322428574076928
934324432205762560
934326011373740032
934327457997504512
934330747254538240
934331750838288384
934332322538819584
934336312978624513
934336326375108609
934337995322347520
934347292009693185
934351521554288641
934353977713614848
934355444893700097
934359558142812160
934364904303349761
934367418364973056
934371066989961218
934374044962578432
934376076272422912
934379222046568448
934379911548227585
934386033545895936
934386104010076160
934386278887432192
934390272699588608
934393215255326723
934393480100507648
934395251791400960
934395537394163713
934400916614209536
934406062194618368
934410751397257216
934412056681254912
934412515106279424
934412537348739072
934414000749727746
934414449531871232
934416576044044288
934418068771614722
934418092280524800
934418569156325381
934421120991858688
934422521889292289
934422929990979585
934425832436699137
934437804230299648
934438447816855552
934443255340572673
934446176484642816
934446345540308992
934449249663815681
934456229841244161
934456260426108931
934457534672281601
934458774504357888
934463525820407809
934466195088166913
934468078317944833
934471496671494144
934478962536759296
934480295906107392
934482997025402882
934486884314697728
934490934321881088
934492017303973888
934493170750156801
934498963910217732
934499298179452928
934501515745570816
934502088234676224
934502447711735810
934502832442617856
934507600292564994
934507639396020224
934507725408604160
934508552504397825
934509673226502144
934512076143431680
934512967034556416
934513883875864578
934516639147675649
934518845322166272
934523395739475968
934524526502715393
934524527937228800
934524787396714496
934529962337546241
934530362067312641
934534305115713537
934538601752342528
934539956931919873
934544451120324611
934546825129943041
934547864897933312
934563046579728384
934564392204685312
934571133218840576
934572159132930050
934572810520772608
934578748812349440
934580145503039488
934580317049978881
934586736843292672
934591054048739328
934606895117082625
934607613592993792
934607698317815808
934608104741920773
934609052658814982
934611280262062080
934612882041462784
934614087903956992
934627489556471809
934629979689816064
934635198268002305
934638289889517569
934645979730628608
934651522482393093
934652700246999040
934656788435054592
934660584284438528
934668524504588288
934671617833156608
934674485449502720
934674989621698560
934678670144282624
934679355074203649
934703748269596672
934706737587851264
934709393681084416
934719598775099392
934724206008328192
934727814774951937
934729066799861761
934734370069508096
934739714464256002
934740518063558656
934756037185458176
934757291668230145
934763139203186689
934764712482476033
934765069006712832
934766948910448642
934773621624582144
934777047943172096
934777144818970624
934778057935728645
934795505388916738
934802311448117250
934805822877581312
934808327405613056
934809040399585280
934809540784263169
934809559683817473
934816723966005248
934818336243879937
934820284070268929
934825399045033984
934825587776081920
934841916633559041
934843354952622080
934847412027367424
934849882891755520
934850935578415105
934852327797903362
934852652369932289
934853198451441664
934855288922001410
934862829026447360
934870001672056832
934871058666094592
934886265874452491
934888809384198144
934892129159020545
934898949563015168
934900240775335936
934901538648154112
934902737808056325
934911024062435329
934915412172484609
934918334243581953
934928320952766464
934935165226201088
934939583942463489
934948588882419712
934951229842739202
934961279390896130
934966955966156800
934966971476660224
934967366571692032
934973235694882816
935000580032028674
935006814600683520
935008067703283712
935019570556952576
935035514641616896
935037267588145152
935037721432678400
935040224152846336
935041176700272640
935042401432932352
935054163934883840
935066105512714240
935066375231627265
935086540178440192
935087343828004865
935090085216817152
935099898185306112
935108993126621189
935124751114297344
935128241211355136
935130342159273984
935130603866992640
935130634913243136
935132907781410817
935133989526007808
935135678962077698
935136085805621249
935146514099462145
935148854135095296
935149737451446272
935153608378564608
935156406810038272
935165671167741953
935171096529141760
935184227624091649
935185622653956098
935189072623964160
935189658807488513
935199094343073799
935202079823380480
935204894625148929
935205570755399683
935221093052403712
935233881325867014
935234047999135745
935234094547570690
935236436638433280
935246493304229888
935248554813214720
935253219730739200
935261565149777925
935262155032711170
935263305358331909
935263327592374273
935265160054292481
935273551610904576
935291200407453696
935305077534928896
935313346328498178
935343881301848064
935352833179709440
935355278450679808
935363844070879232
935368086135492611
935368294235766784
935368552348971008
935379527840047104
935383530581975040
935384389025873920
935402180005183488
935423110022606848
935426060291682304
935442901269729280
935446523885764608
935472625039659008
935480700043751424
935482372572831746
935489949184311296
935489971812741120
935490962008154112
935493566943649792
935494400607772673
935494558607200256
935519042118537216
935522811984203777
935523023788150784
935537974363561989
935541917005344768
935547025684230144
935556047225307136
935563745870278657
935565237377556482
935574894754091014
935581626049982464
935582758646304768
935586742832316416
935592694679834626
935592740804587522
935593384068177920
935594632808992773
935597428622987266
935600024897179648
935601307011964929
935602570436972545
935602956749234176
935603603615703042
935604935206625286
935606020235321344
935606289211772929
935606852754194432
935606893497716738
935607096917352448
935607576766697473
935607656873627655
935607908443852801
935608020947611650
935608668539817985
935608720108740608
935608788899463170
935608960446554113
935609038049546240
935609253628329984
935609764947509248
935610023312527362
935610409154949120
935610685148495872
935610813079007232
935612301205557249
935612302082134016
935612915272638464
935613654325657600
935616264323690496
935616483949973504
935618620872413184
935619394549542913
935619819516432384
935619900894302209
935621580289429504
935627716958834688
935628289091231745
935629073413496832
935630065743822849
935630207108730880
935630986011926529
935631126504333312
935638514775023616
935643986274013184
935645002520129538
935645742831677440
935647725051297792
935648199863390209
935648233816248320
935648318549610496
935650731369074693
935655672414392320
935656822094036992
935656865702301696
935663190700183554
935666049533599744
935666709536665600
935667132120961024
935668233536929792
935670087817641984
935672524301463552
935672588034076672
935673988101148672
935674243135631365
935675743408939008
935680128134320128
935683372008980480
935685319021690880
935686361289392128
935686469087383553
935686639828926464
935686808431742976
935690030500204544
935693979005399041
935705534035922944
935707839925977088
935709000481439746
935709569300406272
935710362703486981
935710551468072960
935714747529551872
935716594281353216
935722857639895040
935725828859678720
935733880690237440
935742352345444352
935747461393641472
935750373196869632
935766745545134081
935773254765117441
935773893918384128
935775729333276672
935776494793711617
935779039070978048
935781190317039616
935781943198728192
935782043459440640
935782928440848385
935784217341984768
935788858507186176
935791105664274432
935792086707789824
935794753886552064
935797583359832066
935810212816179201
935810746335879168
935813049335853056
935816712729001985
935818095180083200
935818289783156736
935824889944182787
935825144106250240
935835916760907776
935836459059351552
935837607065513985
935840779217408000
935841332458909698
935843593620787205
935844661037383680
935844962008223750
935850234009341952
935853146735247360
935854744169525248
935855070704480256
935855626214920192
935858148690284545
935861273832562688
935863711994208256
935868162985295872
935870751717986304
935872944928186368
935874587824349184
935876332499677184
935877377875435522
935877575020367873
935882397987381248
935884377342562306
935885080727240704
935890472764973056
935891603281063936
935893746994044929
935896385391550465
935899137932918785
935900716253765634
935901290848309249
935902425424076800
935905988070305792
935913674967060480
935926919303856128
935930408553852928
935931331309162496
935933123115630592
935933240543674368
935934116742144000
935941601498501120
935942619041095680
935947353953067009
935953437392547840
935964144590901250
935979321294053377
935979493260447744
935991770936201216
935992098792267776
935992511113330688
935992720811876352
936016985728659456
936020750083022849
936026287403163649
936048661477449728
936059176811364352
936066369103134720
936067483466895361
936079670583447553
936079696843898880
936083244168163329
936092127515230209
936134859071938561
936139307127070726
936141176108961792
936148204072128512
936159188983697408
936175204929327104
936175669658058753
936176000148393985
936178045257318402
936181348322172928
936187002252173312
936190684004012032
936191293859999745
936194849790877696
936208010271248384
936209825121177600
936217620721713153
936221900119851008
936231083535994880
936241940894572544
936243211302879234
936243345986375681
936249723454832641
936266215848325121
936267307315163137
936275663534862336
936279244027695105
936279689227919363
936281485245591552
936285415732019201
936292102681579521
936295424150949893
936308989813387264
936312920555827201
936320219647180802
936324015903465474
936324020919853056
936324976390664199
936325101817155584
936330156783915008
936331409186160641
936331945230860294
936336596294668289
936336891548495873
936352161784573952
936352856365502466
936356888337317891
936360804143661056
936367534332313601
