892181092815581185
892207323552153600
892210683617697792
892233528309669888
892241053327253504
892247164868452352
892262075992608768
892263648856608768
892274965122342912
892276913766453248
892278766839451648
892281308168060928
892285821637808128
892293305115045888
892305093634269184
892318671858671616
892320290004402176
892322434958991360
892324161363877889
892337633048842241
892341494828351488
892343385125670913
892344492837175296
892361876520263681
892362011165814784
892371942451302400
892372267514068992
892373687680225280
892378330783039489
892381654345437184
892386377966514176
892390628922765316
892392775152353280
892407126345351169
892408494145581056
892410120692314112
892428931298725888
892441072550522880
892443310438187010
892447213405601792
892456202235523072
892456963354898433
892457382504128512
892467530232729600
892467899746701313
892471365495906304
892478863208534017
892481308097642496
892483278967635968
892496962498383872
892500486938439680
892501461715824645
892505996614131712
892510010143637505
892516559964524544
892521629196075008
892524169677725697
892531711036096512
892533903822655488
892534364755636224
892534953229127687
892545923414319104
892546768168251393
892546825051398144
892547900214919168
892547941310889984
892554323774889984
892565442471927808
892565668943585280
892574858239987713
892592057004564481
892626373101015040
892632982065881088
892635223954931714
892642461847359488
892644951372255232
892652271884021760
892657332550873088
892657740207837184
892657845061210113
892671404008763392
892699563299139584
892715268891435009
892719198945849345
892733273360797696
892736191342100480
892751869625479168
892757353673699328
892761778274287616
892769520103895040
892772860032204800
892773227013058561
892776834533928960
892789391856472065
892790377962274817
892801165720670208
892804350455754761
892807228998250500
892814638659842054
892814728426336262
892828809954603008
892829934451912708
892835946118356992
892837418377912321
892853772766109696
892869357528907776
892900093799669760
892920471838228480
892930642207428608
892930800328507392
892940031987507200
892941835932487680
892943149194235904
892944795466960896
892945411182395393
892945706473840640
892948902093008896
892950839865864192
892971209096351746
892977066458656768
892977165406547969
892977545943150592
892977624275746816
892982199821062144
892983041626451968
892983145229803520
892984844765937664
892986057347792896
892987208260608001
892990763759538176
892990884555489283
892992250212487168
892992287969595393
892997591243161601
893005577508462592
893011111162896385
893011334295584768
893011995028471808
893014947701153793
893015207756410880
893017468050059264
893019555152277504
893020145706086400
893020404477972480
893029984272568320
893033839060066304
893040772047491072
893042680992870400
893057558914715648
893063912572280832
893068408312352772
893114278466641925
893118499203055616
893121533756846081
893130328382078982
893147212569604098
893147722169167872
893154586143465473
893158724663115777
893159392417374208
893162730219294721
893163096377892866
893169701177765889
893172429123616769
893175003184848896
893178655148457985
893182289118625792
893183469400059904
893184387935870981
893185251962499073
893185504891588612
893188294091190273
893192289585156096
893196079755382786
893205834653499392
893226254220111872
893230042536431617
893235585564979200
893237741168844800
893238771713536000
893244182730604544
893244726790561792
893246092007157762
893248374136332288
893254272179195904
893256443545214981
893256864661635072
893257119280922625
893260278418120704
893278829136953344
893280596474122240
893290755598544896
893292257469542400
893295969445466112
893298010800754688
893299098362814464
893299370577108992
893301762165223424
893314449544626177
893315788773392384
893317897665208322
893324236089118720
893331906636509184
893332167933263873
893347057741836289
893347060547805184
893365995850563584
893373480166621184
893379167642890240
893380649083707392
893381061379448832
893384813574590464
893387301648121857
893393523902476288
893399934459924480
893401896584712192
893422069509214212
893428592067182592
893446010185203713
893449046408474624
893450394872971266
893453994437345281
893459873601605632
893467521931759616
893467850756812801
893482975425384451
893490460160778241
893496682398330881
893504269483167745
893509376773947393
893520737159581700
893528263401910272
893528277834485760
893528476464140289
893531465757097985
893539570813476864
893540211723878400
893541870571102209
893543616479547392
893543689649364992
893550994868588544
893557540474236928
893572405318135808
893572787633344512
893577494036721665
893588663476637696
893596010227810304
893598796059262976
893608086451048448
893609650058297344
893616803066384384
893620521320857600
893624578492289026
893633977478561792
893633991319982080
893642425310232576
893644475829960704
893659221308432384
893661349917732864
893663994870943748
893665486755565568
893672403188015104
893675434407112706
893676010708840450
893680205855825921
893682042939912193
893694346507288581
893699986197798912
893701580448464896
893716464762597377
893719476251656193
893724542585233408
893733590512668672
893735922134650880
893741008005025792
893741873847820288
893742164945096704
893758565919469568
893762515275923457
893769026928857088
893778815545221120
893779575595044864
893789323191046144
893789444402184193
893804341286621184
893808825417035776
893811396554760193
893816107328471041
893816779918725120
893818933689581568
893826470447022082
893829101110407168
893831266218516480
893833998786600961
893879372364615687
893887250114560001
893902727494979584
893907063180492800
893919801663467521
893932183668260864
893935943476023296
893935948924432387
893942972697518080
893943551100407809
893955594201202688
893955626476371970
893959309737967617
893976170617819136
893981263740231682
894004029348618240
894006859081711617
894018980620505088
894027116706095108
894028304541515776
894033284447051776
894033999164780545
894034117016342528
894034584228298755
894049189683974147
894274134796115969
894349753500274688
894351172844310530
894353002831777793
894358719986900992
894361514748006400
894373062489124866
894375693169041408
894389084306653184
894392256051912704
894401591784157185
894401909251072000
894402889048760320
894403287474212866
894403450229927936
894407655850102784
894412124050653184
894422217651564544
894422262530666496
894437103223918592
894464462257881088
894472002400129024
894475738652577792
894477466286379008
894492765848915968
894494627285405697
894498803553665024
894505935124779008
894509730139451392
894514118627119104
894537126473281536
894539713113202688
894547585670586368
894547970439364608
894549113798131714
894549658634076161
894551358187032576
894553134030143494
894560906071359489
894563337522085889
894566128181104641
894566565894541312
894571226986926080
894573077513854976
894573900448845824
894574371456548866
894592755946672128
894607852505116673
894617339014123521
894619935468470272
894630518939103238
894637288952520704
894641833510400000
894651476194336769
894652200361885697
894654296880316417
894656979112787968
894660549727932416
894660705772863488
894661405810491393
894663686262054912
894670693681463296
894689869611585538
894696366982803456
894700652307390465
894715042138030080
894721124298366976
894763552698884096
894767845904494592
894768824016408576
894769246386999296
894769269040271360
894769383117012992
894779148731695105
894852539690176512
894853176100311040
894857008427540480
894872148199821312
894887834477142016
894893436641230848
894896078805282816
894900827583795200
894905541985685505
894921248798593026
894924892377948160
894925263603159041
894925329277624320
894930776571224064
894935867613216768
894938808696832001
894943030255505413
894943122110730244
894957497332584450
894958532797366273
894986690024046593
894992902627176448
894992906804760576
894996112511205378
895001402354704384
895002415732318208
895017995449356288
895056106153807872
895073706296446976
895077733272657920
895091558084730880
895109883078606848
895125204380286976
895141609133572096
895144036822118400
895156149938515969
895167016545505284
895172900310962176
895183755203182593
895197978901741568
895219373631315969
895257828297850880
895263339584126976
895267062259609600
895278351408971776
895289341492310018
895290417306120193
895294991928614912
895313798759727104
895314048958451712
895316210878865413
895340203581345798
895370389546815488
895372587378905089
895374934914084864
895375728467779584
895378863722819588
895391918502182913
895401356097400832
895405601165017088
895417188970106880
895417673198088192
895445998578745345
895446046817505284
895448938400145409
895456070801408000
895456222647689218
895456267912622080
895470834739015680
895486351142944769
895491182985400320
895523517717925888
895524275813203968
895524440909283328
895524731977322497
895573038183309313
895580834144542720
895598258973757440
895598258977988609
895598258982182912
895600840857329665
895602047239819264
895620010760179712
895626490821398528
895645839569420288
895649650094612480
895655866900373505
895664801585569793
895671373913178113
895675768029761542
895675941250355201
895676138374266880
895676292309303297
895679763527946242
895679984559415296
895680101592911872
895688282138390529
895691479460589568
895699569027104768
895732828192768000
895740667237892096
895742311916855296
895759799643779073
895764025933430784
895774834122039297
895775255255425024
895791029588295680
895802729590919298
895809302065106944
895811935689515008
895816288097796096
895830665752698880
895838270030045185
895870536416346114
895870590099144705
895880938680336384
895897032648536066
895898327249584128
895898927660232704
895903318240788480
895921704387526657
895933075569471489
895944170334019584
895946532175962113
895947807219212289
895982618545672192
895987199295881217
896002173389029377
896002344067792897
896003863257501696
896031489900642304
896037701450739712
896038272899719168
896041075130978304
896046372658348032
896046829707509760
896048080885362693
896050013599485952
896050662047326209
896052353203191811
896061814693285888
896064957913088000
896074279799840768
896075281726709760
896077424630181888
896077545421930496
896087239737851904
896095864493494272
896097144158822400
896105216113754113
896106387163365377
896107824488394752
896108416224985088
896109310559739905
896109429686272000
896115430472822784
896119902456619008
896123088865185792
896123642861371392
896124449065283584
896131362117214209
896132754848362497
896150002887557120
896154591032627200
896155448763535363
896163320226390016
896165737819066368
896165744102297604
896169380572274694
896174589457428480
896180631306162176
896181013302452224
896181346263064576
896189149165883392
896191238759645184
896193401749741568
896200084559470592
896202508334268417
896204509936013313
896204653834186752
896210327880257536
896268270101159937
896281755174522880
896308676339712001
896309711468888064
896309731207376897
896321570871836673
896326369814208512
896327256267788288
896336703568437249
896347492102545409
896365983518130176
896379492549017600
896382064894849025
896391520110116864
896419945327857664
896426560584069124
896446267970256898
896463597974429696
896465679204761600
896466201827622912
896471482838024192
896499650273968128
896500696241106944
896562195563110400
896574783546040320
896609185617653760
896619043913953280
896636167570903043
896642394858369024
896661344757272578
896671611562016769
896672733127475201
896681456843591680
896684056062169089
896697955117395968
896699158064771072
896709833038147584
896724937083244545
896724978200170496
896727980050976774
896735431252787200
896770482619469824
896774674847330308
896805913994162176
896819995119845376
896823757398036480
896823861454524418
896831165381787648
896839733959176193
896845891600076803
896850124500021248
896872710415855616
896878890689449985
896888902929195009
896896927463227392
896917261054758912
896917775683379200
896925634945060864
896929936220594176
896961179184238593
896965556829605890
896969135753711616
896970937240834049
896971224932167681
896975857960595456
896989455512477696
896999892584865793
897005406450589696
897022483135692801
897050177210642432
897067241455439872
897101234544361478
897125038482006018
897125773303304194
897131883561189377
897132920393134081
897137020748922880
897137540741726208
897146546856308739
897168232485867522
897168747731005440
897172136711909377
897178018384424963
897178645428613120
897184321609584640
897190124416409600
897190815868399616
897202871762071552
897211212529881090
897212582821601281
897220119994089473
897226658490585088
897228705319276544
897232417076895744
897239884800413696
897242498275430404
897245084898471936
897247197569462272
897266891097489408
897274742843027461
897288019039797248
897291853065748482
897293838233985024
897295529427832832
897296926273679361
897309057282752514
897312390496178176
897314910840823808
897317727215521793
897318799367520256
897321133103616001
897322963913068544
897327781897490432
897328506266198017
897361556261842944
897390063948115969
897391825161523201
897393767107502080
897403072187699200
897415365889847296
897433605881901058
897441806153121793
897448535913713665
897454956122341376
897459581881729024
897459943145697280
897463622808371200
897463628273790978
897465637055975424
897467946787852291
897469403423399936
897471524470272001
897480235603566592
897483914872332288
897499697018830849
897504853248933889
897512182371495936
897512767892094977
897512965871738881
897546130325688321
897547521500827648
897552185550135301
897555378262749185
897580650605277186
897585978629529600
897590148627484672
897591164483682304
897591183786094592
897592380819333120
897614397979471874
897621449002844160
897629546975035394
897631017477038080
897638034132303874
897644816443383809
897644822210764800
897649513845993472
897650471942459392
897651850589155328
897666940021473281
897733355982204930
897743827091546113
897743948726366208
897744003634003968
897744425182535680
897746224132108289
897748921493200899
897749684831358976
897750363054497792
897756604602343425
897769434990989312
897773281146806272
897774156074364931
897777467477426177
897784390603874304
897784458136481792
897791079973617664
897791568748400641
897792246946443264
897799871360634881
897809860674428929
897810333636726786
897817921975705600
897849150255112193
897854216122884096
897859746719551489
897879386556387329
897889277983510534
897900556064354304
897922558539874305
897925060001841152
897927268718260224
897929624268689412
897950071060258817
897965889286397953
897978136821989376
897982682600267776
897982835553906689
898037655685824512
898102980297318401
898104578301976576
898108022702166016
898137416372035584
898170801572261889
898174231036428288
898179412990070785
898189817489575937
898221138853187584
898239824498393089
898245025024417793
898261985090863104
898263840223133697
898270269676105728
898270431995609088
898274743316430848
898277063194419200
898277454099480576
898283232193589249
898292330486145024
898304426007572481
898311976589418496
898356020459786242
898358275812577280
898374766985347072
898377326941130752
898383289832005632
898384017799745536
898385719986601989
898386292114837504
898395717558915073
898427711713968129
898438172702461952
898487504843587584
898499050949025794
898500280685350912
898503619376549888
898511747526647808
898526505168502789
898540545609535489
898548610400346112
898565678298415107
898575762642542592
898588989560508417
898602129706766336
898602586898608128
898640848186781696
898645766029414400
898649465367650304
898655317273190400
898663989424472064
898686854660280325
898693496348921857
898712643749498884
898715625752850432
898735323600928768
898746436812025860
898757184355356674
898765049916829696
898769815061635072
898782586297647104
898798698729177088
898801423416164352
898839611224375296
898841662671265794
898850961833156609
898852162268168192
898856527691300864
898863503385210880
898867860545482753
898867866166063106
898875859716653056
898877072646574080
898880570708512768
898905334705786881
898915692967325697
898927001628749824
898931794464124928
898947316387794946
898961922174861312
899004585771225088
899006610361774080
899014504486506497
899016415797059584
899018573749903362
899022255128276992
899032944869867520
899046889106137089
899059152852529152
899059248042266624
899064973275668480
899069222105436160
899074262379749376
899076410291171329
899095342150451200
899096264893227010
899096592439013376
899097427134758912
899097992917131264
899106132400197634
899139652480782337
899139959474540545
899172322262663168
899183199812825088
899189746693492742
899225419253207040
899230259068887041
899236899067490304
899251106831679488
899255981460385792
899276108520083456
899278807709908992
899279608381681665
899285369669251072
899301283722657792
899302577233248256
899305431243173889
899305473815568384
899312086563643393
899320535984766982
899325929012436992
899333621814833152
899341023918338049
899356416485601281
899357150576861185
899372014376374272
899372363690774529
899411499067686912
899411835513970689
899415763894890498
899433643365552129
899450744998305795
899454958411456512
899457582758277120
899463982448123908
899469706825834497
899492505405628416
899512257213870081
899535819970666496
899547069517615105
899561076802629632
899567309966147584
899573028916539394
899578000412463104
899578043617947648
899596849832747009
899602745086423040
899604956373815296
899611677691432960
899611828728324096
899611897091284993
899611944486883329
899618365555212288
899619407403433985
899625656086089728
899640500969496576
899682135333720064
899698311061549056
899711653750554624
899720071538368512
899720297602891776
899723531830874115
899736433115582465
899742092049645572
899742397843726336
899764123260436480
899764846157209600
899805247790567429
899811068461039616
899840166189289472
899851682086965251
899949393847209984
899972553145450496
899980857435275264
900004480174915586
900021466665799680
900021910863589376
900022086168608768
900023379297792000
900023786963181570
900024970591457280
900032860932907008
900071522219548672
900071528645230594
900080037684228096
900104970673979396
900106007531196416
900106143825002496
900119581536256001
900138811564457988
900152054261231616
900162825200513024
900167134843555840
900168025734762498
900168211101925376
900168478723903491
900168829380308992
900169599420964864
900170744042336257
900177220483731457
900204358893281283
900212897648922629
900212974006263808
900214970071343104
900234330848493568
900256508335726592
900262327089586176
900263749386457089
900278457560649728
900284572444762112
900303923277426689
900305098525507584
900317461647642624
900330419958272000
900340883056467968
900358103199342592
900366570399989760
900370961274331142
900370980547117061
900371088919678979
900376369040953345
900384680402440193
900387286747148288
900389914042408963
900394847386968064
900395298723332096
900403137428819970
900405394392174593
900416231299264514
900419753998786560
900422901844893696
900423483578077189
900424616212037633
900426121392422912
900441739298828289
900450044859621376
900450843027095552
900463053476687872
900469370652119041
900476658133614592
900503769707950080
900506693955485696
900521501102927877
900522566129000448
900529745523347461
900534895214075904
900537115234058241
900537142119628800
900538280453824512
900542949519392772
900551325544402944
900554629553016832
900554806418219008
900556726159761408
900557713893081088
900562057099005952
900562462272925696
900564758646198272
900565836188012544
900566878438924289
900571982105690112
900576433533267968
900586627755634688
900594416599093248
900595621610102784
900612168550420480
900619810135973888
900624088774844416
900625643175587841
900628256231227393
900634465873133568
900644825829179392
900647216171429888
900647669546221568
900648736459821056
900651082032050176
900653162406739968
900661837116657665
900668264870752256
900669400252133377
900673886479667200
900675227402874881
900676972220739585
900678120197545985
900684657309646848
900687092652666880
900688482666000385
900689281445920768
900694202023116802
900701613517668352
900701629695090688
900704207539515393
900707081023406084
900708121638612992
900708910998458369
900710871017639940
900717292903903232
900717896904658944
900720350559965184
900721034634121216
900725745676320768
900726228050739201
900726423085862912
900728856188989441
900739308813996032
900740431620788225
900740909343559681
900746830459183104
900747748189798401
900767220648747008
900767543173955585
900770676755312640
900773502021664769
900774024736911360
900777296612786177
900784026813964288
900785449081417732
900787659194470400
900792688450187264
900793727807102977
900797794818170881
900798552917540866
900799525161385984
900799946789617664
900803745046568960
900804784839688196
900804839369826305
900807470859399168
900808634803814401
900809999995285506
900810041808310272
900811078376017920
900812517299163136
900812566536085509
900813553296330752
900813956926910466
900814019837251584
900814072320581633
900814123881172996
900814162875613184
900814402361978881
900814477855248384
900814558834642945
900814654032797697
900814927480467456
900814936288489473
900815116861489152
900815327222738944
900815533154516992
900815715573395456
900815890924613632
900815991596355584
900816751184760832
900818350074462211
900819085130215424
900819210309337090
900820588138307584
900821007790993409
900821588488200192
900821736458997760
900822487432282112
900822819935838209
900823341698883585
900825303773306882
900827604470513669
900827938324533248
900827982398316544
900827997795758080
900828043081646081
900829038389981185
900829631036751875
900830535727153152
900831333097885697
900831919042170880
900832879973998593
900833185973420033
900833537196269568
900833587196461059
900834155885457409
900834762797056002
900834980888170496
900836415738703873
900837048562536448
900837367858298880
900837709710675968
900838203640467456
900838453335687169
900838595535269888
900838774204223489
900838926880919553
900839034662133761
900839262022664193
900839834935230464
900840158316167168
900841223640010752
900841455626964993
900841511851630592
900841674569637891
900842997864177664
900843389226233857
900843935131553792
900844680652484608
900844858595606528
900845351321706498
900845571099033604
900845950649995264
900846755557900288
900847633769443328
900847928427692032
900849176698683392
900849412209094656
900849487719026690
900849845786882048
900849928137621505
900851373050404864
900851684275961857
900851753922420736
900852310494072834
900852406942150656
900852728238403587
900853143474515968
900854856415662080
900855032580632576
900855041409601536
900855522068484096
900855812624707585
900856218339741696
900859973902761984
900860348122746884
900860813614952449
900861052480442368
900861213730590720
900861308542779393
900862902357327878
900864452144312321
900864488219570176
900865051099312129
900865530533380097
900865668114984963
900865741481799684
900867462828355585
900870416469819394
900870808637247488
900873941354467329
900876694927495168
900877765783814144
900877986651656194
900878813021732864
900879934184468489
900882251092815872
900883902008619009
900883933038088192
900884027392929793
900884413281652736
900885200535683073
900886748657537024
900887556073570304
900888365154873344
900888694831415296
900888890709594112
900893172649340928
900893661239676928
900895201446707200
900895713986400256
900896696699408384
900900742525014016
900903514636996608
900903669339754496
900904664627113986
900907034815680512
900909852561723393
900915851251077120
900923041961566209
900923189647204352
900924062461038592
900927387273015296
900928527700115456
900929340149448704
900931898649792512
900936465865089025
900940387937730562
900949055467012098
900957178999132160
900958400388792320
900959690959368196
900959789097771008
900960619985117188
900963798047010817
900964883927252993
900970820951879681
900973328307040256
900974410470916096
900982487014354944
900984715028684800
900985236393263105
900986589412823040
900987167861653504
900990178541658112
900992432979968000
900993643422470144
900994372417847296
900997535774461953
900997977400950784
901001300564901892
901001405829451776
901002998423355393
901004548201996289
901008181329055744
901010194167025664
901010382483070976
901011510771806208
901018175084482560
901019202684944385
901020494949998593
901024716080676865
901025526009274368
901028383181516800
901029121794297856
901030357423853568
901036650138132480
901039117672345601
901047930726998016
901048518374240256
901048937385140224
901050286239645697
901055840366583808
901057635105071104
901061129362952194
901062983996121089
901063596037353472
901065722532704256
901070446602444800
901073340659638272
901074683692556288
901075410548531201
901077290427273216
901082014069272576
901084805781180416
901088289997901824
901091327110254592
901095331827519488
901120050236727296
901122590609166336
901123294002159616
901126516037177345
901126676393762817
901127106175913984
901127182113800193
901129462560980992
901129637438337024
901132179203399680
901132445038366722
901135348406923264
901138206837657601
901138492453007362
901138541954183169
901139258752331776
901140040989978625
901152558886080512
901154007200264193
901154265141583875
901158206973517824
901159810032336896
901160701422690309
901161020915277824
901162790496473090
901163876393381888
901166748245913600
901170135116824576
901182036769112065
901185694327898113
901189583689437184
901190251875631105
901192970178875395
901193978095259648
901195102135214081
901201067282542592
901201459047432193
901202042466820097
901203115491422209
901205035085946886
901205946541756418
901212347020316672
901216902365753345
901217008569565184
901217273679138816
901218038707609600
901219938299330560
901221958284713987
901225124136837120
901225158928674817
901227007781986305
901231298974543873
901235420721229825
901243975876714497
901244142797414403
901247448303247360
901254137815412736
901259036762533888
901259635310637058
901259653333622784
901265315228680195
901272298329694208
901277086962208768
901292983798116352
901294693371084800
901297257772863488
901299435455619073
901303301366456321
901310721090215936
901314305093771264
901316939137642496
901335055578140673
901339231875760128
901340264362409984
901345626922688512
901357704895111168
901357790505127937
901359349825761280
901361464614584320
901361961220403201
901363982010912768
901366387045683200
901366529220112384
901367194004725760
901372027101118464
901377388293963776
901382524185739265
901389825638629376
901390242703388674
901391298254454784
901392369064345600
901392934901342209
901399164281647104
901411596550799360
901412703071117312
901413359471538176
901429184152690689
901445848948768769
901455661543952384
901463082123354112
901463259529842688
901467093958316032
901468640402427905
901468707083472896
901470891078545408
901479867711053824
901484692850974720
901491240549699584
901491628522786816
901493125922926592
901493867048042497
901496466232885248
901496842457886720
901497220335230980
901502868519301120
901503058856873985
901503812988522497
901510903060996096
901511109408149504
901512879823781889
901512938124652548
901513864633659392
901514198068449286
901516123673440256
901524592430370816
901524753487364096
901531875805679617
901546322674823168
901549268774813697
901551599532879872
901551953112707072
901552028178046976
901552232721764352
901553472025137152
901556329877311490
901556973656608768
901560665936035840
901565629467152384
901568023185653761
901568944066052096
901574104628776960
901574414021558272
901576256176627712
901576730711793664
901577027521826816
901577112024317952
901577121130209280
901577314705780737
901577362193690625
901577623528230912
901577684324638720
901578159014912000
901579085238988802
901579159062831104
901579519336751104
901580164848549888
901580559297658880
901580756190986245
901581343443869700
901583727901327360
901584547636158464
901584677093482496
901584932958494720
901586819648675840
901588288074637312
901588533735018496
901588763159212032
901589057586778113
901589223270207489
901590263935545344
901590401051709442
901591031015198721
901591570000039938
901592389705392128
901592682065272833
901593009485225984
901593898677624834
901595102426038272
901597408882286592
901597528000487424
901597753242943488
901598152964182016
901598283352514561
901598294312443904
901598310653468672
901598686467284992
901598700291674144
901599620408655872
901600832122232833
901600883263332352
901609935175245824
901611203100762112
901613127032242177
901622289086722048
901622956375334914
901623010083434498
901624013792923648
901628507121475584
901632591127830529
901637194393075712
901639391768186880
901646879875710976
901647122289889280
901647706979893250
901651068005863424
901658422596308994
901659271514931200
901668331626913792
901672360251666432
901674501196333056
901678485625851904
901681078947237888
901688487992332288
901696519467917312
901697807089795073
901704075082944512
901705501964165120
901718832305332225
901718841969057792
901721202514907136
901724667848904704
901731293599342592
901733071145373696
901735159074041856
901736249857323009
901738905002758145
901739435372531712
901741813010231296
901745780301725697
901747217253502976
901750437400993793
901751946108919808
901752018905296896
901752648868782080
901753945755922432
901754137032916992
901756078974582784
901761217684963328
901766360061153285
901767110438899712
901771420178554880
901772174217940993
901772218245500928
901772471145295872
901775076370079745
901775667661946880
901775928090644480
901778695492435968
901782750574895104
901792755978039296
901802195338788867
901804075678932993
901806305337368576
901807323303354369
901810355801923585
901810435489390592
901810909030617088
901815605082411010
901817805703655430
901818185720135681
901818268754857985
901818366901587972
901818580819476480
901830227567013888
901834092207067136
901834571179687936
901845380312301569
901845390814838786
901854943342100484
901855772564271104
901857988004151298
901868032104042497
901871977673224193
901876010500710401
901884325712580608
901890644834213889
901891992057249792
901895654955290624
901897231573372929
901898751991799810
901902455541297152
901905185403895808
901906740509270016
901907391436001282
901908154799321088
901909353107742727
901910252383346688
901913585529479168
901914593051766787
901915447821520898
901917120979750912
901918198043480067
901919080457805824
901919610710130688
901922256527532033
901922463671574529
901922633608040452
901922821022126086
901924276877623296
901925105663664128
901927659592183813
901927659986444289
901927810146734086
901928016070266886
901929507602391040
901929625038856193
901930269250265088
901931108480106496
901931953720442880
901932490574757891
901932748113248256
901932809337663496
901936218061115392
901936518780129280
901936884506644482
901938292672757760
901939068904374273
901939080660963330
901939985787572225
901940285093044224
901940855686221824
901940990877073411
901941272587403264
901941561700876291
901942564885979137
901943040943816706
901943555584917511
901943613864771584
901945853618917377
901946335921704962
901947525430599680
901948020840833024
901949432718958593
901950428333703168
901950929586360320
901951485352845312
901951685706244096
901954671304220673
901955374328057856
901955854727086087
901956392667549698
901957234460160000
901958295199592448
901958951167815680
901962486412439552
901962741979676672
901964752724877315
901966752149594116
901968021375377408
901971764313391105
901979041070186498
901980917580931072
901988118382989317
901996154229055488
902007039693430784
902009389762138112
902010701924970496
902012899865923585
902013886056026114
902014134371438594
902014542066089985
902016367859298304
902019929800630274
902024646979092480
902026232434499585
902027479392575488
902029582722899969
902036344477593600
902040888175730690
902057178407858176
902062808002510848
902067720811925504
902069031603101700
902072269966598144
902083917959880704
902087975512805377
902089070884597760
902094268667494400
902094547580313600
902096610313764868
902098918464507904
902102017207934977
902106438444699648
902108196457906177
902109704960213000
902115273288941568
902125098034921473
902126423854415872
902128811675971586
902129995006468098
902131902290776064
902133315943194628
902137730460733441
902138542888894464
902139169513857024
902139729872859137
902140089341497346
902142167598161920
902142236497936384
902142973332336642
902143116777586690
902143152844361728
902144813163847680
902145402236833792
902145964722573312
902147019980058624
902147418451574785
902148013199683584
902149730758733824
902150815829430272
902154183847051265
902156323814612993
902160127192698881
902163822361755649
902164858795417600
902165447835095040
902167434504921089
902167478125645828
902168266239561728
902169319865548800
902170734989983746
902172903042633729
902174116438036480
902176394368565248
902177432052133889
902183518410768384
902183658488033281
902184231841005568
902184262203518976
902185782928138241
902185914385891328
902186734611570688
902187380102352900
902188373724590080
902188538271281152
902189553603239937
902189742736986118
902195554985414656
902196359285092354
902201759006937089
902215900547485696
902218582381260800
902219104123326464
902219149031694337
902219302115446784
902220141395632128
902223080768106497
902224644807303168
902225360372334593
902225382178476032
902225713524346881
902226749504794625
902231385833865216
902232916805201920
902233455794282497
902233870610735104
902234514856009730
902237054498738177
902237580896468993
902248864417144832
902252953431625728
902257552918016002
902265234366357504
902265515804119040
902273134732206081
902273211928367109
902279270575296514
902285894232756225
902286213008302080
902286839217758208
902300791972798466
902301289547276289
902302305306816512
902303634049732613
902311856546697216
902315727495065601
902323871126355969
902325780822323200
902328207751299072
902340021486682112
902340376148623361
902344933666951168
902345637487882243
902345814919479296
902348139805466624
902349150217527297
902349253829328897
902350861925474305
902352281689100289
902352648262660096
902357466662412288
902364423360135169
902365666958864384
902368665487761408
902378245676568576
902381197229043712
902405732628176896
902420631655931904
902421892094676992
902422338741821440
902422340834795520
902422342516654080
902422350469095424
902422352146743296
902422352570400768
902422353841242112
902422354231410690
902422354256551937
902422361357434881
902422363454619648
902422850295947265
902422861758980096
902422868025212929
902423493853057024
902430892181872641
902442106903420928
902442387867402240
902442874473668608
902445104136429568
902447303717306368
902447486001872896
902448288888000512
902453518778286080
902457625383755777
902464116907958272
902485295224016896
902486870206152705
902487340790284288
902493550000173056
902494590099308544
902494677437485057
902494875425366016
902495643398053889
902496114024349697
902496633660686337
902497502330421248
902498266935418880
902499012716126209
902499256824561664
902502222998724608
902502467144900609
902502487038369798
902502891151347715
902502936877555713
902502947380051972
902502980489961472
902502981341347840
902505479481335808
902505488713105409
902506712611012610
902508432686686208
902513277934067712
902514207798607872
902514491358928896
902514565178548224
902515019417493504
902515600315916288
902515849470332932
902516809143910400
902516840177557504
902517051553710080
902517278067089408
902517425689780224
902517540215250946
902517876174856192
902518034820038656
902518116910907392
902518136620154880
902518810669920256
902518931037892608
902519023723675649
902519107186171904
902519275809800192
902519352536309760
902519924236500992
902520012317052928
902520032458137601
902520166675820544
902520386880983040
902520784928653313
902521026927620100
902521084397797377
902521099484876800
902521155256541185
902521181676466176
902521597784973312
902521685001240576
902521820917719040
902524171799973894
902526023186702336
902526023941677057
902526193865433089
902526198084800512
902526205626261505
902526208973275136
902526209417895936
902526211493998592
902526214857932801
902526216095150080
902526219886800896
902526222424391681
902526223649193984
902526223653289987
902526229957435392
902527354039263233
902528694517985280
902532212561666048
902533107772923904
902535621415133186
902536104619917314
902537163681570817
902538123732672512
902538688671825921
902538965521223680
902540137418039298
902540906875760641
902542828923871234
902543205563940864
902543898035318786
902544702490107906
902545043520708609
902545596740886528
902545979672469510
902546183930777601
902546777001279488
902546805942038528
902550050253008897
902550132872298497
902550761598361600
902551824032423938
902554269701767168
902554504783990788
902554889221439489
902554948772052992
902555287684620289
902555847611498496
902556160921915393
902558406569021443
902559091477938176
902559264711081984
902561017930145792
902561111043649536
902561300647075840
902563019024023553
902566403407888384
902568828445626369
902570329272352769
902570933688209410
902573411242713088
902573490934607872
902573936142979073
902574438431899648
902577493235851265
902578974592782336
902579285805989888
902580022304702467
902581241190510593
902582749059534848
902585457711644672
902598621128007682
902599954073612292
902603177123614720
902603241971752961
902612687569506304
902618166999769088
902624526806208516
902626309385412609
902627350948356097
902627389422702593
902628613748428800
902630442041532423
902630991491162115
902632123793678337
902632143259549696
902636247792934913
902639571397160961
902641400906366976
902641755778154496
902643344983117824
902648338327244802
902650092783636484
902652404679806988
902663418917871616
902663724712022016
902665342853533696
902668708350447621
902672876666576896
902674698684727298
902681568505761792
902682479957561344
902690184046698496
902691467491250176
902714982843994112
902716400946384896
902727057414791168
902736875030331392
902737229465796608
902744928924696576
902746602443550720
902757907787329536
902763214852804609
902763359539531776
902808848049639424
902809569012850688
902829314701377537
902829663084355584
902830936072626177
902831085830242304
902836272481394690
902842892779212800
902844027325775873
902867109448843264
902868419397251072
902868497323048960
902869382778372096
902871359931297793
902874703618088960
902875107550412800
902878245292359680
902878310987792384
902893688753463302
902905800636588032
902910309509292033
902912838687232000
902920632106659841
902931744491532288
902939112214286336
902943250717265920
902959163499827200
902960877695053830
902970788000792578
902978022336331776
902983191006470144
902985135473258497
902992584125145089
902995660227694592
902999608737005568
902999659064545280
903004567687888896
903011758805106688
903013956213723136
903023017592270848
903025954867613703
903035011187793920
903043053287559170
903059054620282880
903065608648097792
903069507668901888
903071158127534080
903071752867033088
903113011816226820
903120564046503937
903123474956382208
903126222619779073
903146607784419329
903203466167844864
903239840434675714
903242154444804096
903267114747797506
903269112503291907
903272079960801281
903278351523037184
903281559075205125
903282988531757056
903287561145212928
903295837329076224
903304445731201024
903335996959465472
903364887316840448
903376019419222016
903389984387993600
903392106697420800
903392448927285248
903395057390243844
903395127422574592
