1101283562035265536
1101287628832497664
1101291150789537792
1101302202897915904
1101305950403788801
1101314104541761536
1101325296211578884
1101347717266063361
1101365584984399872
1101380352289976320
1101383207365165056
1101391464360235009
1101391730602098688
1101396526364995585
1101407251204497410
1101417508039544832
1101433995781386246
1101448459599704064
1101448535734661120
1101448917445722114
1101451511614312449
1101452459518689280
1101455338492944396
1101457666738663424
1101459763483824129
1101460047840841728
1101462967944663045
1101469409963589632
1101491238816149506
1101497371312181251
1101501624311115776
1101514514632081408
1101514646379548672
1101531166467940358
1101539233930436608
1101539416017842176
1101542577516527616
1101565030456279040
1101574437843935232
1101580790553563136
1101613058567401472
1101617133354737664
1101619293400137728
1101621363314491392
1101623246984802304
1101630835709669381
1101632316739383296
1101633021596200961
1101634746512297984
1101636768988725248
1101641597374984193
1101642066382209024
1101650683177054208
1101652062813802497
1101661953263575041
1101665314582847489
1101666213854351362
1101670469818871808
1101696827814866944
1101697078730735616
1101697142220120067
1101714353965813760
1101721996939845632
1101723260972982272
1101723592885264384
1101729133845991424
1101736103088934912
1101736823708106752
1101738282172338176
1101744043782955008
1101745055855853568
1101746759154442240
1101747527555133440
1101747623373942784
1101752124931801088
1101754312265367553
1101755048344711168
1101755406961934336
1101758638685741056
1101759368909877248
1101760754292645888
1101762556144898048
1101763682655039493
1101764407967842304
1101764533763358722
1101765553830707200
1101766100352667648
1101768483728211968
1101771389789528064
1101772039071899648
1101772366215041024
1101773000410652673
1101775067128778755
1101775819989573632
1101776439525982208
1101777571946131457
1101779126795538432
1101779878079315969
1101782354782228481
1101783456395091968
1101783615892013056
1101783986538459137
1101784221402640384
1101784367398076416
1101784720126369793
1101785977843056641
1101786809552592896
1101788198055829504
1101789079262384128
1101789925639376897
1101790557762998277
1101791211222900737
1101796253648723968
1101796384259231749
1101796418556256256
1101800961729851392
1101802462556622849
1101809596958597120
1101812080099770368
1101812629876686848
1101815804616675328
1101817493583261696
1101821483876343809
1101821796918218753
1101822613964218369
1101828612666392577
1101835615056945152
1101837908946882560
1101842093599797250
1101844017552211970
1101848314981408769
1101851482112983045
1101851969935749120
1101855306500530182
1101855890750214144
1101858895985823745
1101860020038250496
1101861121064091650
1101863942123606017
1101870698736300038
1101871484342018051
1101874675360194560
1101875590121095168
1101878575219630081
1101880780169596932
1101883924219863040
1101885630030655488
1101887797244448768
1101888407079288832
1101888525811752960
1101892536791117825
1101893872278429696
1101896516787163136
1101903847595827200
1101915853342339072
1101927558403231744
1101928856141905920
1101936563565473792
1101940142992961536
1101941844206907392
1101945901919158275
1101946350579650561
1101948493445382146
1101948536629878784
1101957761993125890
1101959029931364352
1101959454394855424
1101966498308874241
1101969420916674560
1101972371626491904
1101972775831367680
1101973310299099137
1101974522868174849
1101978471029325824
1101980896524201985
1101983247855177728
1101997396102266881
1102002138991878144
1102003192173232128
1102014410678329345
1102022223894925313
1102025815015985153
1102029620080267264
1102034318551998464
1102042356075974656
1102051042491957248
1102054855131181056
1102057692992925706
1102060272494104577
1102064780091650049
1102071527284064256
1102072286214004736
1102073237905784833
1102079509648404480
1102079691689582592
1102094781121851392
1102103311329705984
1102103836200763394
1102104078220513280
1102104303429398529
1102108390380101632
1102113238165131264
1102115514409734145
1102118049002467328
1102134976370360322
1102135475513356296
1102135632426663936
1102138428307750912
1102143105636200448
1102144943315795969
1102150544783601664
1102160649306759168
1102162679324655621
1102169560088748033
1102176776808292352
1102179132987850752
1102179689341353984
1102180333607251968
1102182241655029760
1102182242066055169
1102184959467536384
1102190068582756352
1102192362833498120
1102202881334226945
1102203113707003909
1102206961125347329
1102208783118413826
1102214662299492352
1102233181808459777
1102235725238595584
1102242693676236800
1102250131380813825
1102252969704259584
1102262481546866695
1102264452890546177
1102273452579405825
1102279317902417920
1102279511251378177
1102292939743612935
1102294828036091905
1102295853094629376
1102302249009725440
1102302849248227329
1102303633562128386
1102306130821296130
1102306835212709888
1102308950677032960
1102309158290968576
1102310084091236352
1102311704640270337
1102312204995579904
1102317137799069696
1102319565118337033
1102322549864779777
1102323820730507265
1102330474972803072
1102340300587126788
1102341737975029760
1102346938459013125
1102360568302878721
1102362477092880384
1102365170653749249
1102365755390218241
1102370941646995456
1102379807537541120
1102396604076707841
1102406080695549952
1102413299499462657
1102415191139074050
1102416277451096064
1102417950550700033
1102451090602094592
1102456840988884992
1102458116703223808
1102467914366631936
1102478106638442496
1102483112443985921
1102489878254706688
1102490088385085440
1102490252021850112
1102516605219758080
1102527934416470016
1102528790901784576
1102532963818967040
1102551846990872577
1102556950825328641
1102562433015603200
1102569462253916160
1102573791614517248
1102574254233653248
1102583624971546631
1102584224085889025
1102593925326475271
1102594411656028163
1102600787396644864
1102601813725990912
1102616972368457733
1102616996712275973
1102621453575348227
1102625438621409281
1102637167124275201
1102649439238250501
1102650425298190337
1102661668566417411
1102667650893778945
1102667713376337923
1102704372885213184
1102712075305005058
1102750816824221696
1102754586635440128
1102773643476697088
1102783909597716480
1102790489055457280
1102793843248975872
1102794952210292736
1102812232319029248
1102813024329568263
1102819967895064577
1102821113367810048
1102850575815856130
1102858660328497152
1102860387983286272
1102867985532944384
1102892201753755648
1102902497117720576
1102903409357848578
1102908259244097538
1102921894075027456
1102936436590882816
1102942735739338757
1102943096487202817
1102946903988363264
1102947381623078912
1102957018426605568
1102974132470403073
1102977434973097985
1102978419040632834
1102991446561308672
1102998217841467392
1102998479981416449
1103003699775975424
1103008085369634817
1103010816960409602
1103013461628473344
1103022082177335296
1103023904170393600
1103026528558948354
1103027273861656577
1103034076615925762
1103036749218041856
1103037816425119744
1103040280620613632
1103040776181813255
1103047278175096832
1103060314352959488
1103060602237390850
1103062695660711937
1103075397242159104
1103077646643150848
1103104492676022272
1103112966008987653
1103114684427726848
1103115976562929670
1103179030101143552
1103238351266541568
1103286145469812737
1103303683541004290
1103317009675288576
1103322619565219840
1103324029698670594
1103329715929210881
1103336106349735945
1103338990567124992
1103382643301904384
1103388022618374146
1103394928930025476
1103408698842480640
1103417454448033793
1103420072540979201
1103439434291208192
1103466012765089792
1103467076012904448
1103482484610740225
1103521731149512704
1103541804018909185
1103547271537455104
1103552281197178880
1103556615645614080
1103559936230023169
1103564152478617600
1103580306261475333
1103581236981886978
1103594410812403712
1103610861355098112
1103611959012814848
1103614712145633280
1103614879917694976
1103614946598780928
1103615221346709506
1103617513961615361
1103618197197021184
1103619687026352128
1103635293616332806
1103644274875355136
1103646502889639936
1103652316199170049
1103656258001883136
1103656962653335552
1103681671713488896
1103685590028091393
1103721687957135361
1103739199910539266
1103740967855636481
1103748150572040192
1103753303714918401
1103753307892269056
1103765409692610576
1103772693113888768
1103794476248522752
1103794980391477253
1103795747970076673
1103809489126465537
1103814369006112768
1103821729573597184
1103827684650569730
1103836665510912000
1103861384188579840
1103863886933979136
1103866197114793984
1103866689064587265
1103867008897241088
1103875407487463424
1103875499716042753
1103902857063874563
1103903933947211777
1103916240232316929
1103927660093202432
1103939589389991936
1103944078696370177
1103970561951191040
1103982332397187074
1103984269955719169
1103986192448700418
1103997831193477120
1104018944933982210
1104026300484861953
1104041389904613378
1104045785090527232
1104050598075420672
1104061843818057728
1104089005312917504
1104106720777986048
1104132420108861440
1104134536978485248
1104140035312410624
1104141116595687425
1104141252700897281
1104141444179087360
1104169431507394560
1104184830064033793
1104203008068378624
1104211769642246145
1104218332918624257
1104258080655769601
1104306562598883330
1104311549227724800
1104352438205718529
1104378326729310210
1104401694027321349
1104407702787117056
1104413413319626754
1104417279230521344
1104441034782752770
1104443830022127619
1104444121496936448
1104446189750140931
1104459121200226305
1104462737768353794
1104464352734785538
1104467749722574848
1104468079361310721
1104472722489384972
1104474723575087106
1104481995977969664
1104483017358077952
1104485069324902400
1104485496955248640
1104486281466269697
1104487942473609217
1104490637594935297
1104491568315142144
1104491663127392258
1104501000457674757
1104522405655961600
1104530747589836800
1104533945872539648
1104534307866112000
1104535770826567681
1104543458159669249
1104557951854039040
1104564927124119553
1104574153753976832
1104581281558552577
1104603458076897280
1104620271812534272
1104622939360710656
1104626845541003264
1104634587148365824
1104636485284884480
1104651396454858752
1104658842602766336
1104659701181100033
1104675950321647616
1104681854643437569
1104685850166587393
1104693147387547648
1104694182965174272
1104697087118077952
1104712127879806976
1104717219907489794
1104729537181614082
1104737313005993984
1104746316708675584
1104748017708687360
1104748805382160384
1104757667120144384
1104759712682135552
1104761370690707456
1104762921324826624
1104771263795470339
1104771516301012992
1104805065284616194
1104805762822533120
1104831228937674754
1104833841435459584
1104842392400670720
1104843021227503616
1104874033902960640
1104892831259287553
1104892985769025536
1104898829361471488
1104906348918059008
1104917416428163072
1104918152931168256
1104919751388790784
1104930218698031105
1104957018937401344
1104958521429258240
1104974083970813952
1104982819061682178
1104985444264095744
1105005846172499969
1105018328454590469
1105038688419889152
1105056509191512065
1105057072914284544
1105066134943031297
1105075922527535104
1105076602008940544
1105086390268841985
1105098383855939584
1105101643693973504
1105103992483274752
1105108939228762112
1105121510426140672
1105123469820379137
1105125703459266560
1105142533120770049
1105145788856885251
1105147776818663425
1105151601449357312
1105154454616244224
1105155509458472962
1105166517388357632
1105180096372056064
1105181029264957440
1105209693566201857
1105217763453386752
1105217930764214273
1105221678374809605
1105222208106971139
1105226355866812418
1105269206101172224
1105271528084721664
1105278577040347136
1105280322718048257
1105291800837832711
1105293013817921537
1105303657308930048
1105309277642723328
1105350615650222081
1105355485891289089
1105362816683442177
1105364191601287168
1105384328610107392
1105392446945529858
1105407999412060160
1105410403163496449
1105436986662420480
1105469670793101312
1105475728181772288
1105481009674547200
1105483567788830720
1105483583727255552
1105492577539756032
1105527753485410304
1105529266568134656
1105536130357870594
1105538026199896065
1105545969905614859
1105547469688061953
1105548196951003138
1105556579267559424
1105567780848500736
1105569439834128384
1105582208151183367
1105593497954988032
1105605885840244737
1105610755829874688
1105611764169871361
1105614255167025153
1105617450786324481
1105617637437030407
1105621283751030784
1105621991548170241
1105626513423032320
1105630982038802433
1105648483183271936
1105675691801100289
1105677549491945472
1105681633565270016
1105682629867814912
1105684406549794816
1105684553929277440
1105698039325511680
1105698232687124481
1105737677998039040
1105747292588511232
1105748794153582592
1105792844013416449
1105793307454652416
1105836478234542080
1105840549192450049
1105843110234476544
1105860596862464000
1105872760054648835
1105882009656852481
1105884394752012291
1105888801715572738
1105897050657443842
1105904162695467009
1105904459064975362
1105908061527519237
1105916648962297857
1105925330332803077
1105949680364650498
1105956309889769472
1105979271032520710
1105979485927682048
1105997487016296448
1106005421414932480
1106013732419919872
1106014247870435328
1106020924363587584
1106032233062850560
1106033181806026752
1106038107701313536
1106038249682812928
1106043903310872577
1106052784737189894
1106090520483414017
1106133193994858497
1106148408589336576
1106167847389024256
1106173263108104192
1106182112309362689
1106195871337775104
1106205133615104005
1106206962738290688
1106208263333396481
1106216587403644933
1106217336783233025
1106219660956090370
1106222774824112129
1106229233242832896
1106243516089290752
1106247607205220354
1106248940180119552
1106249560517677063
1106250243740495872
1106265729127600129
1106272761650077696
1106274834399543297
1106276811737128961
1106281697551630336
1106285397909405696
1106301261178114063
1106328678521323520
1106335683843706886
1106352713103802369
1106357448917614594
1106382360155578369
1106386443725869057
1106400247201304576
1106425163858489344
1106432976601133056
1106441560743387136
1106443455629148160
1106444028554432512
1106455861537525760
1106482201355522048
1106492156527562753
1106504730203820034
1106518551710613504
1106544836155449344
1106545095766171648
1106550598298750977
1106557975647272961
1106586087982596101
1106588163328393218
1106596835450388480
1106604741285445633
1106641150906032128
1106680875159351300
1106681306224578560
1106682943257362433
1106705811869327360
1106720635391107072
1106723141907210241
1106724166965841922
1106746179348582401
1106746287318286337
1106830693907263488
1106837600684380160
1106845312314998784
1106854998242148352
1106855014151188480
1106867298013536256
1106875412020371456
1106875956336230400
1106884476225970177
1106900387339091968
1106902845150896134
1106906629247848449
1106917618747875330
1106923633396645888
1106924175300665344
1106934106317701120
1106947077664395265
1106949355565731840
1106951306164486145
1106952903783337984
1106955194749865984
1106961361177853952
1106980594133536768
1106991939314950144
1106998515580981249
1107005328376385537
1107024570500956161
1107031343945445378
1107041686553653248
1107043830388453376
1107047010522333184
1107048337616896000
1107062914073030656
1107063088119988225
1107082681840476166
1107093277063421952
1107128682014011392
1107130466702753792
1107146281733050368
1107186922865258497
1107196319171526657
1107201452332720129
1107210782176174080
1107228959417102336
1107251983633862656
1107257219823722496
1107291711653511169
1107297160473780224
1107300592282566658
1107302469627863042
1107318043074543616
1107325548785737728
1107331949167689732
1107347849447124993
1107353527343595520
1107364002185822209
1107366694513795073
1107370014716383232
1107370046177857536
1107378394084397057
1107390287867990016
1107407198894747649
1107425209928290308
1107448934753075200
1107456406473621504
1107459122692345857
1107469321171800064
1107474946962411520
1107486352860303360
1107491051441451008
1107524718255431681
1107534454422228992
1107540670053535744
1107551189342871553
1107568423314194432
1107576795006730240
1107584255985618945
1107595979077894144
1107599845802561536
1107603051521564673
1107610980002025473
1107634740327137282
1107641024195842049
1107644373737656320
1107646273375502345
1107647600868630529
1107647705336172544
1107655121717157893
1107684354329849862
1107686638958854144
1107703234465013761
1107708393093914624
1107712413766426629
1107716148932603909
1107723053457301504
1107748350600855552
1107752084349308928
1107756654467211264
1107758878685577218
1107763622024019968
1107785314129448961
1107786318690562049
1107786563226730497
1107791353537159168
1107792857589374976
1107812384188465153
1107833000660615168
1107902134748626944
1107904602257674240
1107910436928675842
1107916725469790208
1107920583818469378
1107941777212915712
1107949474599571456
1107951636327137280
1107953216757661696
1107966707740491777
1107988004444921857
1107994673233182720
1107995956698640384
1107996310710484993
1108009680054431745
1108024435037163520
1108030019014664192
1108031169155788800
1108035739659440128
1108039548506988545
1108046395737624576
1108048003674324997
1108052050053611525
1108053568412663808
1108059290265358338
1108073289199566854
1108075086442041346
1108087942394859520
1108088123198767104
1108092552874524672
1108102441264914432
1108111652375814144
1108116452777910272
1108117950572175360
1108119372407730177
1108125155098804229
1108128780260904960
1108131653342429184
1108138372193615872
1108141729813876736
1108143024528252928
1108145396826570753
1108154049658904577
1108157634522300416
1108170087868125186
1108203955564232709
1108219536162082816
1108254947399753728
1108257764734844928
1108322545344876544
1108354092739555329
1108373327309987841
1108379113079869440
1108390683499528193
1108394549498576902
1108413146941849600
1108417498108575744
1108429471562907648
1108434803374911488
1108442661017387008
1108446442165817347
1108448323281842176
1108452309556781057
1108455103386783744
1108464624876351490
1108467244261130246
1108467462306234369
1108486249873137664
1108499453126819840
1108503035892957184
1108506164432695297
1108524422640660481
1108559686696165376
1108561861849550848
1108566132070313984
1108566167705321473
1108567218386812928
1108569251789619200
1108570912314384384
1108571427609997312
1108571617813295104
1108572592124903431
1108574919971885056
1108576251646627840
1108577761814368256
1108577914302324736
1108579490513543168
1108581442538213376
1108581625401626630
1108582885815140353
1108585332767891456
1108585830199767041
1108587547339288576
1108591841493073920
1108595045085532160
1108601999245930497
1108605326591516673
1108608029388210176
1108609705851535361
1108611071512858624
1108611318993444864
1108617071909171204
1108626205002133504
1108633142355595265
1108634321378832385
1108648721330438144
1108649587412217857
1108649766060257281
1108668090383036417
1108668793117499392
1108669191559753729
1108681316902625280
1108684951241789440
1108685137464709120
1108692334902939649
1108699424937725952
1108702317359042560
1108706580420284416
1108708571884257280
1108710053744439297
1108715759654633472
1108718165096316928
1108718625618382848
1108719288767205376
1108719621769777152
1108719974091247616
1108721434933805056
1108727348537507841
1108728462557229056
1108730810100862977
1108732345618587650
1108733020926808064
1108735167139667974
1108737243689246720
1108739189070331904
1108740393640824834
1108740681063895046
1108741581484511232
1108743071737540608
1108749570782175232
1108749689921241089
1108750318932623360
1108754227726372866
1108755252407349248
1108756397867630593
1108756592881741825
1108760407211167746
1108763016479137794
1108763843898077189
1108764496234008578
1108765876977889280
1108773311792603136
1108774478668918789
1108775334718128136
1108779159923367936
1108787278422437888
1108802778464423937
1108803496101457923
1108803617761443841
1108805675050827776
1108814059468742657
1108819365560901632
1108824702946938880
1108834119587414017
1108847149586878464
1108850911076585472
1108855567991357441
1108861221468622849
1108866908529573888
1108870381853700096
1108870981630783492
1108875009420742656
1108877626259787776
1108882107013697536
1108882216501817345
1108892133518467072
1108895599682875392
1108950881452490752
1108957031547854849
1108995091073359872
1109015138420572161
1109019274172080128
1109044842682875904
1109060039468335105
1109060591778521089
1109060981920096256
1109061190393712640
1109062984301600770
1109080398619967488
1109084147497209856
1109084384471195648
1109091409905225728
1109112568105320453
1109112624497733632
1109115999863885824
1109116124430589955
1109117038784581634
1109117206078607361
1109117407065309190
1109137717135319040
1109138897844490241
1109149654128615424
1109155121806610432
1109158675225210882
1109162955097010176
1109181281198374914
1109191383963693056
1109197628590485504
1109198083257221120
1109206986921570304
1109220550436638725
1109226626754248706
1109253850517647360
1109301438004559873
1109323549548920832
1109341280536977413
1109367267609980933
1109379271699648518
1109392037101690881
1109399777651744768
1109430156165304320
1109439238075043842
1109441227693404160
1109441864581726208
1109461109289869312
1109478569585971200
1109487338780946433
1109492846866759680
1109492930639728640
1109497295643512832
1109519554844217347
1109530121101344768
1109544770341429248
1109549223232577538
1109550226010890240
1109552977327607808
1109569315643314176
1109579319456747520
1109583510006841350
1109593890061996032
1109603508121157632
1109603729056153600
1109615418157629442
1109622836191219713
1109634822702596096
1109657431687221248
1109660891560054784
1109666395506262016
1109667894793637889
1109678858159173632
1109696363300831232
1109768926181777410
1109769346195308545
1109784954433605632
1109812775969275904
1109817821851205632
1109818116291395585
1109820086343196676
1109821760730476544
1109824537758232576
1109830339495514114
1109833547563581440
1109846191691292672
1109860438513192960
1109861515597959169
1109864073955631106
1109864707043807238
1109867410499215360
1109873902635761664
1109881053483798531
1109893547069706245
1109911129428553731
1109920538661715971
1109939128269967362
1109946516117118976
1109964037612294145
1109964575938482176
1109965547331076096
1109968136894210048
1109982501546717184
1109998910091788288
1110007072697905152
1110007321365831680
1110019813651505153
1110060733281288192
1110063881118842880
1110079394998075392
1110090703676293120
1110144451861721088
1110150182262530048
1110187474687586307
1110193706571874304
1110217927834382336
1110219512027193344
1110224022145564674
1110227658334441474
1110228609464221702
1110245694529363971
1110251998157258753
1110252425569542144
1110252702812889088
1110261839630352385
1110263752698429440
1110266977560551430
1110267149652762627
1110295556449071104
1110331557414359041
1110368648059895808
1110372150442102785
1110375311122690048
1110377399030550528
1110391039364218880
1110410196004724736
1110417688273117185
1110419855470223361
1110421035751559168
1110426735814664192
1110436439760633856
1110445893696786432
1110466988550180864
1110471981462216709
1110484761498116096
1110502362387349504
1110509496143499265
1110521586631630849
1110528679615041536
1110532175168974850
1110570927685804033
1110572010999083013
1110577730557370368
1110579666417405953
1110583469405396992
1110585691958706176
1110606408028962816
1110609583960219654
1110609818010693632
1110616232783474691
1110667738475913216
1110670551939510272
1110682175232491520
1110724524679614464
1110765110883045376
1110783513803014144
1110841106634366976
1110870081691619328
1110898144529825792
1110934458616741888
1110943180864798720
1110947423818563586
1110947995506429952
1110958847856914432
1110960578015698944
1110965414065070085
1110966960559476736
1110969162501750784
1110969607098191873
1110970232892522496
1110982135492554754
1110985373079998465
1110988024270282754
1110990841999441921
1110998479441035265
1111016187771658242
1111024709263597570
1111038570238750720
1111046372915073024
1111074884657049600
1111078849536770048
1111106526784057344
1111123618392653824
1111136539663192064
1111152417524142080
1111155203368054784
1111186102386388993
1111218926153883648
1111255100784300033
1111261231157936128
1111261462696091648
1111268967140741120
1111286425935376385
1111301186102022144
1111306510804541442
1111308233384316928
1111315456923557889
1111317959996256258
1111324892329332747
1111326350688899072
1111326642188795905
1111327478109429760
1111334123577270274
1111334623513067520
1111335096626368512
1111335853958270978
1111336377176780806
1111344558590316545
1111346133538930688
1111346680060960769
1111357997962416129
1111366900800458753
1111372521176088576
1111383120169713665
1111392260967620609
1111394136081485825
1111398371929972738
1111421733364338690
1111442843711623168
1111449219456364545
1111449718184390656
1111450760036958208
1111458231753326593
1111461397206949888
1111465229559521280
1111470576944758784
1111470629478387713
1111474288392052737
1111508549572722688
1111511040154632192
1111513502634504192
1111513520254959616
1111516694927851520
1111517832397885440
1111527433583288322
1111529574343606272
1111546972345901057
1111552333920591873
1111562725300363265
1111568974834077697
1111577882684461056
1111586460845658117
1111588372626227200
1111604295449890817
1111623661830787072
1111625243074981888
1111634843828477958
1111651639910453250
1111653344093843457
1111653950141407235
1111654765535154176
1111656815283048454
1111662863041642496
1111663823960854535
1111670623347109899
1111697549528887297
1111703165886296064
1111712605758906368
1111725942857236481
1111749665555390464
1111750433385730048
1111753095124533248
1111754041334337537
1111756063420878849
1111760318554869761
1111777964797165574
1111779623262654465
1111786446946529280
1111789923177324546
1111800450066591744
1111803219552948224
1111822638341595136
1111911147404300288
1111924326310313985
1111943451501912065
1111957242797088768
1111981420015218690
1111990294747058176
1112008561360543746
1112027643334008835
1112036586445828103
1112039335820513282
1112047333938790400
1112047479812485121
1112050512386555904
1112067273651642368
1112071470484738048
1112086360226058241
1112124153878839296
1112130567485706240
1112131143250382851
1112133177890537478
1112133274388885509
1112158769880932353
1112204895069851648
1112229434659082240
1112235215269908480
1112258694954258432
1112262892215255040
1112292038848974848
1112310881767944197
1112313097497337861
1112333072127721473
1112335037037494272
1112359931196461057
1112370546556239872
1112392986107744256
1112395397002158080
1112402816180510720
1112402965195829248
1112405204950024194
1112406321062645761
1112413949230608384
1112421317352083456
1112443066508591105
1112449561862303744
1112452202294054912
1112453699920498689
1112462617006784512
1112465563488608256
1112482418722639872
1112494420300046336
