903413484200665088
903422234454315008
903458705089417216
903460069941035009
903461531228094465
903463097813262336
903477641616908289
903477804477571072
903503445642158081
903503670142279680
903511631711391745
903512629175394309
903515002736435200
903515422141513728
903516335270805506
903516504297160704
903516584806948864
903516745456951296
903516969856630784
903517282349056000
903517669449707520
903517929505001472
903518021372616704
903518108064899072
903518597246582785
903518929418629120
903518959630213120
903518964269154304
903519216761954304
903519446609739780
903519499025924096
903519776282001409
903519904183312384
903519937309708293
903520264054464512
903520291321675776
903520382338056192
903520508192239616
903520512772472833
903520664199593984
903520754813239296
903520822337445890
903521411204911104
903521733340274688
903521755989454848
903521758485110784
903521873853505536
903522026106884096
903522028623462400
903522047917252612
903522141013979136
903522149838856192
903522153601134592
903522262237589504
903522291165921280
903522318843912192
903522377576747008
903522564227702785
903522614127108096
903522702635479040
903522768498507776
903523130454548481
903523259215339520
903523658085175296
903523705501962240
903523786846330880
903523833013043200
903523979805294593
903524159308808192
903552959513935878
903563695237804032
903580487121338372
903581842745552897
903598581801664512
903601907868082177
903619124668092416
903627399178412036
903629810475380736
903632756013277184
903632836229521409
903674309956304906
903676072373485568
903676451546816514
903689027769028608
903689698022969344
903703166935588864
903705209372856323
903706844316786688
903706858153803778
903706879955804160
903706915208867840
903706997006139392
903707379920912384
903707677339070464
903708629433503748
903709420470853632
903709763543826433
903710253438697474
903710466538602496
903710677516386304
903711089363488768
903711263431286785
903711305370144768
903711699659829248
903712006255075328
903712716778594304
903713403386163201
903715263979409409
903716833039089664
903717122454335488
903717267153833984
903717468929187842
903717699594981376
903717786022764544
903717960493215745
903718090080432128
903718372793339904
903718382423461888
903718421019451392
903718588795822080
903718648367460352
903718763677306881
903718772065931264
903719064006221824
903719620607188992
903719678480179200
903719802610614272
903720503919214593
903720583602556929
903721389768663040
903721450573627392
903723575823273985
903726923905458182
903739246728577025
903763393617768448
903775768890789888
903777348880916481
903780836461477888
903793387060555779
903794740574998535
903844308041818113
903857751171923968
903859347972915200
903864824458874881
903874627788836864
903875146645209088
903877485804130309
903884861492125696
903894324265361408
903894514695274496
903896627261317120
903913741774974977
903916853533130752
903927275976056832
903936822170050561
903941341985378304
903942389714345985
903948789391777792
903963032006430721
903963581007450112
903969036970713089
904000939710758912
904007096508727296
904014113562652672
904019553096781825
904036368770146304
904036491025887234
904049090316693504
904049389890662400
904056331367272450
904058960348635136
904075269656506368
904077472337199104
904114389590167552
904118042572996608
904140214452543488
904141488719892480
904146975725154304
904178259331612674
904185626232143872
904197089441177600
904218976816857088
904219272926216192
904221178830569473
904223064879190017
904224621104390144
904240730897612800
904241186080038912
904241515756748801
904242485458849793
904257072044183552
904258252677890049
904258404125884416
904269043812716549
904269342006665216
904269746341687296
904269959827558400
904276526841069568
904276866181169152
904279718735691776
904281106597371904
904281455592841216
904291211942514688
904312148251238400
904327888605855746
904329809211383808
904334561349255168
904342208827887616
904348690688696320
904356750060597248
904356879635292163
904369813228732416
904372115457024000
904382539577556993
904390297773375488
904395259647590403
904399531948769281
904399965614690304
904403991332839426
904410917399519232
904420491326357504
904425266092625920
904432122097582080
904435713277657090
904436050084454400
904439355602763778
904448430835191808
904450365747224576
904466411375943680
904467721680801792
904479996718264321
904499248275783680
904505605485887488
904522086177267714
904535762112311297
904551212263116800
904564354259050496
904568538840555520
904572091889885184
904579327496413184
904589775528542209
904603571802464256
904628024129159169
904630269402951681
904633117369126912
904638455879163904
904642841850241024
904669455120261120
904674030220976128
904674718317510656
904675626610720768
904675724363223040
904676437390712833
904676761199419394
904676812789342208
904678896632770560
904679980742750208
904681004086030336
904681841189380096
904681946168643584
904684195997462528
904685058384175104
904685097378504704
904686079676211202
904700092837498880
904701567575531523
904708317469179904
904713151798763520
904713459752980480
904720180856537088
904722605785178112
904724852220747777
904732730814062593
904735824956313600
904741256575803392
904743752203427840
904751615772647424
904774074508783616
904777601050279936
904777708839858177
904780125203509248
904801311874572294
904802757672148992
904815257524113408
904818150323220480
904820569618747392
904821863079075840
904832189879242752
904837777388429312
904853090561650688
904859228938100736
904859496933150720
904868518893674496
904873892623388673
904874036500549634
904874144717832193
904874164418297860
904885784758681600
904894346587230210
904894539504156672
904900417426833409
904902791793168384
904934289757876224
904935882779648000
904941123147268096
904942872562204672
904948527750623232
904967546415136768
904983733501079552
904989756915896320
904989794446393345
904997080174813185
904998439074775040
904998541885665286
904999166438465536
905001448555077632
905001504762945540
905003108236976128
905004673379078144
905034698447040513
905036691190292480
905049429538816000
905051414862458880
905058145906679809
905059402218070016
905075094220718080
905078829676466176
905083452634124288
905088076019617792
905088945083514880
905090398409826306
905101919307403265
905101931919671296
905107091760627712
905108925501943808
905110762179452928
905111270369648640
905114320547303424
905114967208337412
905116161939038208
905124857976946688
905124857981095938
905128248232648704
905135985025048576
905137673668632577
905148441277472769
905148552103378944
905153070023266305
905153593979920384
905154331359535104
905164344421486594
905167293310803969
905168915776495616
905173307200335872
905228994592686080
905248697679724546
905257810283216896
905262563281293312
905264769040605184
905291938500415488
905294495759179777
905296575286607873
905300346628706304
905300464253718529
905300603076833280
905301421297475585
905301473839517697
905312821520584704
905320959703437313
905323584511295488
905328271251857408
905350870543589376
905364296548229121
905366201488068608
905393242262392834
905406496686698496
905407979792371714
905411340243804162
905411845237952513
905417688247357445
905419454330290176
905423157695275009
905423422662090752
905424157239894016
905429040349069312
905435152146468865
905435704137736192
905436847488294912
905437300062081029
905438684182392832
905439134239608832
905440299429892096
905461274296897536
905467419287633920
905468221301465089
905476524350025728
905511566925291520
905524235401121792
905529951817949184
905530150233686016
905532450771783680
905537069136486400
905555822700265472
905557630025777152
905565065830649856
905567787363561474
905585182828359680
905595607343038465
905596482698354689
905619039271227392
905622669210603520
905623357282033665
905631127234367488
905631254321610753
905640350529622017
905640511142117376
905661806487650305
905674051733004289
905694961206734848
905703294449971200
905709698544001025
905709871097671680
905710682716475394
905711696462917632
905716436462653440
905718671884111872
905718765144477701
905722984190631936
905728284956258306
905733513990651904
905737197017481225
905739421642702852
905751138871296001
905755110873210880
905764423079530496
905768717862174720
905768822036193280
905774938182836224
905793427916206080
905795271770087424
905800665133445120
905800804447248385
905811086359875584
905820497564377090
905826250480082944
905834088346431488
905843718535516160
905849334637481984
905850909195988992
905859052449751040
905860868554063872
905886603155005440
905889649062760448
905900825880518656
905901551633530880
905905354629713920
905905803001036801
905910771971969025
905913691635363845
905916619679039492
905922425002610690
905928966850170880
905934492459663360
905967926930313216
905980525772464128
905982559993159682
906003346141585408
906005862321233920
906006095914647554
906012547605643265
906013148343296000
906029152871911429
906045792619659266
906051799987220480
906054678529667072
906078707315560448
906081076254097408
906087724641390592
906088258152607744
906088633966313472
906089554624397312
906109762210865152
906115679652216833
906116896851763201
906123735236829185
906132136016482304
906138185045913600
906140030548275201
906155430329638912
906156678139269123
906167654645456897
906177582986432512
906194783412129792
906196151602470912
906230661073084416
906234442213154817
906274019661549568
906277849556033536
906280243614404608
906287983363473409
906295018863828992
906306476477747206
906327476871327744
906331365024473088
906340396225191937
906398198427787264
906398252861460480
906401463819259904
906405171768565760
906406843357978624
906407747079487488
906446954175090693
906452248674402306
906477560862736385
906537879119159296
906555537902489600
906561229266804736
906582603028975616
906593032568369152
906604844135223296
906624151787630592
906633311304519680
906635420636676096
906637833611264000
906653280826040320
906660195538952192
906665628412649472
906681435913732096
906682262615359489
906686705196974080
906704525129433088
906721106060439552
906753231476236288
906753361495564288
906761756826988544
906764832946475009
906780707116146688
906784878783479808
906788368025051136
906791231476420608
906812306998382592
906833660623704065
906839481499623426
906853627599441920
906879238858571777
906879325278015489
906879347511918592
906879519461711872
906879771132473344
906904367776751617
906921197425786881
906928911669325829
906934460507201536
906934484544737280
906934539523641350
906936746147024896
906943059820204032
906952702927818753
906961596563562496
906962031483514880
906963247236096000
906978721042747392
906983412325666821
906983597776793600
906988224937172994
906990933618634752
907010381738119168
907021033617739778
907021422421311488
907024059384426497
907025701882097666
907031203550724096
907060030557614082
907063313871392768
907080189212999681
907087703451115520
907088834965397505
907089151215980546
907097203096698880
907114289760260096
907121559764119552
907131085624033280
907156218115969024
907163942774099968
907187839829454849
907197176777990145
907209328926609408
907250062752976897
907250368911953922
907250538265370624
907254314929967105
907257579910209536
907264858026061826
907281462621126656
907287702856454145
907294830631337987
907303877334237184
907320342494007297
907338179866497025
907348541227630592
907360390568402944
907384679694831616
907393039013777409
907393493236039680
907393705476112384
907393849365950464
907394339667558400
907394478083846144
907394554827038720
907394819495837696
907395064866889728
907395257376980993
907395295566217216
907395339988201473
907395413820317696
907395493080195072
907395505281552384
907395578249859072
907395613037350915
907395813961330688
907395843753336832
907396017795907584
907396042966024192
907396064377835522
907423446442930176
907433090821361665
907438092960673792
907442761229635585
907466181367316481
907475804203966464
907476056856256513
907484695037988864
907502538865496064
907503562254626816
907505767221260288
907508175997427712
907516303073824768
907529001970810880
907555464677916672
907563191449931778
907564584357134337
907569625004724226
907575131366715392
907604209293340672
907608300778385408
907613805785608194
907620855550808071
907646273892896769
907657125828186112
907660302556295169
907660464477237249
907660465752252417
907660470361788417
907662510878347264
907672455136862208
907703372639240192
907707917994020864
907723007010975746
907733678561865730
907749277144944642
907758088182222848
907760277189545984
907766919272570881
907781996562219008
907795597826121728
907801370874564608
907807590612180992
907813604380086272
907834706305142785
907845821269528576
907847329532846085
907853448594513921
907860092380479488
907860764710465536
907867932784435201
907879595491446786
907902181788991493
907909327226232833
907912299331178496
907919879382151168
907930448055205888
907954572420714501
907957588574142464
907965304826986496
907972895246131202
907974448820580352
907986874874068992
907991931933810688
907993714307592193
908007221447012352
908041627737968640
908048922937094145
908050428218236928
908052782044905473
908074842846633985
908082298641309696
908092584744165376
908132978836025346
908155883087171585
908194576359415813
908195012575293441
908214493011861505
908224527045464064
908236055094218753
908242188018049024
908269226183548929
908294649936269312
908298204189356032
908305784991371265
908308679048515586
908329177803317248
908350584100577282
908363613139648513
908376597832585217
908385447436582912
908385652936462337
908386152071225345
908389349808582656
908391212884918272
908397581449023489
908412083435446272
908441159504138240
908449835447091201
908452391112134658
908452562575265800
908470150114004993
908472203246817280
908480542751981568
908486114918436871
908495842344001536
908514775419801600
908517263908761601
908530850517700608
908535178619949056
908536262012829696
908554857845366784
908566212275085312
908569410113232898
908654370245488640
908660768639418368
908665646614904833
908668764270366722
908671487611068418
908673643504312320
908677451492012033
908721905552711680
908733434553442305
908737257670103042
908738965259407360
908739855181664256
908752214566502401
908758569352355840
908781151459905536
908795003144609792
908816546650132480
908822341622358016
908836467207786496
908840798678118400
908868103169363968
908871565152067585
908901452084629504
908909629660418048
908912033487360002
908913220471197697
908918492291837953
908920111691595776
908924180577394688
908943000872595456
908945229474074624
908945428082720768
908945780421120000
908964233269907456
909014782203772928
909014999837835264
909015477996855297
909037175555153920
909046758717689856
909066099051831298
909114249246593025
909165070961315842
909175280568238080
909179141840306176
909186231564685313
909200882591449088
909225117284052992
909233718971080704
909257061548134400
909280876084768769
909286022760075264
909292201426997248
909298015118258176
909299384591933441
909309830921207808
909324814644580352
909334874393280513
909340996374216705
909346305843122176
909346829296218113
909360521601863680
909379930735222785
909381808504020998
909395023111876609
909397682891849729
909401252492140544
909407554840797184
909415540363427840
909422460142886913
909451118031273986
909456021277552640
909460182035558400
909463017359855616
909471804036485123
909475664469692416
909491638031888384
909494860528353280
909504909661306881
909506844510613504
909507305879638016
909513382977589248
909513710590464002
909516857153130496
909540921120776192
909553233898680320
909557142180564992
909557149281538049
909557425275097088
909559152099446787
909561305849311232
909561310060449794
909565280359198720
909565282485751808
909567213954306048
909567221483147269
909569271247835138
909575282964799488
909575290489331717
909577217348382720
909613733395169281
909619668620414976
909619738367606784
909627648426565632
909628929367056384
909629602133397504
909630405015425025
909630633919488000
909630638558412800
909630640642957313
909642820473856000
909651817679785989
909694227528871936
909696172423598082
909696174554255360
909700387732463616
909706181320560640
909719401322110976
909721185050615809
909732328607535104
909742376046010368
909746320394604544
909764564342001665
909774297094397952
909774699021979649
909774770928885760
909776685050015745
909787487035318272
909800374894198784
909811034315264001
909813116761968640
909815675291668480
909819353679441920
909835961445400576
909840568888459265
909840787856396289
909840978684637184
909868484523212801
909894818867892225
909912853544669184
909913603897044993
909917889322299392
909919225942347779
909922993677234178
909956046478823425
909958840719785984
909972194117156866
909977966356176896
909991727431221250
910000300588597248
910003907694391296
910016022513639424
910025426554298368
910035473606828032
910036136705134592
910109585456934912
910109784942288896
910140775366787072
910146116804542464
910148407406317568
910148683722657792
910148685404794883
910148686256144384
910148687950573568
910148747056758786
910148819232464896
910148839751012352
910148839776153601
910152769406980097
910153281942499328
910153796583436289
910154357089464321
910154590573797376
910155226426040322
910155925603913728
910156848791158786
910156861776818177
910157008611020800
910159939976486912
910164367072792578
910165322942083073
910165322954608641
910165323395067904
910165324217102337
910166033482371072
910167415484448768
910170327602384896
910170640904261634
910171351016726529
910172731785777153
910173417978187777
910173633993216002
910176170280407040
910176283513978880
910179290406428672
910179383939395586
910179959838187520
910181296114143248
910181296139374597
910181547784966144
910181787699154947
910181860663222272
910183379857035264
910183503332990976
910183527098060805
910184693517168641
910185329390481411
910185482054639616
910185482868334592
910185486236315648
910186751230128130
910188981781921792
910189678866976769
910190792031039489
910192157713088512
910192298633416705
910192729401020417
910193873179348992
910194703643086848
910197843071258624
910198232738877441
910198770448633859
910199358485942272
910199473384624128
910199852163727360
910202006773682176
910202073031036928
910203872790110215
910204199132176384
910204200369483777
910205511961841664
910206487951282177
910208984405106688
910210348795514881
910210932663611392
910213090192523267
910217733706584064
910218797805637634
910219634988716033
910219635429199872
910219824579608576
910220486013067264
910225278869393408
910232121851170817
910234126334259200
910234126338445314
910238838613618693
910240733172502530
910249706915336193
910259177230127104
910270503524462592
910279615238868993
910307662549721088
910314559566643200
910315156927864833
910331016425943042
910333482672439296
910343246177374208
910348635862388736
910350175964721152
910354257072803841
910362697681817600
910363610353950720
910373768542998530
910385244599185409
910385851481370624
910398515779534848
910406157805776896
910440787648712704
910443876565045250
910455473148702720
910460585845850117
910464150765133825
910464749271269377
910470589634301952
910470591119011843
910485378968166400
910491003861250048
910493475669295104
910498797372964864
910517483441999872
910545382685294592
910549311255121920
910550046755745793
910554670988488705
910556415365967888
910558913090666496
910564328352489472
910580927738376192
910589912776417280
910601035634429953
910609765876641792
910610048728076288
910623542269456384
910663126428930048
910669922056986626
910672055686664193
910673387059478528
910689647453499392
910693283319439361
910693498260684800
910717062749855746
910717064775700480
910743907079720960
910744756816187392
910749407460474880
910771268177338368
910787675887669249
910788223240155136
910788312599756806
910789601073152000
910842878787768320
910860891926626304
910860974709706753
910866458741215238
910873143203557376
910875819194675202
910896651459600386
910910866387881984
910912634697986049
910912696329080833
910923859485892608
910926634018066432
910937286690271232
910949969447792640
910985086270607360
911012260318973953
911028556431536128
911037689532764160
911038227246649344
911040607111409664
911042506275655682
911056481851654144
911057600720056320
911061071426838528
911061280802398209
911061297579610112
911061302633684992
911061316881780736
911061351304372226
911084651074035712
911118063722008576
911132534498631680
911157530855841793
911163287961837568
911202293567148032
911203971888381953
911223251006820352
911249613360742401
911250678412169216
911253525476384768
911259030512844800
911269417274740739
911283303759585280
911284907254611970
911285741950562304
911287536353341440
911293054690226176
911294952210075649
911295271828688897
911305823019728896
911306536462557185
911307675627114496
911331477043871744
911334597622976512
911335144962871296
911344975975256064
911349821671448576
911352061006053378
911364966040600576
911369391865946113
911379951995285504
911380010614870017
911392167897202688
911399610702327809
911401047976841216
911401173382463494
911402054198943744
911412873791987712
911418505500663809
911419050357432320
911419199221846016
911419422803292160
911433948495962112
911451841002479616
911467226116481024
911469856767266816
911470813513224192
911472550802345984
911488352418795520
911489875756683264
911510949655404544
911515053760897024
911552694292066304
911554769617145856
911568157856452609
911582123211051008
911604306440269825
911610901589045248
911619295234465793
911620589059756033
911620699462258688
911635009198596098
911659316050104323
911663356385353729
911674059846508546
911675307509170176
911677289858949120
911678587576647680
911684859302699008
911699264656506886
911718536669749248
911724852003958786
911730480172564481
911730635516944384
911736519324344320
911738931884052481
911739138214424576
911748239015206912
911762488462540801
911786478514012160
911798187458936832
911798756466597888
911806794019651584
911814756515840000
911838098652385283
911854293279498241
911855220514328576
911858631028674562
911864585581408256
911894638704959489
911897510536470528
911901060184322049
911913870628864000
911914801990946817
911922299703402497
911926672689070080
911932649110999040
911935115814690818
911935320505163777
911935888397160448
911950456498348038
911958762906357760
911964535312941057
911967277322350593
911968656006905856
911970826139963393
911977697248632832
911995164847149056
911998725790281728
912017156426141696
912026343612780545
912043564179312641
912049163986194432
912049647593623552
912058269815984129
912074369660276741
912077981807448071
912082248643391489
912093299380506626
912098920154755072
912116593294901248
912120354323255297
912122344096792576
912129503765291008
912141946617024512
912142785893093376
912143513587822593
912150465495699456
912150549943820288
912213757681635328
912221387141423104
912224166010552320
912284807954075648
912300671650684929
912323429084282880
912354944673632256
912364072753963008
912371635898011648
912377167383801858
912397673784889351
912400111870763008
912408073083465730
912413049725837312
912413500928151554
912413543735099393
912414289071353861
912415678644224000
912424073946308608
912429326896738304
912432353074544640
912437227266957314
912444665160445953
912446129278767106
912463161076228096
912466990266224643
912469519246995456
912469564927168513
912475742314881024
912493907107233793
912507172264796160
912553735414472704
912575802465832960
912581140963381248
912593567020933120
912678945031692288
912680638662225921
912686079949623297
912693052963119104
912715932086218753
912725600774668289
912727231834869760
912727570424135680
912744962965561344
912745581591674881
912747615019773954
912747640575717376
912757625120448512
912760847189073920
912767022462832642
912769373785309184
912772221311045643
912774266038267905
912786999676952576
912790935016235013
912829140960727040
912836528392548353
912847597571858439
912851285191401472
912865123466854400
912866264888041473
912882653577089025
912893885923446784
912919736823848961
912941005573259264
912942415635472384
912943011264417794
912949937737887744
912952007199096832
912956040890679296
912957880487231488
912982563978915841
912994742568448001
913027620014616576
913032816362967042
913054752572928000
913062882379796482
913071690850213890
913081571346747392
913090144512724992
913098026050314240
913101679528050688
913103807881601025
913108191755501568
913121187399704576
913129031167602693
913138608844034048
913144173011890176
913146716475543552
913159984313192449
913163359465467907
913165685211242496
913169339762831361
913177192489562112
913200923626889220
913210898126213121
913220265655468033
913236222067195905
913240853401018369
913243029816975360
913255434915581958
913259475712331776
913321919541264386
913327615930384384
913336377256939522
913341181152591872
913356752518819840
913387580657471488
913387662437781505
913387865878360064
913397771117395968
913400910147178497
913419612200546306
913420245477593088
913420877550673921
913421845164109826
913425874212593664
913427230658781184
913430278672023552
913435274499194880
913435516506226688
913439128242470912
913457034967879680
913464055825870848
913464729854603264
913474143131013120
913476182393409536
913476611458125824
913479954322657280
913480816658931712
913481009177473027
913483141985091584
913490589001355264
913494612370530310
913494910375997441
913495145663881216
913496094872502272
913496294081130496
913498031793647617
913509477206429696
913509658375094272
913518315850493952
913523193805250560
913525533412962304
913528277339299840
913532586143731713
913542824825466881
913551248665825280
913553846227685376
913568198720671744
913578591782178816
913592275262898176
913593573420838912
913597330233876480
913597423339147264
913601311068663809
913603373827375104
913609689190957057
913626421922340864
913637590544220160
913639752695533568
913652574242271232
913661391508328448
913663556633075712
913669970575417344
913678491270316033
913680488186781701
913691224363675648
913692981160529920
913697501957328896
913704108833624064
913709584929443840
913718542683525121
913719946127052800
913722657702596609
913724086299262976
913735040575483905
913738397696561153
913744005048995843
913751463347802113
913760410234494977
913767607244918784
913768131537117184
913771926123958273
913774052640219136
913784254416527361
913809613371449344
913822156244553730
913825429898895360
913829736215908353
913838638592675842
913838806813552642
913839905737969664
913840842707673088
913843228046217216
913849753087115264
913850449777717248
913853205854990337
913856510131888129
913856579774091266
913857183317708800
913914547135762432
913926898086023169
913927264252731392
913939378245963777
913945264146313216
913945406286987264
913946521170792448
913952282466758656
913961373171937280
913965547364036608
913966940284059649
914003462597353472
914063570320728064
914101129906151425
914118839927021576
914125745840164864
914138674367008769
914142182487060480
914145411274825730
914168175331364864
914168248429576193
914169253791756288
914173089918963713
914197117048115201
914204304319373313
914206413236424704
914209288427642881
914223614085476354
914245998658146305
914250018466488325
