1057919584106246144
1057983436995158017
1057984880217415680
1058019299921551360
1058037941669310466
1058039906512068608
1058040362449555456
1058049833183952896
1058078612803317760
1058087317251022849
1058130956916154369
1058138538946912256
1058258233075236864
1058337506230444032
1058341735363944448
1058349915514953728
1058381684691746817
1058384355343577089
1058394259634548736
1058395179168624640
1058400226996760576
1058538667986235393
1058542533876142081
1058567714799706112
1058595085565222912
1058607795598254080
1058664716493565952
1058674547073835008
1058712307587461121
1058751919013969920
1058840644888682496
1058849623224320001
1058923691243786240
1058931740557815808
1058946335460646912
1059104962918129664
1059119632370618368
1059119952794243072
1059128442099261440
1059145998600155137
1059209796895809537
1059337431353360385
1059343454285844480
1059406886003331074
1059448912900120576
1059497435989344256
1059527640011296768
1059531908537667584
1059538837133844480
1059610736295624705
1059633368344588288
1059641155489554432
1059723966984507392
1059731520074637312
1059757785200627712
1059757982794375168
1059762507609489414
1059782316858449920
1059786234782978048
1059840640761110528
1059868669197590528
1059892996588625922
1059913350728040448
1059924861991170048
1060003316438945792
1060018421788594176
1060030480853143553
1060091604432809984
1060094536087523328
1060100356284264448
1060127811334135808
1060154300050038787
1060320421755551744
1060350605246423040
1060362772922302464
1060362894519324672
1060365393489850368
1060374821068955648
1060374891508183041
1060380809679400961
1060438613039767552
1060451062153383936
1060478927016062977
1060495616562741248
1060550598435602434
1060569500909658112
1060622877634883584
1060644522764443648
1060712993938231296
1060796027307929601
1060871519327244291
1060886630557315072
1060923219186774017
1060959203366461441
1060974932400750594
1060992231564177408
1061000257612464128
1061039197518159872
1061077210532999168
1061210113321517056
1061222829616652288
1061274930250240000
1061275783547813888
1061302714251046912
1061305126068125696
1061332046369382400
1061415096952344576
1061437771766628352
1061483053892145152
1061490616616464385
1061504306766077953
1061504414211428357
1061512102358134785
1061558565196849152
1061588775522844672
1061611410067644417
1061619593574342657
1061811002696744960
1061815618893160450
1061816463739228160
1061837881923104768
1061921011799490561
1062009592245338118
1062009844226580481
1062022541219368961
1062045624563126272
1062071937948508160
1062094307002322945
1062097122231750656
1062100621040537603
1062132361486196737
1062171118566404096
1062207829191221248
1062215392783872000
1062230467125043200
1062265029364453376
1062332522518982657
1062343077485051904
1062343739744473089
1062389014303465472
1062404134781911040
1062434815272603648
1062436035391500288
1062436911195791366
1062449415237947392
1062459372683563013
1062484897367912448
1062491442994569217
1062524932414832640
1062555618806980608
1062630619224539136
1062675941191643137
1062706127194877958
1062758757481017349
1062759198151315457
1062811804374429696
1062841997889744896
1062858490329382912
1062864644216246272
1062977916001124352
1063045841080864768
1063168578151694337
1063227035424673792
1063246851816615937
1063249710247378944
1063257243221512193
1063340305942962176
1063415180137242624
1063423348145680384
1063455118593585153
1063456028468031488
1063461580887576577
1063484574062268416
1063499693324361728
1063499741089226753
1063499754523496449
1063590606495236096
1063687581332717568
1063696047929724928
1063696710235353088
1063710235620106240
1063714125161947136
1063719067121582080
1063721123609751552
1063736416428048384
1063785735151468545
1063821393865908226
1063920238939512833
1063932203627884546
1063936737653608448
1063974485571788800
1063982024002662401
1063982304786296833
1064037402212278272
1064057516013678592
1064068245618069504
1064068349041287168
1064068440082673666
1064095279001956353
1064125493945884678
1064140564050759681
1064155979820994560
1064179892781105153
1064305423505899521
1064335802187096064
1064361087984852993
1064382156791640066
1064398876579414016
1064450107066613766
1064493001517555712
1064509128586993664
1064525800404328448
1064527506215178241
1064541778165022720
1064547368358604802
1064616167522820096
1064623321751334912
1064623455977451520
1064665693855989760
1064694258324529152
1064732124505358341
1064767190144966656
1064790484898467840
1064796291467636736
1064822912144818177
1064845816815337472
1064857785005834241
1064857918401638400
1064871240777834496
1064908523497238528
1064947387104399361
1064971044639801344
1065010014346129408
1065011157302427648
1065013236423172096
1065013399560617990
1065013461648855040
1065013735515934725
1065013962457141248
1065014120578191360
1065014527404720129
1065014924190060544
1065015311752224768
1065015986208821248
1065016245832073216
1065016304552370181
1065016361179643906
1065018229725323264
1065019238874824704
1065019404566622208
1065059240388280320
1065064748754989056
1065068084459855872
1065144595284058112
1065335383297351685
1065369187709784064
1065370745465970689
1065476637796364289
1065519916298592256
1065564407143571457
1065575042438725638
1065615080010608642
1065618024403587072
1065618201436839936
1065627838663905281
1065713379006926848
1065787998611095553
1065799177257607168
1065808730187419648
1065857676586958851
1065859757687402496
1065891206880788480
1065925929711607809
1065947687059628034
1065969485696270336
1066044202197364736
1066052656270069760
1066103487417597953
1066148814010994688
1066163903854342146
1066175252823138306
1066208794605232128
1066222024522153984
1066238899285053441
1066279875517038594
1066294611797307392
1066299819860217856
1066346083922657280
1066354221656621056
1066374824606527488
1066378665662062592
1066382809638424578
1066393358313107457
1066404153193226240
1066407634847322115
1066425532370292736
1066428144155009024
1066452780657909762
1066481484809170944
1066482852148273153
1066498807729479680
1066511712340402176
1066526295075385347
1066548926268923904
1066588979779301376
1066589427726774272
1066601800936042497
1066632587916001280
1066646021474787333
1066655677811089408
1066665710410219521
1066723071690559488
1066759175013838848
1066774007742115840
1066827808498946048
1066837404219129857
1066866024488652800
1066926433786720257
1067062320428269573
1067097403696795649
1067120385945145345
1067126522639761408
1067137784350072832
1067167981241753601
1067182147482656769
1067266178274316288
1067320588031520768
1067334108370456577
1067348931783401472
1067358947059949570
1067378095727001606
1067382540376440832
1067386984300085250
1067389211060445187
1067412167723532288
1067440639925604352
1067458840571056133
1067469971956031488
1067495923251642369
1067497839343910914
1067501569753661451
1067542878606376960
1067543312708468736
1067568177796702208
1067621000873836546
1067643793573179394
1067652203559694336
1067756885418270721
1067990951488942080
1068150521708462081
1068169136830889985
1068171192459235336
1068186638151487488
1068212247602913281
1068240046602432512
1068285392904810496
1068286698155458560
1068315570913693696
1068358536516775936
1068360863935942656
1068375981042237440
1068534528673599489
1068588943078117376
1068594355789799424
