958856239332712448
958884707822915584
958889714928386048
958892578803417088
958894576126771201
958919878282326016
958935041949630464
958947548017975297
958948849166553088
958973270556000257
959012639069188096
959017769885986822
959050097677012998
959051270278565888
959053387567427584
959056391527895042
959064195022118912
959067368029790208
959068453515689984
959090298705137664
959091118255337473
959099896094773248
959119067431960576
959119816140447744
959131134440411136
959131206154530816
959131385259810816
959141704086573056
959149377582284800
959150652638113792
959157670115774469
959181971112030210
959187412357443584
959189043660644352
959205809430384640
959206856303427584
959213798363189248
959217401236721664
959220021389033472
959221883257278464
959223675466715136
959226515459321856
959235073462726656
959246671568711682
959257346500448256
959258169867456512
959268741048565760
959308494795976704
959341744734208000
959382572076642304
959382679023046657
959432279197011970
959436530552115200
959444078193602560
959480006169714688
959485983061192704
959554001241911296
959566710629117953
959581210518478848
959581287727157248
959600864519340032
959618723538759682
959658910440333313
959713089498226688
959718260278284288
959720198428217345
959721668116697088
959737420240470017
959748953343328256
959765467161247745
959825789641355264
959846194892619776
959865623785467904
959901743852109824
959902799952670721
959907625960988676
959910249082867715
959962766781046784
959973301601779712
960005936231235584
960060434509217794
960112812142899201
960127203638939648
960147215061831680
960154183923093504
960165486318137345
960188030677008384
960188181676113920
960195658886991873
960197872112332800
960212318641709056
960212572833222656
960233498199011329
960240958179717120
960273482121531392
960278782421553152
960293684800577536
960302491970752512
960324603540156416
960357544320434176
960358750619017216
960398233263521793
960399634593038336
960414513861308416
960429328742977536
960429599938301953
960443545877442560
960444847088742401
960445592827670528
960447575915556864
960456461514981376
960466013685985280
960470305398390784
960470678985166855
960471170956038144
960478584803659776
960484812950708227
960491156810350592
960497376975712256
960505121179250690
960505413677457408
960506047000731649
960512785166684161
960514400405852160
960522963882790913
960532945931923456
960550152225239040
960557544681984003
960567510755000320
960573149581533184
960590006640312321
960594361124876288
960769268253184000
960771461735526400
960776489095630848
960777811890966529
960800256878260224
960832791704428545
960835245766475782
960845552836599808
960858045029822465
960863064798228481
960888748161622018
960889073798991872
960911577263190016
960912790058774528
960914685905252352
960914721963761665
960918306398945280
960941030718820352
960947521827868672
960958278967607297
960959499594067968
960959750769799168
960960096766431232
960969816252342272
960974735755612160
960987300296474625
960989958537277440
960994814283087873
960996050373722112
961009860530728960
961031847885942784
961033363569152000
961050407219822593
961051153864757248
961056091395297280
961065828493025281
961079162587918337
961123344950136840
961123750849675265
961129755117572096
961138496059707392
961142644217966594
961169754953170944
961170698642296832
961182625573621765
961183099966181377
961186025920978944
961199982857498624
961206913143902211
961207926043041793
961208652073000960
961208697790849025
961208697790910464
961208697799237634
961244988171476993
961245250722213888
961272384119590912
961273613444898816
961275346527043584
961282826657083392
961294316957261825
961295350849064961
961301058478895104
961318156135555072
961328230417362944
961347328891375617
961350243794259969
961365210324971523
961365210354372608
961365807597891584
961391990993817600
961396234354216960
961396888225361921
961471756170010624
961485542830559232
961546088455970816
961547262450192384
961549330657132544
961602218725027846
961602906335170560
961603084823785474
961606605966950400
961612988645105664
961613663709945858
961628267848454144
961633325789188099
961648496997732354
961667957502996485
961670549117292544
961675487318822912
961680423624552454
961691825462394880
961692817784475648
961699922948120582
961733427866161152
961743509710450688
961763214349529088
961766226056925184
961798099428495360
961798230521581568
961810670600708097
961832294737588226
961832638095933440
961835534019473409
961835798671769602
961840167450394626
961863221035483137
961872299468009473
961886882362662912
961900064212946949
961914649892589568
961954898861371393
961961445322878976
962031854709768192
962037883589746690
962038660789972997
962044092015198215
962056359939260416
962058120267579392
962061897993355265
962071961911287809
962079569879724033
962088168274169856
962089299083591680
962089971728429058
962092233368285184
962092750547177472
962099962065670144
962104531902500866
962114630133993473
962123148757012483
962131510106247168
962173774425604097
962234774717743104
962244497122918401
962256851436912640
962270160903200769
962271187572273152
962271259684950017
962273767056642049
962280850833444864
962287089009094656
962301800534761474
962321074594590721
962324429622599681
962328834006634498
962340633057804289
962370043932635136
962401697116012545
962406744109428736
962438453353791488
962439509588680704
962443312996208640
962452035894329344
962466954593288192
962468292991447041
962494764946984960
962504078365511680
962585432348241921
962606948012077056
962613145788469248
962639433596944385
962683892388962305
962687159755988992
962736222614540289
962755305846210566
962761173308289024
962785219215482880
962785574049345536
962791231775559680
962791735058485253
962792828521799680
962810106978152450
962825363721244672
962829547996463104
962831526864941056
962859769202552833
962861123539107840
962894036263583744
962915330325647360
962951450388135938
962963119839604742
962982102382727168
962984707456630784
962993177450856449
963047065835229184
963055755304865792
963057006339911683
963057164460806144
963058348949155842
963078545118564353
963079720618242048
963119696085176320
963124510307373062
963206199016656896
963266359600664576
963311604807778304
963328908409020417
963346609127018496
963354094768332800
963379913637076993
963381443228569600
963381587193679872
963457209622437889
963514730731188224
963529217035075586
963547806173577216
963566166345097216
963615816842227712
963630987199606785
963673954073313280
963684131333967874
963684273311092737
963684803320123398
963691295431573504
963693837049843712
963698179953823744
963699766440988673
963727176016183296
963729801638039552
963729906936025089
963734846991470592
963736883313430528
963804975754342400
963835244569866241
963839269222670336
963847090895048704
963854554927378437
963856301448036352
963882490275475458
963899100449079296
963899606781263875
963916968712658949
963917451439194112
963930533494476800
963932870136836097
963958517882327046
963968261682487299
964046653043875841
964072109273157632
964073173141647360
964073331564662784
964078218293596160
964082905784954880
964085424162529281
964087030140604417
964094156212785152
964106102026641408
964114145456148480
964128145598132224
964129689101942786
964149424606736384
964168028400205824
964176001642192897
964189495288451073
964191051790471168
964197077310779392
964219825110175744
964224300046680064
964225077968539648
964232102962237440
964232397142323200
964280241551060992
964356020888719360
964363222923882497
964409330236669952
964425527242121216
964431340098617344
964446263868456960
964476627240415233
964506682792398849
964553437953253377
964559474395512832
964603622398025729
964613836362756096
964627375991353344
964633251368222721
964657647113748480
964687862045093889
964695520873562113
964716983122935809
964725586882019328
964738296445194242
964740686376415232
964772800471814144
964828800310697984
964877901354225670
964879249000845312
964918396939677698
964980875644588037
965021420022587392
965021916137271296
965034983902588929
965050244902805504
965050476013133824
965054274349752320
965054727758254080
965055402638434305
965065372050182144
965087982301560832
965163476007055360
965182108351238144
965220718597287936
965265513764016133
965265513785036800
965283382061076482
965284244271476736
965291939192102912
965304316549623808
965317198016282629
965318364523646978
965327867147177984
965331954479652866
965339458089439232
965349070595416065
965350005077880832
965367020949786626
965404686550478850
965416381188632581
965416634964987904
965477499345006592
965487868931174401
965496309976252416
965496311259701248
965507530570043392
965508376569331712
965546493984862210
965546555183910913
965546761996599296
965546836642627584
965546836659523584
965546969618960384
965547256916082688
965547323190280193
965548020262727680
965548020266864640
965548265637863427
965555620349972480
965573425153658880
965574238877945856
965574464502149121
965585604594446336
965588916635136000
965588997371150337
965617053498597379
965621855955668997
965663304088739845
965684321318129664
965691933556318208
965696146684497921
965707165590724608
965713893803872257
965714654533054469
965719676188876801
965743914039808001
965747106865704960
965826578268618752
965842608051245056
965868949559808000
965873142164942848
965873688703741952
965945450288242689
965990018123816961
966009848293830656
966013988571107333
966016044610461697
966037232565006336
966081258815148036
966086813440970755
966092359552458752
966107128950919168
966195438545186816
966205620453019648
966220985014693888
966252194721808387
966252536268279808
966268607142531072
966280978653065219
966282045293932544
966298889195278336
966298984825458688
966299370269356032
966307621740277760
966310028008443909
966312623842115585
966312790825799681
966330446924664834
966335553284333568
966349722041503745
966391463348264961
966393997148041216
966396276232327169
966431828918726656
966432278002806785
966434981345185792
966477125715820544
966499801809301504
966545105724129280
966545270854037504
966550281092726785
966583627474788352
966605491987136514
966609380107046912
966627094326374400
966651341597761537
966665908826460160
966673085117161475
966681295211261952
966686926882426880
966687094683897862
966687163046940672
966690543630626817
966690801194602496
966695577642823681
966715333791944704
966720530400366593
966723994475905024
966730301039882240
966741843760373760
966742257759027201
966765376754343937
966766377515307008
966767277587693568
966767581695791104
966776738700189697
966796946856992768
966839011959599105
966860534170693634
966911548642873344
966930120626728960
966960846738882561
966985019846569984
967005787540172800
967013166998679552
967020715047239684
967047072082997249
967047830824087552
967088581016657920
967097703447519232
967148972249825280
967161814793498624
967165887890579458
967179314293719041
967179478526029824
967184428807045120
967186826267041792
967201902302715904
967215991775166464
967228993278828544
967248315212496897
967281263274090496
967295588374138881
967300072055586816
967301843561824256
967303600727715841
967304179973873664
967353025588215808
967388866461224960
967397158885322752
967404118485676033
967407742334926848
967410934657425409
967458028697071617
967458594517000192
967465578872139776
967468895845142530
967470180031897600
967483053605052418
967496949569150976
967499478923177984
967546791515242496
967570321980252160
967577617565143040
967577617573572608
967601835476488192
967624714968481794
967646115159052288
967670589501485056
967672763673694209
967680356626436096
967683194047918080
967686410269585408
967699922190389248
967707763035004928
967765539132198912
967766906932375553
967777629649719296
967805216040083456
967806276750200832
967806399643189253
967824510648045574
967827343061454848
967843549831036928
967853112844222464
967866254861074432
967872488465158145
967895825564172288
967896470203523072
967899409592803329
967899756025597952
967914537159745536
967926676767178753
967933225317339137
967943361947615232
967949354521706496
967964450228547584
967979538427789312
967999787655086080
968001431385993216
968001860920475649
968004499142053888
968006897851883521
968009838079987712
968010331720105984
968012097966747648
968015520103460864
968033011584438272
968045069792985090
968060585354051584
968070128251289600
968108022525583362
968110654862196736
968121928740302853
968123028927168516
968151010446401536
968152792950067201
968165026895933442
968167079579996160
968177568263409664
968178032484724736
968265241833410560
968269215495933957
968274503666225152
968354871983464450
968366241541971970
968381142176067592
968382042269462528
968408595141480453
968434448856477696
968447657541709824
968481906231672832
968483117865484289
968484096392482816
968484438643425280
968494257957949441
968521399705985024
968530659051319296
968538132890058752
968544803297419265
968564967640371200
968565912432529408
968579325900546048
968580924848988167
968581561980506112
968603946146287618
968605775663902725
968659019417071616
968667028474052608
968685739654365184
968686198117011456
968696775723827201
968701126055989248
968702111734255617
968703687500685312
968734582760669185
968801405589835776
968815305928556544
968844060428505088
968846460350590981
968847448956395520
968857131276472320
968903943295205376
968911472083390464
968960914958442496
968970039708696576
968973876184072192
968974308209967104
968976484219043840
968976589487837185
968976877196017664
968984965085040640
