1002342408682475520
1002459790545543168
1002603113608404993
1002617717323530240
1002664561814589440
1002666829691662336
1002708378034950144
1002742426275078145
1002745743851966464
1002806440459886592
1002859386006433792
1002885595377516544
1003055727227703298
1003063128521781249
1003090851168284672
1003123530253254658
1003199643868524544
1003267572731482112
1003311249709588480
1003331766961295362
1003332289168855042
1003332766879055872
1003334083500498945
1003335326683680769
1003337554278649856
1003343760586104832
1003345671502606336
1003351096012820480
1003353214123589632
1003359779027324928
1003361220639051776
1003361866536640513
1003362734371721217
1003364554267676673
1003365653590560770
1003407314781659137
1003414025177354240
1003420070910021632
1003425517205221377
1003427978846654464
1003445778214477824
1003448752831512576
1003459544352264195
1003485918110466049
1003493558056128512
1003510138127282176
1003538885887086592
1003546981954813952
1003564684639756290
1003570761779564554
1003576804899254272
1003599329188147201
1003614356091760641
1003639823482195970
1003659604654354432
1003750247791816706
1003873300664193025
1003875733356318720
1003894728541331456
1003901288021540864
1003954203356811264
1003988359843180544
1004000539787571200
1004002116141309954
1004002999067398144
1004006572618641408
1004047336199348224
1004050595177787392
1004085692258021376
1004089879880335360
1004096374332248064
1004136268018671617
1004195596041781250
1004203257789497344
1004261747753193473
1004308962198482944
1004319571682254848
1004407045179797506
1004444726374776832
1004459821247025152
1004521071796719616
1004526662539710464
1004535900909400066
1004580799151263745
1004641094032748544
1004686413474902016
1004704929246863360
1004746717923721216
1004776908976865280
1004850111971807232
1004852783508611072
1004894341905637376
1004899331042783232
1004988469649686528
1005011576955404288
1005014185363718144
1005019052018810880
1005020090075508736
1005062723514888193
1005074020038045696
1005090242347634688
1005098354135756800
1005162003113996289
1005181616518557696
1005191395529945088
1005207571693785088
1005211769785241602
1005282825057099777
1005328098789711872
1005380966347464704
1005421622126370816
1005426248862949376
1005438915266924544
1005461044821741571
1005485958979047424
1005529975255166981
1005622560749305856
1005684459050397701
1005727183896240128
1005786360895008770
1005788643032592385
1005818857972379648
1005833874826379264
1005839669270138880
1005871657943068672
1005891545885757445
1005891671060570113
1005913760790392832
1005969828165795841
1006045818862780416
1006128405564219392
1006137972331335680
1006179630167003136
1006188803877294081
1006190066027331585
1006193519633973248
1006203857750200320
1006211361326522368
1006228820964315136
1006244279939985408
1006362195826036736
1006385067617185792
1006391648039948288
1006392618190712837
1006468600947806209
1006500364735209472
1006504389278879744
1006509134261309441
1006590777634492417
1006591210969075714
1006610336324182016
1006621089500364802
1006621139811164160
1006630912531075072
1006664360855420930
1006701540864737280
1006838013018636288
1006923581853503488
1007011630775963648
1007132987102646272
1007162709584986113
1007268401465573377
1007374853480042498
1007394977868021760
1007403016373317638
1007525093268848641
1007533233104277504
1007540184399863808
1007551841616453633
1007562196107255808
1007577944020041728
1007600867975942147
1007732980582735873
1007774221915701248
1007796885023686656
1007818710860562432
1007842174254252032
1007894989383270403
1007898567934205952
1007910124080357376
1007945399032635392
1007979633201958914
1007999778586701825
1008008197423054850
1008038400593543170
1008039985948209152
1008045982217465856
1008047339087360000
1008048614143389696
1008061099747364865
1008081625404641281
1008091299138887680
1008209052545896448
1008257404503375872
1008280534416363520
1008295151125422080
1008363114381709313
1008393305409769472
1008400784252268544
1008402369288081408
1008432143209582593
1008434506901139456
1008443343850725376
1008510050531512321
1008510235886092288
1008546444054351872
1008552940611633152
1008624674228621312
1008650471194542080
1008657535237099521
1008672492968218625
1008704410971660288
1008714146152579072
1008721007920721920
1008763176320581635
1008778449878769664
1008780750433476608
1008796083559043072
1008813865336008704
1008816079508987905
1008824201841709058
1008844897481347075
1008845083959967744
1008848358012792837
1008880547257569287
1008885264943419392
1008886109290553346
1008926200515842048
1008929782476619776
1008941877150662656
1008967082841501698
1009087883829915648
1009091944327385089
1009163355695661056
1009208673464225792
1009242990013870081
1009243720229769217
1009291690497040384
1009397286114414592
1009404912386523136
1009414563891171329
1009420030755262465
1009428262869557248
1009428457535651841
1009431058431873024
1009440187300974593
1009525705384734720
1009528811707301889
1009548328223191040
1009738111855878144
1009762372796510208
1009835214426726401
1009842816183255040
1009857887143747584
1009898065967353856
1009898685981962240
1009918290158804992
1009948497515180032
1009951154208477184
1009978706163462144
1010002689630048257
1010008902648324097
1010015110193033222
1010043042349412354
1010044919120089088
1010045078105214976
1010052513746374656
1010084403056238592
1010129691485749253
1010142749608247296
1010164829242392577
1010209249044000768
1010250481145245696
1010257996901900288
1010328397862592515
1010330608675979264
1010333544277655557
1010432304915800064
1010436792959447040
1010436960735772674
1010479453632331776
1010639639563161602
1010687566956331009
1010687668949278720
1010689905306071042
1010693750257958912
1010697374153564160
1010709367363121152
1010718587701456896
1010726124450529280
1010729083095875584
1010794924004933632
1010827344825802753
1010838990616977409
1010846245995233280
1010847915676487681
1010855853006774272
1010856295895838720
1010945048639201280
1010957454136561664
1010960163639922688
1011020575458770944
1011035656519204864
1011058320440872960
1011096057424433152
1011121672538058752
1011149907267182593
1011171565810081792
1011182327425355778
1011187148467290113
1011224396004913152
1011231967159832576
1011239532400799749
1011244642765959173
1011292365942734848
1011314453164457984
1011332674789797893
1011338122053988352
1011344499065450496
1011408276804661254
1011433281575718913
1011496188166586368
1011499804378238976
1011544712061378560
1011586942822121473
1011618086858850304
1011625723356905472
1011658811814232064
1011662259540463616
1011698784206770176
1011728079046225920
1011813636950708224
1011827976500072448
1011835959481004032
1011883980625506304
1011884342472314880
1011898533908131841
1011964640740311040
1011982518462091265
1011986947328233474
1011992299226746880
1011994442935357440
1012008464846151680
1012026242919366656
1012047329342287872
1012061990527864833
1012073895237750784
1012115305189920768
1012154262724468736
1012168020456861696
1012172741825290241
1012174422642315264
1012175676294615040
1012177444873392128
1012182082712305664
1012184942388932608
1012220961813291008
1012226611922591745
1012256364557717505
1012265743558340609
1012271515319054336
1012315852463538176
1012352670055714824
1012372995245944833
1012387030238498817
1012424810427584513
1012485213413257216
1012492657887621121
1012509430938652673
1012515421222629376
1012545610589745152
1012568277002825729
1012589158097932288
1012616970766651392
1012619840530665472
1012655626739216384
1012681525307953154
1012690626943447040
1012828811233316866
1012856343907241985
1012870740226396161
1012871824231690241
1012936598994944000
1012943167807684608
1012950928238968832
1012955555554422784
1012960180601008129
1012968231680790529
1013028788085579776
1013046857965195264
1013048028612079617
1013049318377435136
1013067495249412096
1013082916014968833
1013126906697297920
1013130392612757504
1013179777191108608
1013205919864381440
1013209984954335234
