968999258010644480
969000850160078850
969003792904617986
969007372319551488
969011336758878208
969011408930312192
969011427389378560
969011944966455297
969022252460183558
969023029232787456
969025079433609216
969027391312953345
969027834235666432
969028167666151430
969045455781974017
969046717831221254
969060919756996608
969062897371447296
969064492859617282
969067384404365318
969072766119968769
969076943672004608
969078982493855744
969079449336582144
969080243754553344
969091058352230401
969103467162808321
969104696093958145
969106942567202816
969107136767602688
969108290612363264
969111450189946880
969115493109059584
969116175098621953
969117677896675328
969126651832520704
969127381842710528
969127664555646976
969131394868838400
969131962857291777
969139847314190336
969140013840642048
969141481435901952
969143979689365505
969146417909465088
969147125778051072
969148418365915137
969148488414982144
969149505940705281
969154941376958464
969160664924205057
969168266940813313
969169237645447168
969169464557096960
969173884514660352
969187897248243713
969189606003535872
969191666941874178
969195122389864448
969199627739258880
969199810778603520
969200204615438336
969205105659654144
969210649069830145
969210989857181697
969212633571364865
969212850031005696
969214469841842176
969214483678859265
969215685770596352
969217061091033088
969220537351221248
969223037156458496
969223223371091968
969225614107598849
969228175581495303
969229365908246529
969229995070705665
969230678339485697
969233588347686913
969234570095702018
969235609167556613
969237253473079296
969240714881183744
969241792808931328
969244621850243073
969245462816411648
969246134735687680
969246890138071042
969247160679260161
969248541225955330
969250564927311874
969251443369824256
969255325730820102
969255980864176128
969256166286016512
969256191867146240
969256375560716288
969257863712518144
969263730268823552
969265813579497473
969268159051108352
969271063585554432
969273657771155457
969275244052713473
969277367217729536
969280666457255937
969283874265198593
969290303717986305
969292546823348224
969293073648881664
969293716631556099
969298748936474624
969299663315750912
969304655942574081
969307721831886848
969310212833402881
969310468266274816
969311625860796416
969313553269346304
969317342307016705
969318929070940160
969320995541700609
969322615780315136
969323200151674880
969324750551076864
969326858310471681
969327377577689088
969330917171843072
969332317226496000
969333788160479239
969335253440573442
969335628180672512
969346554770477056
969349476946272256
969353892298403840
969357082737696768
969360722739286016
969360964322766848
969366710468927488
969367054435352577
969373581217017857
969374632829734912
969375767967748096
969376559139360768
969382779711401984
969387838881099777
969389385333567488
969390559759499265
969394074980675585
969400739729739776
969413677504913408
969429854079787008
969429976981360641
969433300174389248
969437321215983617
969444715321012224
969452240774852608
969452281035882496
969460791668654080
969470493106556929
969474542279077888
969479928793260032
969480059261132800
969481929732034561
969483919514054656
969484922787389440
969488958102036480
969493087813865472
969493299814977536
969495635849170944
969498427586502656
969501070404792320
969501230228647937
969502613073899521
969502733462945792
969505969792274432
969506220519419905
969506358176505856
969514802585505793
969517196698304513
969517739412000769
969520329075908608
969520625940402176
969522588472037377
969524826112167936
969526314666311680
969527600426242049
969527821679890432
969528494047748096
969534216739356672
969541024430338048
969541292114952197
969541365091749888
969541750602846208
969542865817886720
969543546138234881
969545746457513984
969546242245132288
969546911240937472
969548996212600834
969553224918282242
969554046561538049
969554304934862848
969554792317095937
969557218730414080
969561762696704000
969563772762427392
969567724622856194
969573547155886080
969573897786961922
969576884232126464
969577077501452290
969580552918650880
969583201608962048
969584598438031360
969585371179864064
969588342458343425
969588529809494016
969590318092955649
969590787733377024
969592503161602054
969593358984339457
969595617184903168
969595663288762368
969595878909644800
969596880924696577
969597063364149248
969598285563531264
969601942958813184
969603272079233024
969603290651643904
969604328741834755
969605509002289153
969605901614186497
969609925612752897
969611266124894209
969611273661972480
969613434995159041
969614704594300930
969615448256974848
969616797564653574
969617111722143744
969617167917436928
969619894219231234
969625166471933952
969625444952788994
969625471402102784
969625840467226625
969630883580964865
969634915695452162
969638748865597446
969639111454806016
969639640146857984
969643930299064320
969647081685057536
969647352234438656
969653631552114688
969655708944928782
969659096294133761
969660740859846656
969665456524152835
969666058402521088
969667344434802689
969672351947411461
969672409853890560
969672826755141637
969673110285778944
969673520065269761
969676216541302786
969678019739734016
969683790124732417
969687425046937600
969687608732217344
969687798310756356
969689983392108544
969695268357791745
969697531608354817
969701686485843970
969706712533028864
969711922714173441
969713721638555651
969716075473534977
969716336766210050
969724201279152128
969724888549412864
969725263515934721
969738709217067008
969744200806912000
969750162582024192
969751878891397120
969762271328129024
969763268943368192
969763300832620544
969763547889700864
969764286926028800
969765531795447809
969766613909168128
969767435581603840
969767808040079360
969770247031898112
969771717517299712
969775512523628544
969780679939690496
969784387696058368
969786150134140928
969801147287588864
969803303570714624
969811652702097408
969813674436284416
969819074149535745
969823273507844098
969826492069941248
969827485847359488
969828769283428352
969829660178644993
969831681820647424
969835645857300481
969836814377803776
969845276507869184
969845785805369345
969849673702928390
969850052700180480
969850421228556288
969851482706243585
969851642932879360
969851935686889473
969853771147816960
969854436326694912
969857135805902849
969862378690052096
969864837772795904
969868316117381120
969872529702752256
969873897914028032
969874773261127681
969876331067592704
969877080530935808
969879585671311360
969880245171089408
969881732890681344
969882569637548033
969886166265757696
969887311730282498
969887921565155329
969889159103074306
969889622363910144
969890820664037376
969890850019987456
969891636883918848
969892667416109057
969893082673098752
969893930891403264
969894422308466693
969895601327439872
969895702007599104
969896274941136897
969896433049579521
969897627184783362
969898034170494981
969900487704305672
969905747785109506
969906294718156800
969915528205791232
969915916468215808
969917477995065345
969917588707987457
969928286758457351
969928445663772672
969928871796772865
969929719499108353
969930156122034176
969932035472097280
969933569840828418
969933690213097472
969934621361299457
969935033678094338
969937030166740994
969937435131039745
969944859246317568
969945602489552897
969954415456202752
969955406259933189
969955821038731269
969958965097435136
969961071493701632
969963269711650816
969963269736796160
969963270130905090
969964735646093314
969966339522793472
969966450558537728
969967901494013952
969968326389755905
969972658233229312
969972676776353792
969973357440626688
969978858693955584
969984272043008000
969988427558027264
969992299357892610
969995425360105473
969996041901826048
969998970494865408
970000124372897792
970001085153927168
970003373545029633
970004077781413889
970006039859834880
970007085113950208
970007618621267970
970007637080276992
970009164650033152
970010375528869888
970017921933234176
970019269537947650
970019964533997569
970021177052880900
970021537427410946
970022494135517185
970023373261672449
970027341081591808
970035425418063874
970039388808843269
970043815020105728
970046668430290946
970047904902795264
970062504859709441
970065807878344709
970067715854602241
970070193870397440
970075008914599936
970075130083840001
970077936970878976
970086366267822080
970091214434381825
970106638165270528
970107719037345797
970107851581440001
970107971131793409
970108122088878080
970108130058149888
970116214583209985
970117136067776512
970119666092924928
970122876421488641
970126686103552000
970129717306314752
970138516951846912
970140492926103552
970142199131328512
970142287232512001
970147573326544896
970159428518412290
970163694121439232
970169944053895170
970170309381795840
970184320508981249
970188029053882368
970198102656380928
970198514910285824
970198950371348480
970199080193478656
970199773541294080
970201366110003205
970205468961443840
970207840169316353
970208999298752512
970210235544518657
970211799424536576
970212913024786432
970215356328529920
970215450977161216
970216632101548032
970219193550491648
970219352103555073
970228620273700864
970228874847162368
970234775402369026
970237270589628416
970238422764879872
970242087353450496
970242779652804608
970250756539469825
970250899577888768
970252661609127936
970261141631979520
970262057659588609
970266058199314432
970266604318543872
970269317190356992
970270073180053504
970271517509668864
970272646796587010
970272685224636416
970272754397163527
970273243457302528
970273304694181888
970273778654736384
970275324268285957
970275451766759424
970277122760519680
970277483764441088
970277600919740417
970277886975504384
970278422155939840
970279309259804672
970279777000148992
970280859256451072
970282814435246082
970287727227752449
970288178556014592
970288630253146113
970290052562472960
970293433154916352
970295433435209728
970297747374067712
970300193987092480
970301339002646528
970302458051231744
970302799065112576
970304505706434561
970310633261621250
970311409937666049
970318388420636673
970319051976269825
970324561366519808
970326939016876032
970327329422573569
970331456630329348
970334278964973568
970339633413414913
970344419898609666
970345888806834177
970350435872669701
970354121806176257
970358603155730432
970361728616878081
970365386452623360
970366842291277824
970368195369500673
970372734453780481
970377246509817856
970379198727708672
970382040376918016
970383463080701958
970386378998546435
970386451098685440
970390102248738818
970391990918680576
970392808384290816
970395054060789760
970396181657477123
970396712027283458
970400351865143299
970403371743145985
970405854779461632
970406562773774337
970407643419500555
970408330668728321
970408594930888704
970409411536736256
970409900621877248
970412375672344577
970417924287713287
970424939290521600
970424979207720962
970426357384667136
970427589331509249
970428468373712897
970429003541594112
970433029662494720
970434839085289472
970436137864097793
970436598193098753
970437033750679553
970438790954315776
970438795983286274
970441750039834624
970444059755139072
970444157494808576
970444912981405696
970445155584040960
970445721228005383
970446299593166849
970446407394971648
970446417880784896
970450211645673472
970450319024054274
970453190415175682
970454829989552128
970457423151489024
970458459731787782
970460975546552320
970461286298521602
970466961099513858
970467221209219077
970467800031682560
970468967306481664
970473170430976001
970473263968251904
970477747662348290
970479071388893184
970480493664854017
970482800225898496
970483342327058432
970487128244224001
970489622584229889
970491543898480640
970494139178602497
970495288258392065
970495963121909760
970497327080361984
970498559811309568
970504555975839744
970509361394208768
970512935255601152
970519212535042048
970521417082171392
970521494265782272
970524837100875777
970524989773484038
970528760461185024
970535050256244737
970535154254073856
970543280726401026
970544094018785280
970546409698185216
970550747862654978
970551020068790272
970554427911393280
970554436740419585
970557135368212481
970558026980577281
970560242491772928
970561352312897536
970561452133310464
970565073092661248
970567731853643781
970568730156650496
970569540848508929
970569607496028160
970569698839539713
970571724399038464
970571961217748992
970573956171354112
970577054084358144
970577909722308608
970578465069117440
970579148749107200
970588610687741954
970592326195310592
970592718148833280
970593008310616064
970593410615775232
970594131872542720
970594429311569920
970594577928327169
970594638515048448
970595373046751232
970595795794882560
970596445144453120
970596742604492801
970597438854705152
970597620438708224
970597734972514304
970600163864543232
970601058937528320
970601060216819712
970602487089696768
970602610830036992
970603938193035264
970608854466809856
970609002546638848
970609101955846144
970609548720529409
970609912660230145
970611968330620928
970612080997957632
970612095350865920
970612529952165891
970613081771528192
970613096610979840
970613164554489861
970613376337489920
970613676981047296
970614570887864321
970614909993136128
970615115304271872
970615613063421952
970616484346126336
970617980043350016
970619166486081537
970619691294224386
970620894216380416
970620932833366016
970620933642780672
970620996985245696
970621009161347072
970621030115966976
970621082137919488
970622594583015424
970623372630609920
970624266436784128
970624837281636352
970625617447317505
970625848549232640
970627263283810304
970627888629284865
970628100047417344
970628188857610240
970629301707165700
970629786975563776
970630122544836608
970630677862510592
970631606087143424
970633522003226624
970633990527840256
970637283069132801
970637461734023168
970637739430432768
970637940736122881
970638683127894017
970639023264985089
970644836557770752
970645113679548416
970645119677411330
970645457855762433
970645715297931264
970645918080012288
970646191733125120
970647554055696384
970650495936278528
970651879226118144
970651947597524992
970652032318263296
970652764169818112
970653653827768321
970654370743439361
970654767419568128
970655917053239296
970657021879095297
970657133430755328
970657283179995137
970657303740416001
970657648902311936
970660261366464512
970661899439403008
970662007224586245
970662934170030080
970668031943827456
970669087419502592
970669866494676993
970670579958403073
970670806870122497
970671841688813569
970672019032256512
970672332317618177
970675947807571969
970678140581416960
970678918654066691
970680457976270848
970680964627226624
970682260654522368
970683706871435264
970684238688382977
970684770119110656
970687158343389190
970688331909615617
970688641893830656
970690481070882816
970690596947005440
970691321626316800
970693102947176448
970693877215580160
970694711039184896
970697336249815040
970698137366089728
970699557997830144
970702011632160768
970702655889838080
970703057305657344
970705501314002945
970705683036303360
970705854055047168
970705927459430401
970706063745077248
970706420684468224
970706554512138240
970706617837682689
970708415927504896
970708428925452288
970708636115853313
970709095824216065
970709175943794690
970709271389396992
970709347704758273
970709633948987392
970710243821764609
970710334825730050
970710666603520000
970710712292200450
970710856593018880
970711060859801600
970711116623073280
970711181253136394
970712039566950401
970712217325748226
970712311601213442
970712499078119424
970713759567241217
970713843210031105
970713945261662210
970714441883856903
970714449005957121
970714728082354178
970716242062458880
970716350300667905
970716696343298049
970716715209449472
970716941622153216
970717439561527296
970718120276119552
970719397449957377
970719777890160640
970720235916587008
970721416583802882
970721790736719873
970721794356318208
970722983152058368
970723610653528065
970724089643061248
970724455365431296
970725691015643136
970726253878824961
970726269003317250
970726369222123523
970726889307373571
970727679522721794
970728280348381185
970728394655748096
970729091321090048
970730187720708096
970731081942126593
970731144009388033
970731533656100864
970733053696978944
970733714291462145
970734422310948865
970735072402866179
970736349992181760
970737492092751872
970738016393232384
970738862812254208
970739051946020867
970740647891210242
970740726756773889
970741838666719233
970742179671896064
970742799300636672
970742826005942274
970742864568176640
970742868368228352
970743065924153344
970743095997460480
970743744164237312
970744337628782592
970744432835391488
970746623105097728
970747803545866240
970747921678430208
970748491348799489
970749115763224576
970749501249114117
970750018406834176
970752217866219520
970755207272517633
970755896727961600
970755992337223680
970757465360027650
970757480480493568
970758875942187012
970759322194989057
970763106313007104
970766041562451968
970766626172887045
970766881299877889
970766933586071552
970767025873326080
970767337937952768
970767958430527493
970768255659978752
970768841151303681
970769376357048320
970770756706725888
970773474611466246
970773737606959113
970775411985534976
970775556680814592
970775661513240576
970775820494139392
970776521794314241
970777984352350208
970778689402167296
970779074191794176
970779108400680961
970779784111427584
970781094818861056
970781645111480320
970785264380665861
970786840595877888
970787432433111040
970790183456116736
970791511817416704
970792596875472896
970792667343933446
970799417635766273
970801215339728898
970803316266434560
970809476444864512
970811278355771397
970811987079950341
970812744197922816
970814900904882176
970816307275890688
970818914866356225
970819440014188544
970821793429716994
970831223877767170
970832142388400129
970832152349892613
970832404163301376
970832929294356482
970838647695118337
970838998024376320
970840049972629504
970841328396496896
970842724277673985
970848896824954880
970851503781986304
970851794094993408
970853394905788416
970857217674170368
970859693584269313
970862580100157441
970864862640435200
970867836376711169
970871660558602245
970874765786472450
970874978362011654
970877850277564416
970884758619197440
970885593797312512
970886266945355776
970888806663569408
970892069391740929
970892535177666561
970893209705549824
970893832278585344
970894260080955392
970901537630425089
970903455689822210
970905861538410496
970906283913240576
970910373326049280
970910428279787520
970912361455370240
970923025456680960
970923077050740737
970926960560955392
970927197111377920
970930261050343424
970930891869495296
970933348498583552
970935451908562944
970938683493937152
970940164783648768
970943991951822850
970944773765910530
970945303502241792
970950620189483010
970951402871771136
970953853045821440
970954470996750336
970955145042452480
970966292663554048
970966303027548162
970968823078596608
970969860732866560
970972326563954689
970975262170079232
970976416857755648
970976680796966912
970978806763868160
970978958601805824
970981505806856192
970982926425849856
970983002749657089
970984676289667083
970986996167475200
970991341034450944
970991967646769152
971001062575525888
971001339818991617
971003284302548992
971003877263925248
971005795453292544
971005808031993861
971007557027364875
971007878344699904
971010518235271170
971013055759953921
971014012908515328
971015103029153792
971015274576187393
971016399048134659
971017464237645825
971019354937667585
971020039724982273
971021498063507456
971022695218499585
971023022298628096
971023505885196288
971023727361183747
971025124462907392
971025681453867009
971027842808057857
971028653961285632
971029145118486528
971029909345882112
971030681936592896
971030724701810694
971030924761612288
971032435994578948
971032669583704065
971032683152314368
971036465026273280
971036798884433920
971038195604492288
971038494654193666
971038813014372352
971040285202485251
971040791014633472
971041367769141248
971041801447624705
971043546282299392
971044559588339712
971045223164981248
971045279796486144
971046500334735360
971047741416669186
971050697960640516
971054170882134019
971055739094618114
971056331783274497
971058457011920896
971060423561793536
971061536042246144
971062900772261889
971063989709938688
971065169576067072
971066156923670529
971068030095675392
971068464927531008
971068819874762752
971069249799122944
971069652020449280
971071706533187584
971071820072996865
971077593515679744
971077973012041728
971078451674443778
971078573749669890
971079301453017088
971083157293461510
971085404249251840
971091812218753025
971091972072067074
971093860725248005
971094199209574400
971094374535827457
971096144502718464
971097223734943745
971103031147233280
971105421485260800
971105452107866112
971106571563491329
971110371183464451
971113186035343360
971119502187429888
971119769356251137
971121505793970177
971122360995676160
971123290759680002
971123511946350593
971123865496834048
971124399041667075
971124500933771270
971124727870820357
971124735408005125
971127870230814723
971128240734646274
971131365344264192
971132066204213249
971132779659517953
971133467139432448
971133968773992450
971135117153525760
971135671229394944
971136073559658497
971142684202209281
971145661633540096
971147599825731584
971148148021350401
971155513206542336
971158627913490432
971160020405465088
971160287607836672
971160319048400896
971160367278600193
971160404201168896
971160418470133760
971160431040413697
971160456193806337
971160471297392641
971164272054161413
971169387569967105
971169666491174912
971170046910324736
971170803550056448
971173906085175297
971176908762304514
971178322246868992
971185631245357057
971187419558105093
971190283579936769
971194122219507713
971200000926601216
971202355202011141
971203615586123778
971204355448766464
971210400724373510
971214732735676416
971215549224144896
971227709077585921
971232316394823681
971239019278413825
971239639079161856
971247449850437632
971249097465311236
971250893797691393
971251838338158596
971262906259173376
971267973007724550
971270334958702596
971270797028483072
971272473072295936
971272591754358786
971273309408153600
971274996868927488
971275049310318592
971276003418034177
971276160289173505
971277362871586816
971281698842402816
971283645829992448
971285251027808267
971296293787185152
971296529867837440
971297036590047232
971299674803048448
971300535491014658
971304420645441543
971306962163064834
971307057801506818
971309010052960258
971309260889034753
971310488960331776
971311615151955968
971313484146401282
971313688790564866
971314078026272768
971314597893459969
971314821286301696
971317556396077057
971318113370337280
971318384490098689
971318465037504512
971319260533477376
971319507145953280
971322622666575872
971326553174020096
971327911700631552
971329289093345280
971335843125264384
971345136880930817
971347549083914242
971359587948548096
971364470520975360
971366236306264064
971366605396602880
971366878030557184
971366897013940225
971382246803374080
971382288339668992
971382985428733952
971384987344875521
971385664339144704
971387756860592129
971387928810270721
971389459752210434
971390433246023680
971390601030709249
971396914724917250
971398992666951681
971401907586715648
971402339629363200
971406810765721600
971407340506370049
971407758166814721
971408301807362055
971412508689993736
971425266525458432
971425747192700928
971426669515993089
971427840578252800
971428415625711616
971430294229274625
971432422855380995
971433708417966081
971435910813253633
971436174656065537
971436652794187776
971442703073411072
971449195466035200
971449195851927552
971449965930340355
971453017286500352
971453693974413315
971454799031013377
971455715478032385
971455944197574656
971456931855503361
971459073014206464
971460846365835264
971462846222610432
971463393147318272
971470256408494080
971471023433486339
971473266979344384
971475197118353409
971476053247086593
971476089695539200
971479716573171712
971480327666446337
971480557375934464
971481839700529157
971483421376761858
971483436471943171
971483571981570048
971486198849040384
971486628773613568
971491769719246849
971491981540102145
971492041510223872
971497406943694849
971498353543602177
971501018608492544
971502048695996417
971502406478446592
971506030764003329
971509014390505475
971509030131781633
971509600125104128
971510781664813057
971512734956376066
971512855739666433
971514118799806464
971514130413826048
971517444106915840
971517741294391296
971517969443500032
971520111063502853
971520538874122241
971521075350769665
971529389274955777
971533881827581952
971536867714793472
971540611965865984
971541244064051200
971542763236970503
971543568144846849
971544065572470784
971544346184093696
971545534405206017
971550044137521152
971552036851462144
971559081608593408
971580459883823104
971580702410944512
971581223335354368
971581489258352642
971583932020985857
971584844710006785
971585322407653376
971586916243197953
971590361876492288
971594801132064768
971596621036302337
971596718335778817
971602650356682752
971609659449774080
971611151787315201
971613053908381696
971624532250447872
971635010741600257
971635024113160192
971637407710961664
971642793595564032
971644878605180928
971647958490939392
971649338840616960
971653328013877248
971653441683681281
971655541368897537
971655637430976513
971656366367666176
971656982544470016
971658736572907520
971659938689896449
971660274477469696
971661256707932160
971661443409022976
971661623516594176
971663047340249088
971663211920609280
971669236593692673
971669476096782336
971669480723177479
971669644690903040
971673737526431745
971676110219104257
971679154419716096
971679289098821637
971680031079587841
971680228295827456
971680339767767040
971681985600028672
971683190917050368
971683268667027456
971683891504451584
971689904894808064
971695502541680641
971695932940148736
971699142421565440
971700925004959744
971702650961047552
971704352980291584
971710562227769345
971710828453023744
971711014390595584
971714570317451264
971715757569605632
971715938918727680
971720045142401024
971722367956381698
971722566938308608
971724056159547392
971725779586375681
971727175882891264
971728433347735555
971730241386401793
971732420008570880
971732612103458816
971733859908939776
971738085670244352
971739081402146816
971740195891621889
971740450431234049
971740463840538626
971740692023336961
971741001558691841
971742413793517568
971743489196163072
971744444260278272
971744482419970049
971746212553641984
971750999118532609
971755022290767880
971755024383664128
971756020958748672
971756269269913600
971757405490032640
971757701180133377
971757905878777858
971758153070149632
971758526640123904
971759888954249216
971764134848077824
971766343396745217
971766570442809344
971768545125179393
971768572820140034
971774577796898817
971777980631584769
971779578674012160
971783228540452864
971784069536038912
971784721377218561
971785289181130752
971785626457579522
971786310959681536
971789239011639298
971794739006726144
971795817756545024
971795821107777538
971798877933203458
971800164318044161
971803802880765952
971804252917174272
971804287339843584
971804605238554624
971804615720275968
971804847669465088
971808137694064640
971808782341718017
971809158164082688
971811769105764352
971813002646257664
971815138838962176
971816025489661952
971816536376737792
971816819261607936
971819243380531200
971819485362450432
971820747030065152
971822229699796993
971822482196979717
971823499336658944
971826023951151105
971829784924905472
971830458525810688
971831601876406272
971831619077189633
971834631015321604
971836017224421376
971838467956183041
971842213914308613
971844583687680000
971845804217520128
971846161979101184
971853814906138625
971854250576924673
971863079981142016
971863099006480384
971863368289128456
971864343775150081
971864852238163969
971867025709654016
971868668622790659
971869732323209217
971874279347253248
971875061605924864
971877415445303296
971877985438568455
971879392174583808
971880342205366274
971880351462297602
971880354813538304
971881928927297536
971882276626804736
971882561432678411
971883424377114625
971884428728381443
971885991848968193
971886872346742784
971891093469061120
971891293541552130
971897381980659712
971898529756086272
971900105765761024
971902009153552384
971902927706165248
971904018237808640
971908908381024257
971909014912028672
971910055523045376
971910311480410112
971911062541950976
971911949972856833
971912301975687168
971912464311861248
971912538534400000
971913075396894720
971913193671897089
971914178427604992
971915603295526912
971916100769378304
971916685035868161
971917484856025090
971918568685109248
971919499380211712
971927060900753413
971928741143351297
971930964967526402
971931277824675840
971937181735333888
971937352892416000
971939170670206977
971940563632119808
971941144925016064
971941351704223745
971943838540550144
971947691402919936
971949666932682752
971952863420149760
971952978750918656
971957901613981696
971964120504311808
971966599165919232
971966945791680512
971971738614448129
971975617926242306
971980380487036928
971981311714902016
971982337620586511
971983207926185984
971994089645260805
972000304735514624
972001707348566017
972001804215992320
972003354875371520
972003752071675905
972004052723580931
972005647066673153
972006172063444993
972008534824005632
972009463858176001
972011916259307520
972018707680628736
972019160296427520
972022214567649280
972026077940940800
972028445189443584
972029631762173952
972035642694680576
972036067158355968
972037969623289856
972040756721528832
972041579245592577
972045323488112640
972052458431229952
972052635003039744
972053262034612226
972054608402173953
972055717812359168
972059944810897408
972060762314219521
972061818834358273
972063087607107589
972064612261728257
972067273950285825
972068484552282112
972069999413051392
972071150175088640
972071587032780800
972071615294042112
972072083244093440
972080145442967552
972084271807651840
972091211254255618
972093139166035968
972093406964076546
972093545417854976
972094592312119296
972095365309763584
972095475603173376
972096654647021568
972099790308753408
972099973989978112
972101325432475649
972102544691515393
972105539436990465
972106251948654593
972106567230414849
972106908030197760
972107396251254784
972111645504925696
972111783057084416
972113056896638976
972114641915695105
972116156873105408
972116286506401794
972117478515015681
972120290800041985
972123176908898305
972127623269830658
972127656417296385
972129154211762179
972132480261255168
972133100187680769
972133343490969600
972133437531480065
972133707669786625
972136362517254144
972136564695289856
972137731982729216
972138969277390848
972139975931252745
972140101517144064
972141087836971009
972141346189389824
972145008265580544
972145748140789761
972145841652805632
972147370904506368
972148375008276480
972149278889136128
972153589333413888
972154770109722624
972155317428645888
972155864672071682
972156918411165696
972159850196201473
972160209677357056
972160404272111616
972160406335774722
972160408403546114
972160766664237057
972161824484462592
972162368879972355
972162527223320579
972163808788705280
972163953085353984
972165661836263424
972166062816014336
972167898658680832
972170471860064256
972170982969565185
972174821382598656
972175290414723072
972176264260915201
972177417207996417
972183157129740288
972183791740612608
972184016966299651
972189719848214528
972190478014865409
972190651507970049
972191684984541185
972192526370144256
972192867350392833
972193566146678785
972197537724747781
972198669771567104
972198839624065025
972199064866578432
972200382695989252
972200439075700737
972200450333270017
972201010184663040
972202575910055939
972202841002553345
972206464885551105
972209245709111296
972211297118023682
972211780717109248
972212724888301568
972216623473053698
972219860657819648
972220681030193154
972222805889691650
972223544934486016
972224802772652032
972226289661890560
972228342769508354
972228805346476032
972234574230044672
972234944213864448
972235048790376448
972235287710584833
972237815198007296
972238712775069696
972239074210779136
972239616211382272
972241674649964550
972242704338964481
972242736773521410
972242901190180865
972243514821107715
972253166053019649
972260935632121858
972261252553519105
972263200371585024
972268888275800064
972271322234540033
972271341528379392
972271496721780736
972275269066219520
972275435596845058
972278780969570304
972279035991678976
972283508268904448
972284548150112257
972286464921948160
972292465297362944
972295413062651904
972303737023758337
972305782220890112
972305946633420800
972307118953938944
972309664053547008
972309667811602432
972311822907904001
972311961269452800
972327587581251584
972330095758249984
972332229404708864
972332963823276032
972333444498735105
972336359389253632
972337541490839552
972338839611170816
972342029400322048
972350420520718336
972351453170946048
972352280677797888
972356727491395585
972360751510847488
972368234572861440
972374411100721160
972376529769385984
972377582061674496
972377915018174464
972380112850169856
972382342538059777
972383945181581313
972384151524569089
972386692094185472
972387543734996992
972389029504339968
972394318521565185
972399745514835968
972402357752553472
972405036637736960
972405276119896064
972405695923486720
972406733967634432
972409223798820865
972412806585901057
972414623981953024
972421511024992261
972421578561589248
972422555394039808
972427695123521536
972429685744373761
972433811232436224
972434001268011009
972436637388017665
972439992382435328
972440018831724545
972440523393982464
972445224416043008
972447036736929795
972449812116312064
972456141308465152
972459230392410112
972461965078605824
972467051930497026
972468770349420545
972474675514265600
972483172758884352
972489360170987520
972489546825977856
972493941806391296
972494015538098176
972494097251557381
972494663037915137
972495639002132480
972495737631199232
972496253530640384
972497678734057472
972498365765300224
972503986162061312
972504112381202432
972504112381251586
972504112385404928
972504112398000131
972504938671722496
972507683843555330
972508985638227968
972518698555772929
972520171125530624
972526468772249601
972529855349665792
972530176646107137
972530631740743680
972534914544418816
972544936817184771
972545252627243009
972548179018354689
972548910928596993
972552229952589826
972552704059985924
972559687764926465
972560100903784449
972566605023543296
972570359525453824
972579129450270720
972581166363631619
972581634473160705
972581634892550144
972582256752709632
972583596128194560
972584146152361984
972584636730826754
972585052826624006
972585535175786497
972590421095407616
972599518956056576
972600542177517570
972602270436282368
972602380318597120
972604749689315328
972605531096576000
972607110679793664
972615341573632000
972621378414415872
972624373583695877
972625615101841408
972626226199359493
972626824734756864
972629441254952960
972630172615790592
972634394207846400
972634429414780928
972634608532631552
972634621518204930
972635455765217280
972636012773036038
972638528940191749
972656602611404800
972656849223864320
972659637232242688
972664447629217792
972676031235620869
972677521719332865
972685049211502592
972720813609697280
972721321988820992
972732973333340161
972735362010435585
972747792216018944
972750243396767744
972753783800385536
972754243475202048
972759152085774337
972760060165148672
972760325643751426
972760565553795072
972763043565326336
972766350342086657
972767271977398272
972767412360810497
972767661150162951
972768091078881280
972768329227259905
972768428623884288
972772764712042502
972784131687010304
972784746160902144
972785497775853568
972792219357851648
972793437987713024
972796033838305281
972796853799522304
972797522417717249
972805033573146626
972806624913121280
972808579446136832
972812108088926208
972813012825530368
972813219181064192
972813640465338368
972814201499533312
972815407785631744
972815583933812739
972816485705011206
972817015005155335
972818746430468096
972822875299303425
972823077045391361
972825514376335365
972825737500782592
972831674533806080
972834528250159104
972837194044932097
972839172284305414
972839898318278656
972845928884441088
972849265885241345
972849899225088001
972852626747543553
972852784793116672
972861089103994880
972863937547874305
972863995022663681
972866946550165504
972867313098805248
972871020456525824
972879127207403520
972879535728361477
972879969847316485
972881210539237378
972882167649980417
972889604180336640
972890388963917825
972892046209011719
972894136952152067
972894257517420544
972896765954404356
972896896397148160
972898667224059905
972899100059455488
972902662583840769
972902689209241603
972903217897136129
972909600944013312
972912912384839682
972912966449418240
972913492410994689
972914410137247746
972914640819810305
972917172073828353
972917473635983360
972917724878909440
972918557863563269
972919474755198976
972922536571932673
972923457225805824
972923994960748549
972924693274533889
972925415558918145
972929429080039429
972934348180721664
972936461673730048
972940358177972224
972940477698924546
972944782740873217
972946800616312832
972950117065068544
972953765283180544
972954145056542722
972959664995557377
972959995481423874
972962533459062785
972968966497980416
972969983402827776
972976063868530689
972978049447878657
972979872279691264
972982789036564481
972983427405316097
972983686068035584
972984979696312320
972985655402946565
972985811028398080
972986139014582273
972989380766912512
972991218723573760
972991251464249344
972991913728110600
972992786550140929
973000325840941057
973002733610504192
973008998386622465
973012823998640129
973014780662263808
973022113119469568
973029097898106880
973035827251920897
973045970870112257
973050472092205056
973051667007488000
973058057902133249
973058081369346048
973060912532901888
973061072583315456
973061930922512385
973065845055410177
973066228804792320
973074129627774976
973077123090059265
973081522919104512
973087739318034432
973091362542358530
973091517123440640
973091632903000064
973091698732617728
973093399095140352
973093460751372288
973093727093821440
973097737435668481
973098171386810369
973098524949676033
973100543282466816
973103287175077888
973109993875689472
973110542062800896
973114053940793344
973114812715753473
973116581864771584
973117027496972288
973117148519256064
973117629186609152
973118445398233088
973119317398228992
973123768385179648
973128307893030912
973129054453891072
973130947339091968
973136143708499969
973148388375097344
973148712737308672
973158946029514753
973166826686500865
973167088624984065
973170088600854528
973172705003524097
973175081491947520
973175810059358208
973178186107424768
973179352706879488
973180694317936645
973182609441349633
973182720598855680
973189778354135040
973190068578988032
973190710752096257
973191849295917062
973192530228666368
973192848211406848
973193414383734784
973194060310728705
973194073711562752
973194233510318080
973196011479937024
973197156126482434
973198431970832385
973200155901120512
973202193447825409
973202385999974402
973203706488459264
973205521640681472
973211224660955136
973212845340012546
973213187591065600
973216129899315200
973217178450264064
973217869675880448
973221825743376384
973223977429667840
973226502874595328
973227813955227649
973228402265284609
973232682300792832
973234566814040064
973235605495742465
973235838078341121
973236477319696384
973236780953579520
973236896716517376
973238991217553409
973244891076624384
973247370342404097
973250410147348482
973250555912118272
973251008473321477
973253037983715328
973256958496182272
973257747880992773
973262509238030338
973262792353615872
973264246090948608
973267594932375552
973267698842046464
973268995712409600
973274075392077840
973277670837452801
973277999654154240
973279070896230400
973279168619098113
973279711328686080
973281885517504517
973282072755343360
973282966112698368
973284623282089985
973284628344778753
973285611036708864
973287023703240707
973287783971414020
973287815026020352
973290196346208257
973290572512464898
973290633740935169
973291900164804608
973291907953643520
973293435951214593
973305241218232321
973306178850770945
973307284683096064
973308036742721536
973309170874224641
973309996745228290
973310249825382402
973310386798817280
973310526041264128
973313373147484160
973315694275293184
973317782921150468
973319406238556161
973321976084185089
973328054914252800
973333123307098112
973335509429780480
973336827301171200
973337047472754688
973338070488502274
973338234469089281
973340678058053639
973344811150327809
973345653756760070
973351458262474752
973352020315901952
973368285415616512
973370312095014912
973374989595443200
973384302204305408
973384953986678784
973385521048309760
973386043666911237
973387445805789184
973391066333368320
973392663536979968
973400048875855872
973400130656329734
973408083069284352
973413660235325440
973421302227795973
973426921341116416
973444017764515840
973447774179155968
973450680747802625
973452844379623424
973453293451083776
973453725040873473
973453971259092992
973457119902040064
973460902774235136
973461965581381632
973462441509228547
973462599378415617
973462834368610304
973465120452915201
973465167118852096
973465635001790465
973465789549416448
973469421376241664
973472160256847873
973473984359616512
973476794971115520
973478123718225920
973479555653619712
973486024528625664
973493526498553856
973507113074020353
973507363897450496
973511129552097280
973512609713610752
973513572088205312
973514258083471360
973514513084551169
973521031896772608
973523647020326912
973526351184629761
973526858615619584
973527249524789248
973528883617296386
973529039272120325
973529196113879040
973532178679255040
973533850092670976
973534686843756547
973535258548359169
973536554156163072
973537729412845568
973538639169794048
973544385785876481
973548957996634112
973552844828790784
973556450688688128
973560866456133632
973562203180752896
973562495532175360
973563170781650945
973563922006663168
973564081398415360
973570541046071297
973572949398704129
973576890350034944
973577084151980033
973586412292460544
973601791102373888
973602153494347779
973602213594583040
973620708256317440
973621425058844672
973623219239387136
973624212186390528
973625159528669185
973628812494823425
973636731764461573
973640296100659200
973643191827271680
973644442585518081
973646720918794240
973651351417827329
973653989655891968
973654289544568833
973659013568221184
973663093363527680
973663597124517889
973665098064637953
973672629490954240
973673128663703552
973683918162493440
973684171611824128
973685186872467456
973685329910812672
973686119274635264
973687482830262273
973688513362321408
973688827096203264
973689677298454528
973690737203273730
973691299235688448
973691323986382848
973694745607393280
973700478499475456
973700868116709377
973712286996156416
973716444490772480
973719987872559107
973720015559151616
973726220167852032
973729992961155074
973729993779040256
973731712860672001
973735409472753664
973761571880144899
973762514310844417
973762715251601409
973763057078841344
973763830902738944
973765059414339584
973766343307792385
973767925801869312
973768631736774656
973770809406877696
973773270213414918
973778622984130563
973781077486645248
973781729264709633
973781833723899904
973794208996880386
973804914559373312
973817060408078337
973821453509554177
973827233256271872
973829379099955200
973831198567993344
973836841160986624
973837385321431040
973844353176174592
973855593885704192
973859986454573057
973863204903444481
973865898963501056
973871147627397120
973871674432028672
973873534622748672
973879472913989632
973879740099715072
973884156689215490
973884729631100934
973889622286663680
973893530128125953
973895152048668672
973898255435272192
973900384669495296
973901761030377472
973902209447493632
973904593259200512
973905444447117313
973908353192640512
973908696467230720
973910484759007237
973910727898599424
973910802389401600
973910916445196289
973912587346829312
973913367093174272
973917615654690816
973918936273248257
973919743261532160
973919769685405696
973919877076602884
973922024564318209
973927396608036864
973931077961224192
973934464450596865
973936103983124485
973937097634697218
973938453229355008
973944767737483264
973949879033696256
973951180824023041
973951616180203521
973955511333851136
973958632449675265
973962261332152320
973965394087239683
973969917736349696
973971705222836225
973972708496171008
973977367533236228
973977659876225024
973977914067865600
973982097961553927
973982594915274753
973996974646091776
973996991842693125
973997018283524097
973999260986429441
974000784764481538
974008514015211520
974009245522911232
974014569340456966
974015260310016000
974016743248220160
974017092646260736
974017978479071233
974018098033516545
974023274219806722
974032432109322240
974042997498277888
974046032018407424
974051764004671488
974053161559379969
974054900500959232
974058711470632960
974069546175926272
974071449265868800
974071549803180032
974072330359050240
974072794270044162
974075191281242114
974078363462664192
974082781717434368
974083913793536001
974085609953341440
974096666272980992
974099199934586885
974102865311563777
974103042831405056
974103200033923072
974108146359816193
974113638788292608
974119749482401793
974119757459984384
974120767880290304
974123150668595202
974126147041546241
974135769198510081
974142023082049537
974156140090142720
974160766835331072
974162358024245248
974168465903898624
974172906426126336
974174327011794944
974175729612218368
974178671899676672
974185982177218560
974194346454061056
974196157562916864
974198640569962496
974201071357833216
974202308081963008
974202335688908800
974202808462381056
974203094639792128
974208428250935296
974217641308164096
974218437659676672
974219039995293696
974225580177678336
974228762375147530
974230142343155712
974232364049223681
974234420487053313
974235848651747330
974235852439158784
974239409221636096
974242288191836160
974242600222887944
974245574412308481
974248672341917696
974250157855428608
974250169528184832
974253780161253377
974259166914207744
974261622649839616
974271284656984064
974277032816332800
974278496745861123
974281179842170885
974281190776721409
974287114098610176
974288177652555778
974288888163373058
974300741690109952
974301683290427392
974301981492830209
974304059804016641
974304535425544192
974304846378668033
974306833291792385
974308916363489280
974309998493863938
974311504244854784
974314626505760768
974315033906757632
974319199358275585
974320822331564037
974321610009260032
974321682147086336
974321906383024130
974323677796823040
974324368208736256
974329233169375234
974331149974671360
974334667313860608
974336637797879808
974338689915674625
974339226094354432
974348617971531778
974353972411686914
974355617396731907
974356375647080448
974357351783333888
974358290481188865
974359624253132801
974368547647508480
974379352711487493
974379561860378625
974379660434903041
974387419079499776
974387531474141184
974389729134370816
974390978336374784
974393321694081027
974393477734764546
974397238494539776
974397560042541056
974399007085813761
974400933953179649
974403696753815553
974409548630052864
974411198237237249
974412124762943488
974414878227169280
974415765846798337
974416555617505280
974422574045294593
974424748791926785
974440234980073472
974442496557289472
974453780082118657
974458129588146176
974460776588201985
974465410895634432
974466977044615168
974472437168455680
974480703017635840
974483032009773056
974484739490017280
974485072966553600
974485885617131525
974494579117514753
974495825886924800
974498248915218432
974498456462008320
974498575248850946
974506122471079936
974506989857288192
974513740186988544
974531407853764611
974533491999219712
974534870679482370
974535634873237508
974541710842720256
974542983721730048
974543293248815104
974544448792158208
974547292941271040
974552959869632515
974552978739757057
974553939633881088
974556296950136839
974556774563946496
974556915064750080
974559542402076672
974560544660353024
974562483863252992
974564194292060166
974565812882300930
974571962566692864
974579086172610561
974579525743910912
974579609621745664
974587196681408513
974592856521363456
974592878252101632
974592949181874179
974593437986119681
974593878664781824
974594612215115776
974596162866110465
974597692927201280
974598333007323136
974602482008510465
974605055197401088
974607177511002112
974608596049768451
974608786886418437
974609243641917440
974610021689495553
974610442810265604
974612721982492674
974613351123816448
974614473955856384
974614867633164288
974615121518571520
974617883287400450
974622109266841603
974622136336777216
974623500068638721
974624839335137280
974626028831367168
974626119822561280
974626475918970880
974626722564931584
974627901160214529
974631152597262336
974633151443038209
974633412886659073
974634041189322759
974634229538541568
974635701747712002
974638336575811584
974643361775800320
974643558924869632
974648034377240576
974648040094085120
974648132393988096
974649853727989760
974649991254781954
974651003369816064
974651011641040897
974653449932558337
974653690262024192
974654297165258761
974657785584668674
974659215850659840
974661808098299904
974663563653537792
974664134091472896
974664563558899712
974667978137534465
974668040238452737
974668385857437697
974668939056877568
974674346768830466
974676120145555456
974678498785812480
974679869442478080
974680179380555777
974682130163949569
974682416622292992
974682427523305477
974682585250050048
974684114048692225
974687059712598017
974687174217134082
974692279020675072
974692511477313536
974693082745597952
974696504890970114
974697831524167680
974699406921478144
974700880791506945
974701295922745345
974704368787312642
974709126784782336
974717025930174466
974718185231482880
974718190696706049
974720952230584320
974721786893012992
974722266729721856
974722333805031426
974728318242164737
974729225486913538
974732156458106883
974735275325870080
974738377240170496
974741342000697344
974742290332864524
974743218112823296
974745261984616449
974745526657736704
974745660875358208
974749314516840448
974750447364800512
974750586636849154
974752151560896512
974752363272646657
974752923312943104
974753621215711232
974756576132202496
974756737613008898
974758141442297857
974765268827217920
974766863551905792
974769340204703744
974774552898125824
974782386037841920
974788813074690048
974789680091705345
974803231044972544
974812248375025664
974818445048115200
974841389979758593
974844638463868928
974848423244500993
974849761391104000
974850561223819266
974855743735259136
974860040355106816
974863128629477376
974864722871930880
974864906582446080
974865425858211840
974865723637096448
974867395075563520
974867462591270914
974868756559212544
974869242679046144
974872454672896001
974875069414551552
974875748027650049
974876063884042240
974877926545154048
974878817843122176
974879715432566784
974879802682478592
974880620148150272
974883312052432897
974883366167240704
974884644146597888
974886478751903749
974887073063858176
974888887943385088
974889119900938242
974889157666508801
974891088304640000
974891105069223936
974892478280056832
974893163189080064
974893315039653889
974893760055271424
974893870801674240
974894686979665921
974894901342232576
974895618547240960
974896201987485696
974896683678085120
974897328145362946
974897710238113792
974897710263349248
974897710263357440
974897953537253376
974898976918032384
974898981963730944
974900003293581312
974900241915961345
974900909678514176
974901077018644480
974901077442203649
974902268616237062
974902783269855232
974904439176708096
974904692106022912
974905243229093888
974905910123466754
974906304790753280
974906845033775104
974907223766859776
974907930502942721
974908349765574656
974908364223406080
974909111220523008
974909613312303104
974909747907514369
974910884819755008
974911197437980673
974912660432138240
974915292337004544
974915973080694784
974916056983666691
974918896938573824
974921430864363520
974924100614475776
974924168771891200
974925629219991552
974928077414318080
974931041134792709
974931228540403712
974931605675364352
974938980956418048
974939903258742784
974947313364979712
974959797694017536
974960648735125505
974965899127066624
974970110237724672
974973399817641985
974974625397473281
974986811129778176
974990965969649664
974993368915771398
974996575024971776
974996860262866944
975001869520076801
975004260243996672
975007906381860864
975009806363889664
975014171409616897
975019945816813573
975025515730960392
975028204611121154
975034237773647873
975035581658025985
975036155849682945
975036202402238464
975036232576024577
975036268227715072
975038047333961728
975040004522160129
975040673945616384
975040897099247616
975040957069619200
975041779140579329
975045841726722048
975048836468047874
975056377856094208
975057610557853696
975057766166474753
975058778642092032
975060583895719936
975062768704466945
975062903735844865
975068148301901824
975068498547294208
975069437241028610
975069568904368129
975073070644736000
975076787309989888
975077454233686017
975078815574605824
975083848831676416
975084499389353989
975087801556459520
975090815163912194
975091197701058560
975093121636880384
975101854588817411
975110351816716288
975117098350411777
975126901286092800
975141176314662912
975142840891297793
975149897811832833
975152757895237639
975153320372224000
975153926457708545
975158697050517505
975161398669037568
975165821487140864
975175155482849280
975178607386443777
975182037521969158
975183500885286913
975185829281714176
975187160868491264
975204805860720641
975209908382478336
975210915720294400
975212578321334273
975212706264428545
975223681080266752
975243487846137858
975245973776510977
975246492226142208
975246604201549824
975268501819723781
975277399658070016
975277948034076672
975279453931823105
975280175956013057
975283989295460352
975285758461382656
975286103124140032
975294065079136256
975295897327357952
975298390430011392
975299700319334400
975300725646528512
975301243395559424
975301578885402624
975306317236760576
975306855382769664
975310478720331777
975310719548870656
975311336585486337
975311467548430341
975311779092983809
975311839474081792
975314199189573633
975314757430534144
975320514129485824
975333623657353216
975335997411151872
975337398711214081
975345617877786624
975353962869264384
975356260932575233
975356303278329856
975362870321012736
975362931541110786
975367529345552384
975369085860098053
975372638435594240
975374269600485377
975375812236070913
975381774242078722
975381954412589056
975383579688685568
975385563401506817
975385579553730560
975385856784633859
975386313099763713
975386430120787970
975386598752866304
975386683045683200
975386871965642753
975387105462538242
975387204825436160
975387304645857280
975387397759422464
975387828115910656
975388113735479296
975388510105554944
975388866583650305
975389081504026625
975389202987802624
975389510346379264
975389576683491328
975389631263989762
975389741410672641
975389900206936064
975389974743932928
975389978531377153
975390118965055488
975390333348564994
975391366162337792
975391669238489089
975392006032822278
975392408383950848
975392922500612098
975393487955914752
975393596093419522
975393794186235906
975393868320473089
975393984909643776
975394453849559044
975395371546566656
975395522566610945
975395721347321856
975395928986222592
975396232242876417
975396883605741568
975396947765940224
975397202792210432
975397305145810951
975397847859376128
975398289959944195
975398433241608198
975398680839774208
975398724494016512
975399264275877888
975399570472669184
975399691323039744
975401420571758592
975401967932538880
975402103739965440
975402174284025856
975403098733768709
975403115078971397
975403152391499777
975403341579804673
975403939255504896
975404780645470212
975404890116763648
975405002079469568
975405101920718849
975407897407496192
975409886870802433
975409944647426049
975411240716685313
975411544585629697
975412255285227520
975414250964439042
975414421236453376
975414902323073024
975415858368598016
975418911045820417
975420528478621697
975421209709043714
975426601918914560
975427813242277889
975431075609694210
975432145660448768
975432220625301506
975433219678941184
975433616455905280
975435711116664833
975447295369121792
975448362794340353
975448942530920448
975449635765571586
975456196495896581
975456531201261568
975458046611787776
975458823803686913
975461933133557761
975462172154310656
975462596684984321
975462956052942848
975463102413266944
975464624551325699
975465766786142208
975471002804203527
975472374794543104
975474422457995270
975475509172801537
975475861913788417
975477200320278529
975482630287306758
975483970774360064
975484899821084674
975485366005325826
975485760970395648
975486666042494985
975487183195959296
975488285039620096
975490192097325056
975490341485928451
975491192107470849
975491193374097410
975493027526594561
975494400066408454
975498341730500608
975501611530366976
975505736263438338
975506655990435840
975508611890860034
975511286212472832
975514082924253186
975516276389904384
975516387702489089
975516813869109249
975521825206751232
975522207295254529
975523271830536192
975524948709183489
975535040192008192
975542095015563264
975542400763514880
975544305413705729
975546005784477696
975546245707128833
975547457026347008
975547976688029701
975560372097880064
975560948814577666
975572956679147520
975579148738588674
975582823372517377
975600078839836672
975602645678243841
975603209376030720
975611959138713600
975618133120684032
975622434937327616
975625783145353216
975630284032020480
975631889590611968
975633012636438528
975633554867720192
975633952797949953
975634783664508929
975634922089009152
975635923256913920
975635947600646144
975636259241684992
975637128292982784
975638326626615297
975638584580505600
975638657951559680
975639161712541696
975639186874273792
975639417619697669
975640708576088066
975640836489793536
975640854932152321
975640888901697536
975640961471713280
975641683378561024
975642071708176384
975642207586799616
975643377390800896
975644638190202880
975645044207124480
975650008593829888
975650584836452352
975653099762307072
975654010861449216
975654904583938049
975655922566561792
975656093698404352
975656329829343232
975658132608290816
975660742304247808
975661330693808128
975663526005133312
975665683953569792
975666225027145728
975668203039883265
975668829698297857
975670918872797184
975671152910655494
975672322685329408
975673099914891264
975673306690056192
975674235300413440
975678623385620481
975679935783276544
975680061608284160
975680357721956353
975683019033010176
975684349801762817
975684750416449536
975685374608596992
975685443336499200
975685835088695296
975686179839533056
975687444862590976
975688461113053184
975688496760479744
975688552565657600
975690430343012352
975691287268610048
975691963805691904
975693250613870592
975694190549094402
975696153055547392
975696689280507904
975696799817191424
975698256058638342
975698654525886465
975699584654696448
975700700524154880
975701194634158080
975701548201373697
975701841777369090
975704773595983878
975705009768804353
975706267619557381
975706312905408512
975706783401562117
975708263294558208
975708342885773312
975708459567079429
975713822005694470
975717200484020224
975719588729012224
975724368998346752
975725389023621121
975725422179700736
975728637533093890
975729337134714880
975730111386439682
975730268706430976
975730753135882241
975732182772797441
975733190848589827
975735084601851905
975735878382424064
975737054310076417
975738781457420291
975738793855799297
975739936547704832
975740000330485760
975740797646725121
975741043445522433
975741873896685568
975742308028157952
975748255173705728
975748709349842944
975748825141915648
975751831170187265
975751974720176129
975752021205835776
975756306517843973
975756413640368135
975756705387626496
975758394572361731
975758714404790273
975760356130918400
975761404283191297
975768084526108673
975772756984979466
975775428743856129
975776483879866368
975778945172897793
975779311398588418
975780188452802560
975781433745858560
975781458920034306
975786651862650883
975786998744141825
975787167783051264
975788898763845636
975792176255963137
975792492451901441
975792634445869057
975794331238924288
975798164845486086
975798695403905025
975799175643389952
975799985429270528
975801427565203456
975803784784961536
975805125167108097
975805173506461701
975805421373001730
975805910865121280
975806426361876480
975806561833639936
975808860433928192
975813342336925696
975813565478244352
975815810261377024
975816806391828480
975817534535622656
975818203644514304
975819643431436288
975820906361704448
975821262185431041
975821364375511040
975822233854791680
975822870478761984
975823541630357504
975823557136658435
975823573083475969
975823729518370816
975830413980573696
975834332425277443
975837455369818113
975838720388722688
975846090636431361
975852437037711360
975855738370379778
975857197140750337
975858236481064961
975858963760799744
975859439411580928
975863746546475010
975866635574743040
975867001758502912
975867592740147201
975868196581453825
975868536030683136
975873896774696960
975877123037687808
975878488669515781
975883130086330369
975887511884042240
975888674117341185
975889306635161601
975889699221929984
975889748291194880
975891490621685760
975895178668994560
975895484438073345
975895962571956227
975901877786198016
975903236350717952
975909347866836992
975909837337972736
975910757983555585
975911910167150592
975915925789691904
975918264114139136
975923743112429568
975924573601345536
975927803228119041
975938480218955777
975940828626604032
975944390006005760
975950696984985601
975952423792599042
975962542135762944
975969525194723328
975969932465729536
975971380352167936
975981435357188096
975988551417556994
975990329924096000
975992021365207040
975992939083005952
975995317312253952
975999557682302976
976000108830523393
976002504193429504
976005305543938048
976005487169822720
976006403960791040
976008105241862144
976012554567856128
976013467277815808
976013482687651840
976013531589038082
976013601914966016
976015219620220928
976016051803746304
976016419648360448
976018442154315776
976018521388920832
976019679427821569
976020814431600641
976022421278003200
976026179361746944
976026820255666176
976027672118792194
976033701833342976
976035036448387072
976039200712773632
976040290271285248
976040661462822917
976042207873568769
976047809794334721
976048937592328192
976051726875807744
976055969389207552
976066462904336384
976066731818016768
976067362074984449
976071545377513472
976075187266482178
976075365960601601
976075643191484417
976077613671243776
976077958036238336
976078387860123649
976079346782924801
976079735594864640
976080784158265344
976086893568851968
976087402358992897
976087933605371904
976091345843576832
976091437266882568
976091595803013125
976092298059702272
976092490875928577
976093146022113280
976093148555472896
976093155681603584
976093162388279296
976096045120749568
976096053924593664
976100141869432833
976101887685644289
976103429616623617
976107553875623938
976107778266693632
976110321088827392
976111999833821184
976112002786562049
976112704493686784
976112949034135553
976116399260094464
976117104729444352
976117723603316740
976123013673480192
976123204916846592
976124718226006016
976128473055014912
976129913710436353
976130436769476608
976135801678508032
976137366569193472
976141691332775936
976143670599700480
976151686757715968
976154329601269761
976154960026128386
976169242398687232
976169648050733056
976170632860913664
976171321578151937
976171877725949952
976173205248503811
976174195502649344
976174952167636992
976175747801985024
976176533835534339
976178280347963392
976179198036410368
976181625708072960
976184464840720389
976186797263937539
976192954929942528
976194393169260544
976194560094363648
976194845336223745
976199180124225536
976199737542979584
976201715820064769
976204670472544257
976206078512840704
976209757328543750
976211918225584133
976216716949647360
976217022269935616
976218247455563784
976220159642714112
976221888098766848
976229030998495233
976229154319462400
976235509948305408
976237641292070912
976240434908483595
976240581457391616
976244989058584577
976253236339494917
976257490173202432
976262281083449344
976265936268333056
976266281442660353
976271601514762244
976286917011546112
976289979277201408
976291569308352514
976297949310234626
976299861028065281
976302705088987136
976307003956936704
976310829996965888
976311126945284096
976314567100805120
976316607633985536
976323140694425601
976323150354042880
976323302192046081
976334707724963840
976338021812338688
976338834106466304
976348392929546245
976351363339714563
976360704881184768
976363797769342977
976374637952225280
976381846706708480
976385371876610048
976387259019743232
976387924643270656
976388937588539393
976392414658211840
976398156677177346
976403112654196742
976403789656838145
976405001332502528
976407140431794176
976410786108231680
976410804563185664
976411162370813952
976413938144264194
976418991869779969
976424026699689984
976424771415048192
976425181827751937
976425893584306178
976426597413801984
976427900147830785
976428480639438854
976430814752845824
976432172868382720
976433303745187841
976433351308513281
976434161815826432
976435626487590912
976437646032625664
976440643697471491
976440888212709376
976442804166692866
976442910295158785
976445161818546178
976448847827349506
976449015100342273
976451964954447873
976453065531371520
976455536425230336
976455544805515264
976456233094795264
976457363040317440
976457775344648192
976458026721964032
976459769312661504
976460930702716928
976465947371417601
976468232159809539
976468670011539457
976469605387399169
976470085186588674
976472828274003968
976477391236235264
976478028791390208
976478743903514624
976479102097076224
976480256264757249
976480315962257409
976481470629011464
976481680772009985
976482279727009792
976482464704139264
976485022784999424
976489411691991040
976490062660726786
976492528479428609
976500888155148288
976503721004761089
976505119381565441
976505442347098113
976510551420559361
976513126307958789
976519426148388864
976527361729548293
976529000477708288
976535396812316673
976536059910721538
976537308391452672
976540677612982274
976540699670740997
976549556757389313
976551309171097600
976551444194123776
976551853147283462
976554391535869953
976559928021323776
976563827885133826
976565733789401090
976567372931895296
976567442947428352
976568690773815296
976570256062861313
976570514872422405
976571826854907904
976572531489558531
976588375070334976
976590256417001472
976597152909676544
976610021441024000
976615692311998464
976617435297210369
976617756983463936
976619437238321152
976621870786187264
976621893829709824
976621917762473985
976621939149164546
976649435760427008
976658834742636544
976672386543226880
976676145918894081
976676992023220224
976682829093507072
976683250205655040
976697093946474496
976710168418365441
976718005286584320
976719028474515456
976742969167503361
976744705995272193
976745237333889025
976746642073374720
976746653402222592
976759101685460992
976759750963720192
976765217832095744
976772581754920960
976772583847878658
976772948743917568
976774879252045825
976775683878936577
976778064142176256
976778519643672576
976782320161173504
976785039680684032
976785369642434561
976787689214226432
976790772816244736
976797446293610497
976798202224558081
976807054328332288
976809404803756032
976809701366222848
976810802371088384
976818328181370880
976820490353496065
976821235278647296
976830297068179456
976832455507312643
976836300782391297
976836958046564355
976837265065422855
976846425597366272
976851247172083712
976851852414341120
976852920296755206
976866270607003648
976867894394007552
976869650939154437
976870129941340160
976870356026839040
976871676385333250
976872619243986944
976878597813297152
976887862628143104
976893865520173057
976900310903021570
976901792335319042
976908493570625536
976920668385300482
976926681339441154
976932441763008512
976938139762806784
976940926001188864
976942121805598721
976944253359345664
976952624791609344
976958774874443776
976969266074411008
976969703154442240
976972978369060865
976987170320928768
976988410564038657
976988497797156864
976996954805747712
977000962454933505
977000978376527872
977079178955837441
977081886924255232
977085036523646976
977085379932315648
977087062695383040
977088759681429504
977088762642681856
977089197201903617
977089850645114881
977089878591762433
977090472668786690
977091398787768320
977094154001018880
977094256774049792
977094992886837248
977095037342420992
977095312488763392
977096185713479680
977100619122176000
977111065044467713
977111533913337856
977113210007556097
977125265263550464
977137109537468416
977137161555316736
977143831757049856
977159442977447937
977159843936075776
977165038573248512
977171187439669248
977171680706617344
977172781686288384
977180339423637505
977183207488741377
977184634369904644
977186330131226624
977187101883207680
977187448760434690
977198459232178178
977198473073319937
977199953658302464
977211111337443328
977215597560803328
977225704180977664
977261040378548224
977265932241375232
977271112966070273
977274571144515589
977281611707412481
977283580102660098
977287321019133953
977288581097099264
977290427010306055
977290579565563904
977291689793482753
977291761105211392
977292209476182016
977299663245266952
977301729812406272
977306829981134853
977316238652329985
977321064165289984
977328776227971072
977340562666762240
977349336421093377
977351284121636866
977355850288418817
977357267719933952
977357310107508736
977358524366942208
977367135658766336
977367469542334464
977401492037513217
977409005311217664
977419085914038272
977421405758345216
977431377829392391
977433642636070913
977437415844597760
977447749200367616
977448985848942592
977452543440834560
977452766988767232
977453045918429189
977454543716876290
977457226800615424
977460413641252864
977469016590700544
977470961040723969
977476012274569216
977486105019904000
977494372391452672
977494457984659457
977494498233090049
977495089189736448
977503167020756992
977507822266081280
977507956064432128
977510868161388552
977522399146110976
977525748889141248
977526085108813824
977526943695372288
977532279483518976
977533148320866304
977540555445035008
977548884217155585
977551652042477568
977551995669303301
977554017508298757
977554038060437504
977555746803077120
977556156641144832
977558624095502336
977563042811645953
977566326939176965
977566682616160256
977568646187900928
977568756716126208
977572115523231745
977573752102940673
977573797845979136
977573899331428352
977575913880768512
977576674274390016
977576693589270528
977576698198687744
977577256464912384
977579902638723072
977580316205486080
977583869183627270
977584376719593472
977585994026242048
977588601004396554
977594313004765184
977602317028659200
977622478599131136
977623509613424640
977627760502956033
977628124123975680
977628299882061825
977628588450238465
977634471364227073
977637177558368256
977639002051399681
977641816848850945
977642014828367872
977648216551362561
977654891341529089
977658806732771328
977670356604542977
977698703812083712
977699840367894528
977726540971585536
977726920136757253
977743232640671752
977773517595869184
977776054302593024
977777444030697472
977781719209316352
977781911367180289
977783197181374464
977783831821369344
977790307088719872
977790418271182848
977790454602260481
977796580815310848
977799398527852544
977800024754024448
977800953310203905
977804676224577536
977806496972066816
977809285366337537
977810141889400832
977810887946928130
977812387058286593
977814086640721920
977814719510663169
977815611207274496
977819455722934274
977820428348485633
977820674558488577
977821146832949248
977824789606920193
977828056109846529
977829261137645568
977829741330825217
977830210321178624
977831985778438144
977832775976996865
977836504302215169
977837772215062530
977840964759941120
977841073975431168
977841336127774725
977843880799473664
977845955507707904
977846718107660288
977847825571766272
977848637165309953
977853559579357184
977854972665581569
977858346140172289
977858711019540480
977859024765906944
977859758790193152
977860202094407680
977861001965170688
977865847690608640
977865938656620545
977866325702868993
977866701604900864
977868838204248064
977872094645112832
977872652307181570
977872987134316545
977877776261898241
977877983678607360
977878376043241473
977878838670749696
977882679243890688
977885097843150848
977886240774262784
977889109250277376
977891737514463232
977891815432040450
977893755880697856
977894867606138880
977894973327728641
977896726970486784
977899701138808832
977901013947572229
977901148156784640
977905458232156160
977909165178880001
977915258231754754
977922542483771392
977923390764929027
977924235200000001
977925512864477185
977929685773488128
977932474771755008
977934114551750658
977936698674962432
977944452248559617
977946183661334528
977948032917475328
977951496598904833
977951997398781960
977960086126628864
977964579799093248
977964715379916800
977965135888355328
977965352318652416
977965556316999680
977968689902444544
977969563139788804
977970117186392065
977970818494926849
977971268124278784
977971681041027072
977972640911626240
977972711367483392
977973209663492096
977976612519104515
977977378394734592
977977476956770305
977977496661647363
977977969363726337
977980003450347520
977980817619156992
977981050927403008
977983043221716993
977983087933034496
977983245789880322
977983919235715073
977984028027641857
977984430009737221
977987932714881024
977988656869855234
977989507055316992
977989873641631744
977990853833535488
977991578605293570
977991595835510784
977992413284372480
977994745745207296
977996636487024640
977997607082647553
977997615055826944
977998612893446146
978000715984621568
978000906800254976
978001217950502912
978001831157751808
978003185523716097
978003218251821056
978003312195899392
978004803253972992
978005284357660673
978011712954740736
978013261500243969
978013910342156289
978014486241202177
978015124882624513
978015770511839233
978016099366309888
978017729260261378
978018399782567937
978018620956708865
978020440445804547
978020562940366848
978023722081837061
978024419196129282
978040290442432512
978043859577040897
978044975450488832
978045943932227586
978048907212214273
978050067759292421
978051851588337664
978059072556666881
978068310913880064
978068331864428544
978070018398310401
978072151205883907
978075532012204032
978077794637963265
978077930118090752
978079067625975808
978081602377990146
978083506868846593
978083688880791552
978085208082788353
978089296673456129
978089593202294784
978096568762028034
978098645764661248
978102202345672705
978104008190627841
978104370171727872
978106532314386432
978108968756269056
978109066538037248
978119560242040833
978125817959108608
978126805931577345
978128285229084672
978142790818385920
978144697079291904
978145475177189376
978146668867661825
978149374978154496
978149440916684800
978149449280184320
978150639938260993
978151307377827840
978152754832138240
978152803070771201
978153100019224576
978153784101752832
978155382555267072
978160011368194048
978161250915012608
978161906790920193
978163311463337984
978164303839875072
978165273994899456
978166885840801792
978171047433461760
978171120825389056
978173961245773824
978176290309238784
978176349624942594
978176582249455618
978177014631821312
978177118684184576
978177145963913216
978177319159390208
978177630397747200
978177776338468864
978177856466571264
978178084225642496
978178130362929152
978178488548110336
978179332463058944
978180580650168322
978182070072520704
978182851047833607
978182979829760000
978183025107152896
978185990484516864
978187176629252096
978187573012127745
978191584406667266
978194822841425920
978195392000032769
978195986328600576
978199368627974144
978200189549842432
978200941932503040
978201299291377664
978203660659318784
978205098911379456
978206551390523392
978208510549913600
978208579642675200
978209135912210434
978209140282724353
978210195405983744
978210420006809600
978211081649758209
978212885196308480
978214157341413376
978214644140699650
978215045023887360
978218573507198976
978219204326379522
978223314081665025
978224799536304128
978225026028666881
978225141367955463
978226725581619200
978226734016450560
978227379880579072
978228231303135232
978228769453375488
978230110447861761
978230917780172800
978234037075660800
978234257289211906
978235075602141185
978237382456758272
978239232975151105
978240047492354048
978241754578149377
978243134923726848
978244790423900161
978244916278153216
978246780218478592
978249410726342656
978250033329041409
978250616735698944
978250691402715137
978251028188598274
978251839811588097
978254216270577666
978254919269416960
978255433277362176
978255679671754753
978257315865550849
978258296091168768
978258701663506433
978261019431596032
978261025727315968
978262648113500160
978262726094082049
978263106966245382
978266620111065089
978267538672050176
978268333303848960
978268665664634880
978269917119213568
978270175177986050
978271128966828033
978271630211387392
978271750793211905
978271772796702720
978272620889112576
978272940914552833
978276919639764992
978279223570960384
978289020395335680
978289240562896897
978289331017314305
978289699683893250
978290434119229440
978291475145482242
978291550261252096
978292610514276352
978298155396751361
978300752945967104
978302843776987136
978303490958200833
978304405270417408
978304548342247425
978304583578673153
978304905290149888
978308449908879360
978315239639851009
978315424495435776
978318498630963200
978320441424084992
978320819305754626
978320864184807424
978321606572494853
978322137999126528
978322797784125441
978324115613519872
978324447810719744
978325663320035328
978325763568087040
978325831494852608
978326210655776770
978328783475355648
978328816186744832
978331873423298560
978332990370656256
978333191261097984
978335308134731779
978336796667994113
978338407247212544
978345033878425601
978345466311127041
978345546271350784
978345605578809344
978345673497239552
978347792468004864
978349765829283841
978352433905709056
978354299922083840
978354466444529664
978354648460410881
978358944723857409
978359057114333187
978359150240583681
978362865949212672
978367328273362944
978368298827034624
978371429900042240
978372422696042497
978373745156018176
978374724085534720
978374811788500994
978375124247248896
978377165183045634
978379078184075264
978379513569726464
978382879490109440
978384033355792386
978384249769230336
978387892551733248
978390107861520385
978390719063670784
978391353561354241
978393314914455553
978394074083344384
978397078052397056
978397411071660032
978397588570419205
978397595621101568
978403070030831617
978404413474779137
978412525279563776
978413149782249472
978413454284525568
978413817112727552
978415015010041856
978420610949943296
978422906173747201
978436518623760384
978438214951333888
978444820149620737
978449823090212865
978455038736588800
978467044910747648
978467524755902464
978467592687030273
978477219029778432
978487820150034432
978491222980464640
978491822774222848
978497189382164480
978499321770455041
978500267594280960
978501659247726592
978522830139789312
978523062000914432
978523414829858816
978524467034054656
978524547162009600
978537106988466176
978538912225398785
978539269588508672
978546472454164480
978548570021335040
978553916706213888
978554035421753344
978554383343472640
978554437450043392
978555496901865473
978555800988696576
978555939430260736
978556406675668993
978558324286394368
978569090234310657
978573703540826112
978576926041354240
978578798068355072
978580351936286720
978584155842899969
978584538275303426
978584540385030144
978584545426575360
978584560945516546
978584871319801857
978589475126349824
978589688461176832
978592475991257089
978596282351669248
978599405824692224
978602502907084802
978602541494579200
978604824890507264
978609657949376512
978613069642428416
978613366171172865
978616776966721536
978621495055474688
978621541255667713
978621712383266818
978634134082826240
978637409561841664
978638027382837248
978639971513925634
978640412712857600
978643360012480512
978644331870302208
978648571443494912
978649866489548800
978652593802153985
978655550383812608
978656012600205312
978656282977726464
978656570149138432
978658651614466048
978658995580948482
978660375301443584
978661806603427840
978662782185951236
978665257244725248
978668545151299590
978668803100995584
978668815688007680
978669756038438913
978675175922323457
978676863060000768
978678013830320128
978679702012465153
978680047631519744
978680209108021249
978680636994195456
978680831542747143
978681807213350914
978682328913346560
978686006064025607
978686630163861504
978690061079228416
978691694345555969
978693738225721344
978696949388918784
978697111104614401
978698570974093312
978698598593392642
978698861186252800
978700448294203393
978704957166833664
978706396672921600
978708569938972672
978709441280438273
978719914910461954
978727578998575104
978727834167332865
978731041555959808
978731117896519680
978731376651526144
978733652069765120
978734009034223616
978734879339896833
978735870021906432
978736655787069441
978739313147043840
978740007895781376
978741533997436928
978747913135362049
978748402207932416
978750948129550338
978759174417985537
978765835375468545
978766398678814720
978767483338412032
978768715373273088
978769650120093696
978770260370305024
978774585771528192
978774774703906816
978777635357474816
978779361603211265
978781139782553605
978781244866662400
978782380235292672
978783737088544768
978783813437460481
978785361986977792
978787584137678849
978788141971705857
978788208216625152
978792591708827649
978793140302811136
978795411128205312
978795426215215104
978801372886904832
978805774502776832
978816570960031744
978825129412227072
978831384809738240
978832070184226816
978833135533281280
978834166904221696
978835043920445440
978842046743044096
978844333880291328
978850694974398464
978851215491649536
978851466743107585
978852487200419840
978855018458738689
978859911101779968
978862634060705793
978864593211678721
978869408713068546
978875271112744960
978887553658081280
978891751317438466
978896104602374144
978900338764931080
978907924461490176
978909623284649984
978911615570636800
978915827327098880
978928087860563968
978930278935814146
978944545030328321
978945429202141185
978946525584855041
978949843799461889
978952372037746693
978954599209095168
978958813222064128
978973285651185664
978976441718198272
978977159694946304
978980065361973248
978980338398572546
978983535456370689
978983889237696513
978986569469079552
978996119882600449
979000987070468096
979004413284057090
979005370000699392
979008721857769472
979010364875649025
979013217111367680
979015495063130114
979019155415351296
979019660912971778
979023767056846848
979026523133890560
979033205067145217
979035185361584129
979035779128266753
979046573446434816
979047771578626048
979049291829227521
979049905548349441
979053413253165058
979056470473003008
979057415038668800
979068187668107265
979073638597931008
979078174318489600
979078339968290824
979082820760096768
979084457356427266
979087086384017409
979093049639915520
979093555229724672
979093765225959424
979094095044993025
979094280449941504
979094303082344449
979097621196427265
979099596180815874
979101066838138882
979101969431318528
979113063193464832
979118697162747905
979121256929751040
979122388993486849
979123065945755648
979135280614727680
979135649684033537
979140893411246081
979146121732870144
979155882180272128
979156159428022272
979157512694976512
979159990450708480
979160286216245248
979162330083807232
979163711263903744
979166972234563584
979167543943401472
979169746447892480
979171299619753984
979174867294670848
979176693477859330
979180635288932353
979180738036797440
979184045262188544
979184334392446982
979188148122083329
979191609681068033
979192396104704001
979197678834855936
979199375858692096
979199939556229121
979200117386465280
979200210952847360
979204280233021443
979206423111438337
979207787128508417
979208869258891264
979214461075632128
979221040676077578
979224461131091969
979227636651188225
979238939037982720
979242622492532736
979250878061400069
979252038709243904
979253543629594624
979255106414751744
979260557311143936
979260699112296448
979266922192736256
979268144819613697
979268974209851398
979270578917068800
979278051786874880
979282095024627712
979282274578440192
979300886768893954
979302856481234944
979309286332477440
979310343276187648
979312039909830658
979315113063743489
979315173877059585
979317711015677952
979317825922830336
979318757901381632
979335432977682433
979335973023637505
979337494696288257
979339873718079489
979341196597383168
979341931003174913
979343165802074112
979343255564423169
979347588305575937
979347694933090305
979347786683600896
979349099072901121
979350014290952192
979355106373185536
979362073309270021
979364003951587329
979366872046071808
979369776987373568
979373615861739522
979374280008970241
979374368512880641
979374402893697025
979375366744748032
979375541219405824
979378052663832576
979380187673579520
979388997398138882
979390630236323842
979391407860436992
979393933238181888
979395115641856000
979399393819455488
979400005759971328
979400889101438976
979407123015708672
979408103576875008
979409232800952323
979409877494849536
979411368976805891
979413128504139777
979413227456036872
979415012153245696
979415989858250755
979422123591598080
979422374431985665
979430300399915008
979431061699653632
979431219741052928
979435019814014976
979436648034430976
979437285589561345
979441015848398849
979441844386856961
979443524612567041
979457311956717569
979460602128207872
979460731753193472
979466069424386049
979475874453090305
979476129034719232
979476203265544192
979478862890401793
979478980314255365
979488522892652545
979488847003291648
979488914099572738
979492039267033088
979494627995783169
979497623563456512
979498679714267136
979500493172027398
979500836823937024
979502399214759936
979520989649305601
979523788697231360
979525818991996928
979526623216025600
979528445830066176
979528455065952256
979528661916438528
979535774554214400
979538095682080768
979543983641722880
979549410215563265
979556493983821825
979562656695713792
979563640863932416
979567818604560385
979587722703589376
979592461399052289
979596961480404992
979600155870744576
979604064110510081
979608073848393728
979608140118396928
979616624033574912
979618669939515392
979626381171716096
979627908733063168
979627910247141382
979628093404041216
979629651504123904
979630022242824192
979631504438460416
979632382386065409
979633823544684544
979634948448620544
979639099148718080
979642481406038016
979644818493239302
979648014129291265
979650000287404033
979651753762177026
979655146539028480
979657859435843584
979659356353581056
979660224159277056
979662044067753984
979662846886924288
979664150883393537
979666296332865537
979671663720697856
979671677536743424
979680092157816833
979680809148997632
979680864069214208
979681303913271296
979681556808785920
979682202672861184
979683296593481728
979683902703980545
979685394827632640
979688565515878401
979689510060658688
979689861522313221
979690710449442816
979692386698891267
979694122586996736
979694574254874624
979695691206483969
979697901596217344
979700276851392512
979700937840263168
979701079192625153
979702221716762624
979704950954643457
979706388753649666
979711529711910912
979712200116985856
979714902808985601
979720561751482368
979721911327367173
979722942857863168
979723325785214976
979726444665319424
979726588966309888
979728724626149380
979729003614531585
979730243463327747
979736185529511938
979744318687793152
979746137790996480
979747963114319873
979748001290903553
979749234009432069
979749528034271232
979750829115686912
979751936831442944
979754803608698880
979755067870859264
979757243888410624
979757650773553152
979760201682374656
979762286272360449
979762334896967680
979762771876294656
979763945534877696
979764792364863488
979766224702857217
979766874811584512
979768469494345734
979769815442362370
979770383787286528
979771395440873477
979773048000741378
979773363425071104
979779964823220227
979781881926504449
979786417244200960
979786930308239363
979788435237081088
979789127271895040
979790764539568129
979791199266590720
979792888312803328
979795314289926144
979795702871072768
979798538489155584
979798841280081920
979799603808817152
979800681350619137
979800904042938369
979801628432769025
979801726965383169
979802671967326208
979803350173667329
979804419733819393
979804663418642432
979806350380322817
979806422933409792
979807494972366848
979808525101817857
979811032884490240
979811425467207681
979813320441114624
979813468927913985
979818932436598784
979820491748855808
979826188591001606
979827339067559938
979827663367008259
979830401773563904
979831382812880897
979832076118654980
979832780984078336
979839778534277121
979840616568901633
979841981386981380
979843083641737218
979843603735425025
979844055042543617
979846283056869383
979848476573003776
979853703225266177
979854842385530885
979859306802753536
979882056716111872
979888477348167681
979890156735025153
979891053892374531
979891165058224129
979893356594585600
979893796996608000
979907670621720576
979911023833632769
979914482750279681
979917185693966336
979917860947468288
979922499029749762
979924690545229824
979925188824518656
979925334375112704
979928729249034241
979930928733655040
979931942065000449
979958543204876288
979966105958588416
979972177192734720
979973065537761280
979976145033662465
979977502864101376
979984955144011776
979988173009965056
979992228893548544
979996950845181952
980002465532776448
980005375121469440
980006180834684928
980014436093186049
980025610117492737
980027861166886912
980030324104220672
980031440191713281
980032382664347648
980039771333554176
980041673047793664
980041867206320128
980042089122672640
980042458628345856
980047549670211585
980052085633818624
980053493833785344
980053670418030593
980054566317240320
980057165535748096
980058074869305344
980058125200916481
980059135613046784
980060111635976192
980061598101508096
980066860677894145
980069454846615553
980070333137989632
980071922351394816
980073170161033216
980076467324379136
980080324397948928
980082150178525184
980083194111430657
980086782346842113
980087806604337153
980088910142373888
980089199549468673
980089345511223296
980093180988313600
980094869396951041
980096685954215937
980098223602794496
980103040933007362
980103481569808384
980104990273413121
980114312286162944
980114472743460864
980119601123016704
980130169506664448
980130590614867968
980130967661764608
980130977732325377
980133191079079938
980134486712242176
980145936713297920
980148324778102786
980154007154036736
980154400143536128
980154724220510209
980155059756589056
980155854581325824
980156147758977024
980156594028732416
980160019109838848
980162362857742338
980163946232631297
980168019749064705
980168731107225601
980170911725838336
980178082706309120
980182409546293253
980183069322829825
980184274342174721
980189085481537537
980194430262173697
980196814895960064
980197954509131776
980198271565082626
980204646080897024
980206686622412800
980213185281167360
980213274607276032
980215874396311552
980219996805697536
980226892677689355
980229719198224385
