1112506778820984832
1112510030232858629
1112519543774052352
1112520976523243525
1112524782036283399
1112529077255188481
1112532889638526976
1112533124905230336
1112543845596561410
1112553106603237378
1112554874065973248
1112561746005229570
1112578831494213632
1112584537442316294
1112586806128771074
1112587484205060096
1112588424643559424
1112591689242288128
1112596838077464576
1112600597784604672
1112611747574304768
1112612251721232384
1112613140905320448
1112616127677390848
1112619332138397697
1112620515330539520
1112620766573531136
1112621854987046912
1112633195797729286
1112634476176306176
1112634998698528768
1112637348771057664
1112637972468383746
1112644303334064128
1112646139243843585
1112659482528673792
1112660549127544832
1112662343866040320
1112662442872635393
1112663091291000832
1112673445345722369
1112675760618262528
1112678561582903302
1112680022446350337
1112680409572225024
1112683379135176704
1112685998075506688
1112694104108994560
1112694839269883904
1112695426468233216
1112696944797892609
1112699243700125697
1112699268454891520
1112701928041897984
1112703120893603840
1112703625883721728
1112704525595561984
1112705589916905473
1112706176821747713
1112706746047520768
1112707155805851648
1112708477863018496
1112709454301061121
1112710640433418245
1112711076662165504
1112712988836933633
1112714682513518593
1112716498651496449
1112716853904850944
1112719970683613185
1112723007217287169
1112723141997006849
1112723157083975681
1112723393672069125
1112724122193313793
1112724522338344960
1112725921155506178
1112726467660709890
1112729206130163712
1112730096140464128
1112731612477825030
1112731690449977344
1112733215440203781
1112733332473815040
1112734529545011200
1112736033593090048
1112736665758588929
1112737444984692736
1112740311384682496
1112740394125746176
1112740628029272066
1112740693888229376
1112741313865310216
1112742513566208001
1112742689957707777
1112744530443411456
1112746223671410688
1112752742446104577
1112756858333224964
1112760252951347201
1112761110078222336
1112764913083207681
1112766360084451329
1112769941181263872
1112777946853408770
1112783055939354625
1112792997274451968
1112798574444675073
1112800673702273025
1112800927268982785
1112807869890658308
1112810088559992833
1112814891549773824
1112816034069790720
1112816039828623367
1112816198486507520
1112817669017911297
1112817804900745222
1112818408050122753
1112819343790936066
1112820616565047299
1112821590683803648
1112824045207281666
1112824853046939648
1112832548328148993
1112832730268659712
1112832797021011968
1112845677506256896
1112847199874973696
1112847646962667520
1112859029460672512
1112859749605937152
1112859999217377280
1112860341451612160
1112862260345651200
1112862347574607872
1112865711414763520
1112868032538304512
1112873536329273345
1112875677500489728
1112876074722058241
1112880322184527872
1112889628607037441
1112899310994288640
1112899332943036422
1112899439360991232
1112903467293687808
1112904659310727168
1112912513736167424
1112913243364888577
1112917660377997313
1112929276016410624
1112929855325306880
1112930199274971136
1112930738641530880
1112933695210622977
1112933917106073600
1112934578115751936
1112935538212798464
1112937841695358976
1112940721923817472
1112941480669315073
1112941803383283712
1112945340687269888
1112946559577141249
1112950063079325697
1112959121102376960
1112965952344375296
1112968062523924481
1112968536882909184
1112968858174926850
1112969415392460800
1112970379038019589
1112970573225889792
1112971163771326464
1112972987018416129
1112973043230363648
1112973487407292416
1112973998692974592
1112974518815928320
1112976624759332864
1112977967754379265
1112980984302104581
1112981374820990976
1112983883820273665
1112984450470723584
1112986127965749248
1112989095561752577
1112989169901502464
1112989690842546177
1112990129163972610
1112999589827743744
1112999602825953281
1113008659573899269
1113010498369335297
1113010683526897664
1113012104813035520
1113015373413134336
1113016467279241217
1113018945278300160
1113023517078032385
1113031967157686272
1113032015157321728
1113036108391157766
1113037397695004673
1113039734752841729
1113042245056368640
1113043030217539586
1113044296905654272
1113044905528582144
1113045931837001728
1113048637586792450
1113050342567096320
1113054140517670912
1113054657276993543
1113055704909340672
1113057791269167110
1113058720290930688
1113064901453373441
1113065046148407296
1113067293867569155
1113068587374206976
1113076043609509889
1113077965439537153
1113079674622668801
1113080582270017536
1113088190288719873
1113089831553392640
1113092920658149379
1113095333217656833
1113095904469364737
1113096031049256960
1113097949179834368
1113098130810122242
1113099900382822400
1113100554258075648
1113104807718522880
1113110389930254337
1113116883539046400
1113118071366082561
1113119231493791750
1113123013501861888
1113123933492928512
1113125574569005061
1113129221075894278
1113132704877428737
1113135222726557701
1113136547296096256
1113138529910091776
1113142964551913472
1113144527794122752
1113145148526006272
1113145411089326080
1113154114265874432
1113157874895736833
1113158154756354048
1113159338267475969
1113164800949981185
1113165156626968582
1113167215627579392
1113167413758095362
1113168114865324032
1113169380299468801
1113169877311868928
1113170393626537987
1113174703710048256
1113176730812993536
1113176778229465089
1113177886356328448
1113185992217853953
1113186298024611840
1113187786570514432
1113188791546712064
1113194946687840256
1113200809037135872
1113203625503780864
1113204738672218112
1113207193615122435
1113210244971339786
1113210442959269888
1113215873031069697
1113224178012958720
1113229042306768897
1113231328063893505
1113244089858785280
1113245235948212224
1113246522756485132
1113248400152190978
1113251017196486656
1113252724890513408
1113259826077937669
1113260250738462720
1113263100755681280
1113276065353330688
1113276468786814976
1113286709658001408
1113293761537355777
1113298328702337025
1113305160804110337
1113309708683743232
1113319751537659904
1113326625138126848
1113330737279852545
1113344621671743489
1113348774431264768
1113348777795051520
1113351509557878785
1113353087853518850
1113353844233314304
1113354753826861056
1113359333599981568
1113366852309147648
1113371129652109312
1113372483581878273
1113372925879623681
1113374701651406849
1113375095370731520
1113375301826961408
1113376630481793024
1113377201347543042
1113377731226611712
1113380154103955458
1113380557604499456
1113383538919866368
1113384859731419137
1113386538975543296
1113389963356327937
1113392672876707840
1113394900047994881
1113395328273866754
1113397306731257856
1113404048663826433
1113404544828964865
1113405953708220417
1113424112544829441
1113430099901276160
1113431413993426944
1113432360631111681
1113432795748208640
1113433843808264192
1113442544346648576
1113447612613648386
1113450444796440576
1113451792392695810
1113459984283635712
1113459998166790145
1113461901974036481
1113462804147777536
1113464283747188736
1113465434404196352
1113465740571447296
1113468372077940744
1113468536507314182
1113468788601696257
1113471563146436612
1113471709502484480
1113472867960872961
1113473498775740416
1113477530348974080
1113477538737733632
1113491130790764544
1113494777310384133
1113496528470073344
1113497843380170753
1113502011264204801
1113505940060495872
1113516520200658944
1113517300903219202
1113523470929932288
1113523516693987329
1113523609212002306
1113524267927445504
1113524327029387264
1113525167576231936
1113526199375081473
1113529502385176581
1113529685269524481
1113537216544776193
1113538905163354113
1113541146209345536
1113545943226490885
1113549739067367424
1113550538505904128
1113551116078333955
1113585684261031936
1113589565263110145
1113600515714310145
1113611818117812224
1113612439281635329
1113614430334537729
1113614836750004224
1113615092187377664
1113618173348261889
1113619719389700097
1113620208395198464
1113636543963574272
1113637313161105408
1113641948739457024
1113652980606279682
1113656767207047169
1113658236048171008
1113669772489711616
1113675605118205953
1113676067481329665
1113678369554673664
1113710371683164160
1113714248914493440
1113720728661168130
1113724548854231040
1113728975098900480
1113735436889985025
1113735749323587584
1113736150315827200
1113736561739337728
1113737183771410433
1113737576345743360
1113753869992038400
1113757597851619329
1113758773515042817
1113761269180444673
1113774441060868096
1113781132695306241
1113782024358309888
1113794376042536960
1113795157843828737
1113796060462424065
1113797115749122048
1113798433175932928
1113809106689830913
1113810609219489792
1113811003932839936
1113812505078509569
1113820580397158401
1113831125716279297
1113835945793597441
1113836819035099136
1113837819817078785
1113839866075283459
1113842625621188609
1113843303873753089
1113848493456723968
1113856897470300161
1113862565778604038
1113863206248775685
1113865243829133312
1113866321874362368
1113877664757178387
1113878401796988929
1113881131848478720
1113883601052078086
1113888273099829249
1113890103888191488
1113894714682396672
1113909635105345538
1113914362811568139
1113914572207992832
1113918911647449092
1113920205573513217
1113921058300731392
1113923433828687872
1113925727810879488
1113930931268542464
1113931792753549316
1113939823167922176
1113941057555849217
1113950912907808769
1113955687317549056
1113963947151876097
1113967168801202182
1113977118952652800
1113978531556601856
1113982520306032640
1113983538737569793
1113984602039902210
1113985063765598208
1113985483623817227
1113985978962595840
1113986684029296640
1113994435107356672
1113998173935026178
1114004687664099328
1114007992767340544
1114012676164857857
1114017751482425347
1114025640745930752
1114032857037426688
1114038562125746176
1114043542849114117
1114060650597294081
1114063697746513920
1114082293654740992
1114082988629819393
1114083015033069569
1114086840653557760
1114093737347387392
1114095988011143168
1114097408223240192
1114097755499184128
1114097972772343808
1114098740326031360
1114099417274101760
1114100828657340416
1114101632260878337
1114103467289776128
1114106119381835776
1114106407933095937
1114110405100617728
1114112654078033921
1114113487507283968
1114116573290278919
1114126188690202624
1114127834115727366
1114138173079195648
1114148090511073281
1114149560190894081
1114161035798147072
1114161126420381699
1114172249299406848
1114181726715228160
1114184503134695425
1114185356465901568
1114185629548544001
1114201326945210368
1114201457136492544
1114201923966590976
1114214177239982081
1114225732115243009
1114226206906494979
1114233266318577665
1114235679683354625
1114240026714484737
1114240514944065542
1114243208089931778
1114252676261400581
1114261541837107200
1114264769740050434
1114265239116083200
1114277071658856448
1114279670009167872
1114279901949984768
1114280138693402625
1114280172495224832
1114281599384870912
1114284642784485378
1114285462754091009
1114288422682877952
1114306908251467776
1114322167133560832
1114331260372049923
1114337068241571840
1114353707452456961
1114374842969665536
1114391879465033728
1114393980320530432
1114394646807891973
1114401891604000768
1114405671930298368
1114405996703690752
1114410080156262405
1114410106177884162
1114419066460987392
1114421757539180549
1114443220195450880
1114445444493578241
1114446504343887873
1114460550631542785
1114469035561893889
1114469965174718464
1114471135457026049
1114471193841561600
1114471265413345280
1114471834160963584
1114472134464671744
1114472855893229568
1114473099171209216
1114474394766663682
1114475614474522624
1114479672488800256
1114481279725006848
1114482579133149184
1114488394116104193
1114502946652393472
1114511865843941376
1114515753959591937
1114517405282263040
1114521138623844353
1114523261788987392
1114524281063596032
1114525199968362497
1114526266714132480
1114531506083512320
1114547275840331778
1114557442845810688
1114571301216239616
1114572474262249472
1114577009684828160
1114578118667374594
1114579662167007232
1114580743441661952
1114583517969563648
1114584235619299334
1114585032125972480
1114587818385399808
1114589373587185664
1114592568027774976
1114601245195538432
1114601382189756416
1114612802679922688
1114613216594808832
1114619745045753856
1114622613525938176
1114623417788112896
1114626205939052545
1114626708819324928
1114626735243517953
1114629538301005824
1114631597725245441
1114632546061570050
1114633674299969536
1114633807288782848
1114633939807657984
1114636754177413121
1114637034386350081
1114637534322147328
1114641272306843648
1114647859452829697
1114654056931254272
1114658081386979328
1114658369535655937
1114672103763206144
1114680322958843904
1114685537305202688
1114694966004076546
1114697200800542725
1114702139610234880
1114704685137571841
1114705201452261376
1114708998962290688
1114712044442460160
1114714672618299393
1114717527685439489
1114731079041191936
1114751847997116416
1114761370753470465
1114762322017431552
1114771013856890880
1114774174696755201
1114776319663976448
1114781620425216001
1114796925017051136
1114803096947970048
1114806114728566784
1114815718426595329
1114815852644315136
1114819730299400192
1114839256936144896
1114841030615027712
1114843361419173890
1114846292386226176
1114846685337927682
1114848037623537664
1114848829508026368
1114849579890094081
1114854110573006848
1114854120232558592
1114857166559764480
1114858402180554752
1114863272589709313
1114864182829244416
1114864836666642432
1114866191150002176
1114867614134743042
1114870673883783168
1114872951294369792
1114877153957511170
1114886585756127232
1114887832374587392
1114888833114439680
1114895286877470720
1114896934395895808
1114900080568541184
1114902877309423616
1114903189361430528
1114912809014452224
1114915430471217152
1114915498821672962
1114915752988037120
1114915870453719047
1114916097348853762
1114916662736773120
1114918824913133570
1114919747647361024
1114924748960673793
1114926493761716224
1114927888971829250
1114928159336611842
1114930410432020480
1114935720391643136
1114935889606717440
1114935943822303239
1114936319539580933
1114937134304169985
1114937500403941377
1114937672030674946
1114937690175287297
1114938723005804544
1114938761589284867
1114940794463576064
1114941225021341697
1114941321888714752
1114942486651244544
1114943508366995456
1114943618274537472
1114944056981897216
1114945667594706944
1114947877158248448
1114948368747433987
1114951985483198477
1114952339494854657
1114955542689087490
1114958561732378624
1114959295110623233
1114960139239424003
1114967711187124224
1114968172984246272
1114972211704737792
1114976499088658432
1114977085687246848
1114977202062405633
1114978141305491456
1114980455604994048
1114981171144871936
1114982236342890497
1114982540584964096
1114986239122464768
1114987082995441665
1114990052176744449
1114991445700698112
1114991609920331778
1114993112307388417
1114994522017148928
1114996744570511361
1114997154777640960
1114997780999806976
1115006321869361152
1115008209729855488
1115016902299062274
1115025014196187141
1115034045132550145
1115039184224387072
1115046939924393985
1115055448900505601
1115073838046482433
1115090410936918016
1115103882219270144
1115115007564447745
1115115662328905729
1115115755463421952
1115116867507638273
1115123932254937088
1115126619130290176
1115129957343289344
1115137588891987968
1115140568106045440
1115143744448290816
1115148248711299078
1115150936870203392
1115151420301484033
1115153278969491456
1115154933182021632
1115156702322659328
1115159683357184000
1115164161900785665
1115165192952922114
1115165989782605824
1115166481766080512
1115170082152382464
1115187097206448128
1115188891508727813
1115199033759412226
1115199777443143680
1115202947040849921
1115203071624327168
1115204479832547328
1115208858027401217
1115215662098657280
1115215874762465282
1115216555472707584
1115218384612995073
1115220593278881793
1115223791834226689
1115223866589110272
1115224054074617857
1115226819760926720
1115236155023343616
1115236225517006848
1115237721549746176
1115245584691208192
1115245871141216257
1115246127014658048
1115247245488791553
1115248966113878017
1115250773884112896
1115252375684444162
1115252962710958080
1115256270519328773
1115258956673429506
1115260411132010496
1115263192366764033
1115267280122912768
1115268964165275649
1115269234681098241
1115273588385492992
1115278774633943042
1115278863540596736
1115279563985170432
1115280570202849281
1115286645220229127
1115286664941899782
1115288308446310403
1115288427413540866
1115290505686978560
1115291428433879046
1115292319308242944
1115292536548089857
1115293726073606145
1115294271320526850
1115295951118315520
1115297056330002432
1115297831034736642
1115297858993967104
1115303387216527362
1115303424533442560
1115305760337088513
1115307269296721921
1115308599079854080
1115310373245280256
1115315378715074560
1115317058554744832
1115317188578238464
1115317768646053888
1115317970383691776
1115319065541840898
1115320258380877824
1115320806156816384
1115324329359753217
1115324471995293696
1115325093985628160
1115326669018095624
1115327163455156225
1115328304356175874
1115328490180575233
1115329582763212800
1115333135733014528
1115339061953290246
1115343868965412869
1115344118094401537
1115349050172350465
1115351493375295490
1115351914483470346
1115353241318039554
1115353342627205121
1115354014814822402
1115355485505499137
1115358859416276992
1115360686463307777
1115369081782194176
1115376202435506176
1115378659341340672
1115384627542106112
1115386296015433730
1115390698772033536
1115405117128187904
1115415188063367168
1115416532345974785
1115420930501763072
1115427747063418881
1115427780613644288
1115438590178279426
1115438890096242689
1115439500791091200
1115442614633938944
1115453797046812676
1115455244513755136
1115470643468873729
1115479589923504128
1115480148202147840
1115484649936117761
1115493294358839296
1115499281786515456
1115500220031348736
1115507619605745665
1115510303985291264
1115533056000036864
1115534010166517760
1115539381010468864
1115545191769939969
1115551427886243840
1115557380241199105
1115558937770774529
1115561208579596288
1115562006323572737
1115565973887758337
1115567356984610816
1115568150135881734
1115571278713376771
1115574300247879680
1115574388756291584
1115575460413313025
1115577005993594880
1115579422738763777
1115583617495965696
1115584575873228800
1115584841611976705
1115584919386955776
1115586147441233920
1115588166201769985
1115588854923137024
1115596418079653888
1115596801032114177
1115610974776647681
1115613436027777024
1115615810431717378
1115624046811418624
1115624920451571713
1115625169597472768
1115633610655182848
1115634609713242112
1115635678807777280
1115636057201049600
1115641256921784321
1115642194839396353
1115655102256361472
1115655866483662850
1115656665070751746
1115661505687584768
1115663771899269120
1115663967748333569
1115666273801789440
1115667942685970432
1115669701806440448
1115669812301246465
1115670500821352456
1115671760345735168
1115674183005102081
1115679734564679680
1115683387832963072
1115684001845583872
1115687227294613507
1115691388031651841
1115693072048848898
1115693982611275776
1115694608422404096
1115711917023223809
1115712209789886466
1115717945525714945
1115720474263207936
1115722719067365376
1115735655974363136
1115738594503741447
1115738607921303553
1115738861253136387
1115747462109523968
1115755983249129472
1115775983372599296
1115794060378243073
1115808489903779842
1115812679191412736
1115813927131152384
1115814363741421568
1115820028149022722
1115820314217328640
1115821965951078400
1115825557084758016
1115826569619083265
1115828521220411392
1115832931954642944
1115834116426096640
1115835153681670149
1115852408192667653
1115855136176390146
1115858731823259648
1115862004806443014
1115867702302789632
1115869279377920001
1115869643854569472
1115872863398109184
1115876132832911367
1115885191287980033
1115885508385808389
1115887551007666176
1115889128892182528
1115901713091891202
1115902196678369280
1115902306736848897
1115902701144088576
1115903343405219840
1115904347102162947
1115905266065842179
1115905966090878976
1115906055450632193
1115906783976017921
1115907303230799872
1115908008725372930
1115909578645037056
1115914700313759744
1115914849635176449
1115915937646088192
1115919962084913152
1115920177667952641
1115921552548220928
1115926651576172544
1115926763547316225
1115930838317850624
1115931617212678144
1115935391234908160
1115937289560121344
1115937416156798976
1115938495875440640
1115940220468375552
1115941318688002048
1115942837374394368
1115952176663339009
1115953642316750848
1115956183670693888
1115957105989574656
1115958918327488513
1115959980362993666
1115961111529099265
1115964279910486016
1115964724112502784
1115965156113166336
1115965631344472064
1115965638042742785
1115967010838474752
1115967910080589824
1115969536245870593
1115969833592659968
1115972455061950464
1115973788292845568
1115974365986938880
1115976402715721728
1115976448853069824
1115977380005318656
1115978037089251328
1115979053532635137
1115982611564957697
1115997328958210050
1116004115325247488
1116005679800758272
1116007789518671873
1116013088887726080
1116015084675821568
1116026728927911936
1116029042489274368
1116037729333022720
1116039534146465792
1116040185932853253
1116042857075363840
1116043502780133376
1116050573974020096
1116051974020108289
1116059927682998273
1116060031269601280
1116063629965758465
1116063762988060673
1116064216354512896
1116065821103656962
1116067723631579136
1116067822759813127
1116070992009486336
1116073434591584256
1116074642123321344
1116078418259398656
1116081403760869378
1116082874590093312
1116083130560020483
1116090964668555264
1116094063118303233
1116101902595493895
1116110571387011072
1116114089137168384
1116117951256629249
1116136073602715649
1116144015936761857
1116151982178222081
1116156720903016448
1116159063811928064
1116161869327237127
1116169940908662785
1116176502067015685
1116176837854547968
1116177066192449537
1116186531473965056
1116190814701383682
1116191437685653507
1116192286491185152
1116199409652572160
1116199711231311872
1116199938151464960
1116205003624964096
1116210552114692096
1116211316899946496
1116215189903429632
1116218851933523968
1116219726055845888
1116227695619108864
1116228092853354496
1116229451790962688
1116229505499242497
1116230799832096773
1116232686518116353
1116234801197961217
1116239344464007169
1116239656969035776
1116239821285023746
1116244166235705344
1116244577286021120
1116249096241713152
1116256388437741568
1116256533145374720
1116256893041659904
1116260901525643265
1116261304610824193
1116261791141703681
1116263564048625664
1116264830745366529
1116265219573960704
1116265845284581376
1116267298241875969
1116269035103059970
1116269116472512513
1116272896408731648
1116274041063710720
1116274398359629829
1116275153367982080
1116278130899996672
1116278142199578625
1116278753334837249
1116282803346391040
1116284413938216960
1116288752656187392
1116288853206347776
1116292600796012544
1116295201893625856
1116295470819815425
1116295497839448064
1116295580848934912
1116301218438176774
1116301978450026497
1116302283778797568
1116313175132184576
1116315088145801216
1116315440471519233
1116317542249844737
1116321697957842944
1116322616095195147
1116323801392984065
1116324142821924865
1116325068341161984
1116332413993537536
1116333928560959491
1116339639101612033
1116340766522118145
1116345265760477184
1116349558215278592
1116359602742988800
1116361100096888832
1116361274139521024
1116361449046253568
1116361877720748032
1116363268262629376
1116368945039253504
1116369893463605248
1116374915693928449
1116387182791389184
1116388814811910145
1116389716553682944
1116390260995321857
1116390633441247235
1116391594767216641
1116399496831746048
1116400653654315008
1116401456003702784
1116403425242013696
1116406861211660288
1116408692008611840
1116409168079011842
1116409631109107712
1116414034381819906
1116415208912818176
1116415794659741697
1116416425097342976
1116417631693758466
1116418806589480960
1116420681862795264
1116421689930407937
1116423411985731584
1116424335949012993
1116425653799260162
1116432219130748928
1116435268406366208
1116436463363616768
1116439359496916992
1116440145102655488
1116441610194079746
1116442150835646465
1116444383463780362
1116453557635436544
1116457108130549760
1116457652987539462
1116457696658587648
1116458081217654786
1116459041717280768
1116461727732969475
1116462860681535488
1116463555195428865
1116466067583459328
1116467756197507072
1116475077803925504
1116479600916226048
1116483548603670528
1116490453698916352
1116490736780886023
1116490862190403584
1116495119836835841
1116495664274231297
1116498849432883200
1116504305790410752
1116504958126436352
1116504965546041345
1116505127026712576
1116509475257503745
1116510915162042369
1116511729725272064
1116515342250139649
1116521317908529152
1116525406494965760
1116526992772349952
1116528128384364544
1116531188347179008
1116531856936251393
1116532675639070720
1116533422665519104
1116538215047897088
1116543275479945219
1116543647111991297
1116544800101023744
1116544948189294592
1116546281529176065
1116547304536756225
1116548001290260480
1116548760379617282
1116549106812383233
1116550107598508032
1116550312272302080
1116550636492005377
1116553911840546817
1116555173478846464
1116557410724827137
1116558609444270082
1116559095585095680
1116561661651869696
1116564965484158978
1116565404208340999
1116571090019471364
1116571910022688768
1116572087408185345
1116572585305600006
1116576134940860416
1116581389556523010
1116581668905611271
1116581879883259907
1116582546777595906
1116583341589848068
1116583506396585986
1116588571442331649
1116600314243637248
1116601304359419910
1116608577269948416
1116608783378108418
1116610648161411078
1116611850869694466
1116613479748685825
1116617511720505346
1116618181563387904
1116623840530980864
1116634480385638400
1116639099778207744
1116639826676154368
1116643990789607425
1116644497872519168
1116650190382014464
1116650241153994754
1116657126104080384
1116661496749199361
1116661656803860480
1116676097775562752
1116680765167763456
1116681434616307712
1116681606570242050
1116682580911378432
1116689077036675073
1116689437352701952
1116701526179946496
1116707125554831365
1116732876056174593
1116734792882638848
1116745368392339458
1116765237619748871
1116765857978257408
1116766721338224640
1116766807157661696
1116767738268090370
1116767758409187335
1116768272207077376
1116770508219895808
1116770576599851008
1116771053445890048
1116772144837345280
1116772554188963841
1116774335497113600
1116775106817081344
1116777047131611143
1116777930582052866
1116778007128084481
1116778748756410368
1116779348118450182
1116780386187485184
1116781052700192769
1116781236381290496
1116781871411679232
1116783219037229056
1116784618248650753
1116786675567349760
1116791069524389888
1116794337298268160
1116796209639768064
1116799721111089152
1116800648723488768
1116803792928792576
1116804787830284288
1116809318085455872
1116810120896245761
1116812522974322688
1116812755334508545
1116813274597740548
1116814890222669827
1116816331381153792
1116821229061718018
1116821335617916928
1116824574522482688
1116825903206551552
1116827557851090945
1116828781354733569
1116831094492422144
1116831881788628993
1116838316266016769
1116838548194246656
1116840656255770625
1116842929589370880
1116843432054407168
1116843572135903233
1116848964752396288
1116850665114853376
1116853163665965056
1116854429951508480
1116857531215663104
1116857733779558400
1116863349558403072
1116863447277297664
1116868070042214401
1116874557145542656
1116878667978694657
1116879209870155777
1116879233803067392
1116879336957628416
1116879665363288064
1116880692158144512
1116882236911919104
1116886507971760129
1116887015063031808
1116887136261869568
1116887952917811200
1116888543475855361
1116889813498699778
1116890030419562496
1116891827603271680
1116893389159452672
1116894115180867584
1116894917559590912
1116896172491329536
1116896954313613313
1116897828402372609
1116898283887022080
1116898555707392000
1116898689048428545
1116904033862553600
1116907566330568704
1116910485117345794
1116912872963985408
1116913860265385984
1116914910527574016
1116915853411278849
1116915880682774528
1116917920385253378
1116919455911530498
1116920527568789507
1116920881555464193
1116921574861561856
1116923034894503936
1116933586513473536
1116957451847389184
1116958294327738368
1116980729638944768
1116989637950681088
1116991060646014976
1116993794082267136
1116998349096390657
1117018808311586816
1117019492138270721
1117030546654289928
1117038969236148224
1117040721209458688
1117040763148414976
1117043661810864134
1117045035030257664
1117058112865882112
1117061423463424000
1117063121737256961
1117063463124205569
1117064137585176576
1117069432491257857
1117082448658092032
1117089661619507200
1117095403797864448
1117095427495612416
1117100727451648000
1117115441481224193
1117117602806095873
1117117969375596546
1117131706220392448
1117133296205430784
1117134189160275969
1117141100530216960
1117150212257132551
1117155459666935808
1117169459498835968
1117170858169180167
1117171006785896448
1117177980227391488
1117185735889772544
1117189646675582977
1117202516058546176
1117203032817713152
1117237168143990785
1117269138806722560
1117280314613805056
1117281504466309120
1117286619839631361
1117314907295371264
1117321841083809792
1117332841480609793
1117338244176326656
1117338613321293824
1117339252487086080
1117340043088027648
1117341342907162625
1117346460964741120
1117354107025674240
1117354950194028550
1117360504169750528
1117364942167003136
1117365782533562368
1117368033381629952
1117373964119048193
1117385208599404544
1117390955236265985
1117394465818390528
1117395694812315648
1117400010319106050
1117401034148601856
1117403776376295424
1117404016303058945
1117404603497185291
1117406337007112202
1117406467437617152
1117408955511246850
1117411889854783488
1117412981216825349
1117413326718427136
1117414599773417472
1117427782064062464
1117428609168420864
1117432121956630528
1117437187555909633
1117441475795660800
1117449792945360902
1117461047500165120
1117465053916098560
1117468973065355265
1117470001517084672
1117470360117452800
1117472128444420097
1117473178698170368
1117475256141275137
1117476962375585792
1117477928600768514
1117478724293681152
1117478780002557952
1117480242749198336
1117480508219428864
1117480608081510403
1117480764914982913
1117485623609372672
1117486602996068352
1117487075698204672
1117488970659717121
1117489701747695616
1117494368321986560
1117499836222275588
1117500776811827200
1117504738310778880
1117505392190337031
1117509722830192640
1117510986137788417
1117511497012264960
1117513095868555268
1117516602751295491
1117518911950467072
1117519768595177472
1117522046542655488
1117525149895593985
1117528830833381376
1117529850032611329
1117529937697755136
1117531556267155464
1117533051540725770
1117538031005655040
1117539083801235464
1117539347622969344
1117542419505876992
1117550528353857537
1117554117847576577
1117554473969377280
1117554507905421317
1117554700008611842
1117558345722810368
1117560000367464448
1117560081590231040
1117560459626811393
1117563204471857153
1117563301716725762
1117569138090602496
1117571943232937984
1117572732605083649
1117575207659634688
1117577558147641344
1117577988055298048
1117583481356210178
1117589969923477504
1117594987565162496
1117596459338096640
1117600399056416770
1117601748355637248
1117602379627548674
1117604146658430976
1117607074697924609
1117608272410894336
1117610285462847490
1117612128855187456
1117615699478732800
1117616321469063169
1117621186450452481
1117636902524473345
1117637457007337473
1117640610268057600
1117642516600360960
1117660332313468929
1117671729915138048
1117675170536284160
1117679791363112960
1117687189280714752
1117690602198589441
1117694357778444289
1117715626628349952
1117716801885036544
1117724878449401861
1117725448891502595
1117725535302344705
1117728350926143488
1117731521819885568
1117739255672049664
1117743724728135680
1117751004341075969
1117754908009222150
1117756702718214144
1117759869443084291
1117761351710117888
1117762687574867977
1117765959970897922
1117766800345829379
1117769987337457670
1117770566990123008
1117773207313027072
1117775049048514561
1117776054817411072
1117782300576501762
1117784220305219584
1117784238345080833
1117786650480799749
1117796715841622016
1117800448478597122
1117801208071081984
1117801845190041600
1117801976463364096
1117806984248659969
1117807274716585984
1117811811695259649
1117813083848749056
1117814215467831296
1117832829356912641
1117839501244686344
1117840642930028546
1117840993146023937
1117842683685416968
1117842879651745794
1117844161086885888
1117844387164246016
1117850076863442944
1117852478114942976
1117857266202566659
1117861444198944768
1117861771295981575
1117862262897664000
1117872015489290240
1117872996507705344
1117877623701426176
1117879043808845825
1117883427766673408
1117891241025212417
1117891394415149062
1117891839355277312
1117892747917025280
1117893116185284608
1117893721528213504
1117893876600016896
1117894491476594689
1117894975105249280
1117896474564513792
1117897573040177152
1117897904130183171
1117898172003602432
1117898818790412288
1117899342411595776
1117903836583092225
1117904476453474306
1117904525518462976
1117905125736112131
1117906835690774530
1117906883166101507
1117908493837713411
1117909460339560456
1117909711355932672
1117910668928151552
1117910957924032512
1117912261488726016
1117912289745596416
1117912627265454080
1117913327294746625
1117914674899456000
1117915082892009473
1117915176982990853
1117916146689368065
1117916954730352641
1117917098812960774
1117917408327548928
1117917893608509440
1117919434977501185
1117921543928070146
1117921813177049088
1117921836661186560
1117921968374845443
1117923607085060096
1117924032823857153
1117925813297479680
1117926032261165056
1117926540170412032
1117927023354290181
1117928540450635776
1117928806772281344
1117930242084102144
1117930326355898368
1117931706315681792
1117932578730700800
1117935095707525120
1117935502701801472
1117935623342395392
1117935925772849153
1117936034392657920
1117940189702303746
1117940342798585857
1117946318431952897
1117946822159425536
1117947788099117056
1117956945091149825
1117958540201586688
1117965627308699649
1117969796551913474
1117974768383344640
1117982337420136450
1117985806117945344
1117991425071882240
1117994270206713857
1117998571050229760
1118000243331731457
1118006168264282113
1118007935685287936
1118009235491708929
1118012079242244096
1118013875662749697
1118015159065284608
1118016293234454529
1118016559182700545
1118020146667429888
1118022685018116096
1118024999778996224
1118025315610132480
1118027321242529792
1118027378352107521
1118027538167627777
1118027548233850880
1118030649527537664
1118032068850544640
1118036466578358272
1118052903154008064
1118053467786866688
1118057540036833280
1118058576017281024
1118060074654679040
1118061892440870912
1118063865718349825
1118063921137508352
1118065139796803585
1118065657675964417
1118065698167775232
1118065795274297344
1118066050694832128
1118066212611731456
1118066442300264448
1118067027565010944
1118068485068816384
1118068748043411456
1118070012219146241
1118070150639628288
1118071034752770049
1118075565070852096
1118076444578603008
1118077790115520512
1118079524040781824
1118079641506451458
1118082530131886080
1118083719963848704
1118084419657641992
1118085522335858690
1118085890117636096
1118086274387185664
1118087973914853382
1118089224182554624
1118089916699664384
1118090917045399553
1118095694374608896
1118101136463024128
1118104828725559296
1118105880212328448
1118108182042177536
1118108760050790400
1118108775141875712
1118111191061024768
1118112119264882689
1118112673747689472
1118117001011113986
1118119330032553984
1118119667564892160
1118119729825079297
1118121790826479617
1118122379790704642
1118123588572180480
1118126747734687746
1118127703599620096
1118129195924824064
1118129299536662532
1118130773410877440
1118132521198342144
1118134154875609088
1118134726546677760
1118140752922587138
1118141307405385728
1118144657840594944
1118150374639140865
1118152066625568777
1118156600252956672
1118164319445946368
1118169677686030338
1118173950431776768
1118178293725966336
1118178471467978754
1118179070393692162
1118182203978964993
1118182643525402625
1118182674080735232
1118182807933554688
1118183656055558149
1118187961303089152
1118190442414104581
1118190551889846272
1118195350316044289
1118196072537415680
1118196728858120192
1118198654035214337
1118201130335514625
1118212311519571969
1118213827299106816
1118217382844039169
1118220502584184833
1118220863692787712
1118222038529970176
1118226036142039040
1118227367833612291
1118227536021008387
1118228297517805568
1118230471597535232
1118231874168655877
1118240160028741632
1118241241739796481
1118244366064214018
1118245181864783873
1118246765218729985
1118249766230659072
1118250441513558018
1118256850837868545
1118262479618854912
1118267384954068992
1118268830210457600
1118269707654770693
1118272689356066822
1118273191007354887
1118278189778984960
1118278889795661824
1118287516233342978
1118290381404291072
1118292216793976833
1118293815239020544
1118294701516492802
1118295541601964032
1118302168623329281
1118302365747163138
1118317068452073472
1118317712290320384
1118332538311725057
1118341448062132224
1118353638584397829
1118364310567301120
1118365621270532098
1118372455918256128
1118383833404063744
1118387642662563840
1118389147994066945
1118395570312368128
1118403248807919616
1118406044345040896
1118406643266523143
1118407133173731328
1118410668951179264
1118411252403855361
1118432756999041024
1118440175913377799
1118446800627740672
1118447596056530946
1118458069875339264
1118463854562947072
1118500461907255297
1118501946023972866
1118502416419360769
1118505859124842497
1118508485161955329
1118509488871563265
1118514315781443584
1118515855803940864
1118521761392406528
1118523839678427136
1118527885533425666
1118536495973797888
1118543101167988736
1118544955490881536
1118546478841180160
1118553165006364677
1118556148804784129
1118561954568790017
1118562835787862016
1118562905413312514
1118566925687238656
1118571860554391552
1118586111243239429
1118586654573367297
1118588546896449536
1118597456441303041
1118598349345763329
1118610970895618050
1118619489539637249
1118620030185426945
1118625878785843200
1118628303865298954
1118629216935993344
1118634800846446592
1118660388969689089
1118661039141335042
1118662799088074753
1118664018363920385
1118666940925526022
1118675332473729024
1118695486972747776
1118696956241383424
1118712322040659968
1118714727503474688
1118719779966083073
1118725092438106112
1118727371203522561
1118735134876999680
1118746477726195712
1118760422050422784
1118770375222018048
1118770558634741762
1118772734698426368
1118776076333830144
1118779013600698369
1118788300184215552
1118792598603358208
1118797309146542084
1118798099760209926
1118800279972077568
1118801282804924416
1118802924161912833
1118803354388447232
1118803990257393664
1118811347519713287
1118816556094504962
1118824963878920193
1118826552253399040
1118828591112949765
1118831000325242881
1118831361446547456
1118839003086753793
1118839209392050182
1118839583523987462
1118839674548699136
1118841006638678016
1118848137794412551
1118857238611935233
1118865696828608514
1118868980146556929
1118870875133108224
1118888006755213313
1118890299370217472
1118897251005476866
1118902353820778497
1118908960545935361
1118910133826981889
1118910751211708419
1118911928573865984
1118917608076713984
1118927500330119168
1118933719232987136
1118934326157221888
1118937525148626944
1118948365725782017
1118952708512182272
1118961841496055811
1118963489983197185
1118966390348820483
1118967615077142529
1118973752606363653
1118979258947375104
1118981314529636352
1118986678176296960
1118998630705303552
1119000302961811459
1119009438780706816
1119011297398534150
1119015627912548353
1119015696074190849
1119018875763482625
1119019048153616385
1119019712111837191
1119030783572836353
1119032882226442242
1119039680765485057
1119042932189753344
1119069102977552390
1119091072758501377
1119091401143119873
1119093023638347777
1119099988150145025
1119103377567178753
1119104114510614533
1119118985797095424
1119123468526559232
1119139622628368389
1119140904864899074
1119142113663262722
1119148077120540672
1119148845256982530
1119149930587643906
1119155022040690688
1119163095249670144
1119163299055058944
1119163858159947778
1119164338843963392
1119164398327623681
1119167575168962561
1119167684229455872
1119172863771254784
1119173403557203969
1119176833659019264
1119178317201063936
1119178957256048640
1119180406820044800
1119180770868961280
1119181159244685312
1119182386787422208
1119183642692128768
1119183659058249730
1119183806580314112
1119185117413613573
1119186150076424192
1119187515708194817
1119188034497449984
1119188447946788864
1119188532831166464
1119189017709424641
1119191214673129475
1119194034931740672
1119198950240792576
1119199805857775618
1119200298696835072
1119204582838689792
1119205856569188352
1119208120264347649
1119209429113634818
1119209806370430976
1119214592360681472
1119215420450451458
1119217255877885953
1119217791461220352
1119219274793537536
1119220638135332865
1119222357799985152
1119223327514431494
1119228496235126784
1119228911307542528
1119229577451249665
1119231970305822720
1119231987850653697
1119236046099820544
1119236599156551681
1119238601810771968
1119240542649556992
1119241136135114752
1119241189386018817
1119242243406168066
1119244600630292481
1119250019251417088
1119250578780098561
1119251513665380352
1119254081850179584
1119254911462641664
1119255009202442241
1119263392945061889
1119265388842430466
1119265640085430272
1119266203825053697
1119267254045171715
1119267397142233089
1119268064753848320
1119268260694896640
1119268539720978432
1119271228991315970
1119274203167858689
1119274433045254145
1119274726633955328
1119280487946694662
1119281783118413824
1119282984777961473
1119283141712199680
1119283516683038722
1119286590206029825
1119287889211396101
1119291498196078597
1119291872097206272
1119292860136927233
1119293513341046786
1119294125277437952
1119294484305588224
1119297541298950145
1119298883715256322
1119299296455794688
1119304861122748418
1119306596620939264
1119307906074185728
1119308855673016324
1119314675391275008
1119314983983157249
1119315257011376135
1119315790124085248
1119317563056562176
1119320443293507584
1119325468493266954
1119330818336481282
1119331341751980040
1119332230541795328
1119338614251560962
1119338939746328578
1119342090088062977
1119346363240574976
1119346796101283840
1119348332466462720
1119349594972938240
1119356791110946817
1119358893291900928
1119366023222788096
1119382618326347777
1119382697267400711
1119382698102067200
1119384927349497861
1119388180858404866
1119389101931864069
1119412792014950400
1119413609665318913
1119416650959179776
1119421833437073408
1119432637972500485
1119438524674125824
1119444735213604865
1119445129536901120
1119445292632375296
1119467074076721152
1119469556647510016
1119473236767592448
1119476546048278528
1119476920167563265
1119480199282864128
1119483918384865281
1119484961931714560
1119487009985302528
1119489906169077761
1119490559624740864
1119492428191404032
1119494238473981952
1119495943857082368
1119497135035224064
1119499149412577281
1119500543896850432
1119501537489891329
1119502851049496576
1119504529597370368
1119505265311789057
1119511278244904960
1119512133065150464
1119516104630722560
1119522955174739968
1119525001177239559
1119526226744565760
1119526254435348480
1119528845671931905
1119529043651641346
1119529845166202880
1119532867992870912
1119542819406929920
1119547504025112576
1119551850603327488
1119554873022922753
1119558772865814528
1119558858848882689
1119563552271032323
1119565241736556546
1119566147706335232
1119566891348107265
1119567380848500741
1119567670679150593
1119568203972272128
1119568464212049920
1119570066616483840
1119570859180666880
1119572600643031041
1119584587561279494
1119584778813149185
1119589278445649921
1119596829077721088
1119604142673223682
1119604312123027457
1119606703677296640
1119607351730954240
1119616099350450176
1119628014118211587
1119628630248890368
1119634211638394885
1119636942516367360
1119645883094786049
1119649460043288576
1119651284095782912
1119652950094143488
1119655623556239360
1119660018897424390
1119661332826083329
1119661912843870208
1119666308638019584
1119667234622902272
1119668447208587264
1119671906314215425
1119672381038104578
1119678661177827330
1119679754196738049
1119681345297502213
1119683502247677952
1119684484109094912
1119684773121802240
1119686004548325376
1119687845848002562
1119688536679223298
1119700392303058944
1119703257700622336
1119703817786937344
1119711181311098880
1119719116485664768
1119724108957343745
1119732567614349312
1119733643432398848
1119735164303601664
1119736540882710528
1119737007306084352
1119740679817531392
1119748165845094400
1119748599087128576
1119750346450984960
1119754703485722624
1119762695312613376
1119764082628923393
1119765389334986752
1119765415729803265
1119774152074960897
1119776172857016320
1119789816097456129
1119790149175578624
1119793210534969344
1119795271221882880
1119797218616270849
1119798471450615809
1119820578796580865
1119822570264702977
1119829116734398465
1119834971143921665
1119839204014424064
1119839839896182785
1119840458077814784
1119845713075154944
1119850190591148032
1119850890612084736
1119851827636293632
1119862073490595840
1119868592252547073
1119871985457221632
1119875730266099712
1119876758155579394
1119879917913673728
1119883284907986944
1119886428975042560
1119890046528524288
1119892525387481088
1119892884000362496
1119893221369425920
1119894737442492416
1119894913666158592
1119896144098803712
1119899859111178242
1119910304182358017
1119910399397306368
1119911433708429313
1119913708229156864
1119913751896047616
1119916172370169856
1119918505749561344
1119919304944889857
1119921658578518016
1119922028549636096
1119924134484545541
1119925574829510656
1119928631193677825
1119929021280784384
1119930074885541888
1119934686506246144
1119941253108576256
1119946843079811073
1119947432614408194
1119956601748762625
1119958175904616448
1119958957710368768
1119959179995811842
1119963066039504896
1119965727715463169
1119974164155260928
1119979525322964993
1119981611557089280
1119983126535704578
1119986736359202817
1119989339545579521
1119992429069971458
1119993206710648832
1119993933906497537
1119997847276064771
1119998735570935809
1120000179736850432
1120006844909535232
1120009566194892800
1120011865512456193
1120012194341695488
1120013014604947456
1120020601870090240
1120025577023369216
1120025822037807104
1120030643826642945
1120032624368656385
1120033745514450945
1120033896060674048
1120036384960589824
1120037901641879552
1120039214450663424
1120040453448056832
1120043189820203008
1120044560506343434
1120045996208271361
1120047941958414337
1120051950047907841
1120052319259955207
1120052475145232384
1120054420048236544
1120056065901592576
1120059813940080640
1120060506398699520
1120060666658873344
1120062085134577664
1120067367860568064
1120069512835944448
1120081566846345222
1120087506056359936
1120092839562698752
1120101662285340672
1120110679942418432
1120117725538336768
1120120032829345798
1120120190530936832
1120122925867257856
1120135133552697345
1120138677357895682
1120162379789209602
1120167112213975040
1120167441462636544
1120168886807085056
1120173143614578689
1120173472209080320
1120187598457188352
1120192467209474048
1120194485441454080
1120198467987681280
1120201790723710976
1120210278728306689
1120211287269572608
1120212400609927169
1120212843532623872
1120214870631251969
1120217226907455494
1120217900206391296
1120224612766240770
1120235839232053248
1120241598435135488
1120248125166379009
1120255059206582273
1120259075273646080
1120262538971746304
1120265773967130624
1120266135512014852
1120266281083600896
1120275545466572800
1120278932509667328
1120280016435187712
1120281894577430529
1120282988254601217
1120283344355434496
1120283414798721031
1120283672756805633
1120288159382867969
1120288799450378240
1120296457884639235
1120296878497783811
1120296921728454657
1120297324360683521
1120297453549424640
1120297561779245058
1120298751275479040
1120304285449846786
1120305926039273477
1120306435668234246
1120307969512607745
1120308308534005760
1120309590204219393
1120310671521013765
1120311338788622336
1120312025396150272
1120314369605349376
1120315242855260161
1120317669260124160
1120318334057295872
1120318435148402688
1120318589473566720
1120319050452742144
1120323907444183040
1120324144841797633
1120324310319673344
1120325188141318144
1120325350716780545
1120325582221447168
1120325678287785986
1120325819195432962
1120327211284860928
1120329661618302978
1120332446204137483
1120332681114464256
1120332928972677120
1120335667035365377
1120336542785052674
1120336723135934464
1120340633934340096
1120341695902576640
1120342291095355394
1120343030966423552
1120343327096942594
1120343793067147265
1120343984730202114
1120344113935605760
1120344454416740354
1120344954042245120
1120345993390825473
1120346831840477184
1120347466027732997
1120348291886043136
1120348743176421376
1120348986458738688
1120351357079363585
1120351579377414152
1120352912335523841
1120354958304522241
1120355732170231809
1120361757980151808
1120361859603947520
1120361901966471169
1120365316557758465
1120370127000588288
1120377101692166145
1120378864985878529
1120378865845723136
1120380226452762624
1120382019941351424
1120385017627250688
1120385354018594816
1120387878545252352
1120387969553240065
1120388303453290498
1120389086496415746
1120390024774733824
1120392085033693186
1120393154165866496
1120395536920711169
1120396090996613122
1120410296252866560
1120417055386361857
1120417644686073858
1120420112622923778
1120423517143666688
1120424842971496450
1120425173465882624
1120425336225849351
1120426235044204544
1120430704075116549
1120432199759794177
1120448804598288385
1120451054854918149
1120454422025338882
1120483508617646080
1120491620045139968
1120509299044823040
1120516016642113536
1120525612375007232
1120535347765682176
1120537829124255751
1120541017952985088
1120548127830880256
1120555686793027584
1120556051290632192
1120572226174984192
1120580118966091779
1120583492906020864
1120585472210640896
1120586126102810624
1120586568626917377
1120586625229238272
1120588861476941824
1120589069606686720
1120589261370089473
1120592586278875137
1120593061405290496
1120593881693937669
1120594150238367745
1120594496239087617
1120595753720844288
1120599174171508736
1120608962682998784
1120609061391818752
1120609797206945793
1120610955543494656
1120611811206758406
1120613913798807553
1120615843157512193
1120616954245545984
1120617957938343938
1120618658408091649
1120622356798627840
1120623266651971586
1120629098840121344
1120633868179079168
1120633884973129728
1120636178011688960
1120636811334836225
1120637997471420417
1120643048252354560
1120645983040262144
1120649335111335936
1120651623087448065
1120652158305808384
1120659981509046272
1120661423112249349
1120662563828715520
1120663092843642880
1120664457233829889
1120668008131723265
1120672459571724290
1120677607081697280
1120677777525620737
1120680956812255232
1120691948803641351
1120692746979770368
1120697941642100736
1120698187831029760
1120703167757471745
1120706949748858881
1120709441232543744
1120709851368312842
1120710204616847360
1120713080575545344
1120718432922734595
1120719186202779649
1120724154368577542
1120736171028635648
1120739950117437440
1120740038181052417
1120742459162660865
1120743547165184001
1120752360005959680
1120763564703264768
1120764052970536960
1120774172655984645
1120775082455048194
1120775359274856448
1120776964846039041
1120776988745183233
1120779033904652289
1120784387489062912
1120788952150102023
1120792854954151937
1120795378868215808
1120798156969713664
1120818568554270720
1120823437671522304
1120824801290010633
1120827032265547776
1120837349401694208
1120863587277234182
1120873783638863873
1120901972717121536
1120903116931649536
1120907740401098752
1120912137205972993
1120913232410050560
1120926735883698176
1120926788308361216
1120930756988166145
1120932831474196480
1120940907610746880
1120946759923007489
1120967798115766272
1120975771902697472
1120987513877868549
1120988858546569218
1120998974197051394
1121010552778764288
1121018183027253248
1121019142713348096
1121020702549790720
1121021392957464576
1121023272014028801
1121023491371929601
1121024169976717312
1121025347317915648
1121037930657714177
1121042033131409408
1121043589637840896
1121047031043301376
1121052031203123201
1121054739741810689
1121056574749855744
1121079588745035777
1121085165638430720
1121088230835802112
1121091229351940096
1121102274800046082
1121106096943452161
1121106384223973376
1121106760033611776
1121108081801400320
1121111492034691074
1121127705955700744
1121132241667670017
1121153987888205825
1121154654799265795
1121162060656603136
1121162720030658568
1121164448247373824
1121250015224242177
1121253496936783877
1121254821892431877
1121266190972801024
1121271961072566273
1121288879741468672
1121297273491808256
1121297366395572224
1121304073519628288
1121315633864544256
1121315799518597122
1121315906469150720
1121342193883590657
1121353154400940032
1121353351961161728
1121359582603948032
1121362244317712384
1121366142914826240
1121387974283939843
1121391825468710912
1121400024510996480
1121404160530944000
1121407615794282496
1121413269271478272
1121413317086441472
1121413727490801664
1121418134689320960
1121418483227611136
1121424696644444160
1121433642285318149
1121441471079636992
1121444434229338112
1121450304141234176
1121463013771497472
1121464488450904065
1121465476947881985
1121474091712749568
1121476246343487488
1121478839656259584
1121483569606602752
1121487302541369346
1121488303264620544
1121489384560263168
1121500958347886594
1121505832536027139
1121511552329371648
1121512160901857284
1121518587322224645
1121531034430996480
1121531395149578240
1121534287961104384
1121539938946879489
1121544686999568386
1121549941527252994
1121555123577266177
1121563321767997441
1121568597346676738
1121578531589201921
1121579634259193858
1121582564739813381
1121583788285468672
1121586225180303360
1121589546796376066
1121591234856914946
1121594701461770240
1121597203338997761
1121601305795940353
1121621203163045897
1121624723866021891
1121630928931917824
1121641464612581376
1121656671032360966
1121669365089177600
1121670150502006784
1121671791502479361
1121672297339744256
1121693604857036801
1121695593737285632
1121705372362764290
1121708663192768513
1121715542706900992
1121717651582148608
1121736975604682752
1121743000290377728
1121764864488353793
1121777599938748416
1121793745513398273
1121820170878631936
1121821342167334912
1121824951533756416
1121827831779033088
1121868066097369090
1121878225913819137
1121881685384159232
1121888790010892289
1121892092295483393
1121896034110791683
1121897156900790273
1121931090770440193
1121931496514904071
1121939021930934272
1121958100552962048
1121961345296027649
1121998696399409152
1122017431944421376
1122020444180242432
1122021341031534592
1122023460409085952
1122024233121591297
1122024660802113536
1122028717965021184
1122030116324945921
1122032206782898176
1122035902795124737
1122040758985424896
1122042732812222464
1122047700529233920
1122048752049688576
1122055409236369409
1122058221546541057
1122070084762120192
1122071101390061568
1122075656001482752
1122075809928437761
1122076362750218240
1122076806927007744
1122078342189072384
1122080661890916352
1122082537189175296
1122087171043753984
1122092463429124098
1122098582910377984
1122103252332498944
1122103412206841861
1122103641253588992
1122103708777500672
1122103913644220418
1122104134499557379
1122104371460935680
1122105107997429760
1122105373500956672
1122107956768714752
1122108377868333056
1122110278727020544
1122110361786880000
1122110599176032256
1122112079941525504
1122112966869045248
1122114320354172928
1122116258940502017
1122117035746398208
1122118406461972482
1122120581183418368
1122122708806971392
1122129583409647621
1122129971407982595
1122131138267553792
1122133009103302657
1122133532367892480
1122133703508017152
1122134403088568320
1122136544721108994
1122137868850356224
1122138686794158080
1122140731039207424
1122148485472583680
1122149221556035585
1122150587225792513
1122150942491672578
1122152210421276672
1122153294259007488
1122155447589515269
1122167150565842944
1122168700935790597
1122171226577883136
1122173068695232517
1122173509940203520
1122179084589645824
1122179644952854528
1122183999902900224
1122191834019717121
1122193238687932419
1122195220945199104
1122195233104703489
1122198729354883077
1122201242283933696
1122202170902839297
1122202802531520513
1122203711466393600
1122204277672423424
1122204578433388552
1122205648396140544
1122206464179953666
1122206514679373826
1122208307169697792
1122210383744438272
1122212837852700672
1122213532437745664
1122213797089820672
1122214853224161280
1122218343895916544
1122220121681027073
1122220889641312257
1122221068331077632
1122221224774590464
1122228371876909056
1122233530455474177
1122236737831546880
1122240089512239104
1122245389845958656
1122245599557050369
1122246601160970240
1122248158912897024
1122249311922868224
1122251305047732226
1122252945859534848
1122255097122230273
1122256694342508545
1122259217178476544
1122266304730165248
1122266419218010118
1122266936388329472
1122267467827564545
1122274400982700035
1122278733283414016
1122278863302582272
1122283043350372352
1122289225335025665
1122291838973464576
1122293088725143560
1122293815996497926
1122294623009935361
1122295606150619136
1122299120985804800
1122299777524228096
1122311166997487616
1122318353543192576
1122319431030452229
1122321429620580355
1122325998073049088
1122331368040484867
1122339821224177664
1122341493077958656
1122348764734181377
1122349535316119553
1122349740333514752
1122351589015027712
1122351969601908736
1122352922153705472
1122353594064429056
1122355262583726080
1122356857241124864
1122359241694535681
1122359954751381506
1122361781358194688
1122369526979416064
1122370832225816577
1122374017820659713
1122374140298657793
1122382377920159744
1122383611028631553
1122385193107509249
1122391418293706753
1122394189914750976
1122394799762477056
1122394962497118208
1122395223798079494
1122397482858708997
1122401067717812229
1122402932085919745
1122404257343385601
1122404783040663552
1122405511176040448
1122405582483357696
1122415631591202816
1122415871090143232
1122416108584173569
1122416223403200512
1122416696118206469
1122418024437432320
1122418496309211136
1122418589418631168
1122422039674015744
1122423095363559425
1122424625877667844
1122427424711401472
1122427929739137024
1122428487577559040
1122438898247000064
1122443681829617664
1122448509091876866
1122448725903839233
1122450351628726273
1122450736254717952
1122454935147372545
1122458626147389440
1122463884139466752
1122469455018303490
1122469459183194114
1122472894741778432
1122473439162400768
1122473602740363264
1122475227223666688
1122478635083079680
1122481776629305345
1122483013781270528
1122484845576359937
1122485901416894464
1122487683861942279
1122488004738678785
1122489142217043968
1122490098392629249
1122490549406187521
1122490922309177344
1122491037216333825
1122491601337688064
1122491658405175297
1122491921392230402
1122494075138187264
1122494400624332800
1122495528481230848
1122496607243722753
1122497271650607104
1122498328581820416
1122498917478928384
1122499044574662656
1122501090946297857
1122501343891951620
1122502855003389955
1122504376361324545
1122505593569280000
1122505773916008449
1122506429481541632
1122507811500494850
1122508223389552640
1122511112409206787
1122512858934280192
1122515646879805446
1122520360002494464
1122520815919091712
1122521225861849088
1122522216405655552
1122523142080081921
1122525346212077568
1122526823055802370
1122528010433908736
1122531951829770240
1122533451691958272
1122535210363576325
1122536277394558976
1122537977371144197
1122540709502959617
1122540725449699329
1122545161756606471
1122546038370385920
1122546935947251719
1122547835227049985
1122548272608886784
1122548815871918080
1122551106477940737
1122554421966143494
1122554623695433728
1122559553193697280
1122561768687980544
1122562865100095488
1122563774823698432
1122565369091248130
1122569169961213952
1122570829676593152
1122576356917874690
1122578425544359937
1122579129759666176
1122580005546905600
1122580119619624961
1122580617906937856
1122584419926196224
1122588080840462336
1122588533376593921
1122588841276264448
1122595623465885696
1122601772709765120
1122605490561781760
1122612253033938945
1122617299188338688
1122617709382991873
1122619275141877762
1122623630075138049
1122625997868638209
1122627382706417664
1122637675545210881
1122645735298695168
1122658555625000960
1122659820190875650
1122660043357392897
1122683001287131138
1122685223013994497
1122691699430580226
1122691834067611649
1122694395948687362
1122704365851164672
1122712723488485376
1122714235849539584
1122714243411767296
1122716405965754369
1122716848494133248
1122717040161091586
1122729295489716227
1122731554948534272
1122740492209479680
1122744746059927554
1122747045352280064
1122747828462338049
1122762534526881792
1122763822996099072
1122767105055707136
1122769393040154624
1122772145338224640
1122782988889219072
1122791942461509633
1122808505759563776
1122809557917499397
1122812717801172992
1122815271595585536
1122819789708251137
1122821077913223170
1122821648976158721
1122822338997678081
1122824759111311361
1122830460005101568
1122862563593682944
1122863748413366272
1122864568102019077
1122866309572767745
1122874466244222978
1122874567310049280
1122877922342309889
1122885706131673089
1122888649773854720
1122890573185208320
1122903768054599685
1122907656723861504
1122921207576367105
1122923858334552064
1122926090606002177
1122927601750892545
1122933568152403975
1122944468460634120
1122944746404700160
1122949923018768384
1122951283227283457
1122952604030521344
1122955907023896577
1122962294516977666
1122978296239493121
1122978684204474370
1122990964015026176
1122999061789990912
1123012809040642048
1123015662828437504
1123019327827992576
1123023436165599243
1123058292115365888
1123059478243500033
1123066356906086400
1123066782602780672
1123070200566312961
1123072721762390016
1123086446339006465
1123096332758061056
1123113579723612160
1123114219099099136
1123114526390542336
1123115023402917889
1123132449071030273
1123136710064451585
1123141216013414401
1123143629474807808
1123144182196051968
1123144259375370240
1123144991726080000
1123145604509491200
1123147112781369345
1123151099869921280
1123154366821748736
1123180932293382145
1123182245316055040
1123185730577149953
1123194872473817088
1123196370263912449
1123213408571133953
1123214420845273089
1123216419125178369
1123218733865099265
1123219090372427778
1123220292040568832
1123233894571155457
1123234172242259968
1123255673087770626
1123260761227386880
1123263191948066816
1123269148975353857
1123272245617537024
1123282120716087296
1123282387457101824
1123282625714634752
1123285588306792448
1123286414408523776
1123286687021355008
1123289485062569984
1123289693502803968
1123292430281920519
1123294649093722112
1123297324653056000
1123307687494787072
1123308873216032769
1123314495709904907
1123319747368628224
1123321726660640768
1123324889602109445
1123326739713859589
1123328863268933633
1123335343913230337
1123336009553412097
1123338787000602631
1123340553633062913
1123342546795556865
1123350847717543937
1123351128509431809
1123351381673480192
1123356886697488384
1123363987490529280
1123365998395109382
1123367696676950016
1123369053513322497
1123369076997230592
1123370014470438912
1123370038361251840
1123372133835579394
