903421659088011265
903422400884203522
903422425194520576
903433681124995073
903435432997920773
903435657401573377
903436415714828288
903442868739735554
903460458337771520
903468471958175744
903470288934846464
903471972096499713
903479832826191873
903481680261820418
903483901233922054
903483947274735616
903484505528270849
903486355614834690
903493639875072001
903493805969510400
903506001642606593
903515325039247361
903516713291042816
903518965502267393
903519619394269184
903528114541690880
903528156816166912
903537821167833088
903548808822435840
903556867451969537
903563154193567744
903567669366022148
903573246943035392
903573794870132736
903574965747896320
903575088066387968
903577713029652480
903579140770672640
903582872866521088
903586651158523904
903597004739289089
903598349831589890
903604599969513474
903607204506243072
903607774852112384
903613330199154688
903618273614462981
903624342747185152
903625372922720256
903626448728088577
903626562414813185
903626905924067328
903629872651800576
903630944514527233
903631602290438145
903643377392070656
903647536849833984
903648232294629376
903651133499080704
903656969415864320
903663965112344577
903667603998203904
903668007788011520
903670761549733888
903670873135226884
903672857028386820
903678693394001920
903679119153614849
903692888609054720
903696214272745472
903698423001571328
903705326033272832
903708021662068738
903732554565636096
903743945456410624
903749167796932610
903759211464622081
903766652600406016
903768917096767492
903779613398233088
903784837043159040
903806575625818112
903845617079693312
903847461147615232
903851346054537216
903851879142002688
903867609468346369
903868154337796096
903883749577953280
903887785358237696
903892222210318336
903904545780224000
903905403515412481
903906448324907008
903907146244513792
903928809816252416
903936315544158212
903946151182917633
903950186531213312
903975164848824320
903977687869509632
903983441053704192
903987385809162240
904005026405744640
904009219195768832
904013162307047424
904017908174553088
904019043144761344
904022416690749441
904023785216643075
904026982115049472
904031696936476672
904040512130306048
904043616724811776
904046332507238400
904047754409848832
904070637693657088
904076403171364864
904078908097798144
904079006567366656
904080577782878208
904090344022827008
904090471735201793
904107841191116800
904111993518481408
904123542148718592
904145951878782976
904149068682633216
904159728913219585
904162527755501570
904175177369575424
904187233485201408
904221518028312576
904229651735830529
904242779483774977
904245915141234688
904253630630436864
904256119043792896
904290293394153472
904295578091315200
904320782645460993
904329577656410118
904329845672263681
904330816729350145
904335990759845888
904339002689552384
904353823711522816
904355462396727296
904357518033301507
904357958838038530
904361191409115141
904362383400988672
904362584752742401
904362962214932480
904364115681886209
904366816369115140
904372592370483200
904374942833053696
904375299793670144
904375482644234241
904388592377745412
904391897879281667
904392654334590981
904394100740419585
904395307886288898
904396553988608000
904411569601351680
904413158839906304
904426471543906306
904428337170456576
904430904944332800
904431017770991616
904431860557733888
904432151055278080
904433618210234368
904437781497307136
904437918067982339
904443061282930690
904449228587618305
904449239312420864
904456622306676737
904458856591478784
904463515208912897
904464192832512000
904464418255273984
904468630997393408
904479358227812352
904483214387011584
904484218734039040
904484359641735168
904495978626949120
904496961872592896
904505453643800576
904511306341875712
904511855820914688
904514345132072960
904532192340135936
904537097150767104
904550098251730944
904565475933376512
904565900275204097
904568362327408640
904574826169454592
904576042085433344
904577420346490881
904594361673019392
904594362843238403
904594811633582081
904600402267602944
904607801800056832
904607849506070530
904608925802270720
904615278432182274
904615848131923969
904627940763336705
904660444920639488
904666716483067904
904668144295448576
904669155659567104
904669492046950401
904670878243414017
904686243648286720
904687096379699200
904694569366900736
904694649150943233
904700210714202115
904702234038030336
904702277239308289
904705987109576706
904711099530039296
904711218232950785
904719867739299841
904733188811042817
904733240845627395
904736670943207426
904736928481861633
904736979224588288
904739071750270976
904741751495131139
904758816050380801
904765433810747392
904765795783364609
904767318718337025
904781906104934400
904785087493005312
904786130196983813
904799586329427969
904809409808879617
904810385408114692
904810767379202050
904814970726178816
904815075508314116
904822618519416832
904829435093843969
904830213229604866
904838454550388736
904838965844377601
904846555555004420
904848273818640384
904860787960885251
904861827305267200
904862049175576577
904873719549403136
904877227543851017
904884012250009600
904897226463473664
904904058078724096
904913901262917632
904914741373665280
904917697963675649
904923083026436096
904933011338166272
904944357349961728
904948311165108224
904949655192010753
904953847717691392
904957618052931584
904957683916304384
904958865023922176
904963527445700608
904970367252484096
904973863909457924
904974343133900800
904974526571675648
904976496347021312
904977419379122177
904980103117119488
904984927174705152
904991138532216836
904993439166500864
904994477194043392
905008991985700865
905018148570755072
905018475114049540
905021226808201216
905021514524889088
905021630266658816
905021775397998593
905025544000962560
905028063922180096
905028310564048897
905028396970897409
905028565581926401
905030293182132224
905030578814234624
905030639237332993
905030682002546688
905032600468815873
905037691103961088
905050616271179776
905050659090817024
905056654416334848
905065013643280384
905066093252894721
905067247126933506
905067418250248193
905073080531374080
905074744864714752
905083920722653184
905085329606094848
905085785921159170
905090200862416896
905092689347178496
905097905194840064
905098172514672640
905100843451547648
905101422726959104
905101971895541760
905102424335142912
905103438484127744
905107007417577472
905109222031052800
905109450201206784
905122315792510976
905122628221927424
905123967115169792
905126006780039168
905127309354655744
905127642558582785
905129303918116864
905130565984182272
905138438705381377
905142375403712514
905145262007623681
905145879396589568
905160161433497600
905161982466252801
905165493648097287
905165658924646400
905166902930141184
905168790173966336
905169943406284800
905176663364796416
905176931078987777
905179276118552577
905180712692678657
905185323495424001
905190433806012417
905198351401926656
905203152210755584
905204305963220992
905206862471192577
905217159495897089
905236355092848640
905237062739218432
905237277504401409
905242078136938496
905243657091117056
905243828990377984
905244171648172032
905244185501896704
905273264343220225
905274980086272001
905289341378981888
905303174210347008
905306087137697793
905306609739595776
905324182627606528
905324978291314688
905329216228491264
905336767212961792
905342223147040768
905343625785204736
905344750387122176
905346845727236096
905352922204069888
905360637177585664
905361230084354048
905373459387211776
905379828454567941
905380062907813893
905381991893360640
905383547535544321
905389113800622082
905390916520865792
905392786337353730
905405742529871873
905406986573008898
905408880129265664
905411012698021889
905413775951405056
905417413184954368
905417449268551680
905417732384067584
905418941593505792
905426857948008448
905430631982788609
905433333924077568
905442984589750273
905444050391752705
905445702402285568
905448065158471680
905450189967814656
905452722878590976
905453127259881473
905454726606663681
905461934891380736
905464160401539072
905481599906656256
905487786924539909
905511171486355458
905515103130406913
905516006898110464
905519864269475840
905522199498502144
905540987447062530
905555365944754176
905561147004342272
905564445883080705
905567323930730496
905586998974455809
905605548015529984
905608424318230529
905609435141300224
905630546772074496
905636758167195648
905644610692628480
905660032271781894
905666369097576452
905666763328823296
905667570249777153
905685725751988224
905692082228129793
905702543338217472
905707372542402560
905716913757716480
905722535789989888
905723222431113216
905725220174020608
905727375626907648
905728211102961664
905729815025770498
905735747457581056
905742216534130688
905743293849493506
905755392726192129
905757613610151936
905758514148253696
905765019333402624
905765506371780608
905765758533345280
905768797323362304
905769993874243584
905777830746873856
905778930954772480
905778935711113216
905779746541367297
905784445818609664
905786607990702080
905796316957212673
905800576990138370
905800771312156674
905801158027038720
905801730125950977
905809651052285952
905810529779900416
905812074537897984
905814511449513986
905816062935130112
905818765723660288
905819505598849024
905824760638185473
905827408674205696
905831026613772288
905839440727339008
905847956158398465
905864460572782593
905866545984921601
905870895130038273
905872096298983425
905873548270592000
905874481608101890
905875801547079680
905876817986375681
905877556846616577
905879302067118080
905879486654283777
905879557969911808
905880690021068800
905883721647128581
905884175382843393
905884867539460103
905885159051976704
905887725961613312
905890555481268224
905890821756596224
905897703099568128
905902214341853184
905904474220367872
905906203120816128
905911368292937730
905926557247709184
905927335643422721
905927744218963968
905928816362745858
905932966559449088
905933747534651392
905934804092194816
905935601844834304
905935671059255297
905938701867515904
905940366586675201
905940600611979264
905941103513391104
905941335445827586
905942371443101697
905942499780247552
905942597079900160
905943053017468928
905944258875666432
905944984079228929
905945548221423617
905949357899436033
905960558788321281
905962344722964481
905962629914550272
905964713242238976
905965367536836608
905965772626939905
905966188399706112
905967810731315200
905968541815513088
905971185875386373
905975435544207361
905981512679489538
905983078845358080
905984043132604416
905984747339440128
905986955221114880
905988720188211200
905993705957597185
905993862388310016
905994686174715904
905997005624938496
905997783651336192
906001126918643712
906010128142315522
906016366506815488
906018186012667904
906022359328423936
906032316606160896
906032451952058368
906033750235951105
906034329888858112
906034547984293888
906037375775662080
906039167171289088
906039324046528513
906040271531630593
906040475395792896
906040931698089984
906049049354264576
906058337913114624
906067425032097792
906068300077117440
906076152543846402
906076642929410048
906081694037442560
906082067338805248
906082260306284544
906083014005989377
906085533939507200
906088656619921412
906093047615819776
906096137135935488
906096428682010629
906098840075415553
906101981478961152
906106340212387840
906110511015751680
906111818829099009
906111877096382464
906112236992827392
906119735426863104
906136618876194817
906136789580165126
906139896183754752
906139971798618112
906140495327490048
906143045007101952
906145411429277696
906145426084126720
906145638735200257
906147970789253120
906153210527797248
906153760451387392
906153923760840704
906154102295547905
906154709332795392
906154918213328898
906155216013328389
906160976885678081
906164798739673089
906165147487621122
906166150584836096
906167781745352705
906168304330563584
906168513412419586
906169162069929985
906172376995520513
906172477662830592
906176090238046208
906181351577137152
906189724217470977
906194893730664452
906197371515744257
906198180802338817
906199135396794368
906199620673556480
906200958257971200
906201244733239296
906203612405170177
906207056776089602
906210243348234241
906214434942701573
906214815416414208
906220144673873925
906221127822962688
906223206939467776
906230164480282624
906234726587006976
906236475209129984
906238768650248193
906246886583095296
906248470494945282
906249700663324672
906252330911358982
906252991132565510
906259465854443520
906260987573141504
906262124091101184
906264577473699842
906265050977112071
906270392007892992
906274928147693569
906277006014218241
906277112138616832
906278554538844161
906281912922198016
906292443993305088
906293183864328192
906300976046460933
906311653469429760
906313761111334912
906319995537371136
906326281897181184
906326479943995397
906328394647908352
906353112931237888
906361103080349696
906362042164105217
906366055706218497
906375630446571520
906391945043255296
906394188568072192
906396778555088896
906417516989353984
906417517140291584
906417517282955264
906423419104780291
906425709622693888
906426866420076544
906429628784443393
906431346767212544
906432235523461120
906432508157353984
906432626017402880
906432947288461312
906438491357114368
906439576817995776
906440551599353862
906440695459799040
906441684459954177
906442813579051009
906444837741891584
906445349006532608
906446523013181441
906448750595502080
906450175819952129
906452168554762240
906459357142933506
906459379804852224
906461758000377860
906462585498808321
906464395760427008
906476557153091584
906485985545945090
906486206329999360
906487677956116481
906499354881556480
906499676995768320
906500753266761728
906502607975284736
906505978660696064
906511534704259077
906512230958723072
906514964390785026
906516315799736326
906516332161761281
906519738792206336
906522709181349888
906536721952727041
906537422380400640
906547021896716288
906551017390657536
906552688820850688
906562530767552512
906565621172891649
906567558479974400
906569620794101760
906570859816607744
906574852680769536
906581131029557253
906581575189630977
906581641686007809
906581721453256704
906581747780943878
906582016237428739
906582879827845120
906587910501277697
906600729128906753
906605233509486593
906605425893748737
906606713960374272
906609567789875201
906609796350177281
906614936490606592
906615257354915842
906618012169412608
906618159788048384
906618577125613569
906619087995973633
906621127883096064
906624729360072704
906625719769473025
906625787968749569
906626821478694912
906626934691581954
906626983349628928
906627090312830976
906627174219894786
906627662403305474
906627805437419520
906627842368311296
906628083947593729
906628365796376576
906628467705475074
906629510250078208
906630829119561728
906632833569083398
906636894074785792
906640466216591360
906644726924955648
906649287827881984
906649657346072576
906655486996557824
906657165578047489
906661734840225797
906669043431694336
906682664832221184
906685036304392194
906686180095393793
906687666133110784
906689680783024131
906689845925257216
906695699882016768
906702704805765122
906710861464584192
906722640735354880
906731762100740096
906734535790022656
906738027145306112
906744836610551808
906749494364180480
906753906339966976
906763538210979840
906764034761834496
906768728187998208
906769068358647814
906783932099780614
906791608951111680
906796702950182912
906804047155474433
906804139752964096
906806289031987202
906806962779803648
906807241126432773
906810542031077376
906811140138774528
906811287799308288
906812424455692288
906813394153611264
906816129703739392
906818198338625541
906825412931616768
906827515565658112
906831082083012608
906831164614246400
906831362979753989
906831490922827776
906832215899811840
906832373400162304
906832471534260224
906838411100565504
906839583408771072
906841011158175744
906844440819531776
906851929443139584
906859637449924609
906860464331571200
906862054807527426
906863185591926789
906870976100564992
906871604822642689
906887661436239873
906888837133201411
906892094425501696
906894840012660737
906895302212419584
906916576544346112
906918919495147521
906919859296112641
906921253205954560
906927718322798593
906936110433042432
906943951126614016
906945662817894401
906948112291332096
906948537933590529
906948827667681281
906949950969393157
906950721572151300
906951099877380097
906961326869807109
906962402704592897
906963885386866689
906965929246027778
906967409831153664
906972000941477889
906972804997722112
906973000205029380
906973569183354880
906975028364922881
906976874299043840
906976958596214784
906977086526640130
906977908790611968
906978451785121794
906979127898644480
906979438688178178
906980121185280001
906981922131386368
906982657808125952
906986426843017216
906988822596071426
906989955502747648
906992771311042560
906995902589661184
906996064489820161
907007512431480832
907012127415611392
907013069875814401
907015997839872000
907019170063187973
907019214556348417
907020819297161216
907025102939807744
907033300606308352
907033457125191680
907036360414040065
907037781029015553
907047669519880192
907050929337327616
907051089580630016
907052557926785025
907054629581705217
907056333723197440
907057382718672897
907061555736576000
907073555925487616
907078397859438598
907078639963004928
907079498415341569
907080670316462080
907089746781929472
907090602847817728
907099354833588230
907100919166324736
907109566961172480
907116649899331584
907119263785340929
907120404405391361
907121669885644800
907124065827254272
907126881270550529
907128353244585984
907130697382547456
907130761224101888
907133874223824896
907135350186938368
907136448696127488
907138773582049282
907142836897927168
907143347067744257
907145030653095936
907145452604313600
907146819125293057
907147253629849602
907148654544408576
907148886069923840
907149245937045504
907154941944500224
907156015124242432
907156694597341184
907158139115634688
907159163792510976
907165753891319809
907172835117936641
907179128679518209
907180211250266112
907182947987488768
907186247252279296
907187346973626368
907190045194551296
907191024153448448
907198862854688768
907200783443251201
907201400442179584
907202360073756674
907203159927308288
907209244184858624
907210053702373376
907210847663132672
907212264490631173
907213770690310145
907215855251009536
907217074103058432
907224926293250049
907226117886681088
907226239080988673
907226851059404800
907228030061465602
907228108083879936
907229362608623618
907231557064298496
907237220192587776
907238866448535552
907241642264023042
907243985202237440
907244928069074944
907246201870929920
907248369478901760
907248791853699073
907248795649400832
907251451067551744
907253059578822656
907254465773948930
907256713648263168
907260181075185664
907263774284972032
907264125356707840
907265708341460992
907269980215017474
907270695796781056
907270845919322112
907271739733942273
907277614284492801
907277711579779079
907278392336306176
907280076768555008
907282145818714112
907284328933203970
907286151362437120
907293082873421825
907293104675459072
907296919806005249
907301532512768001
907301574371938304
907302098961825792
907302259591143424
907306037828517890
907306045776826369
907311738722254848
907325259061370880
907326064220717056
907327279029768192
907328114535084032
907331901144395776
907333364570624000
907333852330381313
907334674833436675
907336557694140416
907337507276152832
907339392888573952
907339626666323968
907349776861102080
907352411320098818
907361979366383616
907370183416836097
907372578372820993
907378761083080704
907383071246299136
907383865244708865
907386155309649920
907389571004080128
907390014719492098
907391256023769089
907392604656033792
907393404744716288
907393874091560960
907395955716247552
907398400588599296
907405445744156672
907408175837728769
907411895782662145
907413981576536065
907416194189107201
907417963644334080
907419849432764416
907423309716914177
907423611694276608
907426529273098240
907429916169424896
907436770500988929
907439591594086400
907442476855721984
907445242567241729
907452275186159616
907457051210731521
907461662449352705
907468043407839232
907470158419111936
907470538800541696
907476871406899200
907480184496025600
907487686017126400
907496049849200641
907498864248283136
907512181561978881
907517145541746690
907518592983343105
907520363441029120
907523444127842306
907523790976045056
907530589947023361
907534623202271232
907549301987057665
907549510439710720
907553074364993541
907555471422353408
907560434517102593
907560953759375360
907565204300582912
907568101448933377
907568841588428800
907568858348879872
907568938481016832
907568960723439616
907569124716490752
907569163710943232
907569208187387904
907569236289212416
907569565944750086
907576939539566592
907587411437342721
907597180382404608
907599613611401216
907604115261460481
907605101350715392
907620500326756352
907627874743721986
907631117364326400
907634443023798272
907635227790647297
907635567814483968
907636442448441347
907639531955998720
907640259260936193
907642952830386178
907648637383065600
907657733570252800
907663118653956099
907669389788405760
907675226758160385
907677779403124738
907678440958164992
907679017159012356
907682224891248640
907683256337932289
907683947114631169
907684045693349889
907690471790694400
907691337083957248
907695408494858246
907702170946031616
907702855473287168
907712562753626115
907712971715043330
907732039855689729
907733633288609792
907737205170425856
907740371832143873
907745675546382336
907747866659229698
907750176047206401
907765554433478658
907779333007196161
907779771878256641
907783646152679424
907786829222617088
907787367339122688
907799431415828480
907803838391791616
907806664493076480
907842943565881345
907857944947159040
907861102368878592
907865584838340608
907869713522405376
907874661425442816
907875016968204288
907877413165690881
907877768863645696
907879149607546880
907882525598650368
907883712590651392
907896977270210560
907900444927778816
907903294709923840
907908917837090816
907925831200145408
907926927339597824
907927113180880896
907935349950775297
907941522053754880
907968377129508864
907968838083506176
907978344460947457
907982035905544193
907982424692240385
907986548536291328
907995815280594944
907998596674584577
908008726778351616
908010646847066122
908017688286515201
908020811415650304
908025269524541441
908029429426860036
908031941840121858
908033907530051594
908034806482698240
908036071962931200
908037387707707393
908037593622818822
908039268001611776
908042986684022784
908048862421684226
908050343480758272
908050374531133440
908050802354384897
908052574036774912
908053126426525697
908071121643339778
908071966803984385
908074814325346304
908077898824908800
908083427324436481
908084828645588992
908085800897826817
908086568853938177
908089125697474560
908090594974674948
908091000152903680
908092919990628352
908097775195303939
908102026541674496
908102389776965632
908130679615098880
908130883340713984
908139201077620736
908141190427627520
908141479411023872
908142744798818304
908142900856291330
908146112028184576
908149300068339712
908156177116127233
908163928588419072
908183642563891200
908184617429200897
908191156781150208
908198699360284672
908211060393562113
908218749416812544
908219442709929984
908227620353069056
908228464645492741
908229718792654849
908241034542546945
908241962775470080
908242307970990080
908242687576481792
908242995018977280
908251954165448704
908259926132359168
908266515824365570
908267143065686017
908269110412410881
908270351494381568
908281480698322944
908283783354384384
908288902519250946
908292505426329600
908300547547070466
908301273589440512
908302021463339008
908324918969978880
908326385156083712
908339287422148608
908348168449933314
908350048320344064
908350396036460544
908352832490934272
908353100083318784
908359695647219712
908360038812606464
908360130575683584
908360649415294976
908361925150552066
908362994886815746
908364089180618752
908365754306895872
908369127810596864
908371688831819776
908372596126879744
908372686677692421
908384461338894337
908386114322366464
908392137544400901
908392703968325633
908395286418149376
908398762644701185
908402160882405376
908402246035148800
908402888594132992
908402940704157697
908404023556009986
908410226356998144
908415682064285697
908417412621586433
908422608525430784
908424165438496773
908425190119477248
908428316541161472
908430022775640066
908433743160811520
908433996878622722
908435985830203392
908436856974569474
908438866897588226
908446604566433792
908448801538678784
908450595295678464
908450845431353345
908452482858274816
908452681689288704
908454940749778944
908456234277150720
908456309346979840
908458206837592064
908465699982540800
908468403194748930
908468405283512321
908475817029701632
908476192419749889
908482005251379201
908482079154896897
908485924065030149
908495793065283585
908496519308947456
908496570039062528
908497137520009216
908522853208875010
908527037475729409
908529386269413376
908550277250277377
908556765016481792
908568545549737984
908577239079538688
908577516750872576
908584069952413697
908597162434596865
908607973089570816
908623361051435008
908623425106825217
908624687135121408
908626376906944512
908633415905415168
908635561287651328
908636494969102336
908658494903017472
908664008332341249
908665147102777344
908665502716841984
908676560210792449
908676578661617665
908679331374931968
908679371392737280
908684351549919232
908684570928623617
908687958651392001
908688031217004546
908690508385587201
908691358277406720
908692700731494402
908693703149146112
908713714613923840
908715636854894592
908717295194841088
908719976726564864
908723084269637633
908725983360045060
908727081458126848
908731662049202177
908733473145356289
908737089067454465
908737444304039938
908739953118662656
908740285965885440
908740954265407488
908744934483775489
908745488572276736
908745514975399936
908748641376047104
908748868325486592
908752839907905536
908763443532107778
908767462681972736
908786590662692865
908789937687871489
908813255933542400
908817180116111361
908817285820841985
908829422475665408
908830021803958272
908846901784584192
908850433837469696
908851950074155009
908883487452798976
908891714089361409
908892197784825856
908899053777297409
908901435819134976
908903370605383680
908906397143666688
908919005653684225
908929442688376832
908934953227792384
908942882920427521
908949197520547840
908956536973774848
908959757922422785
908964258842578944
908964465634365441
908965760399298560
908968198132895744
908976576657854464
908995118010470405
909017121337700353
909017757617987584
909018295755579392
909033299607158784
909037962398183428
909038559612588033
909058595047788545
909065989995642880
909070119917285376
909071619393560576
909073432805101571
909079785896333313
909086646557167616
909095807734906880
909096007371313153
909098138530668544
909099889195388929
909104863669256192
909113866302447616
909115093564174338
909125347798601730
909126766714859520
909130876306563072
909135430423126016
909136331426500608
909149623188623360
909151056797605888
909151672517226496
909159708799504390
909166131520393216
909167733761282049
909176982604275714
909184927878516736
909193344579862528
909195276916846593
909224634066833408
909230423494062082
909231453233467393
909232199219634176
909232675424231424
909242491349622784
909255269712121856
909293482921070593
909294708358287360
909298984870711296
909300670557249537
909311547637452800
909312276716556289
909327699910340609
909330319672832001
909336416458559488
909336416559255552
909336708021329920
909337699722711040
909337797697425409
909337988127236096
909343225944711168
909346738271543296
909368421967593472
909378183815925760
909381662059794432
909382974516416512
909384252537675776
909391055698776071
909408336419917832
909409266955636741
909415724493541377
909419752698908672
909423236613656576
909434269554032641
909441282501521409
909446870140903427
909451003510099973
909451480138215430
909452035841515520
909453154533756929
909454618689773574
909455220601708546
909455229397159937
909457935960551424
909464747124363267
909471508325703680
909472038900961288
909477118987423744
909477743569571846
909481509224112128
909481551603408898
909487647575494656
909488183687213056
909490469947789312
909490974019252224
909491136842145793
909493145058111488
909494709550272512
909496151526842370
909501382679515138
909506388992434176
909514553620336646
909520331299344384
909524490345840641
909524933683773440
909525321669636097
909532417597345792
909540507965181952
909540635492929537
909552708813754368
909552728250167297
909554497235689473
909556345074061313
909556620413276160
909571172819509254
909571348715806720
909571556334034950
909571691776376832
909572018521219072
909572081875959808
909572086061989889
909572094014390273
909572692134604801
909573004178444288
909573028534788096
909575336219865088
909576919149985792
909577428745445376
909578246240354304
909579230207455232
909582848205754368
909587802832203776
909593397329108992
909594269324804096
909603173417054208
909604664458534912
909605274746572800
909606025111724032
909607692355895302
909610054390833154
909643369940258816
909651046779285506
909657789546598401
909657837634236417
909666719609716737
909668764328906752
909674648241090562
909675840128126979
909678584041758720
909679894107389953
909685338573914113
909690500885749760
909697027235295232
909700088171294720
909702073406693376
909712242068901888
909715722942734336
909720950249263105
909721060173631488
909721122253533184
909730952875790336
909732559294271488
909737958604931072
909745628099563520
909745776791875584
909746678999261184
909753357572620288
909756350619557888
909763479686598656
909765958184706048
909767001652031489
909771495454494720
909772108221304832
909773806474088448
909776820265943040
909776920342130688
909777470131441664
909778857699495936
909779392867524608
909786956623695872
909787486615998465
909788286918545409
909790305494405120
909796771970330624
909797708134789120
909801227164274689
909803906917650437
909803962286723072
909807039290933248
909810521704189953
909812951917326337
909814373383892992
909818011082739717
909818884689186816
909822819588067328
909825333469335552
909826996120596481
909828069220896769
909828436939722752
909829305097687040
909833723796914177
909836062138163202
909836280233635842
909839457833992192
909842457600434176
909842634583281664
909843247819759618
909843892887015424
909844766141030401
909846867919429632
909850464530944001
909850936016818181
909851766019239937
909852058769088519
909857653546987525
909859340529668107
909866075290050562
909869226470633472
909872081533358082
909880222039904256
909880382077648896
909880799817805825
909883915644624896
909895221948899329
909896466801594368
909903594622615552
909903654177603584
909903939826569218
909905201041231878
909908118993276929
909910302564773889
909910599517261824
909910755889127424
909911074757070849
909917286915506176
909917846863536128
909922635932405760
909931917910437888
909935472603938817
909935588786294787
909936336596905985
909941278351282177
909941342935142401
909950410605125633
909958458287341568
909959478266736641
909974348764676097
909995773663858689
910001111746076672
910006100887564288
910008161548898304
910011997659463681
910012187262853120
910020489430683648
910028750540206080
910038967474630657
910043328556752896
910043537579872256
910043777045270528
910046703855824896
910050289549500416
910058089331781632
910061675834994688
910063936996646912
910066416669413376
910067162823446528
910072694288379904
910073218580516864
910079845572530177
910086312325206016
910092634013732864
910101445374070784
910103214137266182
910103769052061696
910104409119629313
910104945113919493
910105253927948289
910106197939949568
910106710060208128
910108622679556096
910120309700874241
910120678170513410
910122499131809793
910124068187381760
910124886093369349
910125287920345088
910127853584257024
910129786051325952
910131074365317120
910135924243103745
910137554510499840
910137695934074882
910142973597425665
910152430507249664
910154400173191168
910156705341861888
910160795195015171
910161751089524738
910166960419328000
910170658553974785
910177353057349632
910184990452981760
910185972792410112
910192949073530881
910195061413072898
910201720730472448
910203096831229954
910213048669032449
910213313749012481
910213689982070784
910215514516885504
910220110949965824
910225381625655297
910231418499944448
910233597621231617
910237472117882886
910240340585713664
910243875964547072
910247584110989312
910248098408038400
910250923758415875
910251338084306950
910255894364950528
910259040902684674
910259402468446209
910260172098084864
910261647792623617
910262757055979520
910263381193506817
910267805743935490
910280278777696256
910281281233149954
910290378653421570
910304045377753088
910308543634526210
910312846298275841
910320583107383296
910322100447076352
910323184217595904
910328049371013121
910344280509730817
910356595799990272
910379938645254147
910390216073953280
910403405088198656
910403619815555073
910407035254124544
910421110491090949
910424495785201664
910428442067374081
910429503293358086
910432682156294144
910442891524308992
910447523084500993
910448331951927296
910449783164239872
910453546910453760
910455102397280256
910455854855589888
910457524603817986
910459955634896898
910468755674804226
910470384776073217
910482008006119424
910483572800270340
910485689753587713
910493806608470016
910494474635235328
910498200951410688
910498819217018881
910499137967329281
910501877254680576
910504031893770242
910504862370189312
910505809011863552
910505985994768391
910507803818598401
910515031435104256
910516395569446918
910516522061258752
910516813594636288
910523422983069697
910525291533078528
910527049822986245
910527406326157312
910540623815544833
910556915800797185
910558125912190983
910559382865408004
910562847347879941
910564121577492481
910564233548623874
910567918701826048
910569327123947520
910570381148348417
910571554718674944
910571595424501761
910579753773666304
910587117255954434
910587703015743489
910588354600808457
910589615815438336
910593355888889856
910594300265861120
910594756371271686
910597289315586049
910608230958735362
910610607048708096
910610663680208898
910612629126705152
910634168962383872
910634615672471552
910638948073930752
910640202913337344
910643900624154624
910685500549169152
910692536473276416
910711721244844032
910737398341894144
910747177378557953
910760519438499841
910796419317059585
910811029793361920
910812564480778240
910826895976960000
910827180464119808
910829360566931456
910830430122889216
910835462432022529
910835642095079425
910839239381630977
910844253701472257
910854846995156992
910857866722000902
910863938409107459
910870267165122560
910884814269636610
910890745887969280
910900243855740928
910903618966052864
910909690304897024
910910651605843968
910933032420421632
910934890505371648
910943432205639680
910961475791065089
910967692479356928
910991908293443586
910992580015509505
911003014802092032
911005640855867393
911022643742216192
911038183617556480
911039615582208000
911043654697046022
911049355163029505
911052359098396673
911054475988688896
911056997176377344
911062198964891648
911067616306913280
911085969520025600
911106563791716352
911117091054456832
911119347602608130
911135460558360576
911137151181578240
911199553906503680
911203351550939137
911208172479795200
911212732120170497
911218281603678208
911226777573437441
911227849616609280
911231286043398144
911234100412874752
911238781658914816
911239784118587393
911243017935343616
911253218377781248
911254465411416064
911273134757748743
911299295814459393
911300983451525121
911302826344767489
911305880871821312
911306117229240322
911306153086345216
911312742778327041
911327606536105990
911333130040217600
911333966355091457
911334080444338177
911339290176610304
911367251508555776
911387714230063104
911427174695149568
911463858082074625
911469936484155393
911471355819909120
911472520146153472
911475071138529280
911481285855588352
911489360729690112
911497885207932928
911499089816076288
911504855314944000
911540324463513601
911542563756216320
911544473468928000
911547745005035521
911558163643748352
911564327920029697
911568438446796800
911572473371594755
911574449731780609
911575994481414145
911576247825813504
911578629330661376
911580615379693568
911586704229752832
911596042013102080
911599186893828096
911606148993654784
911610399505752064
911617226750529538
911617443029831681
911619433864429574
911620156182323206
911620330367488000
911623394331897856
911624094357102594
911627406569598977
911629575053905920
911630417656143873
911631069476204551
911634239958872064
911643280764542976
911643894378528771
911657946140086272
911662302881034240
911662895406178306
911662972623351809
911666021848584192
911666643037822977
911671640563400704
911681973646741505
911686188485951488
911692110423879680
911703538224463873
911705345151655937
911713199380221952
911718471209189376
911721025125191681
911749849527308288
911751479538671616
911754896663293952
911764675506909184
911766852493303810
911773421628932096
911789052910755840
911789981600972801
911790298665283586
911791155557347328
911800340235915264
911816481188564993
911829362726580224
911833845187608576
911840480601747456
911844373318574081
911852102581915648
911855225501126657
911870561290211330
911872212159823872
911876202629038080
911919888641462272
911923159540084736
911931955788124160
911935744142446592
911938906228183040
911949306814443520
911952728083042304
911960500551995392
911967592750792704
911969131620179978
911969216353456128
911972353684525056
911987305971376128
911991134540374016
911992126895824901
911995195016716288
911996645851779072
911998741313241088
911998973270884352
912010135899459586
912011643420364801
912012741900161025
912017541018644480
912020996932165632
912031421258194944
912040703668228103
912049891555397632
912062041749368835
912072943169089536
912080573866405894
912089455846191104
912094465124335616
912096547579494402
912104814410072064
912124687060172802
912127174257385472
912129145987063808
912134431686541312
912145000875659270
912146749996769280
912156970173517831
912213525782761472
912215031097544704
912215667386003456
912218277903990784
912218782470459392
912227972333096961
912230095334424576
912234159506182144
912235986683174912
912238404288512000
912252082312409089
912252422038392832
912257767993462785
912258035271299072
912261910812389377
912262384789663745
912271706194157568
912284069345546240
912291374560612353
912303618971373568
912318859390091264
912332851168804864
912336995145388032
912338143419957248
912341117340983296
912343329404325889
912344103685443584
912344986989076481
912347065283481600
912347802218434563
912352245248704513
912353051364724737
912359728688312320
912362058217250816
912362618026905601
912368288902123520
912371008878690304
912371674644959233
912374331157700610
912377168990056448
912378825773694976
912381417887330304
912393194645491712
912394260821004289
912407311397933056
912411824032796672
912418887286829056
912419266426757120
912422464088674305
912423347992047617
912426406394687489
912435644340809730
912437363598659584
912438355962580994
912445599114506245
912450788743680000
912450968243113984
912452726847606785
912452954250141696
912459199153500160
912473010099163136
912473582911082497
912490763375824896
912499205087703040
912519357615542273
912523477286047745
912528032631488514
912532936691503104
912533518001065984
912533711803027458
912535051497361409
912536083023515648
912536093773455361
912536413752713216
912538179990966277
912538723547598849
912541181497806848
912541238041116672
912541742607499264
912542167373148160
912543818720989185
912544081355640832
912545198118522880
912545803541114880
912546175148072960
912546203706941440
912546334326091776
912546428484014081
912546803056349185
912547430096179201
912547569754083329
912547625941037061
912547795009200129
912547821030658048
912547859177775104
912548261868609536
912548584373018625
912548688387624960
912549992837140480
912550435721904128
912551018461884421
912551603852386304
912552234260381696
912555565804597248
912555839248060416
912556413855072256
912556439465529344
912558128943763456
912560532984664065
912560636701347840
912561616595628032
912563397820022784
912564973636907010
912565085180170240
912565610718093312
912565759636680704
912565775579234304
912567088803348480
912567321495048192
912568188151382016
912568403302346752
912568943256248320
912569709811335168
912569826446635010
912571611357708288
912571985661640704
912572405494796288
912572449140514816
912573566486532096
912576749971656704
912577915510038529
912578770128850944
912579014065258496
912579447752097792
912580234158931968
912582525087813632
912582680084140032
912588182797070336
912588403404951552
912588454185308161
912589896505810944
912590285825290240
912590365101760512
912591047104004096
912592788151164931
912594023642042368
912595434744328192
912596709410328576
912597674679050240
912598244575850496
912598601037103104
912598775499300865
912600589556748288
912608677764505600
912608869519626240
912610018746408960
912613533610803202
912613587264385026
912613673256013825
912613708089655297
912613713957580800
912613720249028609
912613778528731136
912613842282254336
912613900604051456
912613963929718785
912613992849387521
912614028526194688
912615462541897728
912615957901619200
912617124748775424
912618700544585729
912619394274086913
912619401442185217
912619757886738433
912620294698864640
912620569945939968
912621085874642949
912622908555571200
912623372999069696
912624149897502720
912625243654631424
912626319925633024
912627780797521920
912631952448028672
912632031909203968
912633015276380160
912634963836784640
912637941524172800
912639495492612096
912640024411234304
912641363199500288
912642362739953664
912644740889370624
912647207572185090
912649509083258880
912651708043493376
912652250379620353
912652786831122432
912655719500881920
912656469023236097
912658030294130688
912658548953419776
912661755909812225
912663389889073152
912664715834347520
912668739035734016
912670617664737281
912672430002458629
912677128457588736
912683711006674944
912683936031047681
912684183721435136
912685565723672577
912686080771674113
912688078963265536
912689971013849088
912690012524859398
912692432629846017
912693552249032704
912693989559750656
912694832606441473
912695328687747072
912696157624815616
912696752343539712
912698570523979776
912700218948440064
912700700047667200
912701178189934592
912701613550301184
912701858069843969
912702800554975232
912704205160411137
912704734129254400
912706309916692480
912706870791503872
912706911363108864
912706986478841856
912707485986967552
912707762412331009
912713191100239874
912714302598946816
912715436793442304
912719550906535936
912720022342160391
912721111204339712
912721258005098496
912721817919524864
912722939484745733
912723091335389185
912723528981544960
912725445992476672
912725833000898560
912726153173094401
912726227412283392
912726677880475648
912727257122312196
912729026254524417
912730349586743298
912730585273110529
912733526449119232
912734617286868993
912734625658744832
912735132343324675
912735208658612225
912740964946661377
912741516065505281
912746044647231489
912746370288799750
912746568113164288
912746579412635648
912748289019273216
912751409178845184
912751991360819201
912754796498706434
912755805627256832
912757408291725312
912758909445668864
912759152707035136
912759698813833216
912760692834480128
912760970937868288
912761805574934528
912764507574771712
912768878924718080
912770756328685568
912770811588640768
912771249914437634
912771929802788864
912772754956570624
912773101674483712
912775378795745288
912777428124225538
912781570846679040
912783936010571777
912784922074648577
912785797807517696
912786347324145664
912786911021998080
912789875136528384
912791907700498440
912792183253614593
912794409175044096
912796728214081536
912807897217814529
912818502536450048
912818533716852737
912818907278397440
912826993464487936
912828984089546752
912832844090703873
912837844963557376
912841788033044480
912846684895539200
912847959938789377
912852921414537216
912859747631611904
912860343558324224
912860530682953728
912864124383649792
912865454800228352
912866959535988736
912871476168192000
912876987907223552
912877513436794880
912879519576592384
912881996325642240
912887573068046336
912894089762353152
912897112995717121
912900236493942787
912903899799068672
912912359311728640
912914713570418689
912916449777340416
912920932028682240
912938176062291968
912941201308966913
912943776750084098
912945369402740736
912948823307071488
912951223308955648
912962176570281984
912972850373566465
912975457989128192
912980674088439808
912981057368141825
912987601346400257
912988775327952897
912991520910925825
912991552791859200
912994743818293248
912999299243319296
913001784356065280
913010592008605703
913017585981149189
913017645129175041
913022670765248513
913024567433670656
913025433104502785
913025435818217472
913027032841322496
913027461474119680
913028224006938624
913029737307627520
913030785057267712
913031088297185281
913035606804090880
913036956120027137
913041565941161984
913041946943385600
913042640664502272
913055415264522242
913062827417509888
913065573269065728
913069619388178439
913070481640587266
913072062905843712
913072926605365250
913075965680603136
913076482423103488
913077435339591680
913077623688921089
913086720031252480
913088091824574464
913090823977263104
913091839636512770
913096626817966081
913096970083999748
913098594437222401
913099451660632064
913100592301662208
913102027412164608
913104431889227776
913107959814803457
913109970593488905
913112391533121538
913117630621462529
913119141007118336
913119833495146497
913128512760029186
913131533921345537
913134232528179201
913134883484073984
913134917042757632
913135651884814336
913136827950944256
913136976022212608
913138226340261890
913143987644633088
913145856601313280
913147297470480386
913152254210920448
913155080744030208
913162095717421056
913174577517391884
913177730375733249
913178121297330177
913187106498936833
913206959645642753
913225482765664256
913225804665954304
913229595566116869
913234552746860544
913250033469759488
913252492623757312
913273507320037376
913297243331076096
913298481288228864
913301071187070977
913301318911119360
913304780906283008
913312634749022210
913315694372044801
913316089567830016
913325824119656448
913329057948930048
913338444792963073
913340586412974080
913342580187910144
913342768298299392
913343946457092096
913344021526925312
913346091868966913
913353345062010880
913362827964043264
913367722301513728
913367764647235585
913372703209422848
913373028100329473
913376571012116480
913396976900698113
913397013240336385
913397274952085504
913397809302224897
913400524287959041
913405345191604224
913406895423188992
913408280386572288
913410656887480320
913417625304100864
913421826738372608
913433452904632320
913434013293010945
913437868361646080
913449065777639425
913452744618340352
913453575514345473
913454445840801793
913463326436405248
913465329623343109
913467088278192128
913475732344594432
913477332064772096
913477360145530881
913479349088784384
913484021522366465
913498215479169026
913508858622070784
913509519120007168
913511781133373441
913537592267874305
913537891913076737
913538821844697088
913539044222619650
913545617812656128
913550832708325376
913554487926804480
913554951846146049
913556548592521216
913557374039977986
913558118948311040
913559251406217216
913562522959187968
913565094910611456
913566107860176896
913566549100941312
913576200018251776
913576837300801536
913579971699933185
913586112576110594
913588152152948736
913588533960560640
913589534700400640
913595729272279041
913601528337883136
913605407632797696
913608174602719232
913610598499225600
913611247354044416
913611396247703552
913612963692478464
913613790352044032
913619233334022144
913619736629534721
913622183179685888
913622204130217984
913625284422795269
913629173389725696
913630255524564992
913630657334652928
913664400099352576
913668355348983808
913688858784665600
913692354724421632
913702712839163912
913705572159119360
913708861382676481
913711601529839616
913715808056090624
913715934459842562
913715950599512064
913716953881161729
913724770809659392
913727719195709441
913733429467992064
913733746624536576
913734680272400384
913736379808534528
913738353220227072
913743160332795905
913745841336340480
913747802139881472
913747980410290177
913748438856208384
913750002928947202
913752804350709762
913760553276932096
913769500566319105
913770693833187329
913776593528659968
913778160541593602
913780483355488256
913782475641548800
913783471138623488
913786761104433152
913793763767734273
913794154253242369
913794350966018050
913795796751065092
913798180785016832
913799264152821763
913799853469257728
913801236742311936
913801565567320065
913802853654949890
913803120823750657
913803624152731648
913803652669874177
913803839756800001
913807082763309056
913812874698657792
913818870015721474
913818975733239808
913819068406358016
913825198390042624
913830474832900097
913832688167133184
913837289733795840
913841789714317312
913845086097723392
913846499154460673
913847722658156544
913866676273319936
913871714492313600
913897473407639554
913899407795478528
913916491023740932
913922318774132736
913923566973878272
913944436165443584
913947343245971456
913949847656501248
913950544774840320
913951449876443136
913955961676664833
913970419455184902
913977056085643270
913979393608908800
913980166593904641
913986522235506690
913988677700866048
913990055508758528
913991610756505600
913994216266698753
913994979197853696
913995408292098053
914000356299882496
914002633383223303
914003523859226624
914004440314609666
914007046223167489
914021658746392576
914030012986200064
914034138906284032
914037112248393728
914038783271669760
914041513969143813
914067270967742464
914067470218121217
914070692265693184
914078824278691841
914083375006306304
914086447107502080
914088624991457281
914089788940185600
914101449935790080
914108976261935109
914109466940817408
914111702085591040
914113083244777473
914113726256635905
914120148574965761
914120329768919040
914125937956048897
914128001142534146
914129790139092992
914132064580104192
914135374313771008
914136026528014336
914141533238067201
914146107311181824
914146797081190400
914155483476275202
914157000979861504
914161358370934784
914162360054673408
914165241528963073
914165244108443648
914173840678416385
914180300749520896
914183284153835520
914188468338688000
914192105618251776
914201310458675207
914208337151119360
914209342940905473
914215511092858880
914217340560183298
914217792806834176
914218478546112518
914218872814882823
914219959164768256
914237477937930241
914247998493925376
914254317229608962
914257347165540354
914258982943916032
914271141396647936
914272830044409856
