947824708119965696
947848056564629504
948121310156161026
948124616370900993
948124790426087424
948124790426128384
948124790438670336
948124790438670338
948124790438719489
948124790455496704
948124790459699200
948125189744689152
948125403645870080
948126306259968000
948129997247696896
948185088994537472
948195493393453056
948279578287624192
948466385893646336
948485152044445699
948653067649585152
948836539920015360
949094156156022784
949160937470210049
949668038445543424
949723649661112320
949838092738834433
949876094643060736
949880695551418369
949909442476281856
949936176940634113
949954438969540609
950023137994817537
950024244338991104
950028511611244544
950030577733808128
950032966406701057
950036636821319680
950037736999739397
950038893382000640
950039531314610177
950039854691205121
950040434373472264
950040920044453893
950041784905736195
950051810554691584
950055217579548672
950131084594827264
950191470828445697
950211816142995456
950274106582212608
950295505908543488
950297132891860992
950332398595698688
950355561656143872
950412740916465664
950428511931531264
950745980055547904
950875015704006656
950992045170184192
951216233227038721
951258124165484544
951293275037560832
951450561446141952
951453094411354112
951473183021871105
951496376260616192
951620538589503488
951641142222782464
951665799386861568
951676930968895489
951695228896882688
951739196686905344
951746596693196801
951817048002256896
951827821474836485
951832888189837313
951835648247267329
951860900708913152
951978145359548416
951984974084870144
951994805554262016
952013560791687168
952025108138180608
952349548999053312
952353700365897728
952367231194877953
952384510909341696
952407418511773696
952413667202650112
952438361989447680
952459035290238982
952514981446279168
952515064216473602
952526498174402560
952536108142821378
952574912610349056
952596319964577793
952601645812088832
952661887367356416
952803175433564161
952947693952880640
952964445562486784
953098539134955521
953255970263781376
953364691648176128
953512221270839296
953512596640075776
953513285751590912
953533734686310400
953549056462262272
953568380061212672
953595487399108609
953622167807172610
953766485427548160
953920379898261504
954677160467468288
955469755355422720
955599755706544129
956423907115970561
956425304205078529
956426367893229568
956432358206357509
956437545717465088
956439365206642688
956514806449651713
956646573781520394
956652690875957248
956833224621199360
957315577957310464
957315646739529728
957349971233210369
957922147720138752
958007077418536962
958007754282668033
958018150725021699
958022967052718081
958208140436279296
958208178260455424
958239073952395269
958753865045872641
958778008847962112
