914383325615284224
914550485046177792
914579277856804865
914580152159539206
914875880777834496
915096560354123776
915096990618456064
915146578696052736
915154469817593856
915154622070829056
915157012366970880
915161881127653377
915165718924152832
915167185672302592
915174885554520065
915179838624997376
915196505098739712
915202742053953536
915232476292960256
915302064401600513
915428383860908037
915900533289844741
915901162548756485
915907885514846208
916213027002777600
916274239505825794
916282810150871040
916374854537928705
916866633771241473
916887878323621888
917003642787340288
917064852862111745
917080738826158084
917082770878402560
917121034653978625
917144412433592320
917171488364617729
917270473087516672
917274965602381825
917282599676141568
917285180427075584
917455068621885440
917456779046522886
917510796678172672
917541452837683207
917601232969138176
917691185052909573
917691853868339202
917694536540753920
917704353292615680
917726677488123905
917752950189166597
917811669186891777
917816677181612032
917818141820014592
917873031829110785
918111937296195584
918147048242843648
918159807177285633
918188269430599680
918210312603557888
918258510197960705
918484325645082624
918735811918442497
918961658004828161
919279207506640898
919395761963589633
919420896120537089
919441808148410368
919443210639994880
919464087783817216
919595578794713093
920138728588435457
920227893782888448
920228073970139136
920230148900765696
920233543355203584
920234653574983681
920269970474520576
920384477498609665
920574209742446592
920918827193397249
921842831475560448
922067469061230598
922071699603972096
922072483502501889
922076589306851328
922095922468700160
922242437938020352
922328299996577792
922385497699340288
922584172383830016
922702941089345538
922764608540114944
922765661469675521
922769190972469249
922776915173187584
922812336490143744
922901402120278016
922929813081546752
923112724451733504
923205607863275520
924580894148526080
924981192239218689
925054532895129600
925054744820776960
925196794136547329
925301324643790848
925303227536625664
925303980825051136
925304078976118784
925308061887148032
925366630309400576
925382965026226177
925428078536462336
925497122237112321
