1068744437654667269
1068897302826250240
1069253811959517186
1069305271036665856
1069324659223658497
1069385587348709376
1069540311045554176
1069545713518829568
1069546101282299904
1069657590492160000
1069965597956554757
1070024451134115840
1070338759982546944
1070344155258179584
1070389390000746497
1070421410571530246
1070425253824876544
1070438733453934592
1070442027689623552
1070444769061552129
1070489311315804160
1070561968828801024
1070582593072971776
1070659024612339713
1070930605775314944
1071035773774786561
1071604090612912129
1071745828736315393
1071785796020121600
1072048242739765248
1072052761192148993
1072052992302432256
1072059920441372672
1072074155221180417
1072074205405958146
1072082387679502336
1072082865410596864
1072153228618424321
1072162357932146688
1072314013088972801
1072355398265565184
1072649227711451136
1072689997189283840
1072795860184924160
1073159589959323649
1073159797409644544
1073159820058910720
1073161022167343104
1073167832723017729
1073520065654312960
1073525856130068480
1073572417145053184
1073639336799813637
1074187105343946753
1074615302862778368
1074615557280780288
1074616011121254400
1074669495199899648
1074794237969948672
1074973955528773632
1074976160541376513
1074981100110307330
1075140109085876224
1075180368972664832
1075583791052115970
1075645170396348417
1075647317892575232
1075695864885039105
1076140791196577793
1076926030072422400
1076932766393163777
1076936494701527045
1077011723318640643
1077053660541022208
1077068412248121346
1077095244502421504
1077135058622795776
1077143920537100288
1077144241510375424
1077149443982426113
1077151180151611393
1077151775830925314
1077154397602246656
1077204060661600256
1077227977438416896
1077240859744063488
1077282275379707909
1077295373184655362
1077495111812997121
1077505993519423491
1077512010097520642
1077512532024188931
1077514021534818304
1077552194595909633
1077663453987393537
1078127453648826368
1078131213729034241
1078138532709974017
1078145975116476416
1078151276280590336
1078223540967665664
1078223667866284033
1078237522499518465
1078361160775274496
1078538697421742081
1078598456086675457
1078598627742834688
1078600437568221185
1078613299606867970
1078908875670056960
1078946170272010241
1079583004366843909
1079586669630636032
1079657815340240897
1079664338330243078
1079683270986461185
1079688604169908225
1079692463235784704
1079693853647486977
1079694044068929541
1079710645535141888
1079710968483999744
