1024692651486892032
1024700998235967488
1024707035714203648
1024723550765285377
1025434422395523072
1025589190614896643
1025589736646135808
1025598197371043842
1027339865770405888
1027595997646602240
1027973443059367937
1028058505222049793
1028311239733141504
1028408042151239681
1028969416212537345
1029028770613735424
1029037370350493696
1029038952597078016
1029043353399250944
1029045237048647680
1029045326383071232
1029048787954753537
1029052678570221570
1029064701119012864
1029098779021115392
1029242409182539776
1029424861842747392
1029702604865949696
1029804411118399494
1030064866495746053
1030377570276139008
1030381710926651393
1030466112666955776
1030647934277300224
1030714695131574273
1030999597340979200
1031029104655654912
1031075530093875200
1031079663232319489
1031207019506688000
1031234590319538177
1031241898592092165
1031242278168391680
1031242321696763905
1031244114753478656
1031250140701454337
1031264526761713665
1031265307757891584
1031284247137529862
1031663031254691840
1031703058433159169
1031819588177145856
1031848852876414976
1032415990678605824
1032482159209132032
1032602611667615745
1032850630493200384
1033113396932009984
1033251388875259904
1033400423644909568
1033502841854255104
1033652248398757888
1034239226445848576
1034241559418396673
1034257310300786689
1034338567991046146
1034342374577557504
1034413408051974144
1034800874487521280
1035378091256770560
