1024449400175775745
1024449975185559553
1024450523825561600
1024453095353446400
1024456679805440000
1024461532611018753
1024467387855323136
1024477436166041601
1024488984725123072
1024496098264735746
1024496454361079808
1024500790046666752
1024509473933742080
1024512018194354178
1024512686321586176
1024521845867995136
1024522721219280897
1024526253653745664
1024528526144360448
1024536040659402752
1024539499257163776
1024540455986442240
1024542806482640896
1024547467197644801
1024547749033861122
1024552411019583489
1024558684008005632
1024560004366516230
1024561656943112193
1024565436850024449
1024565904091348993
1024567382143057920
1024567895693709312
1024569494990213120
1024570227986780160
1024570810181332993
1024572476980752385
1024573463888052224
1024574123668848641
1024574509456797697
1024574831679995904
1024576103812194304
1024578984254701568
1024579020497858560
1024579306159304704
1024579927327289345
1024580117341720577
1024580740611231744
1024582489615024130
1024582965693689856
1024583239128809473
1024583537364750336
1024583630058913792
1024584267177906176
1024586592487460865
1024587601620205568
1024588128873574400
1024588343189876737
1024590876553736192
1024592265296138240
1024596014160695296
1024596761585696768
1024598896478175232
1024598899426844672
1024602918819979264
1024616325908504576
1024617227281158145
1024618261177147397
1024623892437053441
1024631038688092162
1024647193892978690
1024647687759646720
1024648131315519490
1024649998636527616
1024653189642170370
1024658979484459008
1024659196594343936
1024662097089757188
1024662209924947974
1024663685049016321
1024669207282286592
1024669553714970625
1024671223895085057
1024672560657715200
1024672802618650625
1024673672525737984
1024684183698980865
1024688045558312960
1024689613812719616
1024692426085224455
1024693549353394176
1024694832156078081
1024695876772671488
1024699297227579392
1024700209912328198
1024707780593115143
1024714720085852160
1024715810617667585
1024716009435844609
1024718943804637185
1024719505703006208
1024721756462964737
1024723095066566657
1024724845924429826
1024725996476485633
1024730056151760899
1024730113194176513
1024730116902068224
1024730150934642688
1024731894506811392
1024733007683432453
1024733372998930433
1024736221090668544
1024736330411139072
1024738017754456071
1024738676272754688
1024738864135643138
1024739417511157760
1024740205109174272
1024741723031973888
1024741985599545344
1024742505240244224
1024742578216988672
1024745388425637888
1024748498913320961
1024749434234724353
1024753018292592641
1024753904549027845
1024762466360799232
1024763384590491648
1024763929744949248
1024764394914439168
1024766021872312325
1024767158117654528
1024769755641798656
1024770147800768532
1024771162532995073
1024774363084673024
1024777792368664576
1024777971045941248
1024782254042763264
1024783621591314433
1024784103533621248
1024790231394934785
1024798289290571780
1024799437044871168
1024800374073516038
1024801951110848512
1024804985719148544
1024805363810553862
1024806785075634176
1024806869775409152
1024806889069129728
1024816399250870272
1024816574996336645
1024818110082281472
1024819872952459264
1024823784166055936
1024825983638167554
1024841201432842244
1024854082836725762
1024855949134258182
1024858720617029632
1024861599574708224
1024862621743415297
1024868177103257600
1024875302789365761
1024875331562299392
1024876144993026048
1024877203249614848
1024877758558756864
1024882987949858816
1024883269446328321
1024884611225071616
1024885459728515072
1024886747791020032
1024887608025870336
1024891778900611073
1024893840350748677
1024894533689987072
1024898777453395968
1024900178355085312
1024902061622784000
1024902260017569794
1024902496077180928
1024904158762201089
1024905074793955328
1024905079009226753
1024906723058954240
1024908783405948928
1024911212755279872
1024916712741851136
1024916948453400576
1024918322914226176
1024920233440673792
1024921417068892160
1024922535706673152
1024924309049888771
1024924373621387266
1024927208161329152
1024927252134412288
1024927720059412480
1024929131635638272
1024930720874160128
1024930897450151936
1024931041159602176
1024933615795363840
1024933652290064384
1024933998479515648
1024936123968049152
1024937675013464064
1024938221535485952
1024939209713479680
1024945294407032832
1024948174212026368
1024952004861419520
1024953749683560448
1024958643631022080
1024960355712286720
1024960848589148160
1024960908127162369
1024963049780916224
1024963989250473984
1024964389399613441
1024967858504302592
1024970372289114113
1024973719649886208
1024974688521342976
1024974839554158592
1024976412367839232
1024976591028477952
1024976926568370176
1024978370256429061
1024979549703077896
1024982413590581248
1024984404203110400
1024986575141199872
1024989879451742208
1024992053766156289
1024993529746075648
1024995526230650881
1024997282788327426
1024998413602050048
1024999450824060928
1025001978735276032
1025004501185585152
1025006448152064005
1025008614967332864
1025009263931019264
1025009370403352576
1025009669838987264
1025011505677447168
1025011557267329024
1025014013976080385
1025015493202268160
1025016265780412417
1025017293842141184
1025019470266417152
1025021799363436549
1025029837717688320
1025030153997570048
1025031779676299267
1025032871449423874
1025033483511652352
1025034441503195137
1025034845691379712
1025040552507703296
1025040652319555585
1025040726126669827
1025041029857140736
1025041732784861184
1025043277525991424
1025043572821819394
1025046159461625856
1025046222904733696
1025054972516425728
1025057359490637826
1025059230565511168
1025059267500539905
1025059729209475072
1025060153307979776
1025060789181407232
1025061477055528960
1025061568902512640
1025062734906314752
1025066475814637568
1025070834552070145
1025072141300105216
1025072226624831488
1025073132581937152
1025076943975342080
1025077873407754240
1025078141017092097
1025078188836311041
1025078205089284102
1025078489970601987
1025078971875123204
1025080617313157121
1025080963796271105
1025081174346088448
1025081677222170624
1025082941821607942
1025083093642870784
1025084189190889472
1025085554877255682
1025085908444426240
1025086071598657536
1025087412110811143
1025088707722768384
1025089049546170368
1025089594382008320
1025090470995611648
1025092319429713921
1025092849602363393
1025094128487550976
1025094295106273280
1025095015960338432
1025095489077891072
1025096398411362304
1025097853830451200
1025098481529221120
1025099782598086656
1025101008345546752
1025102735551680512
1025102855546363904
1025104170020290560
1025104553388244992
1025106986902286336
1025108657502085120
1025109666240622592
1025113129049575426
1025113521636429825
1025114543779966978
1025117666862923776
1025123998168965125
1025124680569630722
1025125398672232459
1025126906079760384
1025128043994640386
1025132125484408832
1025132635067215872
1025136289987944450
1025137454775513088
1025142321841688576
1025145579565981697
1025147229592608768
1025148058361884672
1025148266416099328
1025148430803521541
1025151018311593985
1025152120163590144
1025152887280881664
1025157308907708416
1025160077160927232
1025161110973034496
1025169116318130176
1025170914399404033
1025184086623694848
1025187431992254466
1025187556965662722
1025192936575823872
1025196265179688961
1025202869534961664
1025219333029601280
1025223231630991360
1025223937129672709
1025228343665479680
1025230502704295936
1025232252303761408
1025238767324594177
1025244441391521792
1025244927498670080
1025245200124444672
1025249239658647553
1025249805474324482
1025255638497206277
1025255911550382080
1025256512594370560
1025262115530137601
1025262281033170944
1025262357772214272
1025263044375576578
1025263115171258368
1025263517497221121
1025264181027778561
1025264585853612032
1025264990532591616
1025265932577525761
1025267430363475968
1025268398840848384
1025268414762237952
1025269472985272320
1025271411605155841
1025277308389797889
1025278639225618433
1025281031245582336
1025283687074725889
1025284508747268096
1025284747398983680
1025284900910505984
1025285866007220224
1025286139912044544
1025287258096787456
1025290294789644288
1025295200875368448
1025298822480769024
1025299187972403201
1025300231100026881
1025303646504923136
1025304674340143105
1025305765031161856
1025306179432579072
1025310106982985728
1025310968191098880
1025312281305993216
1025313037560020992
1025313104672960513
1025317106861133825
1025317394208698369
1025317784652271616
1025320991612911616
1025323396207464448
1025323660897337345
1025324638165970944
1025326447983042561
1025331364567150592
1025332572103077888
1025336366266306561
1025343840532803590
1025344199959437313
1025346486715011072
1025348588040335360
1025349973033078785
1025350493089013761
1025351512342577152
1025353593556291584
1025354584636702725
1025354805680558080
1025355939027673088
1025356241399414785
1025357289967038465
1025357639092453379
1025357642271797248
1025358960973553665
1025359201730736129
1025359760844120065
1025360174419197952
1025362329020624896
1025362856664096768
1025363936252751874
1025364249172959232
1025365463000330240
1025366182734573568
1025367897512857600
1025368103738171393
1025374120442253312
1025374735285342209
1025374998125531138
1025375799422140416
1025379602410160129
1025380284819288065
1025382064055623680
1025382985137369090
1025384428376391680
1025384537440837634
1025384550426390532
1025384936747008001
1025387706631774214
1025389229592006661
1025390261394792448
1025391301578108931
1025392568270499840
1025393882345992193
1025394761472061440
1025395692171341824
1025395823377608706
1025396742014087175
1025396759336546304
1025399287130284035
1025401055453032449
1025401157777350656
1025401431270912001
1025401726550126594
1025401774985883648
1025405026620133376
1025406497952555009
1025407088103751681
1025407587670470658
1025407882089652226
1025408453374889984
1025410896947032065
1025411516026249217
1025429170292248576
1025429647180410880
1025430628257464321
1025432317727105024
1025433854251872257
1025434349003366400
1025436793007742976
1025438552098828288
1025438978260918272
1025440672340430849
1025440755786153987
1025442579901571075
1025442765277155328
1025442912912457729
1025454984127803392
1025455823001186304
1025457282597806083
1025459670834733057
1025461613653110793
1025461747862384641
1025463067390312449
1025463246051074048
1025463706455564290
1025465503014367237
1025471995784429568
1025485669664206849
1025487108734181381
1025487580589109249
1025488164004065280
1025491870107951105
1025494250367197187
1025496874743214080
1025499434099060736
1025513762667814912
1025513770246918144
1025514587683282944
1025514979020009472
1025520741985542145
1025523591113146368
1025523749305634816
1025523821023907841
1025524004751257602
1025525714345492481
1025527880716091392
1025529561788891141
1025533266609270784
1025535652316753920
1025535812153290752
1025536198020804608
1025537152619307011
1025537312434925569
1025541089812520960
1025553667691175936
1025583972812767235
1025592400851468289
1025600305021501440
1025602345550458881
1025605249686491136
1025610878006308864
1025616319557894144
1025616673276092416
1025621496734134272
1025622909396705281
1025623822458859520
1025627211485855744
1025634920180461568
1025641992632451072
1025651690786181120
1025656317866913792
1025661865228214272
1025663734231035904
1025675883871436800
1025677693705220097
1025680057191215104
1025683528728621056
1025687022676135937
1025689152111759360
1025694194109624320
1025701171300904965
1025708166225555456
1025711124833026048
1025713356534153218
1025713969800142853
1025714288982470658
1025714296561364994
1025714456356179968
1025714719322079232
1025718310099406848
1025721560680865792
1025721785919201280
1025724231164678144
1025729116690161667
1025731017141837825
1025732277106618373
1025734715695923201
1025739198555402246
1025739556748967936
1025741900089896960
1025747888297496576
1025747955419099141
1025751758822420481
1025752362399551488
1025759605153050631
1025761252625272832
1025762979822718981
1025763439535255552
1025765305161678848
1025766823478865921
1025768493956849669
1025770065713459200
1025779692023021568
1025780175244423168
1025785414316122115
1025786664663298048
1025791098025721856
1025794271037804549
1025796449114701824
1025797092126728192
1025797537960263683
1025802045180260355
1025804004725583872
1025804607447019520
1025805821287034881
1025807987254992896
1025809186825949184
1025811238675271682
1025811476471316480
1025819502259458048
1025822452125978624
1025823128243433472
1025825659505922050
1025826256795914240
1025836084050243584
1025840343357566977
1025840921756225537
1025841756435369984
1025851640711139328
1025858051708997632
1025862165499138048
1025876148436312064
1025885390580932608
1025886130875428865
1025888165800960000
1025889178490494976
1025901303782928385
1025908426130563073
1025913869519208449
1025916984213626880
1025929540252651520
1025936099737251840
1025938716999733248
1025958672218906625
1025964867289866240
1025973627014062080
1025974907123974144
1025982124179050497
1025985094836805632
1025986684708519938
1025986858344275969
1025987975300169728
1025999116231430144
1026006842525319170
1026007610510729216
1026008420015636480
1026009197220118529
1026010188803919872
1026010973080104960
1026014837745147904
1026022229543333888
1026022919292432384
1026023411296788482
1026025643073527809
1026032876591177728
1026036068888526848
1026040028659675137
1026041118796992512
1026042392221245441
1026049420192899072
1026050545952481280
1026053049519943680
1026061468326879233
1026061688951451648
1026067108394749952
1026069858176430081
1026071124025724929
1026077801361956864
1026079257640878080
1026090170142130176
1026091163164598272
1026098227639214080
1026098713742196736
1026100711497654273
1026109965818314752
1026114953256660997
1026116095344881665
1026117398934564864
1026122459358142467
1026126308475105280
1026127349526552576
1026130351373144065
1026148267355254784
1026151554515132416
1026152563140452352
1026153230458388480
1026154371309023233
1026154430016745472
1026154733927456769
1026161454947426304
1026161978123972613
1026165329364434944
1026165986179862528
1026166027636363264
1026166195064434688
1026167217220722693
1026170731187654656
1026171233656815618
1026172472675233794
1026173824591638528
1026174211633676291
1026175570995032065
1026178666382995458
1026180648648822785
1026190696091250688
1026193275986882560
1026203507181871105
1026204798574649345
1026207400309796865
1026210127471411202
1026211729246769154
1026214511752110080
1026214808717287424
1026225202223448064
1026226136261509120
1026244253813489664
1026272217846439936
1026277748019539968
1026287303088644097
1026292036415172609
1026293006914207744
1026295125008363520
1026305855367667713
1026309152468029441
1026310614606639105
1026311837221117952
1026321874605821953
1026323811568775170
1026324139563470849
1026335646623784960
1026339305269211136
1026344718484086784
1026347237989855232
1026380445997514752
1026381212292669440
1026388540136013824
1026401054697639936
1026410161794154497
1026414901579931649
1026418703045468160
1026424367167811584
1026425586774945792
1026426209595518977
1026431364831293441
1026434180031361024
1026452351723429891
1026453071352803329
1026465902810738688
1026466595743260673
1026474681489129472
1026476760941121536
1026476788736839685
1026478081836572673
1026481647787552773
1026483245448396804
1026487365899116547
1026488535296221184
1026489392200867840
1026489741569601537
1026489819994701825
1026489911006949377
1026490888288194560
1026492668346597376
1026499432920035329
1026499762177171457
1026502125671600128
1026506858113257473
1026510603186262016
1026510712246620161
1026514357117542400
1026516827550101504
1026521787394416640
1026523100983320576
1026523808805601280
1026525019021750273
1026525366301675520
1026525523579682816
1026525917001084928
1026525993660342273
1026529563126444033
1026537575102787585
1026540598331727878
1026551391068680192
1026551406243639297
1026554352322863109
1026558023995744256
1026561669705752577
1026584741728927744
1026584977025257472
1026586165162520584
1026586240781565957
1026588459111251968
1026594930121162753
1026597608578600960
1026598587889737730
1026598639668359169
1026599064006287360
1026600982468276226
1026606076450545664
1026612688384929794
1026619078142828544
1026619588820303872
1026621963668795393
1026647867266621446
1026673618216996864
1026676104554340352
1026678672336412672
1026684015460458497
1026688018135089157
1026689738588205057
1026693000879984640
1026693072221024258
1026694319569350661
1026707059784523781
1026715940506034176
1026718735455928320
1026719930857738246
1026721950415167488
1026722390800326657
1026724755796320256
1026727239826722818
1026728137424556037
1026738923509305344
1026754755744411650
1026763714777829377
1026782513237295105
1026790728582610944
1026794311218876416
1026796082209206272
1026804679714516992
1026805011869786115
1026805660749639680
1026815586557411328
1026833317969240064
1026833566691483648
1026836058561044480
1026837399047815168
1026845562837131265
1026858105487941634
1026868071166750720
1026872531314266112
1026874919613685761
1026875280919605253
1026889244822761472
1026893898428424194
1026896050513215488
1026900056086069250
1026916678876061696
1026929728656044032
1026936203021570048
1026937245285081088
1026937272954843136
1026972072273170432
1026972459000578048
1026972632615452672
1026978146866712576
1026983977394036736
1027002610589556736
1027007703292342272
1027021308385812482
1027021364992073728
1027022607768477697
1027022654719422464
1027024780401238016
1027026223262838784
1027030409589219328
1027035601294348289
1027040362257367040
1027055584099618821
1027055957518544896
1027056811906658305
1027065984421646336
1027066187421765632
1027072197016383489
1027077226825572352
1027085702276820993
1027087525108768768
1027087529709854720
1027093068300869632
1027097085185851393
1027109045851832320
1027111017824899072
1027111078646493185
1027122014857977857
1027133460291436544
1027138794582093825
1027138830233739264
1027142320330887168
1027153816708411392
1027154199455379457
1027156406481416193
1027160574759776256
1027162161083232256
1027162198819385348
1027167014706663426
1027168923110846465
1027169704945885186
1027175921172787200
1027177128440352768
1027177422863716353
1027182064699932672
1027182158232924160
1027182392275095552
1027189831292600320
1027192813161787392
1027207485965443074
1027224449840558080
1027226317119533056
1027232190009155584
1027237635885092866
1027257814362800128
1027259127498719232
1027261358860103680
1027262456081670144
1027265400915013632
1027287594655207429
1027297496761024512
1027297892946661377
1027297934478594048
1027298862644506626
1027300770654445568
1027300884731125762
1027302174865289216
1027302200890945536
1027304129851531264
1027311443480375296
1027321657449431041
1027325696996204544
1027338229014507521
1027340736071643137
1027344523129769984
1027347295967367169
1027347456172863488
1027358807045955584
1027358892378845184
1027360706851745792
1027366133672955905
1027366957169954816
1027371923238469633
1027385297636601857
1027386768570687490
1027394033365078017
1027426052417576960
1027434893171675137
1027439515714170880
1027449798473859074
1027455647305097216
1027468544496230400
1027474697116704773
1027475350996090880
1027482952354021377
1027484116684599296
1027498015353958400
1027503483057000448
1027503696094146561
1027509051813294082
1027509389450563585
1027513205029924864
1027521711477063681
1027541336403062786
1027541652456579072
1027549257119752192
1027550061616492546
1027551516608159754
1027552450683838470
1027553802520588288
1027561771199070208
1027564181736894464
1027565836838551552
1027569621929484289
1027571121644699648
1027578771598188544
1027579272020545536
1027579547531792385
1027583803542388736
1027586205179961344
1027589561461829632
1027590489686585344
1027597538206142464
1027600398117494784
1027600561900806144
1027600575712641024
1027600625654288385
1027604107312472066
1027604942410993664
1027606149112184832
1027607609992466432
1027607727869243392
1027608380913999872
1027608391802347521
1027608903109038083
1027611941467054080
1027613373041541120
1027613844410122240
1027614863638581250
1027615195399639040
1027616978800988165
1027619275673149440
1027623160198389760
1027623175062994946
1027624024803827717
1027631179049123850
1027631668520280064
1027635166154555393
1027636562006343680
1027636643388379136
1027645477003513856
1027647943271231488
1027650642695938048
1027662906845016065
1027666279929397250
1027669610181681152
1027682887250915328
1027682917034721280
1027685149452980224
1027688511808393216
1027688708521308160
1027693526526648320
1027695086807576576
1027700995760054272
1027703135672913927
1027703831088586752
1027714832777134086
1027717637084573696
1027724845386219520
1027728331293241344
1027731965468975105
1027733033116463104
1027734111044165633
1027734585818406912
1027734816106655745
1027736647344050177
1027752439305256960
1027760811996053510
1027766911331971078
1027768800027045888
1027770998664380417
1027773514026233857
1027777278036639744
1027796102832107520
1027823972732297217
1027825312518885376
1027825341744787456
1027828957830410241
1027833579378683905
1027839278599098369
1027841828744318976
1027844081475616768
1027850364136116224
1027854568808435712
1027855189263482880
1027855441760538624
1027855621704626176
1027856379611160576
1027898943399702530
1027899234908037120
1027903312618823686
1027906355594756097
1027907758165827584
1027910024755077120
1027929525320142849
1027941408102141954
1027941898131058689
1027942600668573698
1027943032262483968
1027945633146195969
1027946287860199424
1027957291876843522
1027958420303794177
1027958540684722176
1027958677859454976
1027959908438892545
1027967960688812032
1027969710124683264
1027972167814795266
1027973612525867008
1027974069269012480
1027974473998364677
1027976115653103616
1027978728301912064
1027981391273885697
1027981481866657792
1027981990216253442
1027993775803719680
1027997202969440257
1027998117315207169
1027998864735985669
1028000172423487488
1028000278203826176
1028008082985705472
1028009166366027776
1028025146261426176
1028026200042729472
1028035825362251776
1028036079964876800
1028052603416932352
1028052842907688960
1028055724918755328
1028076268955336705
1028078707104276480
1028081866237202432
1028088936566910977
1028108039939809280
1028116663022100480
1028128323602403328
1028129606661013504
1028137580443983872
1028144347525668865
1028153656787591168
1028221094065516545
1028221128026673152
1028227457650962432
1028229211700572160
1028231125984935937
1028232088254902274
1028232642674810880
1028236560536424448
1028236898215649280
1028238588864028672
1028268545916821504
1028270904772575232
1028271207622356993
1028273035080593411
1028285736695488512
1028285761643106304
1028288089247113216
1028291300829872128
1028292495355138049
1028300104262995968
1028301224964182016
1028306008584724485
1028318468582662144
1028318569174638592
1028319616081297408
1028322510243155968
1028323854945542144
1028324560398106624
1028332211249078273
1028338266129526785
1028341814829502466
1028342304350908416
1028342425213919232
1028343220453945344
1028345009723138049
1028347619855278080
1028347765380792320
1028348748135522304
1028351252235726848
1028356751685505025
1028357236563816448
1028357878703382528
1028371705209802754
1028378177473794048
1028384324205400064
1028409159111389184
1028410817534996481
1028412752782487552
1028424562294317056
1028463427520524288
1028474499245789185
1028483082884509696
1028506078978428932
1028514397109465088
1028518191071285253
1028521355464069120
1028525649168879621
1028532080966295552
1028532116785651712
1028535146356584449
1028536864322596864
1028539310448857089
1028547913817972736
1028556892543635456
1028562186610860033
1028566192162828293
1028570485888569346
1028571441153957889
1028573826148392960
1028574096731324416
1028583384598147072
1028598787357462528
1028609204905566210
1028609714760892416
1028613275741646848
1028618520291172353
1028622431500599297
1028624473694646273
1028634338718572544
1028636475489964032
1028637715108179968
1028644602155347968
1028644749396402177
1028660615999631360
1028663451789520896
1028664005181759488
1028665420608360448
1028679859055153153
1028682260294365184
1028689240480198657
1028704006942715904
1028708185304178699
1028710073152012289
1028715650326380545
1028717079749226501
1028719839161081857
1028721570984943616
1028721644381003776
1028726914968637440
1028727682173943808
1028729429462327302
1028752001595789312
1028753480826138630
1028754743756292097
1028763035026903040
1028768314829533184
1028769383118716928
1028775624255647744
1028776468984328192
1028777848927084545
1028779819373404161
1028782884994183168
1028790701075693573
1028798136742043650
1028802331062677505
1028802558813454337
1028802638069018624
1028803271442485254
1028806461609177091
1028806515308851200
1028825421553520641
1028825814119268352
1028827500225409024
1028831278056054784
1028832890015109120
1028834930460188672
1028845925400293376
1028847460095946752
1028865036314279938
1028871508540751877
1028887023300603904
1028896593867689984
1028901116552077312
1028911895510691840
1028916247923240960
1028920934240055297
1028927281484509184
1028932645131091968
1028934645000417282
1028948812080078849
1028953273586339840
1028953275658321921
1028953281534599168
1028965642593021953
1028970483662970880
1028975905211854849
1028983885684723712
1028995686388453377
1028999284962684931
1029001735388319744
1029010481347002370
1029011600001392640
1029013415291969536
1029014171940204544
1029018536105201664
1029019748430954496
1029019981865005057
1029020007898984451
1029020064933142530
1029021829468495883
1029022048847376384
1029022288346312704
1029025976817213447
1029028049617080321
1029028967339241472
1029031001039745024
1029034915302727680
1029037546808926209
1029038094165704705
1029038894405312512
1029041398585143296
1029044398624002049
1029046751171366912
1029047670600622080
1029047710530392069
1029048582001909760
1029049500369866752
1029055404859432960
1029055806292062210
1029063570754088961
1029064038418927617
1029073619916341249
1029078595204014080
1029080696936177664
1029082815055441920
1029088945886449664
1029093207290912768
1029094032075575302
1029095788058689536
1029098202689986560
1029099242474938368
1029102411267362817
1029103893962141701
1029113681374838785
1029120781928812549
1029120794129920000
1029121793154539524
1029123300167806976
1029126579719483392
1029127016329760768
1029128346775498755
1029133860171395072
1029136543703855105
1029137641348968454
1029138887480893440
1029147690477580288
1029150919668183042
1029158952162869248
1029204910859059200
1029206699712946177
1029208186576949252
1029209225510248448
1029211395668279296
1029211612069154817
1029212630882414592
1029226301800865793
1029240527198330880
1029254835210735617
1029272238241935362
1029273482243305472
1029279944826933249
1029283168178917376
1029286769802571776
1029289667240161280
1029291745534599168
1029294121612206080
1029296461182377984
1029300970893783043
1029302708170383360
1029309958930751488
1029315872010248192
1029320408133259266
1029322858449829888
1029324497550233600
1029325146862039040
1029326453379358720
1029331693315010560
1029331879156219904
1029342895076241408
1029343374476816384
1029347681162940416
1029349979658350592
1029350252309045248
1029357821324918785
1029358250829987840
1029360330353397762
1029360876028129280
1029360917551763456
1029361381412405248
1029362801217814529
1029368343151751170
1029370522537062406
1029373801639931910
1029375473896366080
1029380111114686466
1029383724729880576
1029384323865047041
1029384534847041537
1029386978020806662
1029387104541921280
1029388229181616128
1029388341190569984
1029388788290732033
1029390319224279040
1029392603412881408
1029392660904267782
1029393432635166724
1029393499337187328
1029394629681209346
1029399219516440576
1029400643906293760
1029405454781308929
1029408463078617088
1029410571836375040
1029411630755536896
1029412089218195456
1029415364671811585
1029417136748421120
1029420117422231553
1029420236771131392
1029420939736489984
1029421008514674689
1029421364195864581
1029424590014111744
1029430233886351366
1029431540013559808
1029433349012643840
1029436075104714754
1029437160347381760
1029437422071885824
1029437424194256896
1029437747579084800
1029439564958650368
1029440413063688194
1029444751639171072
1029445047731847169
1029446502756769792
1029447190220038144
1029447846209056769
1029449015572803584
1029454406939553798
1029459431287926790
1029459722255167488
1029461013769449474
1029461450400649216
1029462343384793088
1029462997280976898
1029463218731798530
1029467100971188227
1029469466554445824
1029469468613738496
1029469494580637696
1029469520237219840
1029469708636966912
1029469736436826112
1029469979966689283
1029471718505701378
1029472090938900480
1029473050176233473
1029475911102595072
1029477163970560000
1029477487317794816
1029477585057705990
1029481539057405952
1029484866784702465
1029489098669674496
1029492701337735168
1029495275377676288
1029497079348035584
1029505984715280384
1029508703450480644
1029510186128429057
1029510199969640448
1029510252805283840
1029511281269714945
1029514507536740352
1029518344150548482
1029520162708443136
1029522120613744641
1029525737223512065
1029525788524040192
1029526702861340672
1029529394799411200
1029540484509827073
1029542565756985345
1029547275515846658
1029552618228539392
1029557006288470018
1029567778532012032
1029580514137526273
1029583366180560896
1029583426662408192
1029584232803389440
1029585707080200192
1029588315517935616
1029590206339538944
1029601510408310785
1029602254448414720
1029604565937741824
1029606329223196672
1029606900898377729
1029624893648891906
1029629715831775233
1029633744393658373
1029635483847020544
1029635522786938880
1029636854964998144
1029637818371502080
1029645310191181825
1029659405644652544
1029661074939760640
1029663453550714880
1029670653442568193
1029673493888225281
1029678852761677829
1029681027583823873
1029681212665864192
1029682932645023744
1029683649577463809
1029684354186928128
1029685404893622272
1029688285923299328
1029688857183350784
1029697628307636225
1029705115979145216
1029708031888646144
1029709377391869960
1029710865111678976
1029712210237579268
1029716089968766979
1029716558736760832
1029718644278939648
1029721258613723137
1029725916803616769
1029726014111457280
1029729691664613376
1029729900540911616
1029731147079671810
1029731680628690944
1029733777726164992
1029736147126284291
1029740587224838144
1029742002785595392
1029745809137577984
1029748377729286144
1029750104520056832
1029753217931010048
1029754333632573440
1029759006611566593
1029760071008493568
1029760924549369856
1029762291477012480
1029766882973364226
1029771924979757056
1029772708513505280
1029772960125644801
1029773905521770496
1029774886506582017
1029774998964264960
1029775508173713409
1029775851246809088
1029778562696601600
1029779801861771264
1029780240996945921
1029780963277066240
1029781920228487176
1029783805765328896
1029786799210680321
1029789447930490880
1029791419656011776
1029791480917807105
1029791549268402176
1029795352659091457
1029800707619254272
1029800899227602945
1029805564124164099
1029809003877027840
1029814958081617921
1029816382077263872
1029818980847046656
1029819952667222016
1029822819478261760
1029851218292559872
1029851615459569664
1029853365306630146
1029858271316697088
1029860459569016832
1029879853213016064
1029881181972717568
1029899363835944960
1029902358162092032
1029932805848006656
1029932879692943360
1029933493311164416
1029934028084920321
1029936441084837888
1029936909995274241
1029942735476797440
1029946530499907584
1029946603518521344
1029947275731030016
1029947722378498048
1029949148965916672
1029959306349879297
1029959318056194048
1029967721381810177
1029978443134496768
1029994629914091520
1030003529379983360
1030013597563400192
1030027972961554433
1030033525372854272
1030043100150808577
1030043615635165184
1030043651685187584
1030046497113550848
1030047859419369472
1030055766953259008
1030055837824442368
1030056107098693633
1030065521201438721
1030072352476946433
1030073607693774848
1030076198632738817
1030083090301968384
1030086401818284032
1030086765355327488
1030089621278011392
1030090726858780673
1030092706154995712
1030093836532506626
1030099222425690113
1030101257749504000
1030102268312539136
1030102313237659648
1030104329859018752
1030107018911264768
1030107874469527552
1030110424568487936
1030111427862974464
1030113314058121217
1030116003844218880
1030116140159262721
1030118163042775040
1030121509904441344
1030122100282089473
1030123861860405248
1030124287619985410
1030124926815162371
1030125853773099008
1030127642211758081
1030132779810516994
1030133986511609856
1030134212152709120
1030134214669287425
1030138458897956864
1030141595386081280
1030141860914909184
1030142057136959488
1030146614869090309
1030149167358853120
1030152304454844418
1030152898200723456
1030156081249624064
1030159330597920769
1030160505829306368
1030162283807297536
1030162478842437632
1030163960690077696
1030165749984313346
1030167706216161281
1030168576525783040
1030170193002213377
1030177857677520897
1030185552128237571
1030186002583826432
1030187098974969856
1030197315896836102
1030198381233225729
1030201191022645248
1030201412863418368
1030207182577512449
1030212605976096768
1030213962657419266
1030217887284441088
1030229703867723776
1030233238424436736
1030234055822987264
1030235303297081345
1030239308849053696
1030241978984878081
1030242681484525568
1030242828276789248
1030249343146713088
1030249392383713280
1030250896846979073
1030252897949417474
1030258067991093248
1030260439303774208
1030260449374289921
1030263674819305473
1030266820538851328
1030270017433165824
1030279003318435840
1030294053731151874
1030295686993068039
1030299156106031104
1030299995818393602
1030301531332116486
1030303769425313792
1030312013333856256
1030312625677250560
1030313466224095233
1030315329774333952
1030315764727918592
1030315768485834753
1030315848383180800
1030329619759726592
1030343381195649024
1030345251507060736
1030356285051625472
1030356748513824769
1030370921494839297
1030371137082011648
1030372467938930688
1030373261052399618
1030380729459515392
1030387134551740416
1030391117051715584
1030393582425919488
1030395256817246209
1030395805050515456
1030396375471673344
1030409178978897920
1030409356838199297
1030418312507936768
1030420217560801281
1030422642707320834
1030423843096211457
1030425416828370944
1030425482679013377
1030426728798322688
1030429293606789120
1030429601900781568
1030431572779053056
1030431688978038785
1030432255221460993
1030434075109195777
1030435045260050432
1030441103533727744
1030444588153139200
1030447232632463360
1030447357639327745
1030448083161829378
1030448669626195968
1030449343638241280
1030451320434647040
1030451330912006145
1030451521341870080
1030454726213730304
1030456172799619073
1030457078345809921
1030457950777704448
1030463553302618112
1030463679052095488
1030463825009692673
1030464006929215488
1030464054685515776
1030464142002606086
1030464155835408384
1030464166719614976
1030464247233486848
1030464252707057666
1030464466637348865
1030464927981625344
1030465518539550720
1030466532302827520
1030466805368807424
1030466858204495873
1030467578655907840
1030468013340983299
1030468662183047169
1030468665957859328
1030469352519286787
1030470480749359107
1030470734601236481
1030474934773080064
1030475464530382848
1030476571797270528
1030477135947821058
1030479111460978689
1030483572535255040
1030484946929025024
1030487285337337856
1030487744861155328
1030488113708187648
1030488431263207425
1030489320405311488
1030489720936120326
1030491886044282882
1030491892327358465
1030497870045237248
1030502312266145793
1030503727411552256
1030504372093026304
1030505829231931392
1030507053909987333
1030507264057204736
1030509964773781505
1030515473966936065
1030515591403261953
1030516908884480000
1030519914472321024
1030522060517326848
1030522490710360066
1030523368091668480
1030523752289914880
1030524227244445696
1030524416625713153
1030525014360121349
1030525175803113473
1030527132043304960
1030529062698209282
1030529987525451776
1030530007242813441
1030532187853078533
1030533428549246977
1030534807619559426
1030536956780990466
1030542591811567616
1030547295379628035
1030548336762269696
1030554073752379394
1030554251158798336
1030554631154421760
1030557101591027712
1030559953927503873
1030562916179660800
1030563106584506369
1030563642641543169
1030564839691878400
1030567937575460865
1030570733502640128
1030571028571926528
1030571483872014337
1030576369808429057
1030577374373584898
1030579031933104129
1030580023890255872
1030582090004357121
1030582193205207040
1030583303844372482
1030585084649332736
1030586515414544384
1030587922767065089
1030591854788505600
1030592378657230849
1030596355583102976
1030601957151596550
1030601989464317953
1030607775108354048
1030615893619822593
1030618852684525568
1030632586907971585
1030641567797792769
1030643574302498817
1030649345253597184
1030651324537491461
1030652756896440322
1030656691560480768
1030658266131513345
1030673250710368256
1030675673319436293
1030676421155450881
1030680474518052864
1030691825160540161
1030694920569454592
1030699819088703488
1030714793576030209
1030718623248248832
1030718937548259328
1030719572029173760
1030722287568384000
1030722613021159424
1030723089938743296
1030723842405289984
1030726145484967936
1030726860626452480
1030730679536050176
1030731678183055360
1030734182584999938
1030734697251229697
1030734705644187649
1030736717634924544
1030737523792924673
1030739012342951937
1030739278295392256
1030740331439038464
1030740421612322816
1030741047842942976
1030742845529837568
1030744189796012032
1030746630029496320
1030747247447863296
1030747571650809858
1030749091255463936
1030750402797600768
1030751048724635648
1030752662277566465
1030754221312942080
1030754505246351361
1030754906674786305
1030756431287541760
1030759610565754881
1030760875559452672
1030764466336489472
1030766380600176640
1030767256807137281
1030772703098269698
1030776065650819072
1030776575262773248
1030780748196921346
1030782146980532224
1030783685040250880
1030784471887433728
1030784722694225922
1030786304399876096
1030788193501634560
1030790081358057472
1030791500685352960
1030791673914318848
1030792407514853378
1030794018555404288
1030795155220176901
1030795721866403840
1030795813704744960
1030796660966809601
1030801230669524992
1030804549173313536
1030805739546259461
1030808042605035520
1030809966976884736
1030809970739224576
1030810236662239234
1030810710178070528
1030811784339435521
1030813062490730496
1030816290280222726
1030816724831150081
1030818003661848577
1030821724865093632
1030823283887878144
1030831715944747008
1030831954780975104
1030832606571651077
1030833676093992961
1030833983964307456
1030835291739906048
1030836711117348864
1030838444623323137
1030838469365514241
1030841514023419905
1030843317116981253
1030843753324371968
1030845808151879680
1030846558504472576
1030846794698301442
1030846847072514048
1030849545230577665
1030851060649394176
1030853520608686080
1030854166967721984
1030854308726751235
1030856665908871169
1030860941167144960
1030865837182386176
1030867059822010368
1030871759984185346
1030874908627099648
1030877387033063425
1030878673430347776
1030885099103907842
1030885290808889345
1030885367514390528
1030885672486404097
1030895949378453506
1030898700804079616
1030898844266115072
1030900076967862277
1030903169860202497
1030903873228034048
1030906053012029440
1030909743605395462
1030910696110870529
1030911982906630144
1030913583058702336
1030914290616684545
1030917915338584064
1030922356695425024
1030924339745513472
1030924672383311872
1030927334478626816
1030927974139408385
1030929068013879297
1030934284037750785
1030934759260778497
1030938034999578625
1030940056226287622
1030948252319969280
1030955912377167872
1030960431324639233
1030960918694440961
1030965887262588928
1030967961371242496
1030971335248408578
1030972763455070211
1030975696091398144
1030990962086969344
1030999658565435393
1031005683695726593
1031019863794507777
1031031388055760896
1031031846077964288
1031032764617768960
1031036424139751424
1031039793428353024
1031039894527848448
1031046682560094208
1031047477393346560
1031058174131011584
1031062424202424320
1031066814837608448
1031066934345904129
1031075699191422976
1031081904076980224
1031084126420561921
1031085733233274880
1031085760500445185
1031088494746251266
1031088543446315009
1031090353368178690
1031093975887826944
1031094777851379712
1031095422922772480
1031095795880210432
1031095884270985216
1031095893104238592
1031096206406107136
1031098696996454401
1031099748898488320
1031100461539942400
1031101134956638208
1031102240315060225
1031103589622706176
1031104014530867200
1031105768152551425
1031106955144654848
1031107615340855296
1031108215533129730
1031109297697161216
1031114072052457472
1031116713205620736
1031117609113149440
1031118251311423488
1031119185743630336
1031120797606264832
1031123668859056128
1031123941237186560
1031124338844557313
1031125007005609984
1031128663599861760
1031129995719200768
1031130842544791557
1031131185366401026
1031131314399920128
1031131519363022848
1031135610633904128
1031136566092226560
1031138530720980992
1031139085207908352
1031140019258449921
1031140620742668288
1031141147127689216
1031141543900532736
1031146346361761793
1031147790049714176
1031148802126819328
1031149109145690113
1031150888369446912
1031157080420306949
1031157996045430785
1031159151588790272
1031163720003534850
1031163951978082305
1031167088893878272
1031170714022412289
1031174746845659136
1031174785013829634
1031178981276614656
1031179665904422912
1031179799723757568
1031183791027642369
1031189793487708160
1031193620785901569
1031195845012676608
1031196657898213376
1031198377978023937
1031199170680573952
1031200356305387520
1031201520346451969
1031201653314269185
1031201845350420488
1031202570180673537
1031205134980853761
1031207148666216449
1031209298267787265
1031210835476193280
1031212636925558784
1031213404076363776
1031220676454039552
1031221448797511683
1031221530955370496
1031221943037579264
1031224703518732292
1031225899277078528
1031226301133336577
1031226403038146562
1031227304834424836
1031228873936171009
1031229714021720065
1031234996764377089
1031237515842334721
1031239437659893760
1031243379491983360
1031243733931618312
1031244899528728578
1031245349158039557
1031246862869643264
1031250376027189249
1031251988313513984
1031252297861529605
1031252657304948736
1031252932010958855
1031254510780514311
1031255320679469057
1031263601934454784
1031265414674874373
1031266657484910594
1031267814676549632
1031268166163472384
1031275527984824321
1031278245809987585
1031279668215865350
1031281361875881986
1031281996046245888
1031282163826733062
1031286952014880770
1031287418413113345
1031288064910548993
1031288482101047296
1031290019720384512
1031292137852297216
1031294698051264513
1031294836886962177
1031296599555796992
1031296996110422022
1031297106835898368
1031297204999344133
1031297716293394432
1031299679634378752
1031302339234287616
1031308497735098369
1031311020206313474
1031311110362865666
1031313744297689095
1031322577183145985
1031322616714469376
1031322811648757760
1031337601171681280
1031338237032390656
1031345626515230720
1031345972176216066
1031346442370088960
1031346861351661568
1031350399683440641
1031359631770222593
1031362610967588865
1031363193975668736
1031366572936441858
1031372027175809029
1031372436556668931
1031373255284797440
1031374219559546880
1031374263176110080
1031376684526788609
1031385104629878785
1031387811214237697
1031394696986353664
1031396138274832385
1031397120039903232
1031400430201462784
1031415666421784576
1031420222245429248
1031424539471867904
1031426889074847744
1031427534183952385
1031428691807612928
1031435520998432768
1031441884663762945
1031442824955396097
1031450818854223872
1031452371736584192
1031457515912003584
1031462459331280896
1031466957701349376
1031471976429350912
1031481467056996352
1031485260817674240
1031485527571218433
1031487719505977344
1031490642097135616
1031500277281513472
1031509055532097537
1031511666893225984
1031513821498798080
1031515723221426176
1031525085750935553
1031527863466565638
1031529944839610368
1031530154986635269
1031531989550161920
1031535725567782913
1031535995114672128
1031539206278008834
1031540102005248000
1031540183529914368
1031547563848155137
1031548051662487552
1031551439187861504
1031551566346629120
1031552163317727232
1031552251288903680
1031553490492055553
1031553808206376961
1031553822567616513
1031553906046918656
1031554425322520577
1031555775452176384
1031557727045210113
1031560576684761090
1031561008693702656
1031561143758843904
1031561657967894528
1031579323516432384
1031584163336544256
1031588536321957888
1031589156248580096
1031589210753519621
1031593337873158145
1031593559017902081
1031594498101530624
1031596643479515136
1031596709342851072
1031596852792225793
1031599710975545345
1031602920268083200
1031604005762265091
1031605066510348288
1031606391889227776
1031609595729461249
1031610256546299904
1031612792401547264
1031614658455724032
1031616084074475520
1031618997043834880
1031622294160986113
1031622442249347072
1031622790347214848
1031626524569493504
1031628648971784192
1031630511226138630
1031631054833115137
1031631208734752769
1031631397314850817
1031631939390779392
1031635383333937153
1031636288070471681
1031637175165628417
1031643133572988928
1031657723472105474
1031658225958105089
1031660217115848704
1031662344101720064
1031667537317187585
1031668772518674439
1031669465400791041
1031673387918270464
1031683556614004739
1031684492765921280
1031686659983564800
1031687215305318400
1031690976316874754
1031692357916393473
1031692405341388800
1031698590236897280
1031703209843286017
1031703436331372544
1031710851047346182
1031717892864307200
1031718019939098630
1031721470592868352
1031721692899565568
1031730663236546562
1031752851549298688
1031760062807719937
1031765027605364736
1031766817293910016
1031767481260617730
1031768261401174016
1031770048166129665
1031780605669691392
1031784251908411392
1031795907753402368
1031799611730657281
1031800261973434368
1031802893354131457
1031822974528225280
1031823153956179968
1031825892216123397
1031826708637380608
1031828181647388672
1031831307234562048
1031835394583740417
1031836071003410434
1031837637651451904
1031839496634019840
1031841490602000384
1031846685658554368
1031851999422308352
1031857593390706688
1031863131096711169
1031863873085886464
1031866988191072256
1031867293104529408
1031868888215166976
1031869598528929792
1031869949785137154
1031871667793010689
1031872984376594432
1031873384529965057
1031874035032842241
1031882369974894594
1031882531434463233
1031883855576408065
1031884102859935746
1031885101318254592
1031894876953165824
1031895266063003649
1031896384398475264
1031899314941964294
1031900331255324672
1031904478968999939
1031904549047390209
1031905802691469312
1031912066473500672
1031913174600232961
1031920012989263872
1031927938583875584
1031928266972717056
1031937848856006656
1031948203548180481
1031948706659147776
1031952499639574528
1031952894248067072
1031954721299415045
1031960174053879808
1031961441207824385
1031961558430220288
1031961565153640450
1031962269763166208
1031963111996186626
1031969053643075584
1031974664359145472
1031975919316029440
1031978210651774976
1031980818976133121
1031980934835269632
1031981095074578433
1031984260733796352
1031984289066364928
1031984398076465152
1031986331256283136
1031986389968150528
1031998437284175872
1032009575124414467
1032012539784257536
1032013224332472321
1032014272430256128
1032017244124065793
1032020868820434944
1032022544872685568
1032024659410280451
1032033938276052992
1032034544340361221
1032037367975161856
1032041725852884992
1032045025075572737
1032047729164394496
1032052023263412225
1032053862457397248
1032060770081751041
1032068614411771905
1032088927694245888
1032094624381251584
1032101609608806401
1032103267168399360
1032106524057821185
1032107490446585856
1032134229256220672
1032135018468933632
1032137654215823361
1032138051386892288
1032138980014338048
1032142179131645952
1032142316578820096
1032144808008212480
1032147166465286144
1032147309880958977
1032147377849884673
1032160492582776837
1032162632114098176
1032162775114698752
1032163806103986176
1032164660462723073
1032167788926980096
1032168484820594688
1032169498172841985
1032176898716131328
1032176968614207488
1032181544625033216
1032183775206301696
1032198516972679168
1032200148586295296
1032201301487181824
1032202152926564353
1032202817304449025
1032210135534522368
1032210398504570880
1032212666796961792
1032216540651778048
1032217932758175744
1032218767835766784
1032224778395037696
1032225014005878784
1032225036898365440
1032225258084990976
1032233785956294656
1032236669129375744
1032238225220399105
1032238901317054464
1032250008639291392
1032254727675949056
1032254779702030336
1032256167605612544
1032257359219974144
1032258862844444675
1032259340588277762
1032261138258505730
1032262347195404288
1032267674687074304
1032271041001922560
1032273126439247872
1032275855660265474
1032276271718383618
1032287062827982849
1032287280944345088
1032287290171817988
1032288740570554368
1032294490948739073
1032295956874780673
1032298224571183105
1032299662550675456
1032303088869232640
1032304410049695744
1032310372273926144
1032318275600965633
1032320823225409536
1032325320358211591
1032325580996452354
1032327224995848193
1032334786885378048
1032344886119358464
1032350939116699648
1032350954660790273
1032353819835822080
1032354368505487362
1032361905581707265
1032365726068170752
1032366238708654080
1032366641953234944
1032372851897118720
1032373555676119040
1032375439363166208
1032376154898890752
1032381389369266176
1032386836113416193
1032387429171257345
1032389136278155264
1032389893043810306
1032392557144100864
1032395124871856128
1032399554904252416
1032402262767820801
1032407022107418625
1032407089946054658
1032407131104927744
1032410296110014464
1032412440217219072
1032412531661238273
1032413704825040896
1032416455030198272
1032416766222323712
1032422576189067264
1032427227797848064
1032442520104562689
1032447223852744709
1032474657272852480
1032475056146984960
1032476847567765504
1032483291486715905
1032483416686702593
1032494084873584640
1032497328328978432
1032500675383455744
1032511249651777536
1032513179459506176
1032514320708657152
1032519554143006726
1032526310994845696
1032531179721895936
1032535008706260992
1032535199115083776
1032540475142496257
1032543848197545985
1032549059616284672
1032549645560500224
1032551825352863744
1032553233795833857
1032564037488390145
1032567507436150785
1032574992293273602
1032581762184933376
1032586302213050369
1032587901811474433
1032589014132563970
1032599168538357761
1032603826925318145
1032604654272761856
1032609091569508358
1032611680147124224
1032612086608789505
1032612594522234881
1032613954319736837
1032615570234138624
1032616919269027846
1032630462236295170
1032631557108969479
1032637012757630976
1032640334788943872
1032643634984759301
1032643915080511488
1032644600626855938
1032645109605515264
1032646867014668288
1032647068765044738
1032648579569995776
1032653642090864642
1032654276273872896
1032656133926793217
1032656473220898816
1032662345670160384
1032663270522531841
1032668524915957760
1032673912763629569
1032674197116473344
1032675080420159488
1032675391624962048
1032675980085747713
1032676391978971136
1032677011066703873
1032680198741868545
1032681703226134529
1032681707848302592
1032682399916847104
1032685864810369024
1032685871089295361
1032688631713017867
1032691743072956417
1032691809728622593
1032693144889032704
1032699440539348992
1032706221025972224
1032706538136367106
1032708947763978241
1032711105733451777
1032712145073528833
1032713572399411202
1032716488698986496
1032717763746426880
1032720012342173696
1032721890542931968
1032722240322908160
1032722672772411392
1032725279956000770
1032726427102269442
1032726548330242049
1032727529776467969
1032730700678680577
1032731704790667264
1032734803970404352
1032736982898827264
1032737341943758848
1032738677414404097
1032738729817976833
1032739362738528257
1032739614832910338
1032742193486651392
1032744370305462272
1032752838223560705
1032753849013075968
1032755043588550656
1032757739678826497
1032761544310972416
1032762412108271617
1032766145902923776
1032767155895459846
1032767297243545602
1032768412924235782
1032770655597543424
1032774199776034816
1032775815035990016
1032778727137181697
1032784173419909120
1032785536992399360
1032787570390913024
1032790698175553536
1032791020612853761
1032793666820161536
1032804121135333376
1032804137459752960
1032804988916060160
1032805640702513155
1032806253943091201
1032811371795304450
1032812095765659648
1032814264203993088
1032823258465361922
1032833530324299776
1032833842376269824
1032833843647135747
1032837446982164482
1032837476749139969
1032847186982256640
1032851773885767685
1032852036864434176
1032857548590854144
1032858129057214464
1032860911567097856
1032863756991119360
1032874207955374080
1032874699091595264
1032875723353075712
1032876630585368577
1032884963396313088
1032888887595753472
1032892766492221440
1032894881235124224
1032895094729461760
1032895929836298240
1032907954041835520
1032918933077151744
1032928356717789184
1032932890026242048
1032933891307397121
1032939822661296129
1032953487011864576
1032955644133957632
1032960801034907648
1032960873386729472
1032960890356854787
1032966031311024129
1032970967180558338
1032976002622869504
1032976145711591424
1032976737276186624
1032977312323719168
1032979734093803520
1032983389454913537
1032988646176120832
1032998523321688065
1032999746582077441
1033002142431358976
1033004087493713921
1033005118021689344
1033006122016366592
1033007035674243072
1033007245401960451
1033011206066511877
1033012035699847169
1033013647587598336
1033016374711468033
1033024272162349056
1033026147444027392
1033026760240193538
1033029048220430341
1033029316718866432
1033029416476192768
1033029821671137280
1033030036813697025
1033030111887540225
1033031271621042176
1033034354442809344
1033036327456059393
1033037815582531591
1033039558303047680
1033039977133813767
1033047969573085185
1033050606523568129
1033058430884433922
1033061648444010496
1033063272906481664
1033064587166404610
1033069136111431681
1033069872211746818
1033074359273959424
1033074383206731776
1033074948162482176
1033078619852165121
1033078628689608706
1033086023650013184
1033086209474609157
1033086644814061568
1033086887244718080
1033087289893834752
1033088517566545920
1033095655013666816
1033096561012760577
1033096812641624064
1033099191244009472
1033110678180122624
1033113775694536704
1033114280265228293
1033121397982167040
1033121855576723456
1033126178649976832
1033140681299189762
1033149108079362048
1033149522489364480
1033152001738256384
1033167074808549376
1033171308517896192
1033176001964986368
1033182113477083137
1033190385043087360
1033194069336322048
1033199250144997376
1033205389347774464
1033213872340119552
1033218167290585090
1033218701661794304
1033219243112685568
1033222460169170947
1033229806475730944
1033235728015220737
1033238993263976448
1033243333542457345
1033244211812990976
1033251019612925952
1033262335824224256
1033263900287004672
1033264997730852864
1033271410188328960
1033273812731736064
1033275531943391232
1033279075895394304
1033282678974570496
1033282778874490881
1033282950803152897
1033283251148869637
1033285605176868864
1033285842821890048
1033286121319555072
1033286188407377920
1033286823416455168
1033287959267684352
1033292699665715201
1033293556977479680
1033293976391036928
1033296658220699648
1033296705205100544
1033298641291816960
1033303642575519744
1033304285818310656
1033307002229817345
1033311991778222080
1033312104609132544
1033314873181126657
1033318994177024000
1033319326730735617
1033319382779346944
1033319448424398849
1033324870556209152
1033325065415417856
1033326365637001216
1033327522434506752
1033329325238562817
1033336365277007873
1033339041255763968
1033339059710509056
1033342199554076672
1033343035491397633
1033350409082101761
1033351955123449859
1033353675622760449
1033355592407109633
1033357056198238208
1033358838785826818
1033362618709405696
1033363783480221696
1033365864257597440
1033365865927004161
1033366355007950849
1033369834590035971
1033381849177960448
1033386326148562945
1033388612480577537
1033390186166546433
1033395459920998401
1033401015041581056
1033402811466346499
1033404774820061184
1033408832398012416
1033411623694692352
1033412496546308098
1033416434557313024
1033417680705998854
1033427177423826944
1033429455568429056
1033431548316532736
1033436821835919360
1033437112886910976
1033437365811867648
1033437776434229248
1033438671066882049
1033440997647233026
1033452793309392896
1033469378820489217
1033470697518055425
1033478487598747648
1033481250894475264
1033482944474574849
1033486135518011392
1033492599334563840
1033495388978741248
1033495440551903232
1033510106372235267
1033512665296109568
1033512810007781376
1033513551586123776
1033514172313563141
1033517125888036864
1033518440454217731
1033523880885796864
1033525171032870912
1033529447159279616
1033531120242110464
1033553919660752896
1033562213062197249
1033564962004889600
1033571326127218688
1033571630264541185
1033581300924309505
1033603830196449280
1033609407777529858
1033615575816257536
1033618151236399104
1033620181254201344
1033621541714644993
1033625091488313344
1033627607710027776
1033628758631165952
1033630429620912128
1033632452558946304
1033632642120540160
1033633235610361856
1033634329497427968
1033635428379705345
1033640788700409857
1033643061203673089
1033647729895985152
1033648809480515584
1033651733740900352
1033654863144644609
1033656608801271808
1033661665563295744
1033664859039248387
1033665715872702465
1033665751134216193
1033669978577403904
1033670287278071815
1033670829580722177
1033671081222189056
1033676450631753728
1033680844756590593
1033683271148888064
1033685477365374976
1033686203365765120
1033687328777228289
1033688340820905984
1033689950141784064
1033693117692690433
1033693685618286592
1033696511299907584
1033699724145164288
1033701116230479872
1033708130385846273
1033709731347480576
1033713469537832960
1033714259509821440
1033714944024358912
1033718260854870016
1033718579210924032
1033723892550889472
1033726127699845125
1033733814202376192
1033735377444642816
1033735575378030597
1033738889159221249
1033741049376727040
1033749918173863939
1033751142944178176
1033754192232546305
1033757655859425281
1033759211887329281
1033759710644719616
1033765912338489350
1033768892840083456
1033769377257205760
1033769955672641536
1033780077757194240
1033786242977157120
1033788916007141376
1033791342411960320
1033791760160444416
1033798420308414465
1033805194511835136
1033807731650510848
1033808440941060097
1033811235169427456
1033811377352335362
1033813734127534082
1033815516371197954
1033834323151974400
1033838644258328578
1033839436394446848
1033847912273510400
1033848072491520000
1033850329253732357
1033851616259198976
1033854517861744640
1033858551935127553
1033861846569168896
1033878806644355073
1033878934574837760
1033886421856202753
1033899663680663553
1033916240828555265
1033933067117846530
1033937197244854274
1033951267876261889
1033955183246553088
1033956419341615109
1033965426164879360
1033971005834887173
1033984575272308736
1033986404399939584
1033994072439050242
1034005260753235969
1034007549069144065
1034007652047540224
1034007804846268416
1034009169806995456
1034010111856001024
1034012750522056704
1034014163138498562
1034015243171753984
1034019609446367235
1034020832094441473
1034023376787054593
1034027881456955394
1034028642731536384
1034030173124001793
1034036390860865536
1034040746230378498
1034041406845865986
1034043522029182976
1034044856967020544
1034050613322149888
1034051258833924097
1034053524991168518
1034062680758407168
1034066459415248896
1034068375226462208
1034072603206537217
1034074344148934658
1034074462986100738
1034089001689473024
1034099757143281666
1034101285975465985
1034102459516551168
1034103193964179457
1034104732393123840
1034108248918577152
1034108339947483137
1034109734553575426
1034109948450332672
1034110676585914376
1034114209867591680
1034115734564229121
1034116359880433664
1034120584819552256
1034124860052721664
1034127076314554373
1034127127900250112
1034128193697923074
1034130688054886402
1034137379202904065
1034139426874634241
1034140355090894848
1034144929813913602
1034145811867869184
1034148142651002883
1034148396381204480
1034148434977017856
1034149929827139585
1034155286733512704
1034156574879764480
1034156594173493249
1034161066111119361
1034162711553343491
1034168698938880000
1034172429315268609
1034175892145274880
1034176558641111040
1034178841592377355
1034181114464817152
1034182189892685824
1034186792709181440
1034187687782178816
1034201082728046592
1034208262118289408
1034230072922779650
1034248389024722944
1034252563590213632
1034255086501994502
1034265890605412352
1034269285034602496
1034277303721779200
1034290393792368640
1034297499278704641
1034317021654204416
1034317255708946432
1034317988034277376
1034318502675398656
1034319576434126848
1034321806125981696
1034325523093184512
1034326337647984640
1034328059816624129
1034328941916565505
1034331471056695296
1034332534455160832
1034349916750004227
1034351840282865665
1034364290227216386
1034366753105690624
1034371732721881089
1034372156216549376
1034373659450925056
1034374359497039877
1034378402776711170
1034379562954764288
1034383499313197058
1034383691416567809
1034387625212170240
1034390132734930944
1034392284249436161
1034395433332817920
1034396297565011968
1034399714492534785
1034401146406883329
1034404556808044544
1034407539679682560
1034408049811894273
1034408502796668929
1034410709562650624
1034419288021639169
1034420037959016448
1034422211468255232
1034441785685291008
1034450281210277889
1034460447574044672
1034461919795720192
1034463402863652864
1034477462187585541
1034480561367248896
1034483517437165568
1034485753672286208
1034493861492609030
1034501004656627717
1034504944458588161
1034507271089336320
1034517645301870593
1034522511952818176
1034532069492314117
1034542944995307528
1034548042261819393
1034552255440211971
1034558593436188673
1034560417568239616
1034571498063900674
1034577032049438720
1034587684474380289
1034588104580124672
1034588601583992833
1034588804508725250
1034589240795881472
1034593923338067968
1034597701986516992
1034609248041230336
1034609321957441536
1034609391473836032
1034614808455335938
1034639541406236672
1034642351795396608
1034652684689854464
1034677577468833793
1034677720893009920
1034682062018465792
1034686436912640000
1034688505321070592
1034689145355026437
1034691388036640768
1034693561495810048
1034698949947359232
1034706945985470464
1034717554634371072
1034717953084870656
1034720730183880704
1034721776629178368
1034725002447400960
1034725257045794816
1034725293536292864
1034727100027162624
1034729397050335237
1034729479476785154
1034732527037149184
1034734660125945856
1034738814323974145
1034743712834879488
1034745937904775168
1034746227886313472
1034757021537640449
1034762405182664704
1034763473358602241
1034763757837344769
1034772677033172992
1034772844381724676
1034786115574812677
1034786523659436032
1034787792050704384
1034788180850032643
1034791649120006150
1034799198972063744
1034799958879350784
1034804220287836161
1034805420680835072
1034810748999008256
1034810836785786881
1034811973437931520
1034813758546296832
1034814067251269633
1034814355823575045
1034814985816428545
1034815368760623104
1034815823821643776
1034816669405917184
1034816786817056768
1034818913756962817
1034832390219292673
1034840032522035200
1034840770304462848
1034840850394763264
1034841308425342977
1034842065488805889
1034842256338034694
1034846544149790720
1034851144332443649
1034854733956239360
1034859272193142786
1034861086665834497
1034865732675350528
1034865738572595200
1034866946385305602
1034869084352073729
1034869586007601152
1034871806056980481
1034872726694047745
1034875130424512512
1034878372638351363
1034880648467689473
1034882122769735680
1034891831031554048
1034904738104594438
1034911246326194176
1034915208693772289
1034915337869901824
1034918843901243392
1034924635798888449
1034926182658187270
1034926540465819651
1034929015935717376
1034930653794627584
1034935879884840960
1034935887447158785
1034935890798370821
1034937061441261573
1034939710987272194
1034944056273641477
1034946072894951425
1034948731978895362
1034949338169061382
1034959110045753345
1034965651276718080
1034973985564516352
1034976776882024448
1034976804572880896
1034979924283674624
1034995351776841729
1035002458601390083
1035017696503586816
1035017892805394432
1035026301135085569
1035040038810214400
1035043450779922433
1035045748856053760
1035057039079354368
1035059760763088897
1035068547406475265
1035069765444808704
1035073206439239680
1035074875294011393
1035079459723010048
1035080289800925185
1035081640366800896
1035084500034891776
1035088471638122497
1035088742158139392
1035089986591371264
1035093624772546560
1035094703501463552
1035096799931977733
1035097389965697024
1035097849237831680
1035098721233465345
1035099241755144194
1035105336930258945
1035108834560409601
1035111656060280832
1035114691486523394
1035117041949265920
1035120943071408128
1035127709339463680
1035127887186284545
1035128452792365057
1035131748441628673
1035134279309832192
1035135458324504576
1035137469879119872
1035138323008901121
1035142145571737601
1035142328162365440
1035148255125008385
1035148893510610944
1035149587676364800
1035153323089948672
1035155515456872448
1035162417184088064
1035162771623686144
1035165365775593472
1035165954836029442
1035169213655203847
1035173096733532160
1035177041493209096
1035179295092760576
1035183009983590405
1035184138247131136
1035190445234692096
1035191609976078336
1035191921600339968
1035194048108277761
1035197599198994435
1035197929307467777
1035199132040871937
1035199259531005952
1035207653616746496
1035209071283105800
1035210684076830722
1035215777958424576
1035217813907169280
1035219924459958272
1035226405070614528
1035226443524046848
1035226679386550272
1035226833741127680
1035228024071847936
1035232665509736448
1035236218081095681
1035238639624695810
1035238917929361409
1035240059648106496
1035242974693781504
1035247673991987201
1035251720220233733
1035252954624929797
1035253879850643456
1035253954094002176
1035255375120031744
1035257916876627968
1035266114241134593
1035266463207018496
1035266612918710277
1035267890956533760
1035270363481923584
1035270628188860416
1035272974448783360
1035274183654207488
1035275609298153474
1035278916922089473
1035279566615523328
1035281717454663680
1035286143334526977
1035286539255742465
1035287695600177153
1035292865100898304
1035293142742913024
1035294653971619840
1035297521604546561
1035298123483107328
1035300364508188672
1035301447901093891
1035301826206334980
1035301996507684867
1035302578685468674
1035304076446236672
1035304881383452672
1035305213106696193
1035309355850260480
1035311145140150272
1035326830549467136
1035330711534878731
1035334246938759168
1035344056581337088
1035346643657211904
1035348324256309248
1035348549935030272
1035348913581187074
1035356265571143680
1035358201871564801
1035359292390625280
1035359831769722880
1035363125963444225
1035376111130234882
1035377420982013953
1035378527879610368
1035379085302788096
1035383323227578369
1035384364253761537
1035391090659131397
1035395551716671490
1035399230943371264
1035402325110808576
1035402490366312448
1035404371515854848
1035405051798462464
1035408185371152385
1035408776340234240
1035417365855514624
1035424332623872000
1035426822350139393
1035428155711016960
1035428811293245440
1035434832644329472
1035438668746502144
1035438710093963264
1035439002587983872
1035441432797085696
1035441623629524993
1035453462484602880
1035453833558863873
1035456963470143489
1035457257696313344
1035457971327664130
1035459213026185216
1035460112100597760
1035460180887183360
1035465368414953472
1035467272637374465
1035469306161766400
1035482553724149760
1035483716418560000
1035484234390142976
1035485100941631488
1035485673892065280
1035485794268397568
1035487842775035905
1035488164893392897
1035489877842903041
1035490011620237312
1035491515290800129
1035497322724122625
1035499104028176385
1035500584231739392
1035502462654967809
1035502768591708160
1035502863802281985
1035503560497147904
1035508003506671616
1035509257209348097
1035521140930891776
1035522306951528448
1035524737273929728
1035527438653108225
1035527611479457792
1035535751352672257
1035539354704326659
1035542734881226754
1035542922786205697
1035548931525156864
1035553657272627200
1035553745340440578
1035568206033969152
1035570416008523776
1035575484409622529
1035578071892545538
1035579586019438593
1035580519700881408
1035582582870695936
1035583794185728000
1035584583142715392
1035589555099844608
1035589947649077248
1035590039080714240
1035602947814699009
1035603089225641984
1035603250723135488
1035604371021680640
1035615381463941120
1035621501024788480
1035627013548204032
1035631971219763201
1035643068710612994
1035644544904253441
1035647320677933056
1035648862495629312
1035651717591916544
1035663526013136896
1035670420798812160
1035672752005505024
