925634824999596032
926103812376367104
927504230943993856
927881629107916800
927917347649867776
928827309854900224
928896094347649024
929223574363230208
929398973781209089
929414167664017408
929617862750298112
929646581569245184
929951171070058496
929977697572392960
930005884108988417
930394258640584705
930767249174073344
930796468889440256
930797970043359234
931133024481239040
931557100907581440
931579084924178433
932015760607797248
932202741035810817
932206364041945088
932552623965663232
932766115306131462
932893994178301952
933171959948509184
933811010410033152
934098618117754885
934161734759219200
934185429196328961
934200990894575616
934203801942315008
935175545490460674
935203179565862912
935245951421288449
935253842144518144
935260980040425472
935542079777923072
935978480419950593
935993028283715584
936365610405044224
