1002339366138675200
1002343286953136130
1002381496626360322
1002431307333423104
1002438391554863104
1002441945153789952
1002455487118442496
1002468336217808896
1002469363117625344
1002471398214983680
1002472306680172544
1002477281145769984
1002478891842318336
1002480480946712576
1002483290312466432
1002486608413822976
1002490436152446976
1002493601866186752
1002495832934043648
1002502251905200128
1002503354612899840
1002505760444768256
1002512412094889984
1002513708202037249
1002514485020708864
1002522127910752258
1002522255803539456
1002522454126944256
1002526454725431298
1002531783190171648
1002531923804213248
1002540967008694272
1002546923352543232
1002549800070414336
1002550914669076482
1002555508241457153
1002561761705451520
1002565595961942016
1002568584009265152
1002568713172758528
1002568874657755136
1002569348207214592
1002572240171556864
1002580101572292608
1002582256177897472
1002584364327284736
1002590379278028800
1002597499088048129
1002603898220302338
1002607779352281088
1002618959261290496
1002630849265831939
1002636042682413056
1002639595249561600
1002643946848256001
1002645419858497537
1002646630330400774
1002649748388679681
1002653366508511232
1002653622243659776
1002654145260806144
1002654264395616256
1002654837773946882
1002657512460517376
1002677441695973376
1002680278287048704
1002682001835614209
1002689659271606272
1002689809851305987
1002695135384174592
1002696516153245696
1002737851006627842
1002764946218856448
1002788662042492928
1002790609915121666
1002797454016827393
1002820765484572673
1002823348198543360
1002824653390467072
1002828458462990336
1002840767499587585
1002842827045462016
1002847107185893376
1002856191352037376
1002868384873230336
1002872802993688576
1002872867170799619
1002875823458803712
1002878837716406272
1002883235657863168
1002885841583263745
1002888822441627648
1002893755404480512
1002894501122379776
1002894527961686016
1002895594178994176
1002907688458735616
1002907776539078657
1002907821455880192
1002912405486219264
1002913678323314689
1002915326655451137
1002918212374233088
1002918958109020160
1002919019370840064
1002921895811899392
1002924010148155392
1002927592104656896
1002928048415694849
1002940413664165890
1002952132121825281
1002952485286350848
1002954200760889344
1002955417503162369
1002962149029892096
1002964917614534656
1002965183961149440
1002966836948979712
1002968519875727360
1002971540022005762
1002971870524792835
1002971999713546240
1002972984511000576
1002973016391929857
1002974745695047680
1002979793988734977
1002981852599242754
1002982430117113856
1002982807600357376
1002990429900558336
1002990905538875394
1002991400462553088
1002995685371858944
1003006227369033728
1003009093047644160
1003009249319030784
1003013071554666496
1003016445918371840
1003017245747040257
1003019814787575808
1003024914604089344
1003026259331420160
1003032272822513664
1003033096013467648
1003038035456528389
1003038318790144003
1003041894769811457
1003042919509561344
1003044322068107264
1003059336623591424
1003061490205773824
1003073055571181568
1003079992954191872
1003080693394608128
1003087103574577152
1003101835631255553
1003113065477533701
1003116791252570112
1003146224793411584
1003147602630795264
1003148347006431232
1003150744986451968
1003152632033226752
1003156266804502528
1003158255722430464
1003171111721369600
1003174562375393281
1003185139126587393
1003185861758943233
1003186685134495744
1003188128847421441
1003189436602036224
1003195687704711169
1003199784805642240
1003199927399436288
1003201243584565250
1003202974578036737
1003210688754483201
1003217194942164993
1003224314366357504
1003225320584073216
1003229007779893248
1003240265526718466
1003240347084914688
1003240571903905792
1003244535596666881
1003256337843748864
1003277340435255296
1003281246154313728
1003282448233316352
1003291642596593664
1003294681038548993
1003299638982660096
1003300156496928769
1003300250528837632
1003301530668273664
1003303680668553216
1003303964178370561
1003308499072356353
1003313533487140864
1003314552300277761
1003324305311240192
1003328426198093827
1003328524172890113
1003329540637093888
1003336594613526528
1003339391287382017
1003339604869738499
1003340327522951168
1003343833143365638
1003344350288465920
1003344588965376000
1003347928872865794
1003348805473972224
1003349544527069185
1003349903156891648
1003353322735263744
1003354452290654209
1003359616737136647
1003363899117395970
1003367875304976385
1003368268718051329
1003373940675313669
1003375643562737664
1003384338803814400
1003385919188193280
1003395012045017088
1003397658214531072
1003397941766377473
1003401063993696258
1003401222957813760
1003401311872745472
1003401616370884610
1003402856660160513
1003403051254861831
1003405827892342785
1003407842836131841
1003408527417925632
1003411122358312965
1003413198110937095
1003415890031833088
1003418845770498048
1003421553579528192
1003423297999196161
1003423299253219329
1003434047568269312
1003447416929046529
1003468820034539520
1003470029680267264
1003513004552605697
1003515283603116033
1003520458636001280
1003520743022432256
1003521735394840577
1003523200867762176
1003523724744814593
1003540283840258048
1003542535757803521
1003546150840856577
1003548777305837569
1003548973184028672
1003552920015601664
1003554347765071872
1003560886685052928
1003572505326641152
1003579936152719360
1003580333588144129
1003583696597811200
1003588959061069824
1003590502766301184
1003590567014649856
1003592924624498689
1003594479696310272
1003599274561753088
1003601426726227969
1003601787050446848
1003602136817598465
1003611600337756161
1003615392923729925
1003619682035945477
1003625370816536578
1003626057386414081
1003629523559206912
1003636793122566149
1003636911393538048
1003642138352111616
1003642557765705730
1003648084180643840
1003651576731447296
1003652942854057984
1003655314686791680
1003655427547017218
1003657110364786689
1003657283971121152
1003658041659707392
1003658497706389504
1003660728107261952
1003660813062823937
1003668780562681856
1003672385587998722
1003675566531399685
1003677134328561666
1003679478638366722
1003679906360975367
1003681437688778754
1003682414122631173
1003702852559261696
1003705581046239232
1003710160710307840
1003710387194400769
1003715259713179650
1003717728094638082
1003719521562189825
1003720833548898304
1003731894754783232
1003735847462625282
1003743484027817984
1003753342764494848
1003755920889872387
1003765120349155328
1003769110398951425
1003769556693934081
1003776065808941058
1003838281199636485
1003868523310059520
1003870976608632832
1003882530272088064
1003883866980012032
1003906949489086464
1003910690401341440
1003918386936582144
1003918719117086720
1003925122762379264
1003931610872414209
1003932219323355136
1003944649579483137
1003947745802162178
1003949416385048578
1003949639098347520
1003962965727567872
1003964379178598407
1003966639451369472
1003976612281536513
1003981293523230721
1003989305889644544
1004002551547777024
1004007775087689729
1004008842148139010
1004011176253108224
1004012192985907200
1004017626689998848
1004017696328077313
1004035510778527744
1004046700766302208
1004053191011569664
1004054968146358273
1004062197478232066
1004062995616542720
1004065383890989058
1004078324157681668
1004082971010314241
1004083893316866054
1004084785034203137
1004086477809176576
1004094570362298368
1004096105724956673
1004101952760926208
1004104622829694977
1004134880119226368
1004141739089846272
1004147800567934977
1004148243180204032
1004150752225497088
1004156612393820160
1004197178120777729
1004200119170936832
1004205734526160897
1004213402137317376
1004237749640187904
1004242649417732096
1004244423260205056
1004246597511864320
1004251613459025920
1004254395142496256
1004254509214945281
1004262438164983808
1004264297072119808
1004266226858766336
1004266970815123457
1004267046849347584
1004269741249384448
1004271039403216896
1004272815065923585
1004274285790269442
1004276427414331392
1004284496861155328
1004288082944954368
1004291807130406914
1004292085573398528
1004297966637772800
1004298363616055297
1004299933556592640
1004304300045230080
1004305246053691392
1004306427152863232
1004312560806526976
1004315306939084801
1004316388629073920
1004326418463981568
1004349065218478080
1004362469781929984
1004365363084226560
1004370360534491136
1004373320454819840
1004386553874014209
1004393360004665344
1004404584364892160
1004408038919495680
1004408145731612672
1004412168106921984
1004417934972907521
1004425815109652480
1004436468205572101
1004436494222811137
1004437428294254594
1004445271424716801
1004446007730589696
1004446111392780289
1004447265170345985
1004447570964332545
1004449146361794562
1004449436976730113
1004451064400076800
1004451412103876611
1004457615466909696
1004465982255947776
1004473061012332551
1004476009998102528
1004479716953395205
1004480909800767493
1004483185189707777
1004491007579312134
1004495868760862720
1004497036463542276
1004503751133196288
1004519100398428161
1004520639934418944
1004595650846216193
1004596238057000960
1004604440035450881
1004604627818569728
1004607153309716481
1004619410508742656
1004626608991494145
1004633177716088833
1004647508793024512
1004653296961970176
1004656678120382465
1004657876722429952
1004663856105443328
1004667021592801280
1004668892608958466
1004675125369819143
1004682527582445568
1004684903097753600
1004690543627198464
1004692552904314885
1004694720747048962
1004694991053172737
1004695719037620224
1004698774114045952
1004699264004558852
1004700737031421952
1004701083506171904
1004720633140346882
1004720992160243713
1004721192245321728
1004731779641675782
1004738100927623169
1004738431241654272
1004744167229018112
1004747644869251073
1004749735746555904
1004754994556538881
1004758943904813056
1004760971016114178
1004768811025879040
1004773733796544513
1004776979407745025
1004780748010938370
1004784241857753088
1004784444883046401
1004784881476493312
1004785057096056832
1004785354174496770
1004785361745272832
1004786970688671745
1004787440014577666
1004795409372459008
1004798463471648769
1004798894914658305
1004805145421668357
1004805368654905345
1004807240057016326
1004810320366456832
1004810637439094784
1004811388248821765
1004813054238916613
1004815106906181635
1004821992531472384
1004823899433914368
1004829065126215681
1004831120746336257
1004832093548007425
1004832538018316290
1004833056006565888
1004833748490342406
1004839399895396353
1004850993354469376
1004857990300798976
1004864433615704064
1004865050987855872
1004887476283105280
1004959973544116225
1004982885319938048
1004985694295429127
1004989151421304833
1005004339201667072
1005020469878296576
1005024389660860416
1005024590568087552
1005025169411313664
1005038566173544448
1005043260207792128
1005044945554759681
1005048118260457472
1005049997564530688
1005051206807453696
1005053305205264385
1005058337363423232
1005062882894209024
1005063672681594881
1005064076286930944
1005066686712762370
1005067049771720704
1005068268397322241
1005075972469686274
1005079230634487808
1005079818650771456
1005085095097720832
1005095795593531394
1005108735063347200
1005114751754661888
1005116477010317312
1005124042964258817
1005132754550493185
1005137295173996545
1005142203147210752
1005142499168542720
1005150243544027136
1005158530222043136
1005163172905529344
1005165871504003074
1005171691948044289
1005172788943089664
1005174611183427584
1005175045281509377
1005176012118876160
1005177198670745601
1005177247731511297
1005180063783022595
1005184327007784960
1005184885965848578
1005187484152729602
1005196026024783872
1005197622385217541
1005199634816487424
1005209927210631171
1005220539244265472
1005223939319222275
1005231524122423297
1005251981416558593
1005273573680771072
1005279417197891587
1005298442128719872
1005323878468603904
1005346104324608001
1005350949811048449
1005359760756166656
1005366665578799104
1005367638493720576
1005372104169148417
1005373521877274624
1005374236175855616
1005383188045234176
1005386550027354112
1005386715035521024
1005409089957040128
1005409521563561984
1005411238703230976
1005415805503377408
1005418220541661184
1005420020753629184
1005422887996674048
1005436687764189184
1005437550415306757
1005438410247622657
1005442810491953152
1005446451713986560
1005446550141784064
1005449866452066306
1005459825545838592
1005461968826888193
1005470129390522368
1005475924903677953
1005483462940413953
1005485309298167808
1005487211855450112
1005488344724369408
1005489923447820288
1005491624217075712
1005492848567967744
1005500779124416512
1005503757495554048
1005505836612022272
1005505839581581312
1005506594333954048
1005517572702285824
1005519353197023233
1005530605688369153
1005537740157476866
1005539649413091329
1005542596951846914
1005544578152353794
1005546047509352449
1005549333247332352
1005549697744896000
1005553012490887169
1005559438185521153
1005563394244608001
1005569176075841536
1005570076999864320
1005587121825046528
1005596672272027648
1005596767470092289
1005607717552128001
1005610494563176448
1005615036163903489
1005625685526884354
1005686989537075201
1005700336588328960
1005711526127423489
1005712699295174656
1005721129003216896
1005723705614401536
1005723904382504960
1005725499899990017
1005728252596498432
1005733870023651328
1005734564193554432
1005738419614617605
1005751687766839296
1005757058237464576
1005759831934816257
1005761915572846593
1005765105034977281
1005768335408037889
1005769313167511552
1005776080236695552
1005777592719470592
1005778040243318784
1005779382441533440
1005781057231302656
1005785643266527232
1005790853422444545
1005793582236696576
1005794307855601664
1005797394875928576
1005800918082867200
1005815015562186753
1005816848032632832
1005819631809056768
1005822579712692225
1005834801696342016
1005836396869898240
1005839285893959681
1005848806984962048
1005852445111738368
1005858405611966464
1005863142809849856
1005864858582208513
1005865782981558272
1005866053300293635
1005869519150157824
1005871746036232192
1005878620953464834
1005881569083609093
1005885206409236481
1005899837139816448
1005900906884419584
1005905672909844480
1005910958735228928
1005912567515156482
1005915127374385153
1005915279954776064
1005916276101926913
1005923197575933954
1005923260272381952
1005925641022263298
1005927221159030785
1005930415109148674
1005932384343257089
1005934412297654283
1005942354199576577
1005963439410434048
1005980749302923264
1006005253685342209
1006008093635997696
1006012693503971328
1006053202523979776
1006054172691697665
1006054537147441152
1006056276244213760
1006060235948060672
1006062232881397760
1006084038648573952
1006085905084366848
1006108811873128455
1006109773606027264
1006113270430826497
1006116585998872576
1006128643846877184
1006130344150609922
1006136079471337472
1006137873773539328
1006144626632380417
1006157152044699648
1006168477948837888
1006177265749757953
1006178608854044672
1006179943498338304
1006180259723702272
1006182460088963072
1006182472646709250
1006183877340291072
1006184457232179205
1006192408118353927
1006192824616923137
1006195269283827712
1006196101110747137
1006196697637285888
1006197763841888257
1006203687453298688
1006205249416146944
1006205943309316096
1006211977050550272
1006212613779480577
1006216288392400896
1006217942634254338
1006222104654540800
1006223262332772354
1006223771446005760
1006224675314249728
1006225478552772608
1006234547451760640
1006246000841969665
1006248728800432130
1006253913396465665
1006266857932972032
1006266958105448454
1006271867114663936
1006273858012315649
1006274675222175745
1006277349091004416
1006277836880187394
1006283720293273600
1006283766757777408
1006291192353624071
1006298831858720768
1006414982639226880
1006424894639362053
1006440674437337088
1006444989793099777
1006445072165072896
1006447860534120454
1006454118024728576
1006456095190274049
1006472185823850496
1006479824498692096
1006480005692522496
1006495617282174977
1006497792091742208
1006506902065500161
1006521071686676482
1006524569350475776
1006524942203179008
1006528673854492673
1006532600171843584
1006533239668903937
1006539199309340674
1006545496322633733
1006545585653145600
1006545892726407168
1006547509240475648
1006552012421558272
1006560923438460928
1006568816715927552
1006577212928266240
1006577465366597633
1006581054831030274
1006585878712602626
1006589083731275777
1006589909036085258
1006593759411343362
1006596541065453568
1006597043966697473
1006598091707994112
1006600079803895808
1006602063265099777
1006603137032048646
1006604925974040576
1006608046464921601
1006612617811709952
1006615165041770502
1006615364669755397
1006615638155190274
1006616227035385856
1006619176474152960
1006620435906101249
1006623482740969472
1006627488737513472
1006629081318936581
1006629445774577666
1006629768752652288
1006630165135462402
1006652389053599749
1006660531862802434
1006661416026288129
1006662764193083392
1006677333850419200
1006680443511549954
1006689361440706560
1006694598440308738
1006697284040626176
1006741798947975168
1006744596641087489
1006774080505294851
1006775490600996864
1006792682080030720
1006793343249125376
1006814095398535174
1006815277349294080
1006824800025829376
1006826811274252288
1006832178326654976
1006832772667887616
1006833611939643392
1006845590431518720
1006846014584651776
1006849352323739648
1006852569350787073
1006855049417502722
1006857372248223745
1006864543983783936
1006865691331489792
1006865801972940802
1006866754168115200
1006867132821491712
1006867912513159168
1006870176632135681
1006871385011032065
1006871391709401088
1006874315990716416
1006874377210814464
1006878038854897664
1006878402043961345
1006884408308232192
1006885648698101761
1006897240768536576
1006898398673293312
1006904011398746112
1006905666286620673
1006908897502814210
1006911806345023489
1006912418272903168
1006914120757547008
1006918576828059649
1006922359197126656
1006924891746996226
1006936978015899648
1006937049411317760
1006937597552230405
1006937718436360192
1006937878058995714
1006938471963987968
1006938610132832256
1006938805142786048
1006939422460346369
1006939671631364096
1006940326450335745
1006940343118565376
1006940622031183872
1006941713808621568
1006941766690529281
1006943700356943875
1006944567239864321
1006944573099298816
1006944590744694784
1006945218996948993
1006945523948023808
1006947734312701952
1006949784501014533
1006950245891231744
1006953019550916608
1006956675344068614
1006960478734700544
1006967165919088644
1006970381037600768
1006970956504555520
1006971302538895360
1006975887747829765
1006976003938439168
1006977443582930945
1006977505608298496
1006977686223360008
1006979882830696448
1006982351598080000
1006983509658013702
1006985105150226433
1006985369802412032
1006986068179243009
1006986486753972224
1006987498835316737
1006992154110058496
1006992916647153665
1006994039005110273
1006996508611407872
1006997272620650498
1006998499555266560
1007002211614973952
1007002922125684736
1007003091609292801
1007008178842808320
1007009098683043840
1007011322909937664
1007017297062612993
1007019819328253952
1007020196807180289
1007024417518641152
1007025133515673600
1007027835725156352
1007029081613799424
1007032436205805569
1007033195357986816
1007040052227133442
1007042136427155463
1007043312866545664
1007047117511319552
1007054390446952449
1007097855180529665
1007112863637483525
1007114627619131392
1007116994615894016
1007130480590950402
1007137453088657408
1007138665770827777
1007138734112956421
1007140012536860674
1007140833085349889
1007146007887581184
1007161337032699904
1007171004676927488
1007171473721692165
1007172646319067136
1007176550826086400
1007185678021611520
1007194643375820800
1007196048455077890
1007197337779884037
1007197794552156160
1007198275613675520
1007201719971966976
1007211908850700288
1007213962721746944
1007221539350241280
1007223672535441409
1007240823992406016
1007247079717195777
1007247719151349766
1007277300080087041
1007283029939609600
1007283427828293632
1007285098964770820
1007285891046535169
1007287100931272705
1007290678647377920
1007290803633434624
1007294086162808833
1007295046608138240
1007295934114516993
1007297337516019716
1007298559790731264
1007300419087994882
1007301455919960065
1007306673621557248
1007307484435009537
1007307499161247747
1007307519616782336
1007309937645707264
1007315506846732289
1007317999085408257
1007318559888957440
1007319446715760640
1007327606558085121
1007328931849097222
1007330712880668673
1007331321054748673
1007332481618595840
1007337677103001606
1007340267081433088
1007344207202275329
1007346902852087808
1007347694195691520
1007347773627338752
1007347846620893184
1007347905861177345
1007353195881025536
1007353402211356672
1007353743787089920
1007354146029228032
1007355989010665478
1007356033050857472
1007356055293251585
1007356318263447552
1007356824918642690
1007357138224713728
1007361831265079296
1007363082820227073
1007363935513796609
1007364909875826688
1007371763787812866
1007372078352338945
1007374634361159695
1007375677920874497
1007375802906955778
1007379085377572864
1007379153430175750
1007381826766286854
1007382811559514112
1007386974846582784
1007387640906297348
1007388158495993856
1007389110162677760
1007390649035915265
1007391622957621248
1007392299100397568
1007394927683174400
1007396208174919680
1007396261874585600
1007396792047210496
1007402857400885255
1007406751405281281
1007406791234289664
1007407194726391808
1007407562566848512
1007408381815123975
1007408755858989056
1007412320195301376
1007419921523990529
1007423947212804097
1007427428086452224
1007477636996755456
1007477958955732992
1007488261433036802
1007490447005151233
1007494510920847360
1007515503420682240
1007521586000355329
1007525779473920001
1007542002597158912
1007542784415490048
1007558934188711936
1007561490193412096
1007563057038585856
1007564548688220160
1007565457564557312
1007587457976725504
1007604801994096640
1007605154584104960
1007611677989396480
1007620099287781376
1007625337990209536
1007630158059180037
1007632680547241984
1007650016779997185
1007656062890250241
1007656605268275201
1007673640438071296
1007674773709709312
1007675704018948096
1007676556339302400
1007677354494263296
1007678943300915207
1007691536530903040
1007699483017302016
1007713414574149632
1007718936392105984
1007722007470002181
1007722632408719361
1007737490743050242
1007737736957235200
1007743700800327680
1007749060709814272
1007752109704601600
1007753773001924609
1007754145053495297
1007754929795158017
1007768883837710336
1007769385879179265
1007784548711747584
1007862325804699648
1007867619007856640
1007867674368659462
1007871263019294720
1007891643972968448
1007895149156995072
1007920320022548480
1007927884013555712
1007929206062317571
1007929349935333377
1007935816319094784
1007937762035523584
1007974217382531072
1007979205110484993
1007979401408065536
1007980002468597761
1007989888434819072
1007999217594458112
1008002047965310977
1008004490887421952
1008016543228276736
1008018503641821185
1008021467781648384
1008025929271140352
1008031377659387904
1008038402879565824
1008040886125645824
1008042441235161088
1008043056262676482
1008043117927436288
1008044499937976320
1008050098918567939
1008059177086980097
1008060641716899841
1008067799296684032
1008067979660218369
1008073256945893376
1008097400462987264
1008099817346695173
1008106300499210241
1008112973221646336
1008115277572247553
1008135786728906752
1008190733109653504
1008228885337649153
1008230279209738242
1008237457626812416
1008243669198102528
1008251966991069184
1008252927918555136
1008265930655162368
1008269291660210177
1008273043204947968
1008275626632138752
1008277272065904640
1008277319046266880
1008277402517004289
1008284279057584130
1008287868320665600
1008288419443822593
1008288753553559552
1008289009431400448
1008291794323410945
1008295836462272512
1008296765114716160
1008302923162574848
1008303208828145667
1008307370773155840
1008313722660687872
1008315439800254464
1008320509891829761
1008324428621590534
1008327156257222661
1008327524038963200
1008329041928163330
1008334846463283200
1008337826059038720
1008347787971452928
1008349175442964480
1008353032524795904
1008357707076816896
1008368122368315395
1008370228131221504
1008375027077697538
1008375224167993344
1008376098680393729
1008378181152370689
1008382459082346496
1008392217831133185
1008399641304600577
1008402019495940096
1008403112103641088
1008415606528454657
1008438842515484672
1008445597442035712
1008445868826152962
1008451997534687233
1008453934904696833
1008454784263819265
1008463100889260033
1008463912315047936
1008467356803305472
1008473344860094470
1008491981419532289
1008500441758527489
1008515729992364032
1008516298320629761
1008543097398218753
1008561639157739522
1008572611037663232
1008576402453598208
1008577659738173440
1008662408494186496
1008673073418113024
1008677079842476037
1008678360782909440
1008680364603248640
1008687162974498818
1008688156575756288
1008688896442535937
1008691446738759681
1008691541374832640
1008693650698788865
1008699244642013186
1008702740594380805
1008703378359087104
1008711836798210049
1008718477618581504
1008720729951621121
1008724744965967873
1008728486075396096
1008729277855092741
1008731144425279489
1008735568140931078
1008735995569823744
1008740133665935361
1008744178635956224
1008754549916667905
1008757236775243777
1008767582017638400
1008775117747474432
1008778965782233091
1008779751371223040
1008794671852740609
1008799014110793734
1008803586359382016
1008817012024532993
1008825161406205953
1008826949433806848
1008830091818872839
1008848947740332033
1008849768137625600
1008870804019294208
1008871620902113285
1008882553779089408
1008922318708576256
1008950112620564480
1008951021689868289
1008980724844826624
1008981487306379265
1008985276033781761
1008986092249460736
1008988153737351168
1008997334678757377
1009011558167564288
1009018963756572672
1009019697415639040
1009031813120102400
1009035530842116096
1009052728402825216
1009053351269552128
1009058134340636672
1009066524743749632
1009069271174057984
1009072551132139520
1009074506927951872
1009079929730891778
1009088777195806722
1009106553243340801
1009112218749763584
1009121831733940225
1009122550583058433
1009122949054582784
1009123229011759105
1009124544110645248
1009128618046435328
1009129750521171968
1009141130095669254
1009147398906662912
1009150426342572033
1009160798034366465
1009162250802925568
1009166491353272322
1009170241497096192
1009172993053020161
1009180244035756033
1009183927913902081
1009189640270745606
1009193391526240256
1009196106088112129
1009198223779647488
1009200615803801600
1009201541084000256
1009209276202708992
1009216041598087168
1009216846929780737
1009304362735357953
1009311419672748033
1009327337748525056
1009335177863204865
1009347253146963968
1009350919094497280
1009353366898659329
1009360241794920448
1009367201814630400
1009367995800608768
1009370085360840704
1009372488890019840
1009373707167567872
1009375920195502080
1009379168147197957
1009385898327396353
1009391633639641089
1009404908594958337
1009406479798095873
1009406495308558337
1009409210130497536
1009410666950688768
1009435079506944001
1009441807565033472
1009454065862967296
1009455181107466241
1009457975373844481
1009458714821255168
1009458742075838465
1009461580356960256
1009462291732025344
1009470064180056069
1009477229733208069
1009479161050738691
1009491811650457600
1009508299027484676
1009511017372667905
1009513055162691586
1009515115480342534
1009516340368019461
1009516753452437507
1009519492727263234
1009520507815907329
1009520660085960704
1009526372279226370
1009526500633272320
1009528864144609282
1009532517488168962
1009533740836638725
1009533781953392640
1009539321970470912
1009541222636113921
1009546047369170944
1009546239015186433
1009546798568964096
1009549145688993793
1009551751190589440
1009553990105862144
1009557646712737795
1009564266976960512
1009567815794397186
1009584408930775042
1009595038064508928
1009604234088677376
1009611423536832512
1009617324918353922
1009651543321149442
1009685924022837253
1009691838859632640
1009692224051916800
1009693800539795457
1009695743307931649
1009707311642923008
1009711461965488128
1009713166056607744
1009719361265860610
1009728846009192449
1009729642918567936
1009731049306427392
1009731482997477376
1009746595515117568
1009747088744304640
1009754213159784449
1009760336432521217
1009793355969114112
1009793479411687425
1009796631020089345
1009799230179946496
1009799703767154688
1009806558102999040
1009812445630750721
1009829443039309827
1009832370248257536
1009848775450550273
1009860151250042880
1009864648349413377
1009876142843625472
1009895757288230913
1009896241109651456
1009904508061863936
1009909368886874112
1009930327580659712
1009930346257887232
1009941579019313154
1009971759590924289
1009976368673804288
1009986017938440192
1010044066841726976
1010059674039865345
1010068217635721221
1010083027282726919
1010086357606289408
1010099193862553601
1010111056193228805
1010115316733575168
1010115865768091648
1010120747514097664
1010126008429707265
1010136742937157634
1010137862786961411
1010139573664481281
1010139646641295360
1010142943385210886
1010145895109808129
1010147864968867841
1010147922443407361
1010148118309097472
1010150781696307202
1010163067760594949
1010164453034381312
1010172906201145344
1010182616866226176
1010196724843991041
1010202861081329664
1010209258657472512
1010218968886448129
1010221587394637824
1010224686578319360
1010225530493440000
1010225722991013889
1010246250736816130
1010246481859706880
1010247524144345089
1010252965851140097
1010253642375553029
1010261972686864390
1010277523052204033
1010280506292924417
1010284658825859083
1010294751009091585
1010309674908909568
1010342550530592769
1010343581276569600
1010385499570233344
1010418155578159104
1010430154873692161
1010430448655327233
1010454723609194496
1010461182837305349
1010463982539493376
1010464063476981761
1010464417484607494
1010471639925100545
1010483810255982593
1010485915402240000
1010486638072324096
1010487657405800450
1010491896882515969
1010492120858275840
1010493702526177282
1010498639221882880
1010501899978727427
1010505153403813888
1010515490681380865
1010524106725343234
1010524256608931841
1010526543939063808
1010532673889038336
1010537972469399553
1010540869576019970
1010541151848366082
1010544949782343680
1010545133090156545
1010545600289562625
1010548436117196800
1010555092813172736
1010555720356564998
1010559856762413056
1010560886900129792
1010571530793816064
1010576563530797059
1010578666894581762
1010597048935157761
1010608086653001733
1010618487281213441
1010623061593411584
1010623884754898944
1010630773236555777
1010637116685148160
1010642862051127296
1010645504022151169
1010659684565516288
1010686853572329474
1010709028459220992
1010722597842059265
1010728319321608192
1010742477597429762
1010759243056730112
1010799419313348608
1010802491364167680
1010802788908044289
1010804859065466880
1010806009974095872
1010808389407002624
1010809055038799872
1010813334919221248
1010816756632387585
1010817495681454080
1010817804805771265
1010820884683280384
1010825769763983365
1010825950945308676
1010828212098818048
1010828683135905792
1010828819853447168
1010847291920568320
1010854776307937281
1010855376089157632
1010855378182201344
1010857529625268224
1010861623509176320
1010866184848363522
1010866514084458500
1010870231072468996
1010878822680530944
1010884492138074114
1010890349479452673
1010896728470499328
1010901814584078337
1010903533837864960
1010903545183424512
1010907640057270273
1010911048352911365
1010922630948511748
1010932407158165505
1010935063704371200
1010936579618111488
1010937013204332544
1010956269367197696
1010957247789387777
1010958404779732992
1010958762126045186
1010962074179133440
1010966928230318086
1010970796641185799
1010972695402565643
1010984045562482689
1010995739311464450
1010997349924077569
1011000109381898241
1011000188511629313
1011001592894640129
1011007831502479360
1011008607046045697
1011009911885565954
1011013872508194816
1011014344417607687
1011041930376073216
1011057149793980422
1011095909357182976
1011096213024747520
1011106911880695808
1011122082959290368
1011124729334390784
1011135155904368642
1011141206187888640
1011143349594566656
1011144867391655936
1011150182824730624
1011151326145892352
1011154211864760321
1011155226487873541
1011156340415303680
1011158278670311424
1011159002623995904
1011167295241146371
1011167704538144768
1011174856669519872
1011178105161957377
1011187036076814336
1011190080743116802
1011192860291600384
1011198166744621057
1011212818044063744
1011214051186282496
1011215140002385920
1011219366208102401
1011225539376504832
1011227478814351360
1011236638763057158
1011239770243108865
1011241536015790085
1011242241308971008
1011253131198509056
1011262748125224960
1011263882218889216
1011264982187741184
1011271079023824897
1011282689268371457
1011283080198414336
1011292133159047168
1011297545924931585
1011307643284180994
1011310017360859136
1011317141730156544
1011322062881910784
1011326219433005056
1011339908412129280
1011349283520569349
1011351262393184262
1011370268642742273
1011379368810213376
1011394452080951296
1011397021373091840
1011408056176005120
1011412474044743686
1011422659928907776
1011437197390700546
1011446997767872515
1011472661875175424
1011530098699309057
1011530548408446977
1011534286476972032
1011537260867719169
1011549506956152832
1011566493086179328
1011567212807761920
1011571744900108289
1011572088279355392
1011580322532745217
1011585956334497793
1011586110680633344
1011586607709933570
1011597114038800384
1011597722204372992
1011598407318851584
1011602086386130949
1011620975010566145
1011626776571899904
1011627669950222337
1011636556841521152
1011653398637305856
1011660867879006208
1011670836057657344
1011675021557796866
1011678324941361153
1011678811509927937
1011681500494848000
1011683365047676928
1011687524778102785
1011690789582360576
1011692108724482048
1011693002492928000
1011693645928558592
1011694630319153154
1011694934011842560
1011696709846609920
1011698131740831745
1011703233696301057
1011705488982052864
1011707231283351558
1011708138095955968
1011709373725446144
1011715078431879169
1011715988579127302
1011719310853771264
1011720226474512387
1011725482369302528
1011725922343399426
1011732957466374144
1011733819215568896
1011735987418828800
1011740827645825024
1011756909026684929
1011757443376918533
1011759106007425024
1011769353937793024
1011803439377080322
1011843789013610496
1011848396871798785
1011855378693476353
1011857125734305792
1011867350923169793
1011868685542162433
1011889866328731648
1011893689470341120
1011893708659322880
1011903573351944192
1011930262987591682
1011934937518366725
1011939634325131265
1011941192072916993
1011941550270672896
1011942916741304320
1011954269073833984
1011954685153071104
1011955289984258049
1011957025549508608
1011957893350948864
1011961124240216064
1011973074646913024
1011984143549427713
1011984691178737667
1011986550970814464
1011986682663628800
1011989707163566080
1012005724602421249
1012007518271352833
1012010596026474496
1012011369078632451
1012012265372028928
1012015971459129347
1012016242851540992
1012023611782320128
1012026103219785728
1012028159720554496
1012032869508829203
1012038898380365824
1012040396472508418
1012042616228208642
1012044071307763712
1012044973833883648
1012046047974223872
1012059194621652992
1012061418852704259
1012062484210077701
1012063207744253952
1012063448891645952
1012079639773302785
1012080701351645184
1012082596745015303
1012094454570905600
1012098660098854917
1012108488997326848
1012111551283810304
1012133119326027777
1012137692296105985
1012210733986254848
1012213536599224321
1012213849926393856
1012217043037380609
1012219331051212800
1012221304047628288
1012230505469706241
1012232151784394752
1012240379310157824
1012249927253217282
1012251391451127808
1012254450793304064
1012255433107570688
1012256989202866176
1012257322196979712
1012260142879002624
1012265755717570560
1012282080896659464
1012287883607183360
1012296463060172803
1012300294942855168
1012301249180553216
1012301482086068226
1012329209233100801
1012329763288076288
1012331363431796737
1012339343929872384
1012344965131833344
1012348972101439488
1012349890079358977
1012360699589332993
1012365017675689984
1012374074880872448
1012374466805059584
1012376456498991110
1012377820809629697
1012378485602467840
1012389823624163328
1012393836310454272
1012397271030173697
1012397485032165377
1012397818802331649
1012398444206583808
1012402867095900167
1012403324254121985
1012404300260282368
1012404531806769152
1012409729363177473
1012410776278183936
1012412934260232196
1012413753814671360
1012417906196480000
1012419630437224449
1012419736561422336
1012422602550337536
1012422772977471488
1012428026628464641
1012437858064400384
1012441234470789120
1012466221479026689
1012466467000999936
1012493281308172288
1012495671927169024
1012535563553996800
1012552756396199936
1012559985711206400
1012562287121584128
1012574836487540737
1012576156434993152
1012576551118860288
1012590079011901440
1012604602607439873
1012613215212228613
1012637094110547968
1012646807787143168
1012657369044668416
1012665028640722944
1012665260640296960
1012676035106820096
1012676631801008129
1012685462081810437
1012687636824281088
1012693831916007424
1012706649193082880
1012712851725737984
1012718115996790784
1012720048648179712
1012721491560075264
1012722398406291456
1012733261230039041
1012734384439472129
1012734509438128133
1012734696508227585
1012735067305775104
1012735704814772230
1012748628732104704
1012749358100566016
1012759873388498945
1012761666734436358
1012766961036603394
1012773169197961216
1012791845833752576
1012793468786282496
1012797090538418184
1012799978333450240
1012802529246277633
1012806242543308800
1012809204107792384
1012814355971395586
1012814422274867202
1012814546279464961
1012817993611571205
1012818576183611392
1012821177344167938
1012822353674465281
1012824849306345479
1012829360259248129
1012874312704028673
1012879293053956096
1012900545164644352
1012901044387446784
1012911141687906304
1012919078519009280
1012924385689206785
1012933496032186368
1012948600563826688
1012948871004217345
1012953849726930944
1012954232251731968
1012955344178380801
1012956592822775808
1012961364988612608
1012961503895609344
1012962409470930944
1012964144629284864
1012965752327065601
1012966459046326272
1012973504659062786
1012977768567574529
1012978254725177345
1012978997200814082
1012980528855822336
1012981147536707584
1012983450612191232
1012995774718840832
1012995911062917120
1013003441935810560
1013011405665112065
1013013323275784193
1013019250691371009
1013026133099417601
1013026347843665920
1013026985797410818
1013029777907863552
1013030389500334080
1013030541338333186
1013031371776888834
1013034435745386497
1013038532951191552
1013039335116083200
1013041832060743681
1013044780564123653
1013044952492888064
1013045103521300480
1013052100471910401
1013057187202117632
1013058531598241792
1013059740799258624
1013061919731666946
1013068992586674176
1013071311646744576
1013078962036199425
1013080471150972928
1013081701764030464
1013089171399901185
1013097372950368256
1013098884166545412
1013099579145969664
1013102388906020865
1013109225642311680
1013111015326867458
1013114260484972544
1013115451226968064
1013116126103064581
1013122019091722246
1013134312198328322
1013134792429326336
1013135816800002048
1013139158674673665
1013143014083055619
1013152136249724930
1013154795627085825
1013155418745556997
1013155962352472069
1013157423400529920
1013158270888968195
1013160366367494145
1013161054250119169
1013161595277578240
1013175449927782400
1013179255818252288
1013185348065742848
1013194828434300933
1013198774020304896
1013204643101360129
