871197498672533505
871273110237925376
871346521857568768
871512571769217024
871736524173430784
871736846295990272
871762491533119489
872020183711461376
872464299280805888
872494707531669504
872719554123751424
873185053731414016
873709668656324609
874269909806571521
874271125718523905
874272303084781569
874273112832917504
874274755469234177
874299797989056513
874321151635456000
874749167356268550
874863859726766080
875013308255936512
875721917033988097
876049823518142465
876089343105945600
876119124870549504
876120919063773186
876133212572991488
876320387998523393
876363359901278208
876537946156875776
876741789297688580
876772138723799040
876780453650284544
876812449172697088
876813646331916293
876816961321226240
876838022817476608
876838325012791296
876848367401172993
876855661753192448
876864626217975809
876881233455611904
876881884927729665
876882792604467200
876896574227566592
876970825177595905
876972877022494720
877035297070075905
877111802479378432
877188091785523201
877233344987242497
877237610397093888
877246688716607488
877246867842621440
877341352903573504
877399199905611776
877411126492844036
877411350405763072
877587302708629506
877664801190584320
877697922447458304
877730739986485248
877876445858508800
878030870061305856
878089977451745281
878106311757516801
878119169811652608
878126425747763201
878135764160315392
878286390424989696
878459393276223488
878497041768427520
878647968764575745
878648687903203329
878648976253239296
878683893540376576
878686566847094785
878690210044723200
878691716638810114
878811630049439746
878813198346063873
878826750817345536
878830218827284481
878830277694439424
878830487694790656
878831252031250432
878831636510498818
878838427109568512
878841183593693184
878870597836705792
878901623082307585
878967402360299521
878975502421250052
879029223360417792
879031350853910528
879032869808623616
879033390908923905
879034635782696963
879036044972138496
879042076893163521
879046226355699713
879056168513134593
879110582489698304
879111561016623105
879186197393715200
879197431006543872
879231221133451264
879231388934864896
879237963070279680
879281286095015936
879281709249900544
879282133268922370
879292075883331584
879311397347352577
879325218438885377
879377503810330624
879430251679408129
879527777229197312
879530954066448384
879538062182764545
879541485972148228
879574812661657600
879742905274912770
879770573395472384
880197301813166080
