969878309470289920
971036012888682496
971405482387685376
971406837592473600
971762341757861893
971765832278839296
971816272525656067
972849099346100224
972951844552105989
972952105576153088
972956355253473281
973023557230972929
973047106566066176
973072975179137024
973117682026536961
973234212378726400
973291126986891269
973373731295948800
973467700050714624
973543679871930368
973555934797619200
975460062117421057
975460081688023045
976561450423668737
976570529535660032
976592057664987136
976700662871416832
976753076999729152
977055404088872960
977739703272333312
977792394476204032
977868453989244928
977881900097376257
978950761420746753
978956933351858177
978978644075917312
979106360880189440
979241202271780865
979370404065157121
979434526140067840
979467874220822530
979974534156767232
979981770824257536
979989069362024448
980018774672920576
980024866064789504
980030525413961728
980101692275511297
980125592694685697
980153574389841920
980190837597491200
