1123460500665376773
1123476221344538624
1123479607821438976
1123487736256761857
1123488458234896384
1123503328632213504
1123505039983747072
1123519676850552832
1123528916055089152
1123535519273639937
1123537904041648129
1123540228923383808
1123541551467175937
1123542693089566720
1123547133766983681
1123550211392049152
1123554182148034560
1123558750995079169
1123559584415780866
1123560977331621889
1123571089353785344
1123576772254142465
1123580133015732224
1123595001169154048
1123606701528186881
1123612749878239232
1123615458395951112
1123616265417973760
1123617148604227584
1123618072714199040
1123620253341188096
1123623114582024193
1123624820489490432
1123625814698991619
1123633467886063618
1123634299205558274
1123634400699273218
1123642556246560769
1123645572232155137
1123647302802071552
1123647905951309824
1123657169843499008
1123659609334538241
1123667504239452160
1123671484650655744
1123672786130612224
1123674574577721350
1123686856372174849
1123699864582356992
1123730719967199232
1123799878579236864
1123833532856635393
1123834120898064384
1123843160453656577
1123873516976246784
1123884152640679942
1123887632365305857
1123889916298059776
1123892440178544642
1123895900311572481
1123903375068864512
1123904178328358912
1123904269361516552
1123915305397493761
1123917889109622784
1123921086012383234
1123924689913511941
1123925718210109441
1123938566177005568
1123939937731194880
1123968944291889152
1123975545279123459
1123979897171533829
1123983953994682371
1123988683068145665
1123989783443845125
1124007960097775617
1124008533899476992
1124010665528549376
1124010951899062273
1124048109644992514
1124050993254150144
1124058503566569489
1124064907450814464
1124106004466106368
1124177312281444353
1124184337707094016
1124211222797275137
1124240180272148480
1124255270534881282
1124268230414147586
1124286791555543040
1124302758029475840
1124304298190544903
1124304961741967361
1124308122523377665
1124312656998019072
1124341485200203777
1124347109044416513
1124354608984408064
1124354710922833922
1124358820787101696
1124360200285192196
1124360858363146241
1124367074732720128
1124367089840660486
1124372577546375168
1124375855092895744
1124377618562863104
1124381730469814273
1124388568468729856
1124392717872766977
1124396276341075970
1124400092558102529
1124409974204043264
1124412423987974145
1124415788641923072
1124419165484453891
1124429058899529728
1124429185240272897
1124429655870775297
1124439621679616000
1124444002470768645
1124445563582328832
1124446365965221889
1124476707136790528
1124491134686900224
1124513551559876608
1124526300176224257
1124568872647106560
1124572000742191104
1124573323004973056
1124576983315374080
1124583709007581184
1124583830093008896
1124617014587342848
1124620989231435776
1124625938019434496
1124637756653744128
1124645920031875074
1124650095880933376
1124650786691190785
1124661956537876480
1124672019252043776
1124675790212231173
1124682352276283393
1124683169654030336
1124685470825238528
1124687461685301248
1124691370348896256
1124702636396175360
1124706529817632769
1124710923778891776
1124711077663662089
1124712944783319040
1124714553542156288
1124715043835269121
1124721892479459328
1124722304590712833
1124732610863869952
1124734419833643009
1124734789796364289
1124736743217991681
1124737043303686144
1124739745790058497
1124742370984116225
1124764009830469632
1124769170095247360
1124774713677369344
1124775450201473025
1124778707934167040
1124780402835632129
1124781239284555776
1124788682223828992
1124788805729280000
1124789889101381633
1124797250096500736
1124803949423464448
1124817838273966082
1124818288335294465
1124827994340696064
1124835090096381953
1124835278609424384
1124913655462678528
1124914172637188096
1124915154934693888
1124920024530026497
1124920774450712576
1124934640756842502
1124946222576545792
1124949510482952192
1124949811256549378
1124949919842873344
1124950420215017473
1124951846643220480
1124953689263886336
1124954814167887872
1124959403160031232
1124973709528379392
1124987865396465664
1124996940930981889
1124997164483207169
1124997526460018689
1125001803379113989
1125003794822176768
1125003884064325633
1125005251935920129
1125005290947207168
1125008202221916160
1125016340228706304
1125020372674519040
1125023365452980224
1125025467239628810
1125032812590043136
1125032942353436673
1125033649877999617
1125036548150517760
1125039686328705024
1125045285326131200
1125050711056756737
1125051697980747777
1125062239512346624
1125073533120516097
1125078281324322816
1125102920062656513
1125105266091945985
1125105392617308160
1125107088810749952
1125114664487137280
1125115794059419649
1125116044467757062
1125116932422762497
1125126263063154689
1125139539272638469
1125159307463598086
1125160571354136576
1125169035036037120
1125175542364409857
1125179444618985473
1125185372529364993
1125196673670615046
1125202782888157184
1125203951207555072
1125204423897165824
1125207196785098753
1125260026560512000
1125271258868924416
1125273744417726465
1125280187300634626
1125285462220918784
1125288043643117568
1125291797993984000
1125302428486774789
1125302745269981184
1125305676077596672
1125317874795667456
1125330021093130240
1125333733463216128
1125343246572564480
1125348543982645248
1125352768485646336
1125358927825207298
1125362108105936896
1125364452961005569
1125365741883203585
1125372553843888129
1125378733421076480
1125389453118382080
1125389597809287168
1125396814549725185
1125397921829150723
1125400561325682689
1125406937917665280
1125408865187708928
1125412792889151493
1125418917474729991
1125420499373363200
1125422527726149632
1125423802794561536
1125431775726047234
1125439969047216128
1125441024602537984
1125442000608792581
1125442755587706880
1125445886224535558
1125446727610380288
1125447532497330176
1125448167066095626
1125448425884004353
1125450444338282496
1125452956986376192
1125454286970867714
1125455204432760832
1125455322556928001
1125455991959687168
1125457402508214272
1125460578041044993
1125467302206554112
1125469320228876288
1125474225031188483
1125474407483310080
1125489972981698562
1125491151585386496
1125498089777840128
1125498359404482562
1125498483618734081
1125500195758800896
1125505711235112961
1125507305909317632
1125508022300753921
1125513603346518018
1125514555533221890
1125521041005142016
1125521075427774468
1125551798691991557
1125622101099077632
1125626837718241280
1125638527226667008
1125651492256534530
1125670011782213632
1125682299847233538
1125687952082862080
1125694721282719744
1125703074209763329
1125704807749160960
1125709520452358144
1125721315908911104
1125727359229931522
1125740997453991937
1125747915941646337
1125750485368102912
1125751283695136768
1125762123752194050
1125765152463360001
1125769453218693121
1125770369334276096
1125777979030876165
1125783819620093952
1125788121176727557
1125788381340930049
1125788936654262272
1125800335119925249
1125800647167762439
1125805605451718657
1125806524641763328
1125806589552807936
1125808137997619201
1125808189344292864
1125808835300556800
1125809822216142851
1125818080997851136
1125818914611585025
1125842436260093952
1125845365578764289
1125846141709344768
1125846268599685120
1125848023093981185
1125867022749978627
1125869160716804096
1125880467700572160
1125885872883236865
1125907861245186049
1125919059906834432
1125922257229045763
1125941796817842176
1125997733310025728
1126000325683482624
1126013358736646145
1126018249345392640
1126020379183583233
1126031757567037440
1126040919554260992
1126044865660321792
1126046031148408834
1126050449424113666
1126050676323356672
1126052895953178624
1126053237583491072
1126056698895060997
1126062407204392960
1126068592318013440
1126068797784371201
1126071191943487488
1126077423504822272
1126078343223361538
1126079472330059776
1126080101047853056
1126099738498039809
1126100209803640832
1126109257210978304
1126109408910381058
1126110245921726464
1126112227336101890
1126115820164329472
1126115876791640064
1126116987426484224
1126118157251432448
1126126417513676800
1126128439063265280
1126130219650289666
1126133725761294337
1126139493730390016
1126142545250213890
1126143208973410304
1126144207222202368
1126145608513982464
1126147102529269760
1126150153193304064
1126155012999122944
1126174430546354177
1126174935926431744
1126179918344347649
1126180235433656320
1126183243185827840
1126186763045736449
1126187061667561472
1126194213807427584
1126196012022890497
1126196620901662720
1126207961913806848
1126213743338237952
1126214396978577409
1126218325598572544
1126221336681095171
1126221722749939714
1126224860756283392
1126226351403491334
1126236700018126848
1126238727515324416
1126241607609659392
1126245049598001152
1126262021438074880
1126267305996976128
1126288821384093696
1126378016169431040
1126395711124377601
1126396594356674560
1126396927464083457
1126409103532863488
1126427724128583681
1126430863581958144
1126433999629553664
1126441688052817922
1126452116187484160
1126464488444760064
1126469864997163008
1126470353780453376
1126485458463203329
1126486791677272065
1126486799214350336
1126487892392648704
1126488652706656256
1126490257015431168
1126490300199968770
1126505353158508544
1126531215241007105
1126544440997371907
1126546282850529280
1126571251961618437
1126591402643791874
1126601763430195201
1126632953923039232
1126672344666312704
1126706601958596608
1126715592763777031
1126717260565843969
1126717386541789185
1126734169638203392
1126742818385317890
1126746415756013568
1126748469748617218
1126765865582546944
1126771535857967104
1126782062701232129
1126789356184899584
1126789451819225089
1126790646243758080
1126794159921278976
1126796258348359681
1126823474767392769
1126826269847502848
1126833529336283136
1126837005554417664
1126858877318979584
1126860812449124354
1126873243955212288
1126877088865292288
1126890521383796737
1126897688325251075
1126912541626642433
1126916976255705093
1126924893868699649
1126929164924346369
1126945322234785793
1126955859186266112
1126959608403197954
1126976987099168768
1127043477307633669
1127051140305248256
1127084601552384000
1127088489315483648
1127088860943482881
1127102596483883008
1127118912150278144
1127119868174716928
1127125673439576064
1127127231686414336
1127148375181332480
1127166875010502656
1127177112471863297
1127181884750991360
1127195181927804931
1127198912790564869
1127204793250975746
1127232281108713472
1127235872141860865
1127236006065971200
1127245615522557953
1127261183906668544
1127263087973797888
1127264831692791814
1127266820056961026
1127274447134765057
1127281147984207873
1127282692066873351
1127288308910952456
1127289622982221826
1127306460306657280
1127307250803068930
1127308387476226051
1127308557332951040
1127311554641154048
1127312269694496768
1127315837306716160
1127316759294369792
1127317499584892928
1127318481052033024
1127319033450303488
1127319649606078465
1127321242149826561
1127328333065281536
1127328871425114112
1127335780026920961
1127340563211214850
1127341842901553152
1127342283731259394
1127342402421784576
1127342840328204289
1127343240468779008
1127357756954927106
1127366570425106432
1127368613881679872
1127381291157139456
1127387422398894080
1127387854852718594
1127389187387400192
1127397674112524288
1127402974463107072
1127411137014837248
1127413558793449472
1127432573653635074
1127438114761216000
1127440604495994881
1127442255789400064
1127442704156299264
1127443650399678465
1127443906470260736
1127446617060147200
1127449976274149376
1127456195999088640
1127458114448576512
1127461607498346496
1127464598876016640
1127474455456960513
1127479281007742978
1127482061852483584
1127486252792651776
1127486322845913089
1127494479915683840
1127501359421501440
1127502860567154688
1127517372435267584
1127527434155282433
1127528765347848192
1127530324458651648
1127532795725848577
1127533279333117952
1127535790043615234
1127540588314877954
1127544332158951425
1127552866741358598
1127555014224961541
1127566962127773696
1127575940182179840
1127577326638624768
1127578918112899072
1127579310120771585
1127581574663245824
1127582656361893889
1127584475439722497
1127594527919939584
1127594698615472130
1127597007600783360
1127599526850723845
1127604184034021378
1127622994254290945
1127628471595880454
1127630784708452352
1127638865462775808
1127639858674061312
1127642740999708673
1127643118105444353
1127649379362406401
1127650658192990208
1127652560742039553
1127653291364691970
1127661919882682370
1127677015321133059
1127678307473010694
1127681416278433794
1127682953927172097
1127687843629944832
1127689226928164864
1127690037255114752
1127691237467807745
1127691305621106693
1127695030972571649
1127705944966615045
1127718529594269696
1127736878386634753
1127806908629274624
1127811093244645377
1127814812774338560
1127815433111908352
1127824377456685056
1127828479607750656
1127828613481541632
1127828627553492995
1127843269864562688
1127844066341867520
1127848181755260928
1127848585695985664
1127861263604776960
1127866496640856066
1127867730617688064
1127886798338830337
1127910713765376001
1127920228594278400
1127921822442381312
1127929720224518144
1127933916726345728
1127937866909257730
1127940001394843648
1127947383596306432
1127947965543456768
1127953688251764736
1127954785917984769
1127955263628165120
1127955266593546241
1127956173825511424
1127989543687340035
1127990591416041473
1127990963878727680
1127996240166313984
1127996864769548289
1127997232672911360
1127999774991560705
1128015833182154754
1128023525527367681
1128026939694956545
1128029198231252994
1128032441355182082
1128038698027819008
1128044454277992448
1128068462864162816
1128069421749157889
1128096757966151688
1128109027840471040
1128117964044029952
1128127228028473344
1128129033638764544
1128169006219841536
1128190220992692224
1128193048821760000
1128194994139992065
1128198446429691904
1128199596545593344
1128208017130967043
1128213496460713984
1128218430639710209
1128233773403922433
1128242374235365376
1128247893087932417
1128250562795986944
1128251074920505344
1128265573333393408
1128274960194199552
1128279453967298562
1128286439605723136
1128303762081230848
1128341251043020800
1128344011469725699
1128351445420580864
1128351828796739584
1128353259905789952
1128353832709316610
1128371460664377345
1128381089519689729
1128386432211521537
1128388483221999617
1128390168942039040
1128418965338886145
1128434678052966401
1128439566938050561
1128447397812682752
1128490907290959873
1128504616818229249
1128538607873138688
1128553055958515713
1128554646883139584
1128556715920826368
1128560939601747968
1128563162985451521
1128574777004843008
1128578284026044416
1128579948166381569
1128580252257738752
1128582362420346881
1128595307707666432
1128608713156321285
1128609175351824385
1128613633460719616
1128616406138990593
1128623907823656961
1128624074706575360
1128625021608312832
1128625213518819330
1128625223601930240
1128625803263188992
1128626400452382720
1128629950196568064
1128631702534934528
1128640073942040576
1128642510849544192
1128642541031571457
1128645288103763969
1128650471219113985
1128659867273760768
1128660723889049602
1128663613231833093
1128664334651932677
1128664918910296065
1128666451936718849
1128667708973834242
1128668358675582976
1128668632534474752
1128669023258992642
1128670498605404160
1128692127783956481
1128693394887323649
1128703157134032897
1128709349289996291
1128716579724779525
1128721239177158656
1128725240824000512
1128725502674345984
1128736314596048896
1128742172952530949
1128745535429599232
1128747338498039808
1128747729570680838
1128749192535523330
1128749806342610945
1128752577762533376
1128757618338615296
1128759795333369857
1128761298995556353
1128800013335846912
1128801808892211201
1128807279048953856
1128815083801534465
1128816112253071360
1128819258383847426
1128848713605111808
1128849201121464320
1128860047155572736
1128868163146387456
1128868619063037952
1128893666192449536
1128897991367176195
1128903348307079168
1128905173814927360
1128905694600671232
1128922916014284800
1128923121115893761
1128930577724387328
1128931515797258240
1128938383970066433
1128939266636013569
1128942890107973632
1128943811596607490
1128946368687616000
1128952639759294464
1128953916081823744
1128959941891502080
1128960757431984128
1128962587977232384
1128975153558425600
1128982242422865920
1128987924756873216
1128994310404411393
1128994553443311616
1128995845725200384
1128998157197684736
1128998383258091521
1128998758581231617
1129006104686596096
1129012854038958080
1129013558279385088
1129021594519654400
1129023216079519747
1129026498122461186
1129044541443575808
1129044643939852288
1129048735902818305
1129056548632719360
1129057091472297984
1129067579627188224
1129070867973939200
1129074379055357953
1129081907797483520
1129088604435886080
1129090102225920002
1129103479987875841
1129103607041650688
1129112793398022144
1129125588533415939
1129126005891846145
1129126155175567360
1129139943115251713
1129144923448578049
1129148661395578880
1129165702458478597
1129179747110596608
1129181280522911744
1129203201620762630
1129205587340926976
1129227721094193152
1129255718505373696
1129275533227900928
1129279936815161345
1129281727703244800
1129283872334569473
1129286942808453125
1129286943014043649
1129287067563843584
1129315348094881793
1129315642769911808
1129319048737689603
1129328730432790531
1129345062628921344
1129375754033270784
1129399303800332288
1129399803769753600
1129400099472322561
1129403294680518658
1129405162324398081
1129409490477039616
1129415684662923265
1129417639594549254
1129424530433347584
1129426647155978240
1129433905013112833
1129434854276370432
1129436744561119232
1129440516179935232
1129449654750306304
1129462803054702600
1129476547344310272
1129480407773306880
1129504624438906882
1129505387399585792
1129508404764979200
1129511043082752001
1129511170509922304
1129513406908772353
1129551363246055426
1129562288162267136
1129593021488607232
1129624057647960064
1129633456693088256
1129640411557851136
1129648149755248640
1129650815222931457
1129654777397370881
1129655455817568258
1129655591293599744
1129676573903343616
1129692294796513280
1129704704890626048
1129722175420866560
1129724265446682626
1129727156521713667
1129727735402815488
1129728958658940928
1129729240725905408
1129732330191560704
1129732432612216835
1129744308360425478
1129746369038753795
1129749962303188993
1129750161524166661
1129759347473637378
1129770452317069312
1129772478929297408
1129779875240398850
1129802916221595650
1129816244461408262
1129817909189070850
1129843524210515968
1129853877686276096
1129854571575152640
1129854819039088642
1129864239034900480
1129876959943696384
1129882987556941824
1129887688977453056
1129894513516920834
1129904642761080833
1129911997867417600
1129973482933108739
1130006927633715200
1130012141992521728
1130021597555908608
1130041893381971968
1130049730678018049
1130050168345321472
1130056736872771585
1130056810445115392
1130063271761981440
1130073853559037952
1130077094929719296
1130080120260239361
1130081965443559432
1130090800229093377
1130096288878538752
1130098281181270016
1130102784194424833
1130110355823300609
1130114405788729344
1130116304940277760
1130121554552135680
1130133635833769984
1130151041331281920
1130151611337256960
1130153992057688064
1130155023902662657
1130155549818068992
1130157324063133698
1130183687302197248
1130188616838340608
1130197509958242304
1130197718494785537
1130198019645825028
1130198626142236672
1130207186301476864
1130208011144839170
1130213015972995073
1130224731481878530
1130236924327862273
1130270908357201920
1130276052570386432
1130279681482272768
1130354462990774273
1130408378260500482
1130408992310743041
1130420399555129344
1130420641985847297
1130430872317026305
1130435975862214656
1130437581093711874
1130444523644096512
1130460681214541825
1130486187632812035
1130498497843744769
1130498513064865793
1130507563882156033
1130508574713622531
1130508929555992576
1130518548760150017
1130520286045114368
1130529038714494976
1130530642096218112
1130535867523698688
1130539433055309824
1130545077321904128
1130548075850813440
1130552889041199105
1130557170343383047
1130570501942853635
1130571422995275776
1130573341482455041
1130581987218079744
1130591064341901313
1130591639154692096
1130606199655866368
1130611505479786496
1130626001396994048
1130646878117355520
1130703548940001280
1130706031229710336
1130710915949711361
1130725966261698560
1130756973975212032
1130758656738439168
1130763590938636288
1130771173799792640
1130774805005897731
1130779655521411073
1130780317818789888
1130783942901141505
1130803401980297217
1130819209020227585
1130819538759704576
1130829867627495425
1130830664125833216
1130831229543170049
1130831978171965441
1130836789068009475
1130837699085119488
1130838041092694016
1130840851255648256
1130860131648847873
1130863278903762945
1130875192971022336
1130876071237312513
1130877468125159424
1130877628179787776
1130881720549564416
1130888080800436225
1130892396760326144
1130893140372742144
1130894483409788930
1130910585326133249
1130917474893873152
1130926322350460934
1130926417590575104
1131031159406776320
1131041679140691970
1131043026778726401
1131096240333021185
1131099794578071552
1131106588096438272
1131111594837069824
1131134138805870593
1131136520742735872
1131159034378240000
1131168244356796417
1131185260656570369
1131202425032007682
1131215134192492546
1131221265417678848
1131224593602162688
1131231379172151296
1131231506213421056
1131235294504783873
1131236049508884480
1131244199041478659
1131247895896887297
1131249217916346369
1131275118993399808
1131276853367463936
1131315621742960640
1131326661956390912
1131326994577264640
1131327380478418948
1131327655188545537
1131333749080125440
1131336310143295488
1131338720613789697
1131340984695050240
1131347408007421952
1131364263916969990
1131367657108672512
1131418653134589952
1131432289513156608
1131434538616459264
1131440487066415104
1131470799288897536
1131472551610396672
1131482626005643264
1131483526845652992
1131489512255885313
1131491566907023360
1131512955324043264
1131528294350958592
1131528426035326976
1131529243102502913
1131531601077309440
1131531789850349568
1131540449024327681
1131540874326958086
1131553568782266368
1131554724312961024
1131557757621088257
1131570497429409792
1131572660406759425
1131590858233569280
1131592970422169600
1131594355884646401
1131601726123978752
1131603106893041665
1131603134546161664
1131620726744801282
1131628362894589954
1131634666505687041
1131640324625903616
1131645510731927552
1131661187899371524
1131661803627401217
1131665482900230144
1131666098552750080
1131667005004812289
1131670383193722880
1131678608139923458
1131683626956009472
1131683863602880513
1131696088719605760
1131701166746820610
1131710616547332096
1131731074244124672
1131743024256565248
1131802101003243520
1131817412754628608
1131844664401825792
1131853012325019650
1131859621260464130
1131867806897758208
1131871350635749376
1131872262922092544
1131883548540063751
1131885730396028928
1131887555761332224
1131897790303559680
1131915835356975104
1131917207821279232
1131937590444265472
1131973016013877248
1131973142618841093
1131989177090924545
1131996488568123393
1132004618769190912
1132032457988091904
1132032656047300608
1132080891138891776
1132082858921734144
1132110946061692928
1132127755175452673
1132152529259773952
1132158369374990336
1132170784544317442
1132173998450716672
1132176342420807681
1132201321141084161
1132226667043328000
1132234736330563586
1132240099159269376
1132242969325707264
1132247262225215488
1132249215223177216
1132251781998759936
1132258599948959746
1132266033392345089
1132268536565575680
1132269872866615296
1132277737597673472
1132285223998242817
1132287975574908928
1132293036749275139
1132295208157241345
1132295745170759681
1132297525480890368
1132300453121843201
1132300900242993156
1132317139744935938
1132332164585000960
1132338307965345795
1132339070489825280
1132348321094393856
1132354071829127168
1132356784277073921
1132370017759186944
1132378342584389632
1132379695675109376
1132384088390885376
1132385721204060161
1132405120719884288
1132531789971509248
1132549906009210880
1132564107918487553
1132564412450127872
1132572192665939969
1132572343400837123
1132574125984243713
1132575150346518528
1132577369041047552
1132593933224222720
1132599331264057346
1132604135809998849
1132613349869596672
1132613991543578625
1132616381114081280
1132622021580480513
1132626688611954688
1132630445034598400
1132648038625890305
1132648181454516225
1132648407976349696
1132658712114597889
1132660068980350976
1132664521653477377
1132676247647993858
1132685315750191105
1132688767213592577
1132688937095454720
1132694320199405568
1132698580240785408
1132698930855047168
1132701921809240066
1132711813680910337
1132730877203689473
1132741658251026432
1132744171490557952
1132752300068491264
1132756662542974976
1132762726667890688
1132764273938239489
1132764737836605447
1132789886048710658
1132794046378860545
1132822284517945344
1132824632468185088
1132832683015327744
1132878513076355075
1132883354842542080
1132894662690312197
1132914794095415296
1132931662315237376
1132937426589167616
1132938325411680258
1132946197675692032
1132949343948935168
1132951271084843009
1132953433248542721
1132954767074873345
1132961548832522240
1132968822166773761
1132977103421497347
1132977187727056901
1132977313887531008
1132981686512361472
1132982758152822784
1132983455258697728
1132994231386222593
1132994595741196289
1132994866286387202
1132996025160011776
1132998128179789824
1133003396250832896
1133005033266540545
1133005799972847616
1133023535188840448
1133037663685140480
1133037977859436547
1133038729034121216
1133039603148050432
1133040688289992706
1133058723461718018
1133069136484028416
1133082213489238016
1133086594234298368
1133104420227551233
1133107047992504320
1133109121652277249
1133114096516313093
1133116779595730946
1133166651741003782
1133172001819037697
1133172131829878784
1133172188469710848
1133222702540578818
1133236735817781248
1133238743673069568
1133250697007443968
1133258644781457408
1133263965285474305
1133265397619281920
1133266799330562048
1133269435903610882
1133270583062536195
1133282217633951744
1133289589941129216
1133291202751684609
1133291343999119360
1133291411976142849
1133291444662415360
1133292067239727104
1133293902105075712
1133294257350037505
1133294291617484800
1133295468262428672
1133297665259843585
1133298307806027776
1133298485913161728
1133298803983839232
1133300567302971393
1133301324781694981
1133304147971907584
1133304572410257408
1133306561802190848
1133307075998756864
1133308207638753283
1133313989897797632
1133317394842169346
1133324425728790528
1133324834270863360
1133324945440878592
1133339437994315776
1133342263281627138
1133348081188167680
1133350070982569984
1133350402316034051
1133353341759774725
1133354121833197568
1133363116513878016
1133367576753594368
1133372215020457985
1133374402991722505
1133374765379379200
1133376126464610309
1133380717029670912
1133381456976384002
1133385485160787974
1133387405724196864
1133398053388509184
1133405158547906560
1133410642591985670
1133419009800572928
1133421615306485762
1133427548103139328
1133431099072438272
1133432840123760641
1133434073253384193
1133442882067734533
1133443534231674880
1133444484350529539
1133451688139005954
1133452411564154881
1133452564735897600
1133453423645470720
1133455018353410048
1133456579041349632
1133456607558459393
1133456789176016897
1133458878824366091
1133463288430436352
1133463443850313728
1133468250220589056
1133468370085376002
1133473429888356353
1133475596871327744
1133487111418601472
1133487358941302785
1133488388236087296
1133506329769861122
1133506943384002560
1133509630255149056
1133513721798639618
1133522880078254080
1133556296677056512
1133559046726967296
1133560652717539328
1133567321232953344
1133604313765486593
1133608078547587072
1133609176154935300
1133612907458113536
1133623770982289409
1133636405433982976
1133636491199094784
1133641958457511936
1133653785132322818
1133656519566856192
1133658287298289664
1133662203972857856
1133669792718688256
1133670954964594688
1133672874278031360
1133697609187635200
1133704281209659392
1133706458460172288
1133708870910664704
1133715181773762560
1133719400832491526
1133720521571471361
1133721813597544448
1133727218616721414
1133729963348250625
1133732809179320320
1133733296561709056
1133733466443571201
1133747474571714563
1133750289285242882
1133750486501416960
1133768340130926593
1133778937052581888
1133781760481923072
1133782726182678533
1133782817475895298
1133783793763069953
1133786105378201600
1133791125108658178
1133806181510553601
1133808862006587395
1133810805219168256
1133812016110624771
1133816487632887808
1133818905259122688
1133820408468316160
1133822678022926338
1133829111636549632
1133829241290788866
1133830456351297536
1133840384688365569
1133845573042356224
1133846470250106880
1133848269006737408
1133849883121803265
1133852259626967040
1133854982569168899
1133859013291061249
1133860760227078144
1133869997313417218
1133870188158431236
1133872035355090950
1133872415333916672
1133872639355817985
1133872775087759363
1133873496231165952
1133873885018034177
1133874095467220993
1133874780489375745
1133875628854435841
1133876194141753345
1133877608716873728
1133879083870425090
1133879788941090816
1133879899662495744
1133890215788064768
1133890405534248962
1133891264112484352
1133894891476529155
1133895983966904320
1133897148309954561
1133897654562430976
1133900132557250563
1133902080819773445
1133902308566294528
1133910350242492416
1133918753610260487
1133920048349962240
1133939030536720384
1133952147371036673
1133956223399866369
1133956274176036864
1133956421786247169
1133958584780410881
1133962924643536897
1133968064343617537
1133991634230792192
1133996294958194688
1133996478232502272
1134003496573964289
1134003785955721216
1134012130540302336
1134012136420720640
1134012141848158209
1134013306203725824
1134015995163631616
1134025901296037888
1134026793562886144
1134033516864450561
1134035911845580801
1134036203324542976
1134038521931534337
1134045181202878465
1134052824927612928
1134057767906500608
1134057799053381633
1134062762496286720
1134070104738713601
1134070222481240065
1134070404925071362
1134072549078392835
1134072557873893376
1134075927988711424
1134076561974616064
1134078745718022147
1134078746145808384
1134080988424933376
1134082971516977153
1134083003393728513
1134085051891814401
1134088062114377728
1134088071354490881
1134091207007711232
1134095069605257216
1134099690423771136
1134101068659470337
1134103470749995010
1134114793244299264
1134123712045867009
1134126039469346816
1134126119991615488
1134131619906953216
1134148745182900225
1134149601370488834
1134151989099671554
1134153374549626880
1134159891269132292
1134167776099102720
1134170966727114752
1134171112701665280
1134176585488195584
1134177162163081216
1134177720081047553
1134178564486643712
1134178985833713664
1134180356087828481
1134180362823897088
1134180561549975557
1134180716399534080
1134180793973182464
1134180957202915328
1134181249474605057
1134181718817214466
1134183420463112193
1134183921187528704
1134185190882914304
1134185325499166720
1134186174443077633
1134186858953486336
1134187265805078529
1134188099649658880
1134188242675404801
1134188750152589312
1134188820210094080
1134190081001086976
1134190241642930180
1134190325948456960
1134190646309412864
1134190843965743104
1134192654240161794
1134194244279779328
1134197103113232422
1134197937377071105
1134199196901433345
1134201660228739074
1134203230143909888
1134203675168182278
1134203866445221888
1134206481157558274
1134208120849178630
1134208235244851200
1134208246141480960
1134209533381943296
1134213444134146048
1134219915945271296
1134222774870904832
1134225373565194240
1134226961839009792
1134236357189091328
1134239672778002438
1134245689540587520
1134247096293449728
1134251922276474881
1134253229204594688
1134256128299327488
1134264714458992645
1134277741539237890
1134299688671227904
1134302070197149697
1134304523034382337
1134306510299811840
1134362860325396480
1134367185508470784
1134374496608116741
1134376751050743808
1134381249441816576
1134389779716399105
1134391689899139074
1134400103681351685
1134403556847603712
1134412318723493888
1134415247887011840
1134416084566728704
1134419119384748032
1134419551406481408
1134427874851794944
1134429732651642882
1134430714127093760
1134432631758643200
1134436318979809280
1134445328923549697
1134454049951100928
1134454910651645953
1134455127069339649
1134458048746086400
1134464059267358720
1134464414512496640
1134464783204401157
1134475136839704576
1134482746565439488
1134482826240200705
1134485090317344769
1134493458369077248
1134499872713990144
1134503580919054336
1134507219465179136
1134508703401611265
1134515910092513281
1134517838604132353
1134526219247149056
1134535510888726529
1134538809633206272
1134538874678587392
1134538928004841472
1134539922881294338
1134540466484129794
1134541328396759040
1134542152996982786
1134546459272110080
1134547092213510144
1134548642252169223
1134549232550064128
1134549321880416256
1134549840736768001
1134551576339726336
1134558772930711554
1134583462676111360
1134586391172648960
1134603167545679873
