1024570572284428288
1024580445717979136
1024583682063917056
1024585205426704384
1024589595206344704
1024612983467470850
1024614649042358273
1024680202222223361
1024747272935038978
1024854878584094720
1024855451970678784
1024859679426600960
1024872668774916096
1024890442607779842
1024904934704046082
1024984283583197189
1024988412665769989
1025032362327859202
1025040464532000768
1025053299815247872
1025088074458386433
1025152074432958465
1025247981363023872
1025256405253554176
1025267252545945606
1025282980749619200
1025350846698024960
1025355055245877248
1025407258392330242
1025410639441739776
1025415189645033472
1025415516666511360
1025416699430858753
1025425158868066304
1025425191151652865
1025426914603806720
1025428386288529409
1025428658977103872
1025592459324084232
1025703357376126976
1025723234610626562
1025762929084252160
1025897892156850177
1025924372882759680
1025949675436703744
1025982735788081152
1026025933323390977
1026079964779577344
1026100060096888833
1026119868536389632
1026336107552636928
1026446021549649920
1026457825856212993
1026487047559598080
1026491684782133248
1026683310372601863
1026709229090918400
1026806801608499201
1026898153575014400
1026915575405019136
1026953394324262912
1027012188278480898
1027120058240315392
1027120148812054528
1027200535110111232
1027242777678110723
1027261215829970944
1027410028985077761
1027413473288806400
1027886193562640385
1028121062406377472
1028213368132317184
1028538918709297152
1028588734936010752
1028589343869292544
1028905817544712192
1028922669733896192
1028936183886139393
1028968531780485121
1028969956405215232
1029147492078604288
1029297309689868288
1029518431299620864
1029523533662023680
1029549026515906560
1029552892947128320
1029558066201550848
1029694350479917057
1029719113201930241
1029956541040840704
1030152662480633856
1030318832722690050
1030454557988380674
1030505514176663553
1030672985185632257
1031139207249625088
1031368372284481539
1031503598331428864
1031526313117405184
1031604150872825856
1031764690815279104
1031901314781831170
1031979571107618817
1032243312885817345
1032292378269442049
1032519654193782790
1032559479965986816
1032883424485429248
1032932050100211712
1032976805249118212
1033070528641290240
1033086341561638913
1033086453557932034
1033094222243614720
1033986180839235584
1034954766449696769
1035427228773834752
