969029341542719489
969029836604919808
969031991197913089
969076317189623808
969076681532096513
969093202023276544
969106482896801792
969108727105183745
969118281889132546
969137162552823808
969151937395548161
969166834305064960
969168519588974592
969191386993119232
969200290996957186
969205492768804864
969210404311363585
969213848241803264
969235958099976192
969254094715179008
969255207870713856
969259217206079490
969260377207799808
969262644367540225
969262915747422208
969263940139036672
969264009621880832
969264160633602048
969264448744468480
969265150770335744
969265187093020672
969265249596538880
969265311936425984
969265420183089152
969265443671220224
969265459588603904
969270564476071936
969271552666689536
969279603071242240
969286595529539584
969304438090424320
969331964057702406
969343095727906817
969360305624141824
969382610026795008
969387853565366272
969421322433556482
969423873824325633
969452696670437378
969490297351802880
969498831921602560
969500780163190785
969512497400205313
969572961647808514
969597476931031040
969601995454795783
969607782763778048
969651950101958656
969666780670111744
969666789482344448
969666791566962688
969694760159141898
969698791162081280
969705783087783936
969796986521247744
969810871353520129
969863309393571840
969873782583316480
969873784240070657
969873793471705088
969879353881489408
969893248742420480
969895176868188160
969926634135523329
969955574032019457
969960493015228416
969960839133282304
969962033918590982
969971382757990400
969972030639493120
969975333368692736
969976386566918145
969999353300602881
970002139438288903
970007668957024256
970012999481217024
970047700543660032
970054854440730625
970067480457728000
970074502666350592
970078215044661249
970088471930064896
970096676705890305
970207126558789632
970219938039418881
970228619854401536
970228621523800064
970261380287868928
970276554063441920
970298530916003842
970298622783905793
970305760650579970
970307877499031552
970327014426234880
970353602995765249
970359418364878851
970360900627714048
970409859077242882
970415016007667713
970482167624142848
970482180618117120
970482186477547521
970484816327057408
970520552636080128
970556630436851712
970562975085072384
970563362202537984
970581509714432000
970623300517941248
970629855783120896
970636106541813760
970640946336497664
970657830532390913
970687409162604544
970706044459651077
970722909764444160
970782073773576192
970794294712918016
970796108334080000
970804715905839109
970809381230170114
970899897644875776
970929944367849472
970956945623539718
970957176750604288
970958434622410754
970960952022786048
970960954572853249
970960957060079617
970978240117596160
970997218487365632
970997461375422465
971003707646242816
971005006471139328
971005167981285376
971017430855311360
971023876644917248
971028351614947328
971037721643880449
971049034084478979
971049035372072960
971049067219439616
971050644697174021
971063512419020800
971069695221739522
971071315070373888
971072946663026688
971072971426197504
971075480458809345
971075482556002304
971075483805863938
971075518601756672
971076689257226242
971077034838560768
971088041564614659
971090581211570176
971090582054502401
971090582444572673
971090583291916288
971103145668628480
971103146499084288
971105685298655235
971105685323898881
971108311763509249
971112025005883392
971117954904535045
971121655950073856
971128020797976576
971139631046709250
971139632762179584
971139633982640128
971139655801495553
971142015546249217
971142122073198597
971151415812001802
971157729925566464
971158810759974912
971165827016863744
971178101651705856
971222414062440449
971248598661894145
971253772738551808
971255691242598402
971260312237301761
971295459959607298
971308024831897600
971308025247096832
971309162733998080
971309529731424257
971309530557616128
971309531409080322
971309575474475008
971310756158476289
971310757009903622
971310757823631362
971329629670854662
971329649811783680
971349776188010503
971349784161288192
971351023980896258
971351025679511552
971351044100952064
971353541402120192
971369978476802048
971370040535773184
971370041789812742
971371186826432512
971378468158980102
971390911866396677
971391733903880193
971407665980231680
971416620517154816
971417006699360258
971427813298524163
971456703240835073
971456745209040897
971456927657054210
971461880706469894
971465555751374848
971466254518284292
971466804827774976
971467294269468673
971479357465210880
971480086485655553
971490175489576960
971497788117790720
971497844770328581
971501005937442821
971501122589519875
971507221531123713
971518367483006976
971520621912973313
971524002543030272
971541599321837574
971566398127316992
971569295149985799
971578569586483200
971580733448912897
971581775301488641
971619542479921152
971631365794992128
971639262419529728
971643605197586432
971665103522357250
971682108073689088
971719499480289282
971720852973785090
971774659191427072
971779396217593858
971793078884491264
971802600369729536
971813374278361088
971815360700788736
971819843992346624
971820147655790594
971820944573587463
971821489006800901
971824147364970496
971826103173242880
971826193342369792
971829058874068994
971838350519914502
971850006079660032
971851771466444800
971852694632660992
971855812237852674
971857514726940672
971885039406510080
971892408802775041
971896546974412800
971913041016164353
971918843005239296
971938851089461249
971958020325298176
971975656111144960
971993823722192898
972007676690423810
972026009150107648
972026775416033283
972027460782100480
972042514130612225
972060784955031552
972074288927911937
972075470031290368
972084884167647233
972089174097571840
972128878620749825
972132446299967489
972140193175277574
972167898251722752
972173162518667264
972175204725219328
972177646632218624
972177822809649152
972196605326749702
972218349009735680
972248786650136577
972302032936849408
972387926393856001
972393425566920704
972393614964936705
972395700528058374
972396953379237888
972406726111711232
972406734483542016
972407981450121216
972412138458419200
972425386985476097
972439210568318977
972470310065790976
972478715887267841
972479251059560448
972487264285724672
972497706856804352
972500288765616130
972514479031373825
972520254579539972
972520567910920192
972521723450011651
972538811027804160
972539256890646530
972555486758350853
972555626005061632
972560077172420608
972582978504282112
972587743464345605
972600594794975233
972600687099109376
972617669806575616
972621142266646528
972655083447078914
972664183803273216
972676551958499328
972741257754689536
972747052336713728
972747055696437248
972757475207376896
972761927037440000
972766605376663554
972766606186237952
972766635965800449
972796800997478401
972797735920439296
972814916607504384
972825733306384384
972825734573117440
972825740419981312
972825740449341441
972849360646975490
972872783314194432
972873581909696515
972874057577304064
972882675584421890
972882678944075776
972884493806714880
972893542208196608
972898960485617665
972904115608150016
972940590122917888
972950999110266880
972956991877509120
972959318113910785
972960538224414723
972983997381820416
972990491418603520
973046375079403520
973067912016744448
973074078029500416
973077191058755584
973105423141232645
973109469151399936
973109472091664384
973132729524121600
973141819411361792
973143367940018176
973191396931899392
973249612390658048
973254199076147200
973272750889537536
973273438780624898
973286342527463430
973290367834513408
973290852675145730
973292879367098368
973295339729022977
973296117357207553
973297962846703616
973325534951301120
973357460722348032
973358222844231680
973368011104161793
973471868777791488
973488051656843264
973488278983921664
973502943528878080
973502946448236545
973509410495614976
973510146809827328
973514192681684992
973514451428237312
973517741469683713
973523422239174656
973529131932704769
973538517111406594
973549373635416064
973552496311455745
973559342678052870
973571581237743618
973580290240196608
973585360365211649
973600696808497154
973619760356384769
973620943980515329
973622904817676288
973644548806234113
973645818673680385
973654580197232641
973655724009107457
973661879125139456
973673282615603203
973682629206855680
973703267254456320
973709562502107137
973719416155312128
973729944286109696
973751208178569217
973774773011456000
973775080860905472
973783243823763456
973818495698898944
973820434725720064
973862817748193280
973876915886018560
973877810690437120
973880522337390593
973880555048648705
973924840162906117
973951721876742144
973979736090189824
973982129334956036
973982983316058112
973985193689264134
973985275914391553
973985478922907649
973989682882236416
973989683721056265
973995147271778304
974004792832950272
974004792845656064
974004799543881728
974004892263165953
974007863898095616
974009987319164928
974026981955207170
974035492223246336
974036477859508225
974037395183230976
974059377085894656
974060749051125766
974066595495596037
974093346753966080
974108444994269184
974153735109783552
974169911701491712
974196581602856961
974203912038182912
974214643521609730
974218136538009601
974221692481429505
974245565595881472
974250126490431488
974250128600109056
974253146410246144
974259342236102657
974266591633395713
974287236035436545
974287867823390722
974288134451138560
974294443498065920
974304196634832905
974310292212600832
974313534317350917
974316570137780225
974337093718757377
974344392227147777
974346674331115520
974349929555660803
974351190770307072
974352081631969280
974352087520894979
974352158794682369
974352163857158152
974352449455636481
974359233339764736
974364615055421440
974364990856720391
974365058389217280
974365169106276360
974369139455352832
974376207692259332
974376272284602369
974376440039989248
974383591340806146
974387924497297408
974387976070418432
974389046045806592
974390547589844993
974398848973099008
974399963827507212
974404322955091968
974404696260730886
974404703374270464
974404838418210821
974414919453077507
974415617381031938
974421681916825600
974427151268241408
974429927926878209
974435042452824065
974445503118225414
974446104417882112
974449324900921344
974459005333536768
974463398023897088
974466161663504385
974467062197358592
974472088630292480
974483196011216896
974501034780340224
974515886814937088
974524714986086400
974551728832983040
974554615675891712
974555127045435392
974562985489264642
974571592616480769
974572306461810689
974575826137157632
974579355434344448
974582328801595393
974591801456816129
974591863373139968
974606654057648129
974609555291336705
974611855418232833
974611880193994753
974614827095162881
974626361854824448
974648524540448768
974652704185290752
974654228487536641
974710254805004288
974713242651041792
974716696253648903
974720731585097729
974727161901932545
974731698016579585
974733222641889280
974735113043890176
974748522200276992
974753602760794114
974757509771726849
974758140414586881
974759405605408768
974763258048528384
974805959003594754
974875050930331648
974894754545766400
974907891965509632
974918165456195587
974921385855389696
974939821490692096
974948574994845696
974961048846512129
974966469988626432
974966696481083392
974979945884803072
974979945893113856
974993154578571270
975018741078478848
975029082969772032
975073287167463424
975076803256705024
975091131410153474
975098122056630273
975139979130232833
975152617826537473
975193170035314688
975233751188934656
975240483893997569
975261347591147520
975281160216510464
975297198433894402
975320564058509312
975329437943296000
975350370040889344
975366430907564032
975379598446923776
975381437225500673
975383940377792522
975392062408351744
975392290414956544
975410920674480129
975450973756944385
975465009579995137
975465357271060481
975466163001004032
975473962753908739
975478706062987265
975507735201673216
975524765413859329
975528517206147072
975541129495138304
975634159141081089
975639133996699648
975662638465212417
975679564600004608
975704938037825536
975737956164976641
975748742488952834
975752158745264128
975777361902923776
975814942736699392
975848148366254081
975855511865307136
975885029992738816
975912527551959041
975912949918388225
975921516356538368
975987335904055296
976000435965308929
976027185218715648
976027759360270336
976034389502111744
976039208535158784
976069019554975744
976081523207061506
976091445697400833
976091671736868864
976098575993262080
976098576400113664
976105665193304064
976111173132308481
976111905881444354
976113084598276096
976113084921237504
976113084921245697
976116215692263425
976116427760562178
976120606126047232
976129030410981376
976151459233492995
976151667472322560
976160462684516352
976184261437947904
976203072446836738
976247145765326848
976247376028545024
976338253597913088
976338421819027456
976343486021554177
976370919257071622
976371427212394496
976397943992406016
976430001502466049
976480067210457090
976480111271731200
976495989229047809
976511152590131200
976511360904388609
976519845155098629
976535766758240257
976544562633158656
976551674478321665
976565385641172992
976571754666741762
976575546082684928
976576268618600448
976579229369298944
976590687809323008
976668355393241088
976674828060168192
976700051752972288
976715100068466688
976715862181851136
976721618859782144
976730015860654080
976733333148393472
976733336910655488
976752186418978816
976762552343506949
976778668545576961
976784579993526272
976800841284968449
976800841310056448
976809134707257349
976823972472983552
976841201818177536
976877969498091522
976885225254019074
976889938372366342
976898477987807232
976914533771071491
976916249677512706
976921985379905537
976932704775233537
976954587298062336
976959945932500998
976959948025466881
976983536367493122
977002029905145856
977005788416921600
977024246361686017
977024250069508096
977026304888291330
977033656844914689
977035523096064000
977037980534747141
977072042917863425
977082699784638464
977118699923615744
977121306243207169
977123289129725953
977139384133799936
977141024115044358
977145833555660800
977162843689750528
977168621347753984
977173314098614278
977190839867785217
977206039153119232
977217722416320512
977221809320943616
977231749850763264
977238747610861568
977322211731177472
977449477391908865
977463890702422016
977467396750536705
977467572487680001
977470162889773056
977473103906275328
977500365229821953
977521419369222144
977548725978566656
977580801066983424
977596959191195648
977631066860244993
977641880199417856
977644726861123585
977666241996427264
977669702079086592
977678094227202049
977689030459498496
977709419390816258
977783187148505088
977820515627864065
977829721672122368
977835300956311552
977870219795488768
977876077141024768
977879962182135808
977880195096088576
977889520300511232
977893010154360834
977897369109921792
977938958574374912
977955449730469888
978061983789600769
978083844502032384
978091662697054208
978122529410899968
978132185118052352
978161491135393794
978172141722992640
978182852742348800
978203673263210496
978223649462407168
978283315953156103
978300545734766592
978311970175635456
978327050359640070
978367445483343873
978367830751174657
978391982409072640
978396021930844160
978398806516555776
978406027044548608
978436884119502848
978476810114682880
978534632785313792
978540498087374853
978547976539983877
978552414692397056
978552761800302592
978577176856616961
978592226447167488
978613878266519552
978628093203173378
978681307990577152
978726388810346496
978747277685633024
978789352850513920
978798121890336771
978985011675369472
978988628020838401
978989105739587586
979010265160220672
979017531804528641
979024238492487681
979025882663682048
979026143960551425
979037523958616064
979087790599278599
979139024857296896
979176436799082501
979315343339421696
979319983909072896
979367486071169024
979370855359709184
979405945305485313
979417415481266178
979447740743802883
979455694389895168
979458448785108994
979466869693284357
979475194959065089
979491741496762369
979499357027426304
979499359174905856
979524380295385090
979544590159089667
979604392512016386
979636415196778496
979643167170596864
979657770914996224
979677761810857984
979727487788871680
979732156493828097
979750400021712896
979752843891548162
979774389364420608
979774444301422592
979813700034023424
979825075410137088
979844731164340225
979885505696288769
979903502175653888
979906396681654272
979908258524745728
979987940242853888
979996045563211776
979997764976332800
980088353138860032
980176009478713344
980205106208624642
980215426264326146
