925526639219376128
925552434453401602
925568129282973696
925568349924343808
925568400251748352
925568421223309313
925568559748546560
925568749620510720
925572072369262592
925573625926651906
925574631284621313
925575299458252800
925575387131740160
925576392481300480
925576582068035584
925579511374032896
925584444706009088
925590411527073792
925592434859433984
925592444934037504
925594524461572096
925599554690367489
925601736575696897
925602237803479040
925602513377726465
925602857168003072
925603470903619585
925603559856422913
925606528983244800
925609734761193472
925610056384577536
925610967391547392
925611640564977664
925618613863591936
925619683595755520
925620837436284929
925621010652585984
925629937377165312
925631614696046593
925637477896982528
925637642808565762
925638281542471681
925639827156078593
925640712158433280
925642644864118784
925643261842034688
925643271577014272
925646471436763136
925646981799673856
925651402826723328
925651585862057985
925651651901321218
925651988519329803
925652131561869318
925653004811767808
925653970340556800
925654218626572290
925654514329251840
925656762899824640
925657109366059008
925672446245576705
925674051003191297
925675060983156736
925681347401744384
925683806954246144
925685015333294082
925691352385339392
925695856317046784
925701214934880256
925703993279549440
925711403641659393
925720611954900993
925749773700808704
925753811112792065
925771079251124225
925772036659728384
925780449154293761
925781342536781824
925788616705667073
925788619465469953
925788802941177856
925789373370691584
925810448498294785
925822264708292608
925844993603928064
925845002550435840
925846297793519616
925846298460385281
925861316593635328
925861788050173952
925869041675366400
925871845982826502
925875620852232195
925876671512829952
925882912653930501
925892472609411072
925892614569779200
925893547319951360
925894527923183616
925903866138214401
925915383277805568
925930710325530624
925931801050103808
925936758147072001
925939099109793792
925942352635510784
925943212039999489
925943719655698432
925945629251026944
925946906001358848
925949247668629504
925960235725987840
925960535786401792
925960741018128384
925963480208986112
925968738607800326
925971645231112192
925980745637568512
926003605433282562
926003917795639296
926004235405348864
926007973368930304
926017783858524160
926019174798725120
926019713431347200
926019724533669891
926020186355924992
926020424156057600
926021747631038465
926022074614800385
926028832292900864
926033463433748480
926036286376259584
926071303265714176
926073280779481088
926074944659841024
926095732037308417
926108700426698752
926110150397693952
926110883545341952
926122890591948805
926125809835929600
926126059787112448
926128456424976384
926129400575352832
926134978555064320
926136107686875136
926146145054838785
926147415522070528
926147440704741376
926159758947741696
926168719658770439
926172341012455425
926172348151222272
926176628836880385
926176871695478787
926180212475383809
926180398291398658
926182405685370880
926183561627136001
926192414133383168
926192928321654787
926200512462147584
926206535063277570
926207349177700353
926216110671826944
926216175691993088
926241380107657216
926241789874491393
926244897438470144
926247151457280000
926281223873421312
926284162092240897
926284206086303744
926284983928471552
926285401358196736
926285413580283905
926285444525957120
926286216785358848
926286234808344576
926287327852421121
926288009028255744
926290112048066561
926290946286694400
926290947549233152
926290947951935488
926294805897822209
926298503583690752
926298585154535425
926299407636611074
926299854992633856
926300081493385216
926300106235592705
926300759016144896
926301456432431104
926301959681851392
926305533295976449
926310417936216064
926310689832017920
926313005385580545
926313903822385152
926314756100804608
926316302943375360
926324361027448832
926331217879875585
926334071277359104
926334349774950400
926335368160468992
926337168351551488
926338087306661888
926338347806552064
926339172381495297
926348201061265408
926349410274967553
926349494169604096
926355728981311488
926358784137498624
926361811137454080
926362153837256704
926364019853688832
926365235815919618
926370189691834368
926370583109017605
926373755265236993
926373995166908418
926376291162394624
926377210134458375
926378313647456256
926378573270622208
926379300143603713
926381726540034049
926381966546497537
926383696193744897
926384112667000832
926387242578223104
926387261465227265
926388136153886721
926389015804231680
926389532987219968
926395562269782016
926397507621605376
926425639225364480
926442652391768066
926449830288809985
926449951910981632
926450088230109184
926452034391478272
926452182051733506
926462304987869185
926475593406976001
926479305747546112
926479908485849088
926496347234201602
926496888697876482
926504094503710721
926510331890827264
926512146753523712
926532858201628672
926560245333213184
926565992549011457
926566081724067840
926588925572870144
926592960938070016
926597115656261632
926603483586932736
926607083553935360
926620236459241473
926644983704309760
926646458023120896
926648562720546816
926648913901207554
926648958927093760
926652267981258753
926652319562739712
926652417105473536
926652429424254976
926652460042674176
926652686266597376
926652698425942016
926653684389253122
926653920096616448
926660418734473217
926660471586922496
926660752437534722
926661043681497088
926661468832931841
926661728217153538
926662282712514560
926662324240261120
926662330095509504
926663358773739520
926664726146195458
926665487555031040
926666138397818881
926666520540745730
926667905021853696
926672773413445632
926673547631640576
926673716804591616
926673729362395136
926673739877457921
926673767132041221
926673789332611073
926673861482921984
926673926511456256
926674016559083520
926674661747851264
926675302239145984
926675989681266689
926676017363566592
926676043359928320
926681256892551169
926683995152171011
926684009173680128
926684029725708288
926684039796232192
926684202136846336
926691451596976128
926693503001804800
926694674055643136
926695150109077504
926697959047102465
926698070732972033
926698427970240513
926701424771178496
926702022065192960
926702249786486784
926702323610587137
926703073233268737
926706260401012736
926706262904991745
926717657331597312
926718695673434112
926723750237822976
926724654596726784
926728038078758912
926730603730313216
926732231086764034
926734737208569856
926736314698842113
926736316385042432
926736531519299585
926736567158181888
926736609113862144
926736667003650048
926736685894737920
926736736209715202
926736757592268800
926736841050439680
926736985770696706
926737113281785856
926737117488693249
926737229468246016
926737251270238209
926737330550947840
926737476923699202
926738197656223744
926740101287120898
926740477683961856
926741563425746944
926742799747227648
926742821284876288
926751141957898240
926751321495019521
926752190546395147
926753692501524480
926758879614005248
926759133386235904
926759468922060800
926760396677046273
926760801452548096
926760951583354880
926760974681378818
926761566480896000
926762648426835969
926769468537053185
926777584515399681
926779391425757191
926781157663956998
926782645383569408
926792828298002434
926824400116158464
926848593272737792
926856093514584064
926888633784680448
926889218873335808
926891492186251264
926891984194764801
926898640517464064
926917225512161280
926931238765645824
926933332461608960
926936157312622592
926962830175223810
926972594934505472
926977975391866880
927009078626328578
927009338710880257
927009539592822784
927009969852989442
927010072797986821
927010785305313280
927011120455360512
927011961404932096
927011993717837825
927014995061297152
927015009422413825
927015040623902726
927015238586720256
927019951558418432
927020616066072576
927022043672883201
927022122534187008
927023887086362625
927025392803647489
927026290384924672
927026654475517952
927033366305583104
927034633274900481
927034798530367488
927035128190140417
927035811052142593
927036810982653952
927037389339365376
927038146700652544
927038659999571968
927038814576508928
927038913557831680
927039150993195008
927039664870998016
927040411704496128
927040936856530944
927041339937529856
927042104286625793
927042375121293312
927042763127865346
927042773194129408
927043094058430465
927043142271975425
927043517066526720
927043733668880384
927045078371131392
927045107705974784
927045538553389056
927045985179639809
927046641084899331
927047326077616128
927048131841159171
927048137692258305
927048154893115392
927048323483103232
927048383474286594
927048391049207808
927048401102913536
927048439669579777
927048454366380032
927048477430992896
927048555436523521
927048758013059072
927048794515968000
927048838971453441
927049422306934785
927049579270303744
927049602364088320
927049614514987008
927050538528722944
927051753618472960
927051905418846208
927052083697631232
927052343337672705
927053169196130304
927054270788194304
927054853188173824
927055470191243264
927055508359524353
927056312696946688
927057457867870208
927057701544144896
927057876455010304
927058068537409536
927058668335505408
927060076795273216
927061475562102784
927064706053017600
927065436704743424
927065447987478528
927073723353575424
927077247822864384
927081866623991809
927082359773716480
927083304397946880
927083514972979201
927084544687194118
927087061693112320
927088575836962816
927090451949039616
927092607808765952
927093400112730112
927095402070814721
927096058726850560
927099581191438338
927101224154836992
927102442075860992
927102993610153984
927103993645555712
927104771701358592
927105544271171584
927105594200244224
927106118483980288
927110634449264640
927110970899537921
927114244394381312
927114330100981761
927117186774179840
927132797201817601
927132844173836288
927132906253778945
927132993902166016
927133032070356992
927133071098261504
927133100445810688
927133143642943488
927133290028441600
927139663718035456
927144797944426496
927145734553657344
927162258823794688
927182605660905473
927182802549817344
927187595804717056
927190284324159488
927190564499525632
927191398767570944
927204282386010114
927225641476468737
927225663710359552
927229119821164544
927239861014335488
927259200949977091
927259211842641920
927267383194128384
927272795112960001
927272922598838273
927273841990275072
927273873044844546
927274203119747073
927275031939506178
927279997127135232
927309151746666496
927311623873630208
927316915005014018
927318135526498305
927367403939381248
927371175876898816
927371203534135296
927371760130973697
927371785703628803
927371869182763008
927382903553691648
927385537983287296
927391309760831488
927394095231676416
927394592659558400
927398208107569152
927398575134294016
927401033839661056
927406261208891392
927406762449178624
927408366661464065
927410356535701505
927415487515959296
927419154935754752
927424132387442688
927428918411329536
927428958672510976
927428999793467392
927440496791904261
927441244640432128
927445746395369473
927451639841206278
927451677682122752
927456343702716416
927456896113627136
927458045780783104
927458573403279360
927459196282351616
927476740619825152
927484743360315392
927494002705756160
927505871302574081
927509991384403968
927511143136055298
927544255056351232
927547626433658885
927566635451453440
927567865657675777
927568790497329152
927569511590477824
927570056745066496
927571894294888448
927581988302786560
927588722253680642
927607380598280192
927609671954915328
927635687133687808
927645273635086336
927650776884957189
927651653989302273
927652659796037632
927668947973038081
927675076237021185
927675080850726913
927675082549485568
927720352943362049
927723499069870080
927727080187494401
927727339802382339
927727933275467776
927736722024054785
927736752239886338
927740314869153792
927747129770217472
927749541444460544
927749878742106112
927750982917750784
927751220382482432
927752259852627968
927752405814362112
927752412521054211
927758517745762304
927759042855944192
927760448656519168
927760531477250053
927761119476793344
927761372363964416
927761457491488768
927761520452288512
927761569110298624
927761833758306305
927766158509424640
927768418568118272
927768468740456448
927771923651670016
927772709575995393
927773230915469313
927773456577339392
927781523897565187
927793614519808001
927793917680128000
927794342957379584
927802916529991680
927806841635069953
927807534471286784
927807781075165184
927811967833665537
927813609211809792
927815064941314048
927815249901658112
927815652118691840
927816946506194944
927819765481197568
927821141208469504
927821877057224704
927822141554270208
927823720969674753
927824523084292096
927826155062771712
927831286328131585
927831442897244161
927834523957575681
927836988950003713
927837002409525248
927837043908001793
927837905015357448
927841105256775685
927847462584254464
927855954783358976
927890278429716480
927913955300954112
927915966025162752
927918403750432768
927925141509758976
927944854734360576
927945194036535296
927946978721501185
927968339711885312
927968679609937925
927968703123279872
928017654404837378
928020380668907522
928023029422026753
928024371591045122
928025556062388224
928066696321142784
928076180057595904
928076520647790592
928098240855130118
928098661715734528
928098708083720192
928111681565347847
928118748891955200
928124202749657089
928128820233646080
928133760293462016
928134100019322881
928137568318664704
928137795998117889
928137846828888064
928141229946126336
928144676825194497
928148707551219713
928149135764492289
928149378555981824
928149717933965312
928149964668014598
928173277373014016
928177220006187008
928177827324690433
928177892424540160
928177978135126016
928179487883149314
928179994953621504
928181080452055040
928183939272916993
928187660027547648
928188044082950145
928188054317043718
928190391198695424
928190401302872067
928190672825405440
928195508694269952
928201042793086977
928201321714393088
928222180860669952
928256739807584256
928292625022566401
928295489732333568
928309326300794880
928313695125434369
928346445899554816
928353575394308096
928369836698324992
928442050458009600
928445089214615552
928459681982431232
928459724848168960
928460437225484288
928460450450124801
928461381166292992
928462295826513925
928473776185999360
928475289226637312
928476796756017152
928477530511720450
928478653175840769
928480070288646144
928483517465378816
928484881427963905
928484956942172160
928484963229376512
928484990475583489
928485077314498560
928485094930526208
928485184692920321
928485578106052608
928485763062177792
928486018923208704
928486070496329728
928491060052901888
928491152323387392
928495590324834304
928499121106939904
928510269990547456
928510691459207168
928517315150221312
928524283206238208
928527732517900288
928527890840412161
928532839846387713
928534180920623104
928538216218607616
928544668928819200
928547518266228736
928547652127485952
928547947750473728
928548355919175682
928549533688008704
928550577646325761
928551471032832000
928552635778580480
928555276109795328
928559347944251397
928559610515963904
928561456013910016
928577769335939072
928588105350774789
928589249569533952
928592760189411328
928592828535529472
928592883082452992
928593039525789696
928593156949491712
928601752785575937
928602621010694145
928602621425999873
928602621430157312
928602621430157313
928602621845360641
928602621849624576
928602622256443392
928602732134588417
928602732558155776
928603353743069186
928604091957342208
928639728403939329
928643269663354880
928694571877494786
928694635630944257
928694640664088576
928708208151158787
928709817757298688
928715844133167104
928716976184229888
928744095719280645
928762240702074880
928766273093324802
928804770101547010
928814988671832065
928820710541213697
928821859147161600
928841983040172032
928853151620329473
928856506396639232
928857914000814080
928859231435997184
928864213052768256
928869379982483457
928873242093174784
928873709615452161
928881467140194304
928887210799067136
928898165075562496
928899575217192960
928902721708552193
928905232175656960
928908031328317441
928915341169659905
928918316457934848
928921727819804672
928937713155301376
928946645345144833
928958824362528768
928964930002456581
928965964317720576
928966784312643584
928969120946810880
929026759919636480
929050715267399684
929057030739984384
929061133922705408
929073073424232448
929077229555986433
929099384729378816
929109873425616896
929110499270283272
929111124976562183
929124631499411456
929156896178737153
929160897137954816
929169961444048897
929172087083753472
929197002121818112
929199569019092992
929212101586911232
929215215471906816
929225051928395777
929248496015650817
929249121793228800
929249536182071296
929260516865867776
929261324684558336
929271321237884928
929275037538029569
929280203146309632
929280267025506304
929281394873946112
929320943369048065
929336483273523200
929336572184371206
929350329077874688
929354003695259648
929374468992126977
929392351834968065
929428277701365766
929433410707243008
929433772679991296
929440903416004608
929447592781664256
929454559222575104
929469245569736704
929571119753031683
929595103215316993
929604532019056640
929619516144812033
929619740561199105
929626061784088576
929651900370350080
929663010985168896
929666472233889792
929671457994563584
929693893007876096
929715149640032256
929716052249980928
929719271797620737
929721138254630912
929758867294007301
929763241097437184
929774409283403777
929777993312022528
929784017620209664
929804128011866113
929831907176706050
929837194654740481
929894700655546374
929904699460943872
929929805746917376
929939943362789376
929943740038504448
929948102982643712
929948777812713472
929955994146344960
929960997510569984
929961935381999616
929970261465604096
929989086332555264
930021010396590080
930022110201860097
930042071305609217
930051286640316416
930063760915562496
930073543282487296
930085126251442177
930102232313458688
930115499647574016
930115752660647936
930120710751600641
930169222067638276
930170951391735814
930186325164036096
930187190876950528
930194311148273664
930205219258093569
930211764888854528
930211769909424128
930236237406928896
930242944912842752
930272650328465408
930272767253073921
930277790351421442
930301568699764736
930325381860782081
930332776418742272
930342878827700224
930362082431721472
930367970005659648
930374760151879680
930387204240748545
930410343179751424
930418888839450624
930424119581065218
930475755632340992
930497075279814658
930526407293374465
930533628232138752
930548746605158400
930574221973118977
930670474958442502
930673266666205184
930675922075779078
930678678182416384
930694688243404801
930695280915308546
930709765512155136
930710033943416833
930723143659937792
930723200278736896
930723226719625216
930723589950599168
930723591187873792
930725031092645888
930740967782563840
930740969464406017
930750666691158017
930754005747322880
930766974572834817
930767036631748608
930784245873807360
930800224469180416
930800281952178176
930810022367563776
930831637717442560
930851977579433984
930853283249483777
930857755216248832
930859055471525888
930865702163976192
930868411265114113
930869987484585997
930874026616147968
930876336410787840
930876479025512448
930880797468385280
930882938685870081
930907000132767744
930907020256882689
930908351944445953
930911086655819777
930913140912599040
930913380499517440
930916765302915074
930920237788143617
930923156587646976
930941171563712512
930970229680861185
931016863630479360
931019331747631104
931027096050257920
931056263261122561
931057849152753666
931058068552585217
931058068904964102
931058951382355968
931059496637648896
931059772606091264
931070113700126721
931101197657956352
931102125018431489
931104635305070592
931109634106150912
931120758637469696
931193642244542464
931205342238822401
931206242739085312
931208383927070720
931238538066169857
931249619413159937
931254047746723840
931264773429141504
931273703119192064
931276928081940480
931306509681688577
931311409463463936
931349785684058112
931357080845504513
931361616985194496
931364008979963904
931367322899681280
931367777163710464
931369355895590913
931373012909199360
931399898796298240
931409881252364288
931410280541753345
931410556518633472
931419840623140864
931424420396175360
931459698246782976
931461726624677889
931464317588967424
931477832307441664
931486100991901696
931486843350241281
931495366180114432
931511329722109952
931513253657751557
931516096141774848
931526568458854400
931562070323195904
931605589997731840
931617333201854465
931621371888664576
931625422315548672
931626018359726080
931629521446559745
931645783581085698
931660238834536448
931682364643774464
931687395711504384
931688790296547329
931708761475043330
931714276133408768
931752130146455552
931795136467443713
931795182588084229
931796378791002112
931797179500519424
931802850635722753
931808397606969344
931811187234291713
931815566918258690
931818438510616576
931819476005326848
931823094435631104
931848242651942912
931858569854558209
931860038708285440
931870243005390848
931891893159563264
931894189574541312
931916056557424642
931916921867591682
931934557636648960
931949931446853633
931958099019042816
931964891270959104
931973616689995781
931996363965059072
931996843462004736
931998088344035329
931999213256355841
932003505702948864
932023153081151488
932023728942219264
932030858030206977
932040517486964737
932043481605951488
932046012029562880
932060984868470785
932079670895501312
932114245398953984
932119686656950273
932176746379694080
932176933034401792
932177406164549632
932204935067860992
932225620964233218
932243350266302464
932255127435710464
932260263377752065
932281307895353344
932290100821741569
932293721764147200
932297261735821317
932305132389388288
932308246219587586
932316594151280640
932328773961310208
932331428993433601
932337876876095488
932345518067535872
932346098164871168
932356580946870277
932369426422251520
932369558974767104
932413387753099264
932446067869728768
932449478908563461
932450457800163329
932450814815342592
932467117240279043
932476681503330304
932476684024115200
932484278214168577
932540774243115008
932547538397417472
932571456390737920
932601981717266434
932605355594534912
932608750044762112
932627505739005952
932640117575049216
932642261728362496
932653374478147585
932653438684598272
932664651749449729
932670355998588928
932685040672280577
932687224663048193
932690623714484225
932691367515574274
932702708770967554
932704106287980546
932713820723740672
932729067870281728
932740056938360832
932740416390213632
932741005702516736
932747815134158848
932748587301302272
932778891177086976
932811738587779073
932815681904660480
932821519151063046
932827415910461441
932835598985060352
932838356320489472
932845305178894336
932879906358415360
932880639963123713
932917520452878337
932925210310971392
932935400372539393
932935516970012673
932939295903617024
932964841857454082
932973427178209280
932985704317112321
932987801590796288
932988231406174208
932988344237256705
932988358887911426
933002767588909056
933005450693488641
933009155081801728
933011623463104513
933027527404216320
933029063781945344
933030920164081668
933035275550326789
933039528570474496
933045615357054978
933048943528857600
933050954676670464
933057948699553792
933058103066509312
933067856882913281
933095887433117696
933099184571346945
933100197932032000
933108761849401344
933143475998007296
933157082341109760
933159913903349765
933177657050546177
933186196657680385
933208893743910917
933216808781230084
933217575105732609
933250021402689536
933264613788942337
933267249934188544
933304192923553792
933306115613392896
933335199735103488
933340780684566533
933344518224703488
933344995553304576
933351338578235393
933378076007944192
933385886657662976
933393952111255552
933394571379331072
933395511335407623
933416222208688128
933416276063653888
933425496817373184
933427957623853056
933429967962148864
933452755179593733
933459882958868486
933513134702321664
933520889563549696
933568270493290496
933612565304881153
933619044242067456
933621130488934400
933694645313384448
933698595836059648
933699754810331137
933701654804918272
933719086344781825
933727668754927617
933732640678731778
933733919094116353
933739183344144384
933753928419889153
933756312051122176
933758182278811648
933760328122486784
933760352424251392
933760358711463937
933761838059278336
933776407821504512
933777248334868480
933777694214574080
933785004051718146
933785014956896257
933785249833680896
933785504012816384
933789301497913344
933790401684754432
933791820190011393
933791823138566145
933799825442717697
933801596282134529
933801938961002496
933802365941112833
933806635314827264
933807727947796481
933813682571751425
933817875214884864
933840609164582912
933843614396026880
933844380263370753
933846974037622784
933917212280225792
933926218268897280
933951175233363968
933980276992167936
933980398211747840
933990612604370944
933998677378633728
934034147772858369
934045572239187968
934069611879952385
934084768827928576
934085361483042824
934087314346856448
934097704912867328
934105543639224320
934108224667742210
934110987854237696
934152759766585344
934154210983194625
934157782856503296
934158979923460097
934160966782156800
934163250567983104
934187867777224704
934196662402199552
934200888167612416
934219267993718784
934221246027517954
934239069328068608
934248785013813248
934249711523061760
934319897328226309
934327562440007685
934390491222892545
934399878926499840
934400230409359361
934435939060994048
934444541129773057
934456657643540481
934458270386880512
934458829881991169
934460608279404548
934466258006953984
934501676786077699
934518049729851398
934519255936192512
934554844186185730
934557752550154245
934593166702993408
934599137718427648
934655157702455296
934674782913814528
934701810089996289
934708325115154437
934715397554745346
934726686934892544
934731174433509377
934753329573449728
934758414739271680
934763745275822081
934768448764121088
934795709643132929
934797417156771841
934802691095715841
934807823246077952
934807829088735232
934825368443281408
934831357900886016
934836550973583360
934836682993610753
934837505496637440
934850642476195841
934859939155193858
934864517649059840
934868240488189955
934871254103928832
934877633225089024
934886914729168897
934902940388773888
934903163102158848
934931337106083840
934941670604500992
934992168753750016
935013346218213377
935062959369474049
935075739258490880
935076096348971008
935116845702696960
935119416827760640
935142748050657285
935149250916253696
935149366649614336
935172796040302594
935194699966578688
935196149501317120
935213334206582786
935217320665939968
935217523154329600
935217592893149184
935244164291284994
935244398262177803
935256097853763587
935276403339251713
935301742811631616
935330572771184640
935343016021250049
935348884678828033
935361206877073408
935361366071881728
935370678680686592
935370820452528128
935404239400005632
935404949088772097
935411743848677376
935418938825084928
935429041187950592
935453185233375232
935458696146096128
935476390266396672
935508783274610689
935511701272846337
935556465393315846
935569847752318976
935579837292478464
935583142827585536
935612990329569281
935628562958372864
935647632768331777
935650716034715648
935663866402484224
935675541243547653
935694978105344000
935721781385560064
935722520812118016
935722992545415168
935723167577968640
935723987384008706
935730492938301440
935756838599102464
935780645061742592
935800982411382784
935803923889242112
935804425091739648
935837608319639552
935874083249643520
935881875855413248
935901425497968640
935902435490406400
935924908995104769
935954870577836032
935969665163153413
935970596713910272
935972988595425281
935973177045540864
935975016256204800
935982967385739270
935987421338128384
935989500030930947
935996177761427456
936011121672245248
936011770493366272
936019033773821952
936036183456600064
936037536971018241
936046836577693697
936084686811439104
936100586579202048
936108073831292928
936109277185536000
936123901855313920
936130215566118912
936140037770575873
936141612735959042
936154231303802881
936170823953641478
936203526317002753
936256549252730886
936274101336989696
936280415249354752
936290633022656513
936290639309877249
936297840636293123
936297978092015616
936304566907256832
936310963627790337
936315870976118787
936317845251739648
936355614925709313
936372371174326272
936377448819765250
