1035691888941125632
1035701063733526528
1035701363051622400
1035703510950703104
1035710871110963201
1035717420919345152
1035721295210536960
1035734749258571776
1035745925711388672
1035769589693595648
1035777521948811265
1035782162090483713
1035804456510783490
1035806688698396673
1035820781140406272
1035830548021878784
1035832187969368065
1035833976437399554
1035837380110893056
1035842719485181953
1035875429574369280
1035882135872327680
1035903450968510464
1035903902611165186
1035905563555553280
1035912648565694465
1035922067726757889
1035936908453572608
1035973063127588866
1035974330428084225
1035976137766252544
1035983762180530182
1035985456238718977
1035992065207881728
1036002372273745921
1036009735819091969
1036014142396792832
1036054100625039360
1036128512208498688
1036147631519481856
1036154373041270789
1036205204939714565
1036206594197999616
1036226999491223552
1036272351242006528
1036272411220606976
1036322408171544576
1036363142434050048
1036380163729178624
1036389304078090240
1036403816256688130
1036448726754226178
1036494861577453568
1036555073357316098
1036575356172427270
1036577143755423745
1036584617166495745
1036604624839401472
1036608752458366976
1036626554363752449
1036633072706506752
1036654318986911744
1036667581787262976
1036691479673151488
1036709432556756993
1036744570728374278
1036753468118028288
1036755023361789952
1036763782742245376
1036808957912920064
1036815454470397952
1036844403581702145
1036845231268929536
1036849394375712768
1036857612267147264
1036886714428600320
1036918366751973376
1036925967699206148
1036947139253952512
1036951552114786306
1036961331126173696
1036994702694854656
1037000977361104896
1037050731461791746
1037070979443437568
1037079682645032960
1037117609630748672
1037161531555934214
1037215835172085762
1037254538112069633
1037283629607477255
1037294614690979840
1037319958387208193
1037326254029111298
1037328919098273794
1037399506290188288
1037399550728777729
1037404575530201093
1037414432773742592
1037419617533083650
1037441239199563776
1037455402110205952
1037466260320276480
1037468723605528576
1037506624171253760
1037596794581147648
1037648027606032384
1037650872157855744
1037673599870685185
1037703701513809920
1037743308360036352
1037743664011911168
1037745293075390465
1037762687307079680
1037763829403332608
1037765394298294273
1037812052163809283
1037829551190093824
1037830429921951744
1037842744817934341
1037844663686897664
1037846497885188096
1037858509923213313
1037863075838390273
1037871007716069381
1037926240836038656
1037983684752752641
1038149978823290881
1038166948134170624
1038167793726775296
1038175586311647233
1038178256002768896
1038207048213843968
1038271302014881793
1038280547099992064
1038295470446190592
1038327876888621056
1038336790191456256
1038342361909157888
1038350809673674753
1038387241805127680
1038418668479115264
1038452329442410497
1038473332532764672
1038491412776607744
1038497145039536128
1038519958798520326
1038524287337091072
1038563143763546112
1038601524589547520
1038608654482722818
1038611064961814529
1038611072503164928
1038630082364010496
1038633033035862016
1038633249604390912
1038633594229608449
1038641155326525440
1038656424681918465
1038664373294837761
1038673198051545089
1038678158717808641
1038688889043656705
1038689664943763456
1038694848298213376
1038709899528740869
1038732326916771845
1038744783148044291
1038755798229237760
1038804726459056130
1038818144868073472
1038823959444185089
1038852183343751174
1038866217912684546
1038874698766065665
1038883063470718976
1038893995114549250
1038903798041911296
1038910279462150145
1038915238404546560
1038918910089805824
1039000697772093445
1039018719438098432
1039065194415058945
1039096207166070784
1039099905216675841
1039113842037534720
1039120516865556480
1039131148973232128
1039152063890972672
1039185950105133057
1039189112182517761
1039190950147444736
1039194249395400709
1039301605936381953
1039320445915422720
1039326922365390848
1039334878502776833
1039344182761074688
1039370126179684352
1039385823307694080
1039407000432660481
1039440888311820288
1039468990987264000
1039495358760538112
1039498543201959937
1039501082030944258
1039578885459927040
1039579235726307328
1039602500280692737
1039615028666613760
1039633954213691392
1039635210416140288
1039697283175145474
1039744954787090435
1039797334098542592
1039804681667665920
1039824981096583169
1039828523756728320
1039837956347973632
1039860443693686785
1039879489185112065
1039888309798023168
1039919042306433024
1039919168148176899
1039929307467075585
1039963440696049664
1040004230730444801
1040015988618653696
1040023398250934272
1040085738635780096
1040162581636239360
1040183816135032832
1040219974395154432
1040241861544366081
1040256403607310342
1040276048024424453
1040289020201189381
1040351917141110785
1040366815313055744
1040375377133268997
1040399065715023872
1040488829281558528
1040488940418084864
1040540473746706432
1040556772329750528
1040565790972497920
1040574350305443840
1040586658893254656
1040587856782258176
1040657915504484352
1040664181379407873
1040686166201262085
1040687094040014849
1040694802738831362
1040700169346580480
1040730884360622082
1040733783329316865
1040734903225266181
1040747096863850496
1040803344607047686
1040879647809044481
1040892575094325248
1040939089057460224
1040970649097969665
1040998417936392195
1041010552573636608
1041010967276998656
1041011391748923392
1041011877034127361
1041013306444537856
1041018840388268032
1041029293126516741
1041031401947234304
1041040063423889408
1041042876271091713
1041044577069592577
1041044975960485888
1041047088216375296
1041062472084541445
1041081158937837573
1041130041483120640
1041172236600848384
1041296375391019009
1041296525568012289
1041296660201005056
1041296878300610560
1041308810650898433
1041309483429900289
1041311362910056448
1041323743665180672
1041328771041656834
1041334912199081986
1041335686538776578
1041350716395274241
1041350801933791232
1041395837887143936
1041404112141791234
1041406477557215232
1041438053959643136
1041440469027303426
1041485237346336768
1041491507000295424
1041521189263298561
1041521971492794369
1041540317789474816
1041549824598794240
1041555093479407618
1041683172881309701
1041691348418609153
1041692242195431424
1041692722116091911
1041694754608701440
1041694890889949184
1041696215891697664
1041701871927402496
1041703333185019913
1041735444168417286
1041762785967964160
1041762978742382592
1041765712988123136
1041784594071203840
1041789916026470400
1041790523143610374
1041799662934654977
1041805218709745664
1041839460583915521
1041843029936668673
1041885169710505984
1041925297019539456
1041990356978606081
1041993726250442752
1042056983812104192
1042057956143988736
1042065716055179264
1042084043469160448
1042085591570112513
1042093889174347776
1042100699465695233
1042132448270839808
1042138501460975616
1042145614572793856
1042145721967796224
1042145781933899776
1042146760913772545
1042148101807636481
1042155365494915072
1042190801911115776
1042195478174097408
1042221713163870208
1042222736926539776
1042240842499534849
1042279627639676928
1042280492496769025
1042313082226311168
1042325641679515648
1042340016377147392
1042357402597679104
1042367341856608256
1042368293124730880
1042374503194484736
1042416150980767745
1042448101401931781
1042453092296548353
1042457053006987264
1042462738797084672
1042488123123363840
1042489319368224769
1042498624826028033
1042511580615913474
1042514404216979456
1042515440210194432
1042522703931092998
1042522858474418176
1042524721097711616
1042525159243108352
1042527220349120512
1042548366327144448
1042549797020991488
1042561981058699264
1042561990688944129
1042594430295961600
1042604531010482177
1042604909105963008
1042631195476078592
1042684761351892997
1042718017568817152
1042730605069447169
1042740497356386304
1042744462638759936
1042761361208606720
1042761625730801666
1042798755404238848
1042800460804091904
1042828749253890053
1042867763864367106
1042880655879745536
1042883132624699392
1042890937804840960
1042895429883621376
1042896324532871169
1042910706402840576
1042918722128752640
1042961345065435136
1042987297321308161
1042998612311961602
1043048540048695296
1043053467508645889
1043140959012356096
1043150373551329281
1043182709533593600
1043185534376570882
1043187394541842432
1043187501089705985
1043276850678718470
1043417592206176256
1043418937323442176
1043465557872390144
1043465734024822784
1043469012280193024
1043514883705380864
1043525693701849088
1043541795173486592
1043543224634216448
1043553791772123141
1043561580175212544
1043599149390856192
1043653041159905280
1043655582048288768
1043655636586770439
1043690596127395841
1043701967275610112
1043706826804609024
1043836842704097282
1043873502183469057
1043911050847039489
1043959285271719937
1043959906515251200
1044000999344656384
1044006159605256199
1044045891399671811
1044054745592164352
1044067140192497664
1044081826518781952
1044092652445036547
1044141694365532161
1044218773488762880
1044223538218106880
1044233302989787137
1044240047438880768
1044249402414698496
1044263785068974082
1044267102796943360
1044279197055823873
1044286784140652549
1044287375549984768
1044290979682025472
1044302136983474177
1044385397214597120
1044398497305427968
1044472554885394434
1044477901356388352
1044550061030395909
1044608728413044736
1044619213749538818
1044627294504054788
1044636927138377728
1044672586301550592
1044675888464441344
1044681090655571969
1044687499111665666
1044714426161606657
1044793712738529281
1044794289878839296
1044798987096805376
1044800177008246784
1044800285632270338
1044964819386785797
1044998187575128065
1045008975354363904
1045108984330555395
1045156218493456385
1045224656926633984
1045228415861882881
1045247053666881536
1045277757238857729
1045383969255108608
1045394638226345984
1045404113184456710
1045405456183816192
1045459145355350017
1045479572878360576
1045492492290809856
1045494356143005701
1045508359225520128
1045558195970867200
1045589654911799296
1045600543765344257
1045634029830242305
1045650593119797248
1045651740673101824
1045693170338672640
1045725948807704578
1045737182852452353
1045744614316040192
1045840297312190464
1045842386490814465
1045842593244835841
1045887875374559232
1045955709396025344
1045957874537521152
1045961464463249408
1045963875357806592
1045999800783720448
1045999979461038085
1046008484272250882
1046027593936338945
1046040452422676481
1046085209421213704
1046085367131230208
1046085371321290755
1046089942693302277
1046094352584515586
1046127480027910145
1046143463245447168
1046165904902541312
1046277082878275584
1046305086161514496
1046320036632293376
1046333497957388289
1046342731562274816
1046369473769480194
1046380724138512384
1046465127774588931
1046498360104869888
1046501319203278850
1046508327012888576
1046532794900516864
