892196950627545088
892202094089961472
892209615735103489
892261780709228545
892264740633931778
892283167062847488
892324621462028288
892333331269996544
892333528913981442
892337399820374017
892358589888815104
892370644708593664
892370971444817921
892382397580230656
892386464398323712
892387836338421760
892394144982679552
892396212355186688
892402505518268416
892415675624333312
892415908798484480
892416050565926913
892422345398288385
892427185197375488
892464236433199109
892473473980923905
892500921057513473
892502597109596160
892502763195703297
892506386667642880
892523141662224384
892531894344134658
892566782548082691
892568084887818240
892583703641071617
892631488910381056
892650464369676289
892652542211104769
892656999493652484
892657022591614976
892657348459675648
892665124288208896
892671604496498689
892671918637064192
892672856072437762
892688758234939392
892695283426926593
892703076888465408
892721671886352385
892728285041381376
892736325547286528
892739099634925569
892748026812477441
892748414772891648
892748565759500288
892753758345719808
892756163770503169
892767093438939138
892773945627222016
892779628355403777
892780212240306177
892780831739068416
892799100424507393
892806103033159680
892823654714798080
892824664291934208
892833187138809862
892839617828864000
892857548038168576
892861387109797889
892861507050110976
892868764047421442
892890245158645764
892896809693175810
892924513075200000
892929040872611840
892939643603357696
892940907334389760
892955496805793798
892959556447457280
892961371754770436
892997939781677057
893010232032362496
893012408041603072
893020645256175616
893026364160397313
893042735803793408
893048226139582464
893052490089811969
893052493436866560
893069875488448512
893081526845427713
893083234329915396
893083603856486400
893090846161207298
893111254784524288
893111742183747589
893112495065358337
893116767773499392
893121990969577472
893128296258564096
893132745571844097
893140051613241344
893140361576497153
893140703412457472
893173030620364800
893175125650092033
893177172885635073
893177773103230976
893181542117330944
893211496968278016
893216139223982083
893222197497655297
893226740335742976
893230556326109184
893231281953288192
893236032002510848
893243395069620225
893248602746875905
893261256513118209
893276453327872000
893280633790709761
893281130413121537
893291367425880064
893291555779432448
893298283413594113
893298301461708800
893314043523588097
893315557256290304
893341561081262080
893344856130461696
893358457834921984
893362451806334976
893364071097131009
893377282705719296
893381568860966913
893382100723937280
893382104062599168
893399183264145408
893399498692726784
893403474892861442
893406834119364608
893409249174462465
893410253311750144
893411039722602496
893412625605836801
893413557982773249
893413595748368385
893413623439044609
893414068882612225
893421518801317888
893424336517857284
893427054829613056
893429422551846913
893433875556421633
893433880232984576
893434537082060800
893438792199221249
893441194688118784
893443654660042752
893470848421593088
893472181576900608
893472542094049280
893473416186953729
893482519538126849
893484588856745984
893485955746861056
893486532178227200
893492342136721409
893492431890546688
893495218149900289
893499223316025344
893509386936647680
893532484020908032
893548483721940992
893550851825872896
893569495909978116
893572344270270465
893572403850358788
893572447886356480
893573166114758657
893580945546194944
893587636279009284
893590390254837760
893592882099232769
893594413439434752
893594850079133696
893595048469712897
893602756342231041
893616837874896896
893623104571793408
893630513205751809
893632669270986752
893636642107478016
893636642547933184
893639151140163584
893639871717298176
893639929611390976
893645804577148928
893648022122450945
893667634654392320
893676177210167296
893679523543134208
893691345927143425
893691600102055936
893694814620921856
893699253423546368
893728057806249984
893737216933076992
893750157602193408
893755278029705216
893763966521888768
893774675821645825
893777372234870784
893781437895372800
893782792215068672
893783038449995776
893815207050571777
893831211256344579
893837059814805504
893848350029746176
893853766155415552
893854092023541760
893856026029694976
893856718081347584
893856754164842496
893858445291655168
893861062562459648
893865984133447680
893866531070722048
893908695570149377
893914961142992896
893915338106163201
893926682436014084
893928443628453888
893931361165352961
893943076712046592
893943447920541696
894018981450743808
894046076663103489
894243100360548353
894368937806376960
894374389143261184
894395975145365504
894402001097936896
894419827930128384
894432138413703168
894442514303909892
894446589493690368
894453958864912386
894455435272437762
894464388865957892
894481788088733696
894485408595103744
894486843047067648
894488344209608704
894490120497319936
894494805962575873
894499950674845696
894515591230312450
894515805571895298
894515914615345152
894516289581981696
894517769349156864
894528887610195970
894554162888945664
894555074751590400
894559626414309376
894559784527044609
894560514767953921
894563340458098688
894567002064420864
894576855751241728
894594023486136320
894603417439662080
894609410684846080
894609560442470400
894630738733281281
894630752574427136
894637031032311809
894639032109600768
894639394510045184
894641882566885378
894649100771241986
894650698175922176
894652037408804864
894676596304609281
894746167241617408
894813643002363908
894813852411588608
894861040118312960
894861286865072129
894863759155572736
894866981236506625
894868785185910784
894875543878995969
894877923303227392
894923591334023168
894951995580219393
894967352160247809
894968356729573376
895002953144311809
895027545044865025
895040772621443072
895114250972221440
895114493382066177
895119018620731393
895148679916421120
895148885839982592
895149174013833220
895149176492654592
895149430684270592
895191420264476672
895196498748747777
895219306102960128
895224267616473088
895228287781289985
895240116578402304
895270860818272256
895282424942399488
895282424946601984
895299956201926657
895316816553140224
895317117293150209
895325323008516097
895327734074810368
895327753620172800
895329604554039297
895342116192358406
895349041818734599
895369949157437441
895375284723228672
895375308647432194
895381289729220608
895390067568640001
895396231928741888
895416694742667264
895416700945879040
895417679514787844
895427135136972800
895429914266030080
895467374048038912
895480643533983744
895495759801401344
895521494402424832
895526639211347968
895530197553995777
895540442980380672
895556445525114880
895556447609790464
895557696392482816
895587959029645313
895597850867900416
895607223203774465
895607763258064896
895607837094682625
895614915364495360
895617856028774400
895631538653671425
895648808306188288
895655001166446592
895663414101626880
895663414537846785
895664584748548096
895677331238531072
895679698944053250
895680673264095232
895685467789639680
895693804358975488
895694152498905089
895706519387418624
895718510076219392
895725700363067393
895752759366094849
895753139084824576
895758420988620801
895786547961790464
895794137986985984
895798615003803649
895807673916157954
895818941028806660
895839905384878080
895843772147355648
895860753613283328
895868228693446656
895873132669554689
895887804772696064
895897040227401728
895899860058198016
895904108888162304
895904677211983872
895915893187858433
895919516655378432
895937512300040192
895939986947620867
895940687400648704
895948232534233088
895951793502507009
895959301700939776
895965992484057088
895978112348860417
895995560636760066
895995752748429315
895996292135960576
896008745842601984
896010932748472322
896013736221298688
896017597740744705
896018504754876416
896025891981099009
896028522849947651
896031915198775297
896041536487661568
896043126996979712
896048581324398594
896054679355838465
896064371142516737
896069043584507904
896070282149900289
896071160881750016
896071294256504832
896076774093709312
896085663497371649
896088975336554496
896090608594436096
896091001588023296
896091344694788096
896091517508403200
896094487922868224
896100052489207808
896100056280973312
896100077218832384
896107364020961280
896111897216393216
896114361365745664
896116232432230401
896116461877436416
896116779390386176
896118065779195904
896122349824557056
896129110203695104
896134167435517952
896134338844147712
896134610215620608
896168537496014848
896169147603791872
896169948489424906
896178991794720772
896191139778367488
896192021823672320
896194965046403072
896194966246096896
896198054927364096
896216029608771588
896227660824801280
896238235499859969
896252441217323008
896254803847684097
896267931797123072
896268854791462912
896269968362352640
896282170863403008
896282633042223104
896282938391764993
896288919490318336
896290322044661760
896295814502391808
896324744693387264
896330828988518402
896331193049915392
896331299954323461
896332224009715712
896334422659780608
896334423477669888
896334423888736257
896341893943967748
896347451845525505
896352173776289793
896352176737353728
896356531234414592
896359272233275392
896361762974552065
896366896618119168
896371528803143681
896378763553931265
896381795222134784
896382799317303297
896382803540967425
896386572521811971
896387067453743104
896397249126834177
896409797632954368
896423776010874881
896437731718332416
896439226140635139
896439257602117633
896447092977270788
896447323236032512
896447780427673601
896447937290444800
896448225023934466
896448269881978881
896448767779454976
896449761414230016
896462488606212097
896466926184013824
896490254445793280
896496576104759297
896529934671327232
896535990403088384
896536792375099392
896567757000642560
896582088731832324
896599607098068992
896599972434526208
896610794561036289
896613368189952001
896615733727297536
896638173304020992
896644462662832128
896651700756414464
896661898401202176
896689857178685440
896713867891535872
896729758876270592
896752461813305344
896761493391331328
896765125670993920
896765316084023296
896765556409470977
896765671345979392
896775488231702529
896775849671884804
896781265780711425
896782499308765184
896790318309294081
896794648525590528
896794650643746816
896802198268637185
896820361693712384
896823553168994305
896824102178086912
896824850035200000
896825451510976514
896831896902131717
896833530583502849
896835496428613632
896839160576790530
896849868219719680
896850511197913088
896852811765489664
896853044993732608
896854512987762688
896855717595856896
896859858191785984
896866257047142401
896866435716136960
896886760461942784
896896525644603393
896921849187061760
896940065905102848
896941855170064386
896943305551994881
896953429763010560
896957278473125888
896987494230630400
896990289751142400
896991148312481792
896991153349771265
896991361387315200
897009749203460097
897010254160035840
897014954762661888
897024811364270080
897033969492832257
897054251620470784
897071749832908800
897097308654915586
897101641811247105
897101725269508096
897102671940923392
897113851438804992
897122169850822657
897122196837072898
897128421599322112
897148238695985152
897148432611254272
897150627184128000
897165254299353088
897171208940027904
897187934436196352
897188618674069507
897202085652910080
897212486335778817
897217467096985600
897227596324319240
897233141194080256
897233168901656576
897233504416612353
897244210818109440
897247381275553792
897268191923142657
897277489269022722
897287886965547008
897287946080067584
897293475007299587
897350092247756800
897368396169392128
897379954421366785
897379954442346496
897381300805525504
897381593962164226
897381593966403584
897382934071693312
897412221210423297
897415375746351104
897438561863127043
897444515685949440
897468112404180992
897488063458271236
897488521891639301
897489302858457088
897490245310005249
897513687707250689
897514079023017986
897520308424507392
897527073845239814
897537855270080513
897548561654665218
897563565955141632
897566879459549185
897575354449186819
897580645580505092
897617517295915008
897621187286757376
897625564055470081
897639777733939200
897676635180236800
897714177556574211
897715654752686080
897727295229747201
897738756987514880
897738760338763776
897747033599000576
897751301722951683
897765322882547716
897780217682563074
897780223990693888
897786843441356804
897787475518771200
897795268220866560
897815343736832000
897828450941227008
897837611699642368
897838996683976704
897839398917636098
897851985587830784
897880654251249668
897882473140543490
897897086506606592
897897613340442625
897901362607816705
897901464118591489
897912043000520704
897914300777365504
897923045901447169
897925148912648192
897936062110081024
897952193403166720
897962351156219904
897971384407777281
897972367561019392
897986985993936896
897988066866073602
898016539768741888
898020057242062848
898091972765913088
898104664721436673
898123383480741888
898142681049825280
898168620378992640
898171036235169794
898214134789148672
898217974682632199
898222414810763264
898222460503339008
898242707046506496
898242803284811777
898243445306871809
898249949107765248
898263249677946880
898267091245056000
898274396896460802
898275048666083328
898283350472785920
898290143118868480
898290145329205248
898290242104549377
898297320009326592
898297761669558272
898306131470163968
898306664088035328
898308421929140224
898309602198011904
898310239744704512
898318555359334400
898319042712408065
898319098928443392
898333794926710784
898336239782248448
898363839158374400
898364986707382273
898386186389016579
898386193553010688
898394028487524354
898394435783868416
898433777910689792
898460817326297088
898464179501355008
898488661628653570
898488688505696256
898493837013811200
898495096949284864
898503574052720640
898518463026794496
898518775049457664
898530582459588609
898533392219766784
898546309422096384
898561676093530115
898566827546222595
898570384714473474
898575649832525825
898587368290082816
898587632946601989
898604668535709696
898614131732992000
898624939615338496
898653436123664384
898665816866115589
898671914150789120
898676048900091904
898692041365872640
898698889406038017
898704014820294656
898733965514768385
898781720161513472
898815639875399680
898817632228392962
898817787413516288
898817822217785346
898817922902048768
898818109976354820
898822719503949824
898826938533507072
898828701839884288
898844571005706240
898847273366335488
898848022469246976
898857736896643072
898864803044769794
898888778969960449
898908163356803077
898912833710301185
898922780913041409
898928990177693696
898940438526255105
898954710899507205
898958256319737856
898961674689892352
898966251539755009
898975392605667328
898976416397758464
898978969055223809
898983251888361472
898985662338052098
899001260543807488
899003522926202880
899015758570586113
899059472844419076
899063657946128385
899106025856520192
899149141204508672
899178713564295168
899194503042674688
899206466879586305
899211869952651264
899212760013295617
899218787056185344
899229892885303296
899254786490589184
899267298933981187
899279133158633473
899291083091431426
899296138578231300
899296421798694912
899297202237054985
899298972250112001
899301720773320704
899302039540432902
899302044145766401
899303603248263168
899318056756932609
899330584719306752
899338459076333568
899355584847327233
899363614833954816
899363621150613504
899392305555177472
899398515230736386
899398839450431488
899403087810621446
899403331138990090
899405220274479104
899421097585782785
899433142234337280
899442852366876672
899451855046139904
899452818465071105
899461045181272064
899483857136738305
899509533852282880
899519237361770496
899530800244207617
899535812001501185
899564356769284096
899583978549596160
899621515473420288
899635254734061569
899645092092358656
899648337632051200
899657796202975232
899661755621806080
899663769319731200
899676871486562305
899703124457390080
899715821467054080
899723995305709569
899724000359845888
899737514075971584
899738001365925889
899739764647014401
899740592615325697
899755137618636800
899760203490611201
899800819469606915
899801121866350594
899814508406951936
899821770420625408
899822577161457664
899823381452804096
899826551151222784
899829475780640768
899830721082032132
899833788779376640
899834460685783041
899835349915938824
899837639985045504
899840871687999488
899842488189337601
899851885108011008
899852270568955904
899857318417842176
899874236126375936
899874947883036672
899874950009561088
899874952949764097
899896643352485889
899911554539429888
899930567298473984
899930630645067781
899936812268797952
899937329254551558
899941388195778564
899965055818752000
899965155227955200
899965584707911680
899982963819020289
900066523150258178
900069438212513792
900084522993278976
900086407108202498
900094328462299136
900108751830691841
900125949299236864
900129108029583360
900147507203723265
900178602070745089
900187336759169024
900205974971179011
900237494293286912
900239344824442880
900252096359915520
900262705424203776
900267481071333376
900274721970958336
900275156219834369
900281034130018308
900298398552797189
900300183229132800
900308985810751488
900326788517294080
900332798954938369
900337348118028289
900339766562086912
900351451016421376
900359342188224517
900368995789963264
900387629841096704
900388557633859584
900388567691784192
900400993317289986
900412407696195585
900426970755985409
900458321915895808
900466855202222089
900467859750608896
900479269079592960
900482052436447233
900497474892255233
900513630353072129
900521608917528578
900546000057765888
900569196228038660
900572665777410048
900574449174556676
900578585592942592
900631613779828738
900632130505584640
900636817212485633
900652021979770880
900653996238659585
900660554897006592
900660603554902016
900660770907840512
900666352251416576
900668744686612480
900670176215134208
900678961440718848
900679362122465280
900679362978103296
900681389678379008
900705334125375488
900714856441159681
900719182450495489
900719381679878145
900720592550330368
900722962348871680
900724092302741504
900724679513714688
900731577445076992
900732276647936000
900734202663981056
900741254115459073
900759300980838400
900762874364211200
900763264598114305
900763487307223043
900768158490939392
900769712493219840
900770425931804672
900771561027850241
900771940499062786
900772891335303168
900791211644125186
900796406272737280
900811306122452992
900829333241163776
900830602882158595
900841374672617472
900842756289024004
900849519444856834
900850726292815873
900851346638860288
900864607765512192
900865104811483136
900870123283783680
900886498278551553
900887634914029569
900893776654225408
900903539291037696
900926060627415040
900930000332783618
900937691411369985
900938009331195905
900952544721068032
900957730986352640
900961170722439169
900977127100567552
900979897014800385
900992195544612864
900997973634678784
901022483071086593
901024135618473984
901034802547224580
901040532402470913
901043918711607297
901044001926676480
901044093362589696
901047576295645184
901060864693997568
901062443044098048
901080481466392576
901083955683872769
901084339403976706
901086046896750593
901089891391479808
901091472644165632
901091900056272897
901096106913923074
901104185994858496
901113597580820480
901126499583094791
901127000915492864
901127476147089411
901127851512123394
901203734012866560
901203739465461760
901233604172414976
901239018846912513
901239064342429696
901243794661756928
901246837369077760
901254667979698177
901270494351110148
901294273949081600
901295739841552385
901351610932178944
901354642147336192
901386406039355392
901393220516679681
901405684733845504
901405704426209280
901408037755387904
901415077873676291
901424179890851841
901429803651407872
901438991681150976
901441634101063681
901441680234221569
901446465104621569
901454029959700481
901474103059763201
901474840833556481
901478156871380992
901480074918146048
901481945556807681
901486211449094144
901489301103443968
901490691531878400
901494220619476992
901495620116123649
901501322851123200
901504449272836096
901505757069365248
901531534393577472
901534483857518592
901571512410484736
901572089148170240
901612635883421696
901612645513441280
901627115472248832
901635119861161986
901687620811448320
901727480125509632
901727836658073600
901732651291131905
901739175518580736
901741608202366977
901746167423287296
901762506338824192
901762802439798784
901763009638313984
901763361154547713
901763735265583104
901823067894104065
901823480181678080
901826468212346881
901829462937001984
901829894128140289
901830647840477184
901836820576645120
901837743759679488
901837778555592704
901842560909328384
901846133214990336
901854458463739904
901866755659886592
901867298914537472
901868203646881792
901874938864422913
901900905791946752
901946471037247489
901954860911878144
901959832382488576
901959840372744192
901968933196091392
901978896358363142
901989996982222848
901996935216857088
901999826749067264
902003382298189824
902003618815123456
902004195565289474
902049255380135936
902079456055103489
902084604118540288
902090309005328384
902096676164395009
902108736482926593
902139880045768704
902139887578644480
902176926621687808
902185037604552704
902185821092155392
902194769207726080
902214026519818240
902216944920743938
902220621261795328
902229766492868610
902230905217048576
902231052864724998
902260668451184644
902262285779001349
902270201688928261
902274458483691520
902295733658939392
902298546350804992
902300584778326016
902320956001185793
902320957783760896
902322976229609476
902328429508472834
902392180408508416
902393599341375488
902401240964915200
902418968727756801
902419263037825024
902441809087012864
902469268809363456
902474705021669380
902480473473114112
902484754561470466
902495351814238209
902495952543547392
902503397844275202
902510653977624576
902529964129607680
902563096203583493
902563113823723520
902565499950825472
902565499963285505
902568401599569920
902577796836466693
902583887871832065
902590969861861377
902593937759711234
902612924975472640
902616120611491840
902619933657456642
902621836604792832
902623058397188096
902623073484103680
902623080614387716
902625749462605833
902626943165718530
902646025558650880
902651945407713281
902674549371752448
902690428583108615
902713841179602944
902724439753838592
902754005813776385
902758588925562886
902787491043971072
902852091625955328
902867554850541568
902893964738654208
902941082257895424
902948818668400642
902986122388574208
902988160988319748
902988358372261888
903010105419075586
903039389479120896
903042636860280834
903044213071282176
903057455734763521
903057726305075201
903066335927832576
903117279960993793
903149051364900864
903227799015747584
903248636750032900
903254655576231936
903354069787475968
903378026397921281
903378036061556738
903378043191910402
903378045695905792
