1013676660233826304
1013866943244328960
1014185563539300354
1014448986785243137
1015337009030877184
1015910211016589312
1015986048239919105
1016040223527047168
1016041907963736064
1016779623105826818
1016830516824236032
1016842402332459008
1016842445416349696
1017049035834658816
1017195702265532417
1017616994965884929
1018301635381080065
1018561991110098944
1018732625299636226
1018808865155002370
1019471879734734849
1019717519169474563
1020077868611788800
1020230415431413763
1020231896016531456
1020491422791864320
1020736365946916864
1020742531573780480
1020851097429147648
1020905832593014785
1020974816327856128
1021423132895162369
1021790461630005248
1021837064558522369
1022136144601874432
1022140944575942656
1022153081637629952
1022160419157356544
1022177069692858368
1022199227420684288
1022199338511069184
1022206535953461249
1022208305928851456
1022226167980589061
1022245757317869568
1022246268150718465
1022252978617679877
1022309311484256257
1022451539095552002
1022465563992444928
1022471219155820546
1022475470942625793
1022513574093180928
1022537582306111489
1022543819655573504
1022543975679512578
1022569083202547713
1022569341571612673
1022580300457631754
1022603041118322688
1022603111142187008
1022604234380980225
1022620737742536704
1022647052386283520
1022661124674605056
1022666040420040704
1022672182944706561
1022703701067227136
1022704266035843073
1022784977010937856
1022790576016699392
1022804545548820480
1022814488993587200
1022845382546653185
1022852728014417920
1022878184524660736
1022892434680934402
1022934268224434178
1022952829537988608
1022957936279257089
1022969661451845632
1023031714908536832
1023032855771791360
1023118985800364033
1023156176689614848
1023194147728109568
1023217907210366977
1023225475005591552
1023231501364850688
1023232106615455744
1023254912015187968
1023255043993165824
1023271154327465989
1023271171943555073
1023325593427996672
1023337124546990081
1023349793324580864
1023383912725110784
1023522289508175872
1023571975669776384
1023582475694628864
1023585777454915596
1023631136025542656
1023631601475809280
1023659190781394944
1023753181334044672
1023833868011495424
1023841496175398912
1023901261681315841
1023915005979316224
1023921787879481344
1023967805123846145
1024003673569910784
1024004650838634496
1024008857738256384
1024031496078798848
1024048343863840768
1024048428911919106
1024188489288572928
1024195186321182720
1024248309702045696
1024306328670490624
1024308942556602368
1024310571636809730
1024317175144873984
1024342077574983685
1024379684551835648
1024390308715536385
1024394420794413058
1024408239373467649
1024418403421839360
1024418795174031360
