914278705001766912
914283978093400064
914296849569402880
914310071689121793
914312031683186688
914314212717006848
914317698598866944
914358503300460544
914370395406569472
914393724981039104
914407109328084993
914432961377906688
914499231452467201
914529871673593856
914532126934093824
914546174098640898
914549661653962752
914570691063828482
914570895750025217
914607335837855744
914612468852207616
914646389853913088
914676556970196993
914743200669036544
914776997959815168
914799754986405888
914823491823767553
914838425643229185
914853713864544263
914909421792358405
914928877893410816
914932564695093250
914951210884636672
914951911358521352
914971966825746438
914988847238434816
915008286159724544
915013802080571393
915013981995257856
915017115169468416
915034855804686337
915044458667954176
915067727378812928
915069129144590338
915091264143491072
915121148698009600
915121918239547393
915122959672627200
915125275750526976
915134880715083776
915141483803566080
915147374280036352
915162787923537920
915188857217437701
915201669142474753
915204316578942981
915218605326913536
915246518399066113
915257469739429889
915322291042500608
915322965905903617
915330891462754304
915335029953351681
915336591517687808
915340290042368002
915360905478713344
915378643597189121
915397181158363136
915402137584070656
915448954388729856
915455581896560640
915485690212872192
915516852222222337
915531094405066752
915554487389089794
915554566116134913
915557690876850178
915563027742756864
915567177155190784
915578455210807296
915611460608430080
915622489933434881
915694576177991680
915708863659237376
915773558713876486
915805951759876096
915821834737717248
915835723319721984
915837166999056384
915842698036342784
915843663581851648
915847852009570304
915883330788298752
915910828649533440
915928341110153216
915933148189462529
915972506703597568
916018760229761025
916040387344715777
916055441095876610
916061913750102016
916101087307935750
916122211089551361
916157715839414272
916157719618441216
916226252884856832
916235466676035585
916242729797128192
916243410951925760
916243420573605888
916243443256516608
916243889111162880
916257027751600130
916275354322526209
916276105941798912
916279126683725824
916302570855043073
916303689379401728
916335273767854080
916346116848762880
916352733816299521
916353134330470400
916363623903191040
916363627673931777
916387486896500736
916392075125342210
916393845964853248
916393855192260609
916400670088994816
916409977237065728
916415302262341632
916445640913235976
916446462237728773
916448253217869824
916454120202129409
916490730603896832
916511628274880514
916515086923173888
916515119210926080
916585731560300544
916589277018025984
916633485397430272
916636533834305536
916637243921588224
916639046222471168
916649061809311744
916657105498669056
916665566794010624
916694445436915712
916700468868472833
916704448155615232
916705192913113088
916705275960348672
916711415158902784
916747097369665536
916755081231343616
916775877408673792
916779440461570048
916799807578005504
916816682961788928
916865356169465861
917025048430628864
917027881666129921
917028019658780672
917028797727244288
917040296395005959
917053792012484609
917054668169195521
917067938137624576
917071083840458752
917087542398390278
917087772590133249
917099813983854592
917099848813314049
917101172128997376
917101571825127425
917102597772890113
917109695344717825
917131054028349441
917132370196750341
917158355759763456
917171442688589824
917176016178626560
917178877889470464
917250269993304065
917263834791821312
917264829676744704
917286163571986432
917290162006011904
917309481381396486
917312145624363008
917318831751749632
917323805340717061
917324777357967361
917349269090328577
917349342385725440
917373020875960323
917421282240749570
917421925655207936
917489467237326848
917492642870575105
917497459617628160
917498217498947584
917499477916655616
917509143694594048
917511217777922048
917635133427023873
917662060439310336
917688786141683712
917732978599526402
917767086671302658
917778039228026880
917783134921478146
917784835690827777
917787040644771841
917788550992625664
917797489926922240
917852346369134592
917865646729433093
917866216529760256
917891117261008896
917902221676810240
917944464177614850
917964290266681344
917973141892272130
917977330328506368
917979608460427264
917998033408729088
918010795853725696
918035197039345664
918035268782952448
918048427971432448
918062405946617857
918067527183454208
918093804082786304
918103705961996289
918156804206616577
918160361819394049
918169306566930437
918176010755076096
918184084345671680
918203211231657986
918205778582007808
918206357358202880
918257774072655882
918258271114481665
918258334859431936
918286333516369920
918317288758984706
918398182618312704
918414709430218752
918447341937614848
918455405487026176
918457939291267072
918462335735414789
918495541205618688
918544200593002496
918577719369195520
918590969146150912
918628467503181825
918628471294889986
918630824291000320
918643601323757570
918646102462730241
918670701627707392
918706442965626880
918720634808602624
918727906897072129
918735118167973888
918749909817483264
918752796354142208
918755883772936192
918765685425299456
918769399217184769
918773160945815553
918840929146073089
918842289363062784
918858697463304193
918860766937202688
918866549204758528
918870150018949122
918873622915231744
918894123846955009
918899401795530752
918901562440904704
918903067772305409
918940335010488320
918963232135663622
918968265703133190
918994693077258240
918995187262676992
919068945348358144
919084647157350400
919100497218490368
919133090101866496
919136424569565185
919149577508356096
919149592595369984
919168164533080065
919171756543311872
919175464748568576
919181487198445569
919229426545643520
919244921139224577
919333804317265920
919342056631406592
919385891285676037
919387129867730944
919432548320673797
919437828085501952
919448355813711872
919463275800211456
919483501975560192
919487223170560000
919495786655870976
919524505474818048
919537389957238787
919566081546752000
919601895425101829
919614357968969735
919620799597891584
919623988070019072
919648368338411520
919649528898129920
919655263338147841
919664157368160256
919664947147214850
919676377460244483
919713793587974145
919754868818096128
919761673233321984
919765991277592576
919809786111291392
919820890522771456
919821439125073920
919836377558241280
919836380913692672
919845287547625472
919876092168736768
919899865496412163
919900863308673031
919927090736222209
919927093244424192
919928909872943109
919934475223687169
919948753485877249
919995159676424192
920017767797002240
920017789179650048
920020573773758464
920021914277494784
920031660615147521
920041072188973058
920068156642639874
920080194982969346
920111578430701568
920115749263470592
920140505710596097
920152282057949185
920172281506263040
920173536714641408
920174765205327872
920184013234556928
920201702950801408
920205104699068416
920258878633279488
920260768565747713
920261128025931777
920292406624423936
920299993713561600
920325784467800065
920349958796206080
920358745850437632
920359919391592448
920361184838041600
920363776058130432
920371280100016128
920375009369083904
920382444087468032
920384149491474432
920385378833584129
920385941843382272
920387613965643776
920390374681694209
920390734540410880
920391799449051143
920392197928837125
920395765209534465
920406218358906880
920406498282541062
920407089826222080
920414140035977216
920416245551333376
920419989382942720
920420640552779779
920420814008324097
920427567659864064
920437536681373696
920451959643090946
920455427497906176
920468249485049857
920480007381798912
920486975580147712
920487347816300544
920500228536586240
920501952647237637
920503338612985856
920504008007184389
920564108189224960
920575460060233728
920581527137906688
920586673133678593
920594517178421249
920597056623861760
920599133999812608
920599183479975936
920602241538473985
920602306571264001
920621423336583168
920624418501611522
920655882857435136
920656236496015361
920663070958956544
920665321345896448
920676199285837824
920678115298471938
920680775695196160
920721933565677569
920722150817923072
920732878606016512
920746088998604807
920749819827716098
920753121135128576
920764105212026880
920772745872527360
920772766441275393
920775384085549062
920776625607794688
920777596178255872
920778633018474497
920787274127888384
920798617174032385
920818945703268352
920827200928063488
920865564163264513
920873603805138944
920873734671650817
920877764949012480
920916510679486465
920938024539754496
920971685490241537
920984099782881280
920992836115349506
921046261909852160
921054696231571457
921057612120158214
921058893861675008
921058897636593665
921067685139623936
921077011614924802
921077571114143744
921078485275123712
921079273569574914
921079471142244352
921085329733509121
921085572587933696
921085601100849152
921086013006589952
921086277214265345
921086812013121536
921090388890353666
921090859071832064
921094633136050177
921098650012585985
921100097450061824
921100188042842112
921105289612595200
921109242324701184
921112021877354496
921113517578735622
921118298229665793
921118922090393603
921119085097824258
921120500218294272
921121358389698561
921127125561864197
921129966766641152
921135061583441920
921143295459422210
921144451376013312
921157524614676481
921159309731553280
921161067111305218
921161825865158656
921166270996926464
921197563931267072
921197808824274944
921228677643247619
921247353201295360
921267852434460672
921274861535637504
921293561580187649
921296802778927104
921297474706341888
921320218726674432
921356858895556609
921360914367987713
921367103923478528
921380401532276736
921381765524189184
921437201631711233
921438687514181632
921448545575751680
921455610381717505
921456208971694081
921456318854156288
921461177137487872
921463802755014664
921475817703706624
921478718127828993
921488949293481984
921491130407104513
921491600932556801
921493409684250624
921496317842612224
921515551264034816
921527652263088129
921529511157686272
921547881366020096
921548310409875457
921548682478075905
921563456087699456
921571840895614977
921576580887040000
921576918100729856
921579539108712449
921625310356963329
921625624443346944
921626129466880000
921636972137009152
921645849817636864
921648399526584320
921649633927065601
921658539667546113
921668891960664064
921670478749724672
921682328090480642
921690637866536960
921692230842187776
921727571133386752
921733696566243329
921739527479267328
921740415849689088
921740919581310976
921743357306658816
921753059168055296
921761542554750976
921763901854879745
921767258967433216
921778579817472000
921789734137016320
921803151325396993
921806193525448705
921806704324546561
921829210284535808
921829556985778176
921829562408951808
921829575440642048
921843555026505729
921843556725161984
921844550150258690
921845756197310464
921847024995233793
921861034805268481
921883064535519232
921896138193690624
921904248727711744
921905763295154176
921909113294065665
921942010466066432
921957125055811584
921980769203048448
921987021215813632
921987615963910145
921988387170594816
922005756119011328
922005901048938501
922007672710459392
922009741051666432
922022276031062018
922033010513412097
922033103618629633
922043770996060161
922071199202635776
922071204684619777
922085507248676864
922089111137202177
922090597036494848
922105780404457477
922117716563050496
922118373798023168
922119668999032833
922125352301989888
922136951213326336
922183029514174464
922187368853135360
922188416263090184
922188438820085761
922188743326535680
922192918747799552
922296755886133248
922310438142070786
922311364651245568
922328819226365953
922339508854681600
922395683725996033
922400785509560321
922402487151325184
922405254125248512
922420639402688513
922447165292675073
922448675997089792
922448796046577664
922455407527940096
922458745350758400
922487847109709826
922503528366641158
922521513592610816
922522935390363648
922534237609320448
922537396960485377
922547613026652160
922568332443754496
922570898967732224
922571979399372800
922579169699123200
922587670638817282
922599053229219841
922604958167465984
922610416429228033
922659746049609731
922670725080735744
922687340396646400
922735562703982592
922741715559223296
922741969071296512
922748260539928576
922754762155724800
922793069963108352
922831204876926977
922834667820212224
922841560319791104
922851175782809601
922856047039016962
922897324845731840
922899143533711360
922902914049376256
922904233292304384
922915254262099968
922915892194770945
922916455070314496
922917473858420736
922922879921950720
922923665074790401
922927296079687680
922928488541294593
922973465430429697
922980318394515456
923013875766669312
923059641902346240
923061207858155520
923070269832474624
923074376081256448
923097851990822912
923128170953498624
923128645329346560
923130816321982464
923161253941514240
923178608704806915
923182197363785728
923230106721558529
923230262410047489
923250237346631681
923263684717240321
923266104264241152
923269007704240129
923275270211145728
923275708943695883
923281518918819841
923284568597184512
923296720733085696
923346400359759872
923350210708983808
923414098758524929
923425603721814017
923448189658783744
923450419388432384
923455707076161536
923468283302629376
923469927461384192
923490512702668801
923520891593650176
923531030920753152
923531201226395648
923543370152185856
923554196884021248
923560808390561793
923586168607961089
923587432997584897
923595750285762562
923600983082618882
923630207772381184
923641604530954240
923667666224611333
923671837057396736
923680680734752768
923680973086187520
923695174668001281
923708186594439169
923756923115016192
923764516608925696
923833499815153664
923841829690335232
923857187956559873
923883110848221184
923883112542633984
923909155005616128
923910965669908480
923911252950376448
923926925827100672
923929973840400385
923930722502610944
923940411361472512
923946748925661185
923948578925662214
923964248409198594
923989581162319872
924008351956049920
924011200299618304
924024971172745217
924034001781907456
924063111115694082
924069873592029184
924070553891225601
924081643203198977
924083147280650241
924141050481934336
924145015798059008
924154161905655808
924154916842754048
924169024392404993
924207041622761473
924207700514365440
924209343817551872
924215975855173632
924224438287159296
924236611826651137
924248085353648128
924260611353141248
924264526203248640
924268171049209857
924268192838684672
924275773233664000
924279651668815872
924281791187378176
924292591524466689
924304437786566657
924337119115460608
924342798186196992
924350979176267778
924351209087094785
924351663254769664
924365991030558720
924369541479718913
924426666251866112
924447187299373056
924478296330571776
924482630837592064
924483464665198592
924511266172960768
924512649060241408
924513529012604928
924566528657203200
924566649461653504
924571409866809345
924573539860086784
924575721720344576
924587886057582592
924589445483057152
924599472822333441
924600833999884289
924605333519175681
924653710218842112
924682740670267393
924683529602048000
924691495000657921
924691869988261888
924706394028302337
924721273745309696
924728344083615745
924754273677840386
924847459775414272
924850838303944704
924855282987016192
924865528425877504
924865605605277696
924891011335237633
924921552998731777
924924783858409477
924924819954655233
924951993147363328
924958693363298304
924959045055692800
924959230863560705
924995311323504642
924998692964356096
925012415904976897
925016207971012608
925016541845958656
925017468749451270
925024927916404739
925036346900668416
925044129456951298
925061765649461248
925069612324212736
925069857716088832
925071056456609792
925079744969879553
925093687230652421
925094256393555970
925102238586023937
925121599061282816
925121608309723138
925146448097894400
925148283672170497
925151632790130688
925171184559325184
925181640523026432
925190735040778240
925193867351097346
925210777535082496
925274483564228608
925288721422913536
925300148074418179
925312048577335297
925321469843951616
925322431157252096
925326327674220544
925327585529225217
925350687747268608
925357083242979329
925365103129714688
925365270931054592
925365503287275520
925367279579254784
925382285137936384
925392692053454850
925399856339914752
925418160559452160
925424812880814082
925434398190714880
925434442159706112
925439953882042368
925442520913465344
925444106221998081
925444106666594304
925444485399695365
925446782204698624
925449218692730881
925478967624241152
925482391442993152
925483236591095808
925484348928876544
925485587070640128
925495619002814464
925496262824210433
925496877734420480
925496993060999168
925501933514887170
925505986919407617
