1079890684205826048
1079924050464509953
1079990032327499776
1080060664801083393
1080090079459241985
1080104490257264640
1080113447617089537
1080131663038959617
1080140855279788035
1080171877820182529
1080199181757607936
1080221507542908928
1080236594874011649
1080258910685196288
1080294539544322048
1080349494653452289
1080374517434769409
1080376267747270656
1080401937307033600
1080425145750085632
1080431547835011072
1080435261471903744
1080444693194903554
1080446040380104705
1080460736827138050
1080463114162720768
1080476104333381632
1080485791904788480
1080543348245651459
1080683376338747392
1080737414077972481
1080738663976394752
1080751830336978944
1080828076890689537
1080829270161850368
1080829273546637312
1080829276038017025
1080834292433924096
1080844250571517952
1080847343019352064
1080862272640040961
1080862699183960064
1080871946802352128
1080872346049830912
1080876107983998977
1080903677143961600
1080907700312129537
1080956456571150340
1081024697054232577
1081026318144286722
1081034472320053249
1081051707533078528
1081051923569172481
1081054151180673024
1081057606829989889
1081148840491790341
1081180559919984643
1081183334045282305
1081191667691110402
1081216677491167233
1081254544099688448
1081275429628010496
1081279188554911744
1081312898197131267
1081459272486072323
1081463015659122689
1081465674445156352
1081505147463692288
1081516663344816129
1081549060543209472
1081554088712683520
1081655489593819137
1081719325399175169
1081725441545850887
1081731971242442753
1081735197073248258
1081754816764919808
1081769085799682053
1081777166528831489
1081784177308168193
1081785679267323906
1081816061140496384
1081847989033947136
1081868487415410688
1081895466458058753
1081952347067162627
1081975920439771136
1081976060839895041
1082081910799691777
1082087500988874752
1082090829982912515
1082120952429797376
1082142887176011776
1082159714740375554
1082161673060913152
1082169611628376065
1082211274140852225
1082215582018273284
1082233536571236352
1082254863348781057
1082258204971712512
1082297266256470016
1082298461041627137
1082302250180136962
1082341746485407744
1082341790311682049
1082345175526113283
1082352219884638209
1082369465168338946
1082372097928765442
1082404434217332736
1082422318855536641
1082431462052220928
1082432297100488704
1082446286358343681
1082449208517578752
1082505330406367232
1082551418702254080
1082552517597237249
1082575217988435968
1082585730189283329
1082595893415677952
1082620266922921987
1082623858098794498
1082641237189029889
1082654854554767361
1082655110684119042
1082669770187657222
1082674875096096769
1082678301011906560
1082698352980971520
1082698916011958272
1082705664714133504
1082706323131621377
1082707052936523779
1082721170560937984
1082743600234979328
1082743625203630080
1082751033598791680
1082768653865705472
1082780153363611649
1082817729713897472
1082847079549075457
1082847713555898368
1082851766914437123
1082853876246761474
1082893230977499137
1082912973574889473
1082938966075166721
1082940998655848450
1082950835968135169
1082967500336304130
1082975322310619137
1082989650476707840
1083014750861213698
1083015882899681282
1083023647806275590
1083031626479796224
1083058419043631104
1083061441064722433
1083067111285682176
1083068953080094720
1083070839178768384
1083080141750849536
1083103501901656064
1083103544297762816
1083103654607867904
1083104490528501760
1083118852635021313
1083121651926081536
1083140220973924352
1083205629458726912
1083246818765557760
1083271036274122752
1083312293948149760
1083345474684420098
1083366015847804929
1083367292191293446
1083369253875707904
1083371809016332289
1083374028675579906
1083382846742507522
1083398063287353344
1083421036736065537
1083455089040412672
1083482916993286145
1083512953318592512
1083517976333172736
1083520539904434177
1083592571190947844
1083634132540780544
1083663706159046656
1083699301983891457
1083756702283919360
1083783196838371328
1083797750683176961
1083818980119326720
1083841444400582656
1083858392769273856
1083903939559477249
1083943939793711106
1083945846507536386
1083987255210004480
1084007771207593984
1084052620501692417
1084065259617308672
1084100775305830400
1084101644755775489
1084104027548323840
1084139723189235712
1084142168447610880
1084143986690781186
1084172717610491904
1084182597360668672
1084208535766994945
1084233901663490048
1084260865594015744
1084293034219577344
1084295729496117248
1084316769358102530
1084372811156779009
1084383805232820224
1084401548308897793
1084404313299013637
1084406398690025474
1084415338450767876
1084430483520401408
1084439704202702848
1084441852302974978
1084476779526529026
1084479038175862785
1084483141883043841
1084501343069528064
1084512809021509632
1084533249551011840
1084533551960416256
1084545319931662338
1084567450769854466
1084581099001577473
1084586586015174657
1084678886296825858
1084685309848240128
1084708405846179840
1084722820356042752
1084779287423545345
1084779922449670144
1084789955036147712
1084801482447306752
1084815388230205440
1084815572368584704
1084821000619995137
1084911308598886401
1084927312825466880
1084949198674452480
1084957632157442054
1084969977705361409
1084986832067223553
1084990765502205953
1084996879358685184
1084997757381890048
1085019119815016454
1085022296157421569
1085076909791301632
1085087341432266753
1085121078748418048
1085182779061465088
1085185692848640006
1085196744420319234
1085201532621066240
1085204994004008961
1085218936189140992
1085220058870284288
1085221658170773504
1085226528177188864
1085230647789051905
1085234343834984448
1085234995189436417
1085267199902797824
1085278526197121026
1085282729300615168
1085283216280428545
1085319500768075776
1085372500018712577
1085403295429070850
1085413749283082241
1085427716311011328
1085431926167609345
1085439493962817542
1085439630688669696
1085440141970178049
1085441670387122176
1085447199301853184
1085448919801196545
1085449012507901953
1085451766081245184
1085452862472114176
1085454410149326848
1085455415930830848
1085455625226661889
1085462455227056128
1085464807845781509
1085470521737637888
1085471272518148096
1085485045769355265
1085491147202424832
1085510700246519810
1085536913807810561
1085540306580320256
1085541078747500545
1085557713344520193
1085558989679603712
1085561962589839361
1085578437484527617
1085625583877349376
1085636617824419840
1085669549008187392
1085676238511980547
1085680951202582528
1085706406869647361
1085726318493339648
1085747794151948288
1085766823742763008
1085771359911796736
1085789319019876352
1085810527102746624
1085825282672656384
1085844185570107394
1085847700816318464
1085863960031551489
1085870077008904192
1085881167990140928
1085884418990985216
1085902055221460992
1085940553911537664
1085942258472546305
1085971982661939203
1086017367971377154
1086043721605566464
1086055994977853442
1086073452941828096
1086075766930984960
1086091834043129856
1086092576011231232
1086165721648910336
1086172883112517633
1086189091132227585
1086202739426762752
1086216576003526657
1086244577999273984
1086265067631448064
1086265467344506881
1086267535131955202
1086288368638545920
1086307112593121282
1086338588722249729
1086339809679798272
1086355683665215489
1086365935588593669
1086366210332262400
1086377509778788352
1086385366142201856
1086411821706342401
1086425439776763905
1086484298444795904
1086501709386399745
1086512834798907392
1086514137147064320
1086533893996474368
1086569497752989696
1086594221921001472
1086603834401669120
1086613803851235329
1086622389167771648
1086644048964866048
1086648746606235649
1086666777088544769
1086673011065999363
1086688597087084544
1086702374574608384
1086706138945601537
1086721689340264448
1086728779391815681
1086799016359284736
1086870354348437504
1086871974167511040
1086899266071810049
1086915304112996353
1086919925137068032
1086926491705851904
1086944548654366720
1086963097523359746
1086978366069268481
1086989881098862593
1087010311528419328
1087030383819010048
1087043669692174337
1087078870342238208
1087078909823176704
1087082016158437376
1087126803293134848
1087137272288276480
1087143379203428352
1087152765208543234
1087171068727566338
1087187817854312456
1087195177494724610
1087197660640133120
1087237618482495489
1087252028047405056
1087293939193806848
1087316141729566721
1087342526422495233
1087344974209921026
1087352257232945159
1087392870674386947
1087394903238291456
1087405798584594432
1087405939689349121
1087406193709015046
1087406710203924480
1087406818395971585
1087407692929323008
1087407756250738691
1087409014944788482
1087409249855012864
1087410221251608581
1087411102885982208
1087411588582170624
1087416196834709504
1087417896400273410
1087422646386454529
1087428800344772608
1087445616362471426
1087446467583840256
1087459690940981248
1087467161432387584
1087476177101570051
1087478731000741888
1087479038426394628
1087485500594835456
1087497283665567744
1087523991734996992
1087545954381778944
1087662298477588481
1087756880863248384
1087775597139505163
1087799331871051776
1087804053801840641
1087821855791157249
1087837250019356673
1087840202423443456
1087862851220443137
1087862855007899648
1087862870384300032
1087865717188370434
1087905194413867010
1087914392082096128
1087929135064928256
1087935814934372352
1087940544410603521
1087979231013949443
1087986460316368897
1087987120915079169
1088001291798962176
1088005704173142016
1088008476629053440
1088024447682924544
1088030941727977473
1088045485892476929
1088047589369499648
1088052591903297537
1088062349511147522
1088085623284461571
1088085746630586372
1088085796517597184
1088085814133678080
1088085896748924928
1088085956341583872
1088087018322636800
1088097289321644032
1088097342618722304
1088128882081841153
1088152635700641798
1088162214513700866
1088166035222679553
1088174367647981568
1088212984592297985
1088213344891342850
1088221682739798016
1088234005122695169
1088234097485459457
1088257495389347841
1088269974299467776
1088303625187848192
1088346301408923648
1088346792138174464
1088378916283256833
1088387387946872832
1088400460342472706
1088439514744393730
1088501371513524224
1088517287638941696
1088554625748385792
1088557520657047554
1088566892845948928
1088568617527115782
1088572388642570241
1088573356700561408
1088581526747525120
1088597100634476544
1088597562007977984
1088599160478187521
1088605287077085184
1088628361205870594
1088672910581981186
1088692233329565697
1088716960416841728
1088718061442658305
1088753451692109829
1088766097527132160
1088785021996011520
1088788859184394240
1088793043849957382
1088809001087836160
1088819286993522693
1088820087862247433
1088826617584062464
1088874158342225920
1088904390855995392
1088919527268798464
1088937995225497600
1088937996894781440
1088949136966254594
1088952562466914304
1088967016453734400
1088982677959647232
1089021870794522630
1089023626140102657
1089046232570494976
1089053173296386048
1089067310655008770
1089103412279488512
1089119896301158401
1089131556487290880
1089135973928189952
1089193327856152576
1089196239353192450
1089196640328732672
1089200680835923968
1089200948306538497
1089206332501225472
1089228897051389953
1089250561038401537
1089270702094598144
1089275877840613377
1089297874049880064
1089310914413760514
1089313683220574208
1089320998510436352
1089418133172113408
1089425324511846401
1089433177238646785
1089433504394371072
1089436314175524864
1089461192878444544
1089470973806555137
1089474324627640320
1089487751010025476
1089510409894354947
1089512863566311431
1089526595713486849
1089527101554798593
1089527319671128069
1089528573340340224
1089533971006926848
1089550701636788224
1089574298812076034
1089598919741304832
1089599725463060480
1089606393206898688
1089607502583468032
1089610327891824641
1089635357396815877
1089650047103520768
1089651034459377664
1089662495814492160
1089704006396641280
1089720966094163968
1089744455438082048
1089791467281891328
1089793984292155392
1089850292206690304
1089857676039868417
1089859329472323586
1089860705195622400
1089864051797172224
1089923743034626049
1089932782619512832
1089942619084541953
1089953941197111296
1089956753062670336
1089971705328648193
1090034874902294528
1090067253440069632
1090070190933663751
1090078647099129857
1090095199487963147
1090100441541758977
1090105431094161408
1090117713689743362
1090155790823055362
1090160802714263552
1090206037334986753
1090213680590004224
1090218236057022464
1090234586687250432
1090254603172470784
1090296808767700992
1090301393565569024
1090303210118619137
1090303887066558464
1090306483844050944
1090321867301281792
1090322200970768384
1090322913272582145
1090325406400606208
1090330990679977985
1090331272549822464
1090335030625234944
1090338590322700288
1090343121852850176
1090348639485132801
1090352194161967104
1090364595452076032
1090365990884372480
1090374737207939074
1090378006307196928
1090386624746262528
1090400297757888512
1090415521403670533
1090605827461918720
1090608006000242689
1090613791618985985
1090654991436656640
1090671132376748033
1090682830282244097
1090694524849000448
1090694755955208194
1090734116969082880
1090752337872936960
1090768038847266816
1090848221755334657
1090860880999391232
1090881645765308416
1090883073921564672
1090886426843963393
1090967789186240512
1090978139482791936
1090986290261250048
1090986693333676033
1091052088677752832
1091052259952144384
1091054948081639429
1091062823336202241
1091069240201883648
1091072231164268545
1091103336927965184
1091110640909983745
1091112046001905669
1091120763229425665
1091123121493487617
