1024540245864239104
1024541642152456192
1024563301945171970
1024650057805639680
1024652361288114176
1024652915762507777
1024653320944844806
1024656289660579841
1024658231614943234
1024658899759247361
1024673680939474944
1024723906043756544
1024726314803240960
1024751527217586180
1024943341539086336
1024992719410798592
1025009311649603584
1025017592455413766
1025071782427021313
1025271309863923712
1025278330533228544
1025309929589092352
1025603560619364353
1025701749691166721
1026328875557478400
1026328944960651266
1026346448928079872
1026578784139595783
1026720390125481984
1026802643358953472
1026871992421675010
1026905319404961792
1027054611561992192
1027073538350407681
1027231265563586565
1027395455930589184
1027395620653359104
1027408559946981377
1027408868345823232
1027410814523781120
1027420678666903553
1027525331165503489
1027552027923099648
1027563777418510336
1027581321353355264
1027602297327513600
1027620265889390593
1027656572632227840
1027661267299909632
1027663369904578562
1027669292265955328
1027705685390192640
1027833099558637568
1027866268085510144
1027920700953317381
1027950136159297536
1027962863900602368
1027965037552525312
1027965554425032704
1027987480958648322
1027997498470817792
1028002249975496709
1028005319786545154
1028041333326458880
1028138450334052352
1028342936092717056
1028462156499640321
1028494030852648961
1028665717959229441
1028668702361890816
1028702116536377345
1028799858927431680
1028809314566205440
1028891964169584640
1028907642905812992
1028958520668909568
1028988400424996865
1028999380307591168
1029293814601658368
1029317543851372550
1029328230904475651
1029329981627932672
1029330967297585152
1029426758066622466
1029455141781602304
1029469314750066688
1029503763382521856
1029545508895903744
1029578822126063617
1029624825705361408
1029861098789302273
1029910048162627584
1029933023142309888
1030119719146274817
1030159325145100288
1030327706301464576
1030334163872829440
1030336309661851654
1030413642045554689
1030461431798542336
1030462434857963520
1030463798333845508
1030464954426699776
1030465855497428994
1030465965241389057
1030477825076326400
1030486830649626624
1030502068124090370
1030522261206433792
1030523986734657538
1030525802021101572
1030534414621532160
1030695050165059584
1030844275934674944
1031225119576748032
1031620971713777664
1031828763703738368
1031882493300015106
1031935172621418496
1031936687063031808
1031945794574852098
1032246761434370049
1032311958144512000
1032388230702759940
1032556912007684101
1032559728050597894
1032561182819926019
1032616700334747648
1032621390799806464
1032912138694742016
1033943669018120192
1033946035679162368
1033946483035230208
1033947126823153664
1033955205929349120
1033956279637561344
1034097446924832771
1034599716921651200
1034709887664758784
1034721708656218112
1034759007330885632
1034823603844341760
1034829144100614144
1034933499629907969
1034971436711067648
1035001373014876160
1035009487831289861
1035013867955531776
1035065817363304448
1035079647657111552
1035082687655108609
1035089026519392257
1035097728865513474
1035131107560353792
1035154286538371072
1035225054085148673
1035380334764994562
