903422025489887233
903558201722986496
903583262077067264
903644695653470209
903645967366291456
903648694284767232
903653459651551233
903670174842200065
903691435697983488
903720207809744896
903831567834931201
903924698567680000
903958600703463424
903982935648473088
904021460745940994
904104239508721664
904285437237370880
904313046457188355
904330295335419904
904534326376710145
904574136214740992
904591677217701888
904648989005549568
904733998479495168
904742511947661312
904928914773950464
904998316240502785
905038638190280705
905064462079676417
905435663855702017
905450466418593793
905453897782722560
905456664333180928
905636762004758528
905636844934537217
905909649588846592
906080764177076224
906458356260507648
906524003988209666
906562576477278213
906569342543814656
906569370406719488
906574336869384192
906589123045191687
906630566971416577
906634986073325569
906701691873120256
906777954016927744
906780526366703616
906782015759949824
906782032088281088
906782047611494401
906782059796025344
906782141165469696
906782190238826496
906782261520896000
906782364705181696
906782404987068417
906782694788550657
906787823159623680
906788862957051904
906822736965640193
906843102832414720
906858233389711366
906944305532678146
907099642394959872
907133618392268800
907186105052651520
907245225852116992
907478677037883392
907495080621232128
907526857880428544
907872184554594305
907922903764574210
908002170661773312
908023575084503040
908028143478419459
908328505959518208
908408966950113280
908593936599568384
908623473735499776
908680214305271808
908747413745106944
908778521652334592
908851761724755968
909012029310226432
909047884489912321
909092367977844737
909107244364697600
909168485397417984
909395398619549696
909533524042100736
909579319151927296
909771810849386496
910096183149973506
910110391426015232
910111853967298562
910200808888782848
910212695516905472
910264380658520064
910292430095831040
910300504537878528
910388873892700160
910411561751203840
910514979446644737
910542139217543168
910581363958415360
910590495092506625
910613322445279233
910613364803559430
910664849897676802
910664982001356801
910665026045747200
910665263464329216
910665289871822848
910665454686920704
910665545707638784
910665576774881280
910665596458516481
910665689165389824
910665698808156160
910665771382173696
910665841016020992
910665866181844993
910665932003057666
910665942908194817
910666070414942208
910666102719565829
910666150538706944
910666310761119744
910666431963971584
910666456316219397
910666481452687360
910666515862736898
910666546057322497
910666597249028097
910666680703086592
910667200788180993
910667264147431424
910667309009723392
910667392480509952
910667434423488513
910667484746752000
910667504879587329
910667536756330496
910667639508238337
910667703685283840
910667755283558400
910667915074195457
910668021600886784
910668026218975237
910668074055077889
910668087480926209
910668120171331584
910668160868679680
910668295094788096
910668318595526656
910668422601637895
910668645742891008
910668775736922112
910668783324299264
910668787938144256
910668871383777280
910669378047188993
910669536168464384
910669679223623680
910669691810586624
910669759750000640
910669839416434688
910669882210971648
910669892298223618
910669975320502272
910670015996841985
910670027329810432
910670041179230208
910670216912343040
910670263045550080
910670299967950849
910670340216492032
910670412781985792
910670434164555776
910670500887642112
910670505505460224
910670593581711361
910670605317414912
910670630911135745
910670737840652288
910670849417527296
910670923673477120
910670980703338499
910671031051923457
910671043181789184
910671321679380480
910671395948023809
910671440826867712
910671484439470081
910671496581918721
910671626617815040
910671700026564608
910671873666457600
910672100582604800
910672205440180224
910672215913328640
910804431691763712
910877996009099265
910892492362567681
911187804499169280
911190965465034752
911194444518567936
911248158474342401
911269971371675648
911277470334119936
911331074286014464
911331895627206656
911339384129036288
911342055493791744
911363250985594880
911399592612302848
911403079668584448
911435176189849600
911564860697317376
911564864048517120
911624792276652034
911624803618050048
911806432487657472
911807575867510784
911814906214780928
912191183010574338
912196623983296512
912247903950864384
912251419603894272
912307407585411072
912309391612837888
912326929528827904
912333885933056000
912364563428933632
912365375513403397
912739665974833153
912775382138589184
912779897319383041
912809689859215360
913072289364799489
913218110634840064
913218127412039681
913322701485256704
913356609337913344
913360528231329793
913383871718346752
913384302368509952
913435048002465795
913438208003903488
913484701867872257
913506375300501505
913507712654348289
913534874539184128
913610363190628353
913640734598852608
913685870296879104
913751411355193345
914096579908296704
914189610611339264
914210811781971969
914214354295361538
