1002414821634183168
1002507875221032960
1002511578338643971
1002511859377827840
1002525608319029250
1002569948416356352
1002580048707108864
1002608128733696000
1002653980428767235
1002777518200512512
1002792671767740417
1002793705311371265
1002875911195320321
1002877348922839040
1002911441089912833
1002955681559994370
1002956109152440321
1002960092474593280
1002966214514126848
1003047370932834304
1003112939346280448
1003113839334789120
1003145029844549632
1003191272452997122
1003195785134174208
1003252532372754432
1003286039002169345
1003464387087106048
1003591442214916096
1003596321029156864
1003695899653099521
1003765346858360838
1003978078173974529
1004010744655032320
1004377870423248901
1004476652573876225
1004567603962998784
1004681373368705025
1004763685141827584
1004767311142760448
1004789638681255936
1005025746945916928
1005395933318615041
1005407190390206465
1005496467828760579
1005603565602201600
1005834759417749506
1006077488924065794
1006078070120374273
1006151601336279040
1006200567574691840
1006270976676556802
1006301546445967363
1006356953596088320
1006502292101591040
1006520424652369921
1006522377801351174
1006522727614726144
1006562411153780736
1006702926646202378
1007109243441311744
1007109426912739328
1007129295255363585
1007131959884017665
1007153235109408769
1007174007395737600
1007208526647787520
1007241260090863616
1007263770933112836
1007293196907438080
1007305540794322944
1007307965077090306
1007316942972227584
1007320212025368577
1007482767305654272
1007487724914462721
1007503029140983808
1007506529287852032
1007524767363223552
1007565653862244353
1007598007045492736
1007905380616335361
1007905636590505984
1008040847110279168
1008300022415454209
1008339923210985472
1008716363274309633
1008889544886890496
1009032057429872642
1009049971524501504
1009052621888421890
1009075876774981633
1009085652883759104
1009098134709067776
1009101324888215554
1009142823344660480
1009165258659913728
1009183237963501579
1009266259165372416
1009327284640239616
1009397967047012352
1009447990635974656
1009457826023006208
1009512706431422464
1009544983681126402
1009565347844902914
1009624373131710464
1009686381650640896
1009749126269956096
1009752461198979072
1009762123629645824
1009805328756572161
1009815034375966721
1010000537171853312
1010000951065710593
1010002109968728064
1010024065480839173
1010057426245124097
1010057592620699648
1010100881616928768
1010113998493310976
1010118841224122369
1010149897532858369
1010205244129767430
1010247246900850688
1010249896862142470
1010260217781555200
1010361517764677633
1010362676243939329
1010364978065334272
1010374185170939906
1010375188288962560
1010375605169283072
1010379440474341376
1010384833066029056
1010389588156690432
1010389921599610881
1010395259266850816
1010403917560238080
1010412143861170177
1010424153411706882
1010429468853190656
1010432266047111168
1010444114125615105
1010450999906131968
1010517166293073922
1010530887954358273
1010534213232123904
1010545930431369217
1010586441934442501
1010700162937774080
1010759901990281216
1010873929131610112
1010883990482546688
1010892859321475072
1010940994534170625
1010959960652513283
1011111994122997760
1011133588056788992
1011533319027093504
1011604493044154369
1011622910686048256
1011623384881430529
1011626277416194048
1011640085492559872
1011647797978959873
1011866741490749442
1012195076271984640
1012220711388114944
1012312183282139136
1012398622045097984
1012707330767519754
1012766253751128064
1012773062238973954
1012823246213873669
1012987952346161152
1013061686528487424
