1123420233019133952
1123428673896570880
1123457416610365440
1123548368523935744
1123556296144379905
1123596464905527298
1123629801246302208
1123841731873640450
1123867586805022720
1123885819876585472
1123905718086766592
1124211010552963072
1124279969130016770
1124417865522794496
1124426190926823425
1124595498222927872
1124668233238417408
1124694552986701824
1124805066194587657
1124810720967835649
1124899147889299456
1124910311755141120
1124945335107743744
1124947215011565568
1124954598580543489
1125001740867137542
1125011330304364545
1125044104591597568
1125058624974458882
1125058694918672384
1125138321548750849
1125143356949106688
1125198608091865089
1125288235763003397
1125307078652911616
1125322599272050688
1125654452172513280
1125740187089195008
1125801686742659077
1125802167175008256
1125900781142593536
1125904103882641409
1125912865456709632
1125918806587641856
1125928969365262338
1126043954967863298
1126053540210802688
1126060823175102464
1126129226510405638
1126129841739313153
1126310066762784769
1126346179703218176
1126418394838904832
1126478922730885120
1126505453813284870
1126587874810449920
1126710838176313347
1126711579938934785
1126760575986364416
1126766924635860992
1126778510490521601
1126786417638559744
1126786568243408896
1126792226363731974
1126813384094171142
1126813482450587648
1126813514729914368
1126815240052707328
1126817717644709889
1126818013758537734
1126835403783266304
1126838401431408641
1126838528506097666
1126859501762744320
1126860706324725762
1126917281194414081
1126944936321015808
1126976085738938368
1127008263189303296
1127013274136895488
1127153572351741953
1127352346718031872
1127619977278828545
1127674246531039232
1127729615550779392
1127933529613062145
1128251783317528576
1128707385411887104
1128744183290892288
1128762185663090688
1129004722117943296
1129013662285303808
1129199382975340544
1129201255870369792
1129255942296547328
1129269749710434306
1129272032259190785
1129384225008902145
1129384632946974721
1129612617696337922
1129671638805569537
1129721291714551808
1129793813747310592
1129834088297357313
1129838745228853250
1130092410028154880
1130607059601375237
1130615735846359040
1130716685584031745
1131054301068038144
1131462863611158528
1131652116878123008
1131967149805846528
1132070798192201728
1132256948492152832
1133174515465424896
1133835654360649729
1134146470750216192
1134201163644112897
