859467458050232325
860069616948834305
860774765409087489
860790697527394305
860804580661231616
860815573915226117
860878215878815744
860879428011905027
860939905672851456
861161187572150276
861162480608968705
861186350418210816
861866108671930368
861928062736138249
862298180695752704
862502019671642113
862518326999867394
862523951678803968
862542729594626048
862542729607225344
863041508206706688
863324776865177601
863326254925271041
863356403607642113
863430957356810240
863435282497982464
863467544258236417
865924466907504640
867438098938023936
869009331362123779
869620358588096513
869827412955156481
869878101076987904
869880587867258880
869929249754447872
869990672828424192
870035232287862785
