1035989551158910976
1036040054160994304
1036042029007036416
1036115849088851970
1036221213050368004
1036502934387929088
1036727491535069184
1036831675685036032
1036832528236208128
1036903520379654145
1036931636686815234
1036984736588083200
1037036064819564544
1037403552094666752
1037403639336329217
1037577206359318528
1037877681260507136
1038099133175918593
1038101660449398786
1038473291013517312
1038487206762094592
1038645634671304705
1038706346974162944
1038851644174290950
1038866864242339840
1038873277769367552
1038874998272868352
1038876907490738177
1038880301123084290
1038900177065652224
1038907885810593792
1038928192520814593
1039101378264674305
1039121887627018245
1039139669311725569
1039178175123808261
1039225404270305280
1039240599705198592
1039254219524636672
1039857477066661894
1039867458570596352
1039869187412439045
1039875684091486209
1039888495203037184
1039939011366793216
1040055045629198336
1040055806400626688
1040089363760070656
1040240605962686464
1040257787295686657
1040340993076281349
1040584570561867776
1040950491272769536
1041021392655933441
1041110983828271105
1041218978201444352
1041303569901780992
1041489226993422337
1041980382512644097
1042334975176200192
1042376012741443584
1042396883174531072
1042398517719965698
1042401398783139840
1042427769605550081
1042472103822352387
1042507108250476544
1042541442390999046
1042624093663764480
1042624123879346176
1042645592479019008
1042647986931752960
1042649413418606592
1042651596117561344
1042655316888829952
1042665517427810304
1042665892197228544
1042666577785548800
1042669633730502657
1042677486725869568
1042697183601086464
1042701583832805376
1042770773910278144
1042775468607463424
1042781672419188736
1042796789940867072
1042805798475378690
1042845520631398401
1042879733757894662
1042883250904092673
1042992233610276871
1043059324044554240
1043086956924530688
1043126186669305857
1043190513623597056
1043202216616591360
1043202690774253568
1043459744139161602
1043487317485334529
1043537646629400576
1043669618307596288
1043673162913738752
1043756601876905984
1043760299994750977
1043950108184694784
1044620468718907393
1044623594293272576
1044774750281641984
1044819314019381250
1044819876379070465
1044833380393725957
1044975557287456768
1044985370209705985
1045166980217561088
1045170377234636800
1045178470932733952
1045192951771668480
1045194862679621632
1045208871248310272
1045267628003131398
1045289369656061952
1045289614959955968
1045307345109102592
1045377427734777857
1045396626725056513
1045396879687733255
1045445538206941188
1045509429767036928
1045538645887913986
1045545121888919552
1045547222803202048
1045553652990181376
1045560909672767488
1045580609458823168
1045592288095653889
1045608969673363456
1045610182686830592
1045686727485083648
1045688135332425730
1045688683272294400
1045710570425593857
1045863517369200640
1045994684160659456
1046245653851119616
1046254569976745985
1046432010816954369
1046454225960620032
1046528347289907206
1046532509704409088
