892550680208175105
892703094479441920
893554726943432704
893602149438898176
893655381418754048
893713817636552705
893714408286830592
893716514464948224
893793868948353026
893806927947460608
893836114829742080
893874198694608896
893884821167943680
893924003135594497
894378578011447300
894445733411246080
894492317029208064
894628811031142400
895004082515169280
896142162886180865
896872794268545024
896873655803588609
896887908438859776
897552392652062720
898509636516675584
898634062209744896
898825628664954880
899241945654063104
899242131860140032
900973366512803840
901097728968720384
901111952583348224
901173134044299269
901413132970668032
901494311224823808
901781025868709888
901781165916356610
901857230479351808
902068243170451457
902139083115421697
902152074531446784
902270420094787586
902405543490441216
902678837590446082
902892218612101120
902894725157584896
903213253156892673
903268663700152321
903325605206392833
903328346137927686
903342079564238848
903348034188271616
903348463710208000
