1024467010384625665
1024469303389646849
1024469864583520258
1024537008700620800
1024595006282231808
1024597898644860928
1024677597320425472
1024677817362075648
1024689049683087360
1024692680952033280
1024704173504380928
1024707309451337729
1024712442990022660
1024733148540792832
1024755406919409665
1024824650285637633
1024842669850284032
1024875121587060737
1024886866888335360
1024936604631289856
1024972251786096640
1024974212010835968
1025015611917660160
1025140334236495873
1025142395665620997
1025427655724879872
1025811647175241728
1025866789270499329
1025905805545984001
1025965056771719168
1025975154596302848
1026347375168827392
1026422884766498816
1026728858832257025
1026841023329325056
1027090996327112705
1027094944819818498
1027197661223559173
1027215072630857729
1027241975739637761
1027273214895026176
1027295932528783360
1027503096333783040
1027514326943379457
1027515905289461760
1027549287356354560
1027682060968706048
1027707518913409024
1027710560001961984
1027712194979364864
1027734299351498752
1027755283899006976
1027875292130488320
1027943590935191552
1027949500726300672
1028038279067664385
1028050615719550976
1028163946065420288
1028164024695832576
1028228711332687872
1028314533494960129
1028409510182834176
1028419446040223744
1028511974060122112
1028517432128929792
1028575593686695937
1028865479236931584
1028881386134953984
1029287055011074048
1029345228216512512
1029384222811848705
1029547926459215872
1029550354139033600
1029623546740236288
1029659549509345280
1030010790592442368
1030085357767933952
1030087072395087872
1030097783779405825
1030122336824045568
1030139853097381888
1030291918817771520
1030292635204968450
1030335750989131776
1030359493920481280
1030369972726521856
1030396820038582274
1030465217413750784
1030527523812245504
1030603822396256261
1030659875053944833
1030694111974551554
1030754168472985602
1030799469447704576
1030802740618899456
1030834978010095617
1030844234830671873
1030863056790872064
1030881217737105408
1030891661927301121
1030898554007683073
1030942676437426176
1030946056207589377
1030949102081728512
1031023171405660160
1031077384575967237
1031083033774907394
1031090158710476801
1031127445582344192
1031138961459163136
1031439662034968577
1031494888020496384
1031495047823417344
1031496285948452866
1031501872786362368
1031563700191326210
1031627191459622918
1031656377075294208
1031690176068833280
1031704990325387265
1031731761867239424
1031741205615267842
1031814945267171328
1031914283175567361
1032000372934496256
1032005678716645376
1032075409465065472
1032123776908054528
1032132541573083136
1032132948164849669
1032135117463011328
1032280164049346560
1032315354536652800
1032318912707391489
1032495481148952576
1032618492149653509
1032901320762482688
1032903524760412161
1032998762816446464
1033011558819999745
1033055857783783424
1033313232881164294
1033560049623474177
1033592617144131584
1033688034611548160
1033959044137058304
1034004769180766208
1034187895001767937
1034337330092552192
1034403960768143360
1034404146575802368
1034411253408690176
1034470576419753986
1034489067403063296
1034489915801653248
1034839113097269248
1035065095498465280
1035080674003300353
1035085396361670658
1035127733649588226
1035163903246970880
1035200208097882112
1035200300569702400
1035228460308824064
1035379012305133568
1035467184539987968
1035502913311989760
1035611178737840128
1035611655688925184
1035673250297040897
