1080093869428027394
1080134503035617282
1080172688365236225
1080245144564117505
1080580656575467520
1080745168528015361
1080756096778813440
1080844361305182208
1080862426977918976
1080981913496637440
1081053338383368193
1081117942719275008
1081172424656343040
1081188126012276737
1081242776946249731
1081264339036778496
1081902363126960128
1081988313236463616
1082272398903255041
1082326385459367936
1082366182794117120
1082375624512204800
1082588831868698624
1082615884710141953
1082664362077237249
1082705121048440833
1082714840102244353
1082836522133610497
1082837070505103360
1083061200693485568
1083062540760956928
1083178609395720192
1083233560981471232
1083293946204250112
1083294073492885504
1083296356012154882
1083328382484373505
1083352496783777794
1083371321252171776
1083455205381877760
1083506864380293126
1083557394406240257
1083670237524910080
1083757902412816384
1083818968895365120
1083836295082897409
1083878122808692736
1083878605107544064
1083884417582489600
1083886718132965376
1083902497956065280
1084079963609931776
1084080955948761088
1084187459817230336
1084198030289629184
1084201792169111552
1084209336027697157
1084226210580910080
1084253058559889408
1084299549244567553
1084326768587108352
1084454684373315585
1084476149961576449
1084549905564291073
1084576250813804544
1084646506253246465
1084656058759553024
1084673441251446784
1084678223173206016
1084720706271805440
1084725589452509186
1084768356652077056
1084788394528366592
1084816021897310208
1084819257454743552
1084856430757240832
1085057565673820160
1085088684049948672
1085092950919602176
1085093967191072768
1085094475955884033
1085119884219035648
1085130961786933248
1085209625526337536
1085485242050318336
1085488436029534208
1085615427382853632
1085615918976245766
1085670303123025922
1085930905322094595
1085974131877863424
1085989152024420355
1086014561969467393
1086474120525578240
1086483185678962688
1086495943912914944
1086540990750445568
1086577666998755328
1086625588574445573
1086644776693305347
1086745174070489089
1086749839378055168
1086972291035086848
1087175532129660928
1087175783657832448
1087261082358403072
1087352032820748291
1087395690496622595
1087479824015392769
1087522010345934849
1087527806031011840
1087637747110678528
1087653328568442880
1087668477127786496
1087719057925726208
1087719213077327873
1087997173806100484
1088019226143518720
1088076800478072832
1088091793957240833
1088102794781958144
1088109910829686787
1088126281642921985
1088188203486666777
1088241387584147457
1088282053458587648
1088282767744327680
1088287777848844295
1088308876041220096
1088348644732952579
1088357971636060162
1088379763956187138
1088409776743161856
1088431675615338497
1088487524455141386
1088691326084886528
1088870621054939137
1088910330405769216
1089062789178568705
1089063644799746049
1089158855940952064
1089162801086488576
1089179022980857857
1089180809091796994
1089185901631008771
1089192445613625346
1089361542334709761
1089383328799633408
1089397756769103872
1089401469147668481
1089475607681875968
1089538676164575233
1089591761394118658
1089593688253218817
1089597046187835399
1089617675897266178
1089637804747960321
1089671608761868288
1089752495910309889
1089794071969783808
1089818694602113026
1089852810680782849
1089887233727844352
1089889549830909955
1089911430273486848
1089930410732257280
1089981105657196544
1089986804424630274
1090002006247424001
1090126203791519744
1090356165723201541
1090359446503477248
1090394100271001601
1090473820656300032
1090478070652329985
1090509033444827136
1090529876623413249
1090609917768003584
1090726228342927360
1090747071936684037
1090784227602456576
1090784227996590080
1090950929770106880
1090995321868611584
1091004368583884801
1091004876065329153
1091014431138566145
1091015953234694144
1091016461181689858
1091026015776845824
