1123537029097316352
1123560490154823680
1123560922809806848
1123579669658382337
1123604723087675392
1123610043151208448
1123650542482231296
1123692813961572352
1123836080883630082
1123881214547505152
1124088245363593216
1124214391165972480
1124540688723468288
1124616047766773760
1124930756910837761
1124970645140295682
1124988329894862848
1125254447691702272
1125610943000371202
1125638443361374209
1126260228482392065
1126261988299026432
1126267565909659648
1126497108817731584
1126505552798838786
1126629636232884225
1126672486698029056
1126759119203921921
1126761754652839938
1126766775738048512
1126778308379561984
1126827774335782912
1126909614858092546
1126923084869582850
1126959198821076993
1126959645719814144
1126959902868553728
1126981877271650304
1126985206290952195
1127007764927008768
1127198536557314048
1127201035083063297
1127353315522752512
1127623630945488896
1127674246531039232
1127727797307420673
1127729615550779392
1127828913164517376
1127857418254217216
1127860509720612864
1127883338889478145
1128194004284260358
1128274941097447425
1128362724340240385
1129040314981912576
1129040887923826690
1129043258980667392
1129045102352060417
1129045309148008454
1129046387914608641
1129047378626011136
1129661978383978497
1129786917451550720
1130523296737439749
1130526648409792512
1131810389333688320
1131816055037239297
1131946173462470656
1131952732724707328
1131973208062799877
1132430841034862592
1132490420712292352
1132704810887548928
1132705549064130560
1133324678678831104
1133383410662215680
1134508195928367109
