1024459438369828864
1024469547510722560
1024471314999009282
1024471539985657858
1024474894812110849
1024489155043184640
1024531019657969665
1024605482374197248
1024629721643077632
1024676017141628928
1024732004816969735
1024745005469061121
1024745325905334272
1024793076391456769
1024804436663652354
1024820907263574017
1024846900233752576
1024877792108806144
1024884060508880896
1024894125135593473
1024917792783577088
1024933612435791877
1024935322465918976
1024955814115778561
1025034605466972160
1025054221324967938
1025058330052648960
1025078481988853760
1025081488474292226
1025105661523386368
1025119387890659328
1025140909187444736
1025157152485322752
1025251176592207872
1025323121929146369
1025394352514887681
1025436399212916737
1025499901365432320
1025514246258343936
1025548678986117121
1025610689933656064
1025686092798816256
1025705700352131072
1025707151271112706
1025707253427515392
1025707329394761728
1025707396507873280
1025756122161012736
1025770700697739265
1025785609602977792
1025786097182429185
1025806381910290433
1025815872961531905
1025821735764025349
1025920947386294272
1025936309465088000
1026051907687776257
1026136685179019264
1026202389810823168
1026237454167232514
1026238102619267072
1026286697850589185
1026290241970139137
1026290361973403648
1026415439465930752
1026487630152658944
1026488149822857217
1026513590382198784
1026514650274451456
1026532950026924033
1026542589682409474
1026543540648566784
1026544978883821568
1026554988154290176
1026586545279496192
1026586565806514177
1026644402742149120
1026810744250277888
1026823153920630784
1026832571383070722
1026856471362002946
1026872827901882368
1026882235327291393
1026901737565650944
1026905257442459648
1027034499438141440
1027036686407090176
1027068237471576064
1027069767662948352
1027070083074588672
1027077001172013056
1027077141261901824
1027088288891510784
1027109059080548352
1027111521967661058
1027114009613414400
1027117758084014081
1027118050821193733
1027141485370601473
1027141777583734784
1027142091300720642
1027142852177027074
1027143591204929536
1027144057619800065
1027148075322748928
1027150981585403904
1027151099445141504
1027152305706000390
1027153322397057024
1027154739656617984
1027156304144551937
1027156323861839873
1027156941246799872
1027158080415563779
1027164652885688322
1027166781524398080
1027166971912171521
1027167835133554688
1027169186781507584
1027171432986554368
1027171492541419522
1027176025812348929
1027183655213445120
1027187132287385600
1027187319390912512
1027188906482065408
1027189400118149120
1027189467801513984
1027190661378793473
1027191403351367682
1027193091969691648
1027193814623109120
1027198051721588736
1027198524860063744
1027202368083963907
1027202577392447488
1027202972072259584
1027203379347574784
1027205754992771073
1027207733416796160
1027210476504080385
1027212949063053312
1027213124384899073
1027219930456969216
1027221675287502848
1027222668913922048
1027223151497936896
1027226540692697088
1027230608345296896
1027231346127564800
1027234195704168448
1027236108336226305
1027243185779527680
1027245293849534466
1027279276918358016
1027305064350867466
1027330677715419138
1027351258875682816
1027351374504316928
1027366074289930242
1027367054511407106
1027367122849030149
1027378929420648449
1027393830083952640
1027398019778408449
1027401078705475589
1027405234803433473
1027413160372916224
1027420900298240007
1027426926908985344
1027429845314224128
1027435605783928832
1027435731189346305
1027445478751789056
1027447888371245063
1027449864752439296
1027452926149701632
1027454118195916802
1027474145540370433
1027474338503700481
1027475885782392837
1027476608041590784
1027482806795022337
1027493389460103169
1027495098219544578
1027501936176594944
1027502520019681280
1027529876130197504
1027602403191869444
1027710616662728704
1027765526804738048
1027798725136068613
1027909272800317441
1027910234684239872
1027911828318367745
1027937914792042497
1027939380688773120
1027951016661024769
1027954599297261569
1027974820477251584
1028015117663981568
1028022213180620800
1028032498427736069
1028110067068018688
1028290055142563842
1028359519523364864
1028384458041372672
1028386235981684737
1028387155800977408
1028387188084551685
1028387735843864576
1028388162010329089
1028391803496620033
1028395574582759429
1028407991391924224
1028409955190235136
1028414743835488256
1028420264760143882
1028437104504827904
1028438313303203841
1028443424460922880
1028446214507954176
1028451014066749440
1028457417091293184
1028458316777676800
1028460166851653632
1028461483057971205
1028461830346338304
1028481838417960961
1028484615059591168
1028484817640402944
1028485310462738432
1028492681960407040
1028562778846457856
1028626575883988993
1028629033049894912
1028639575688790017
1028643986880258048
1028644301830381568
1028648929863192577
1028658000880447488
1028684507602403328
1028698295890112512
1028698350499971072
1028700437145440262
1028706786893864960
1028708058619359235
1028711310064869377
1028721125126225921
1028728205556019200
1028750950679412736
1028753633511333888
1028754889298587652
1028759603981344768
1028761791034261505
1028764589469708294
1028780079847886850
1028781580163211269
1028784151263162368
1028793601885655041
1028797210668949504
1028808543259045889
1028810169776525314
1028819062577541122
1028819263904247809
1028823493012533249
1028823621333073921
1028824556243435520
1028831760388435969
1028831846384238592
1028834692613722112
1028848034300350465
1028859558129676288
1028869517097791488
1028882412086775809
1028929573222637569
1028958081911119874
1028981564980518912
1028992180369674242
1028997576333385728
1029007937082032130
1029009951191052289
1029010476749996032
1029028739152310274
1029045451369144320
1029051790053056513
1029055393975152640
1029072460577218560
1029084272580276224
1029090034312531968
1029126730743566337
1029127129991139338
1029128733716754432
1029168134366932993
1029170547329060865
1029181456701186053
1029221142370889728
1029222852808134659
1029224952900317185
1029250359468777472
1029296494325719041
1029364772561670144
1029369351462440960
1029387797617094656
1029404712372715520
1029407972219342849
1029441796751777792
1029443169874857986
1029443313840074753
1029443637225172992
1029443695488249857
1029444119968538624
1029444176608419840
1029445360643657728
1029445841717747712
1029445881156775942
1029445907169914881
1029445964627697664
1029446891984039936
1029446949429227526
1029447081549684736
1029447090815033344
1029447263590985728
1029447449428078599
1029448243799683072
1029448327287500801
1029449205969035269
1029450195837313025
1029450401349812224
1029451771649896451
1029451868546768897
1029453281188368385
1029453454811574272
1029453800849911808
1029454473607958528
1029455728547835905
1029457222969872384
1029458438894575617
1029458450630279168
1029459730744274944
1029463044261388289
1029464910307188736
1029465762996600832
1029466366548566016
1029467144185147392
1029469323558039553
1029470455177064448
1029474163348520960
1029477023851245568
1029479090808659969
1029479668804665346
1029480764344172544
1029482539100983296
1029485311825530880
1029490089955610624
1029495290888376320
1029504077107945477
1029505789222772736
1029517030389678083
1029517278692298753
1029545745429540864
1029575996025044992
1029582670412558338
1029605904352772096
1029608342480609281
1029667014527385601
1029691618708934656
1029694285820583937
1029695372422205440
1029717336402608128
1029718583042035713
1029736515373621249
1029738180340326402
1029738361299365888
1029760139404947456
1029777701115240449
1029781530745270272
1029782424551600128
1029789857688707072
1029796806836666368
1029797063813414912
1029797419784065024
1029797857929441283
1029798314684891137
1029798412835794945
1029799843508707328
1029799946747228161
1029800517118119936
1029801319073284097
1029804044112613377
1029804543633248257
1029804811640664064
1029815762561781760
1029828564420448256
1029833708231110657
1029851515530358784
1029854030128979969
1029865350005895168
1029865795176648704
1029867332368297985
1029873366298251264
1029874209781161984
1029876387866267648
1029889355794378753
1029902996119773184
1029919236620210176
1029921787843358725
1029925388263124993
1029937025359785984
1029937204011917312
1029942251252801536
1029943258489806848
1029954560897372160
1029954987860742144
1030015140152791041
1030023771510325248
1030024350567739393
1030036994502606848
1030042847653896192
1030049775784275968
1030109426978615296
1030144764207923201
1030148373255319552
1030148387633422337
1030148561596555266
1030148942552616960
1030149969737445376
1030153576847425537
1030159207297900544
1030172458765021184
1030212824738537473
1030226781704519680
1030236715062099969
1030273875349839878
1030344954139344896
1030350636141957121
1030418720626225152
1030421026629398528
1030455276078395393
1030526797765660672
1030543217618386946
1030548601855004672
1030555352167673856
1030613218878574592
1030631505620549632
1030673914656186368
1030691438026256385
1030772561897041921
1030778496665219072
1030793345776410626
1030798351271387136
1030801313288732672
1030808803040624641
1030824313992212481
1030829134836989952
1030832429798281217
1030833495352987648
1030839410965835777
1030875168258904064
1030879313682358272
1030882220997861376
1030883609622790146
1030888378693124096
1030892022662684674
1030895325253443584
1030910200855707649
1030917341146750976
1030924191296454656
1031006186626109440
1031041078525353985
1031069019934281728
1031082508627181568
1031133587725328384
1031188533501784064
1031206871456047104
1031207572722745344
1031240557266386949
1031246604085481472
1031303425995169794
1031347338261000192
1031392323022794752
1031497872259379201
1031581160214675456
1031599958095523840
1031607473587843073
1031617774836019202
1031617941769515008
1031628008505962496
1031640757013164033
1031641335487504384
1031645843529453568
1031649646479695872
1031650345691144193
1031650807484166144
1031651781405749249
1031663543077269505
1031698204386123777
1031706831989526529
1031708826867781633
1031711745692368896
1031711832510066690
1031717851743154176
1031720220703051781
1031764236136009728
1031779168298577920
1031789263971442689
1031819119849426944
1031828454721966080
1031828570459516928
1031917955267919873
1031948216772616194
1031954671819284480
1031977576066179072
1031985231060979713
1032055418607030275
1032061469683331073
1032072364790611968
1032111649086300160
1032130319594401794
1032163693273010176
1032178798790418432
1032236268153974784
1032236525658955776
1032260423544758272
1032261305636278272
1032275598603767808
1032279752189640704
1032287489413787648
1032320293904293888
1032320387433070593
1032320588323475457
1032339893857411072
1032422707906793472
1032560935033098246
1032642194543394816
1032742086951415808
1032769815893733376
1033052600336150529
1033052617268580352
1033071719806906368
1033084740180426752
1033089641233174528
1033168915831173125
1033179916072828930
1033180952892071936
1033305013706092545
1033460448761446401
1033523907322626048
1033539374883983362
1033539473227886592
1033584704174190593
1033612238916018176
1033647733981233152
1033708649204596736
1033718642544979968
1033733214182035457
1033742809705136128
1033743497164148741
1033792616435875841
1033800000743108616
1033889711004241921
1034086142843543555
1034086616594345985
1034131608259911680
1034143618674634754
1034203169759223809
1034439100663648257
1034440182697623558
1034479715371966465
1034510217864773632
1034516613087879169
1034520353991798785
1034585815723192321
1034590891959312384
1034592201567858698
1034640595136987136
1034642505097207808
1034707548711145473
1034763537216888832
1034779254100291584
1034779592584835079
1034872583668293634
1034902174462103552
1034916516649750531
1034917089017057281
1034948574763786241
1034948771938004992
1034988580488314880
1034988749094965248
1035055071518765056
1035589871304245248
1035590682054938630
