936397447231889408
936504243451609088
936538359102664704
936565343912448000
936616181888303104
936622487588175874
936824845563654144
936852920984678403
936922036399517697
937002488187592704
937153670201868288
937441742563041280
937703619364827136
937747864679305216
937750675273986051
937776593124159489
937912917650964480
937947362500124674
937961397111214080
937963476646895617
937999059020910594
938009960411160581
938021099979153408
938025084018741248
938026305609707525
938067897104072705
938121004219432960
938408142261702658
938417095208943616
938467068273479680
938485913281232897
938803110872576000
938804557479661570
938838876097073154
938893403324125184
939033655753695232
939044266990501888
939060712873385984
939061204860981248
939175155854606336
939176173648482305
939385667804528641
939437490536177665
939444145634070528
939460304194408448
939469266176184320
939478808222224390
939554871493255168
939611589375922176
939691537578864641
939691624250126336
939741282280206336
940179551405117441
940255701150130177
940281141659136000
940300283594379264
940310541859479555
940374883938324480
940459342930890752
940539266668605440
940599115892670465
940618950689345536
940701465844187136
940732895039066112
940883122429812736
940886065140977664
940894883237253120
940996508291293184
941024040952754176
941187128515538944
941306778679209985
941310889852104704
942070557180383232
942125582204198912
942461208761962496
942469818833358854
942672014447337472
942734996309082113
942746355130302466
943097254411464705
943426519417831424
943447963115905024
943448460682031104
943487459287060480
943507723689299968
943526705821634565
943677090100113409
943842962160734208
943853075105710080
943864010071597061
943890249662500864
943902859837534213
944168188987748354
944406331926237189
944439831391801344
944553013863157760
944747220171218944
944947611441786882
944983515518717954
944991157561577472
945003714871427074
945581335132778498
945640228630466561
945642179795570688
945644130583154688
946150550868975616
946268750084313088
946327423519297536
946369303519137792
946489665376440321
946651256797515776
946653903394877441
946683335777992705
946724864961929216
946734167697408001
946769302111191040
946784326514913280
946791296198307840
946799746454134784
946811699834712064
946814687127244802
946818514287038464
946843266577784832
946853687309295617
946893605360230401
946952962705969152
946964015112003584
946984417490341888
947015918822895616
947041868109541381
947069488440184832
947096573590298624
947234060350435328
947276692929658880
947428729772318721
947497585106964480
