925799654041833472
925983829705347072
926055655106142208
926236573410226177
926281261626347520
926441732773941250
926624587210809344
926880184342663169
926929961063256064
927089056080650240
927413931752046593
927414810479697920
927482675132186624
928267663880712192
928674346935242752
928708750730514433
928912509192556544
929354147421339649
929356815174963201
929485199871799297
929541367889526785
929772201812865025
930125734248579072
930223932552155137
930464566504329216
930499320075431936
930647872659484672
930918121761837063
930932764500746241
931306482016116736
931646947085209600
932424297574027270
932688589883879424
933282208923648000
933352964701544448
933574410975490048
934043159247622146
934230358165508096
934461118713606146
934623647133851648
934625331574661120
935332736587501568
935650203490807813
