1003904769335808000
1003909730752856064
1006639661450657794
1007827863729393664
1007833561251004416
1007839018904481792
1007969978920947713
1007975544749744128
1011396738962411522
1011396960992092160
1011397269281755137
1011405117218852864
1011481053431848965
1012207555114881025
1012254589943508992
1012255043041587200
1012260823073476608
1012264765442482177
1012332009354653698
1012332260174032897
1012337873406709760
1012340873999204352
1012342290826883073
1012342376835272705
1012343443442499584
1012346406705815552
1012346605931057152
1012348326874886145
1012350256267382784
1012352455324160002
1012353775288377344
1012380971960762368
1012381347359461376
1012390253984997376
1012394759485313027
1012396272391684096
1012398115792486400
1012404527188848640
1012406755639398407
1012414428275527680
1012419464355368961
1012423044604813313
1012429711480426499
1012430143489527809
1012436546505641985
1012439217421586433
1012439837373272065
1012450282423443456
1012454794223644672
1012467851955875840
1012504638921338881
1012518216751636480
1012520344098430977
1012524211661955072
1012532302897909760
1012542526077767687
1012555084658401280
1012555107714641921
1012557309325783040
1012573142814994432
1012573679287459840
1012577111477895168
1012599104302714880
1012617558833483776
1012619258789072896
1012626677644627970
1012628862042345472
1012630622421045248
1012684158517334016
1012704139313229824
1012734677650731008
1013199269791174656
