914506249454149633
914526619812925441
914571372629778434
914632778494353408
915131990864666625
915148398541574145
915333817845604352
915385523501400066
915465522321461248
915494161587023872
915526605165989888
915557073064218624
915565259502637057
915566756470644737
915573750447394818
915614359279341568
915615565141745664
915618033929875456
915722051817807873
915960749964455936
915961125899952128
915984263777886208
916084029996154880
916207230311174144
916227456230723584
916235839784357890
916258726452924416
916276693580570624
916287103436296192
916288838615617536
916308640319131648
916319085830508545
916326002665644032
916326453117145088
916337301281820672
916560454620770304
916643750113357824
916716523833741314
916929223268425728
917299302246092800
917370985388695552
917373650864607232
917420492042178562
917634093248114689
918009171810902017
918073090495713282
918107079293902854
918151972112519168
918200843547144193
918355805031878656
918371035396878336
918460465323356160
918481536449642496
918835348645515264
918854127802650624
918856156583514113
918992767619141632
919002086053855235
919108531600658432
919210873905848322
919230267918663686
919345024927653888
919427869985648641
919556502268141568
919626422481715200
919876528376295424
919904881028235264
920089673376063489
920152600850370560
920181937452367872
920183854274633728
920229262644228096
920254615538483205
920268407525613569
920272995809091584
920273322562109440
920462220173152261
920515030210236419
920620756974874631
920657569445810177
920658228941172737
920663569833910275
920688956697559040
920758484391559169
920764378646900737
920910587504316416
921010875795881985
921033525574246400
921084330251771904
921090094638940160
921102757070639104
921270678975909889
921299987488825349
921335035931844608
921340186482618368
921344865727807488
921355209716224000
921366732291260417
921595884755750912
921640486129070080
921710554489565184
921789207785365504
921914315069968386
922010560081874944
922039844938887169
922040111457619968
922066316206501888
922066468463890432
922141470173384704
922453174480461824
922460161788334084
922538057961820160
922689361203867649
922734876121542657
922801388098334721
922816338313334784
922885408819617792
923066846475104256
923100751542579202
923100751546798080
923100751550910464
923129188231426048
923180003759603712
923219603836325890
923252639445471232
923443911044902912
923639933490876417
923692032723316736
923728763833036800
923766847685701632
923822319474266113
923837881990467584
923846461049180160
923916793646682113
923920243155656704
923920446050926592
923923388363571201
924025378720632833
924034113488556032
924052771703345153
924129007804846080
924169102419210240
924173964863086592
924184441836236800
924297269016276992
924300630528630784
924489194516439040
924501295901356033
924759206179287041
924849115699310592
924916096230047745
924932204874141696
924962686227529728
925186318002294785
925190784952893440
925206514029285376
925357672945172480
925417424580698112
925439668685905920
