903426075535056897
903465951605043201
903530085453635584
903540959589408768
903594306518306816
903595855525097472
903596284992479232
903602175477260288
903623053040656387
903632810656837632
903657589766017025
903932797768826881
903974052544565248
904069854604480512
904302815031394304
904312813035900929
905246298160467969
905246326698516480
905354126590136320
905666131637051392
906099642571653121
906153197294649344
906269227241308168
906289943110189058
906399274589724672
906418614965764096
906438578154213376
906464999475990528
906529115574075392
906590128847462401
906697074380378113
907524070203379712
907604458716221440
907606336581586944
907699604451479554
907878147961626624
907883520516870144
908007949993480192
908014083718426624
908014284650594304
908204014835306496
908712877405679616
908713048961163265
908790609535750145
908802983651168261
908815715871977472
908892769862557698
908916815891443712
908957663320518656
908972899142455297
908976332398301184
908984058880851969
908985614992896002
909025621300346880
909029675296608257
909077043278626816
909078585906024448
909692121585799168
909702969171554304
909703325414821888
909756637522644992
910424286854369280
911128972511055872
911177992365277185
911569634553450497
911628221191528450
911628449298698242
911675702042353664
911807630775001089
911873674734718976
911879358431739905
911892984035028993
911895448213950465
912013545528872961
912052442312921091
912358378541928448
912578571142668289
912614444999507968
912916422568890368
912933613917868032
913059721971666944
913085175927623680
913175185301188608
913240370221379585
913263116359680000
913273299169398784
913273857116721152
913275470266826752
913289092519010304
913301729260724224
913302040322781186
913320608112328704
