1069134598121115648
1069173401292599296
1069328842182008834
1069983888888512512
1070063628450070529
1070191821513478144
1070351456283385858
1070623759323881472
1070772072844906496
1070951583666425857
1070964080544862208
1070970520030433280
1070994076491628544
1071001082589995009
1071004506496819202
1071284632715386881
1071294604253622273
1071334818397310977
1071629385634103296
1071989099228057600
1072126783955202048
1072127550682320896
1072172199576952832
1072172242656612352
1072172569397125120
1072274817296949248
1072396521323278336
1072434161007386624
1072451314037284864
1072460143059701760
1072504055317041153
1072521677681106944
1072535838473535488
1072666229347966976
1072767504584531968
1072943812136206336
1073107618607054848
1073240583466934272
1073458669243777024
1073490304785883136
1073496815599636480
1073658051796893696
1073736093244174336
1073800840157298688
1073845592105803776
1073851363061161984
1073943531130109952
1073947762436308992
1074019961952038912
1074286341326659584
1074290126254104582
1074382338459611138
1074729568106397702
1074742603990499328
1074968682449711110
1075138682946871297
1075246603328458752
1075296552850255873
1075300673766547457
1075382407962841089
1075397543339515905
1075516796931899393
1075519938985684993
1075662339372969984
1075699268957089792
1075886967852859394
1075971775010230273
1076216907521576960
1076228245350166528
1076615572140388354
1076653597020975104
1076655518654054405
1076657136866754561
1076667804642955264
1076668442596397056
1076842444962942977
1076957886348177409
1077417538026237952
1077702374364454912
1077731982627561473
1077772321350287361
1077892087830347776
1077903868149739521
1077928181238247424
1078011441138020352
1078070543880998912
1078188812356902917
1078197924926877697
1078294805359153153
1078319807206961153
1078341432589598721
1078487669997531136
1078508323123679232
1078968787448225792
1078972381752893441
1078988740238831616
1078991119789092864
1079038590083059714
1079252537759264768
1079312626566483968
1079326844489515009
1079414101963460608
1079440249728598016
1079475814431948801
1079585835912052736
1079592719331164160
1079592859408318466
1079597510467948544
1079598183645245440
1079601299593654272
1079610646184919044
1079619930721443840
1079621269945872386
1079636622356836353
1079684663080189952
1079705724761006081
