936502232719208449
936574415009132544
936781596845158400
936983735232278528
936983778119077888
936985490758057986
936989935881596928
937363511214264321
937933902093737984
937943848113856512
937959712666120192
937980215686455296
937997300332449793
938058713767784451
938163576346497028
938164841805643776
938480496731967488
938481846895239168
938541089383944192
938598207776440320
938610739950112768
938626568414552064
938627406000160768
938663428394225664
938663815943770112
938719381844045829
938873961445711873
938977991102750721
939440622431326208
939440911422955520
939468837925281797
939587508479889408
939589800113340416
939616007043321858
939616750903152640
939807819037118464
939912037458763778
939973440798363650
940466689686364161
940471793453633537
940484507521691648
940576941148639233
940582531342196737
940645223172071429
940890915035598848
940923568493400065
941014911408369669
941147768323694592
941161283671547904
941163924782764032
941198334018052097
941256322766565376
941298293073633280
941358824425967617
941602535931965440
941602718610702336
941649039547801600
942272776701915136
942965333886939137
943067764725489664
943068263805722624
943068535978262529
943075705729957889
943078034852032512
943082840660492289
943348113183510530
943478822820876288
944617647215468546
944850626139361285
944956162780344320
944963729258553344
944972188544917504
945013584064602117
945227566574481410
945610457976590336
945612735802359808
945652232699174914
945657195429027842
945731579313377282
945759435330289664
945940062218289152
946095679012663296
946107980348522496
946770014736080898
946844714090852353
946847192865804289
946960814476615686
946963742906114048
947093955908395008
947147428670726144
947153997823205382
947183490478542858
