914297903149191168
914339073845641216
914340069762244608
914344334119518209
914353964128378880
914381150038016000
914387814652841984
914390532679495680
914400035625779200
914400318414364672
914401549291421696
914418605596577792
914455298202578944
914456561510223872
914456759510732800
914505775422349312
914514716365430784
914543899095560200
914556631018561537
914556792818061312
914563653491404801
914564238546538497
914565636080021506
914575320556146688
914575568611549184
914580264528994304
914580515780485120
914602781264236545
914614273015291904
914616311652732928
914645946025205760
914660687405879296
914684990859837441
914710894462070784
914715658419527680
914727420019789829
914746798111158273
914793273121738752
914797848666923008
914804187539562496
914807080820858881
914834498499567617
914840756409573376
914841751730323456
914841792402554885
914861203809239040
914862129727107072
914878955621986304
914904582400049152
914906361988870146
914910375992188929
914912531864588288
914944447854534656
914944967562248192
914945628270034944
914953760203526144
914982568772108289
915020797558759424
915041484176547840
915042990636363776
915055678422622208
915073692530565120
915082549654732800
915092870570295297
915092962022793216
915111075955318784
915155743304671232
915156216720105472
915170954682130432
915195851655536642
915207588563714048
915215734317477894
915229162369142784
915234841381167104
915235424888659974
915241100729708544
915247062849114113
915271198958870528
915278585535098880
915305702540812289
915333614388240384
915337015536664576
915375579649552384
915386491240456192
915387922643394560
915396822151000064
915399982529867776
915405965691822080
915406357041258496
915412587705073665
915428062556065792
915431685176442880
915437438532587520
915478126515195906
915487238695161856
915496065515757568
915501992650301440
915503295786913795
915516487649161216
915520533562761218
915569496152096768
915575027860410368
915576620613865472
915580546511597568
915582082885152768
915594157447696384
915628253783711744
915664140005408769
915664750905839616
915668079522091008
915673152545361921
915694807321923584
915697426631057408
915697608672157696
915697818832007168
915697855725260801
915704943671107584
915708331838148608
915760339957956608
915818210427011072
915828947010560000
915844258963312641
915904137828614144
915924514252476416
915927646038409217
915929542765690881
915938237146734593
915945516009000961
915945965156147200
915946304483840000
915960589385572352
915960724903604224
915964321963892736
915983122084200448
915983585131216896
916055504421404672
916056282053971968
916114102535073792
916114568623075328
916115627873464320
916118406851694592
916120002373267456
916180534463668224
916181443448942592
916250198170492928
916262027772944384
916268412338409472
916268496237056002
916302599606775808
916302664295768065
916303845113790465
916304173825691649
916305410621140993
916316081014403072
916327883806855171
916328610251681798
916337866267152384
916345662794379264
916346541756915712
916350540061097984
916350821608116224
916351136197726209
916368906595401728
916387596078530560
916396065267392512
916400847931576320
916402278575366144
916402832202280960
916405035503968256
916410897899298816
916416704879648768
916416921767239685
916417969063788545
916422714092544000
916441005011931136
916455933571604480
916456926187311104
916459878562127872
916461992080216064
916462974805540864
916466928738115584
916479789518614528
916482941760372738
916485022546382848
916489159807832064
916508705167835136
916509937143910400
916512919310934016
916522391521566724
916523407575044097
916540813106208768
916548605258944512
916559661465141248
916570094834028544
916577360606056448
916578283759816704
916598550217265152
916669877892669441
916672335574429696
916705704227901440
916706242336305152
916706628178649088
916710173636550656
916711426311577600
916713546271956993
916714195076440064
916715310454947841
916715862811226112
916717355568369664
916719965650034688
916727116955291648
916728019150045184
916729393766109184
916738949942562816
916762560539578370
916779781932195840
916786376183631874
916791300279685120
916791940020027392
916792416409149442
916804709691863045
916821677131972608
916835301900865536
916835834166435846
916837317813272576
916841893677420544
916843178359250945
916845745290039301
916845839259197442
916848621982756864
916864197702676480
916865165747998720
916866881247694848
916873581300039681
916875425846038531
916877513783091200
916879786689138688
916881258185072640
916896496523472896
916959425604206593
916962593557798912
916965776627830784
916982582792933376
917007940711866368
917009599990972417
917012876128174081
917015568460509185
917035425130319872
917067154066780160
917067308564144130
917080601555030017
917094795322916864
917128088265175040
917128689686663169
917140296995098625
917144796069634048
917150543671386112
917156420751110145
917182156165615617
917189476845109248
917196282996826112
917224871691681794
917225814684442624
917230696846053377
917282850398912514
917294527844638720
917329643220250625
917337384001433600
917398537406627841
917400150053617664
917423535420829697
917432797215649792
917434566448525312
917446452682555392
917465725077422080
917516034730545155
917544547810291712
917546716307521537
917627293228396544
917627701959172097
917628369277243393
917660020342321153
917682070754811904
917689351517233154
917689768632340480
917702828428267520
917744816993292288
917746118087372801
917746670041001985
917747402387415040
917748044954832898
917753217324331013
917753339403800576
917755298156224512
917756581600727040
917761192407519235
917765898852806656
917773822283022336
917776380405968896
917847305796980736
917850110830235648
917851087318614017
917851364088274946
917852861807042560
917855811711393792
917870418379268096
917872099036889089
917911317519908864
917912355966566400
917929393061629952
917975959906738178
917977036303544320
917978352090255360
917981566160293888
917981978451955712
917982924292665344
918009380477419520
918009998512357376
918025645376069632
918033044358889472
918033925775114241
918055756703903745
918083790735597568
918100853843746816
918111835362086912
918126064962023426
918143873376968704
918144280438493190
918190486707494914
918190859664875520
918199530713243648
918202101876043778
918219563115929601
918223725975175168
918234123659108352
918241076590399490
918245197062004736
918253882635161600
918268845785337856
918271370345115649
918280477974384641
918283783807303680
918312401967239169
918328838173679616
918378789821825024
918392122247495680
918431415338971136
918438432862437376
918443244526202880
918471206491316224
918484279923011584
918489493547528192
918500110908182528
918500647376510978
918508285619089408
918508891276791808
918573598352142336
918587557956300800
918593443391254529
918602156239966211
918626187932504064
918627188659965953
918627700805214208
918628716049154048
918629560962420738
918632103142715399
918638204584067074
918640355003822080
918653138558640128
918654284291624961
918658790995693568
918666661665763329
918667229163544576
918691507070054400
918693071562272768
918831753673838592
918889354923085825
918921642473951232
918921957223124992
918923875706077184
918929176312258560
918934194511925248
918974308864499713
918982931942555648
919049593668509696
919069762843500544
919072895955099648
919079448032374789
919101624424873984
919103962334285824
919115210710855681
919117766212378625
919123804932096000
919130807830286336
919132248728850432
919152239180120064
919197689929175045
919206760220712961
919236286749188096
919247767838457857
919274469608353792
919285456164048896
919289075013767170
919299318779138049
919303116276862977
919326548422885376
919329775692451840
919331467691360256
919335447251349504
919345995393069056
919346487062020098
919346632201768962
919348326281240576
919368579228745731
919369265509228545
919392951129735169
919423711349837824
919457960748761088
919524678733049856
919540174169587717
919579216907141120
919591510433255425
919598315477651458
919610843565907968
919617491940380672
919621036555034624
919625112579723264
919642905761009664
919644357321424896
919658746300772352
919663737346207744
919665599764037633
919673334568181760
919675185845768193
919703359820529664
919704485580234752
919710606319669248
919714082164486144
919715642009358336
919719022635122688
919722051346227200
919726118986379266
919731437368238080
919732648225976320
919734532311568384
919735510008057857
919746487789133825
919749576990457856
919753729661747200
919759473740152832
919760567191076866
919764399136563200
919766208559353858
919768712542146561
919781430376456193
919782171241603072
919818175121907712
919876505743872000
919879695096676352
919881714641657856
919894991165640704
919896016391942144
919897195809091584
919900107943895040
919901234940784640
919901484505894912
919932736671973377
919935869410267136
919937809284321282
919939406047232000
919941089225773056
919946662168145920
919976293654937600
919977294445154306
919978418514444288
919984895354474496
919999051550126081
920002531622764544
920002880953778176
920003865801625600
920034680904273920
920037844659273728
920039782012669952
920040356657356800
920043666793811968
920046004711211009
920060290498166784
920061329016311808
920063546955845633
920067390192345088
920068679504670722
920069949137223680
920076899992322048
920077970311712769
920081319895248896
920086543783550976
920089468178182144
920099354425176064
920101107782864896
920108182726500353
920124381979742209
920127041579646976
920128042772471809
920160553460318208
920162927621091328
920175979477241856
920177439522918403
920189610537472000
920207468071751680
920212537026711553
920218476152836097
920235548249411584
920268679874453505
920272928289071104
920284663549005824
920292580369235973
920292834451767296
920306429889622017
920314682996547584
920343804363730945
920359884167745536
920369601535533060
920399227578146816
920399706563530752
920409741456797697
920413669003022336
920416072590802944
920431637413822464
920443746335866880
920445740748607488
920448529541185537
920467310351192064
920470236733648896
920484107779493890
920509400913203205
920534714527596544
920580203419656192
920581590065008643
920588488281657344
920589919092953088
920638343385309184
920640356877848579
920641064020652034
920647828183113730
920666432836329473
920685768602943488
920713499910725632
920728145434677248
920733144516620288
920734952265625600
920735954268229632
920738582842757120
920742871111741441
920747206780563456
920747780116709376
920748429411840000
920758668945186816
920775260357648384
920776644134096896
920811377509335040
920827860306108416
920833384598966272
920851417178423296
920921343364706304
920927274089590785
920941586728579072
920968260866269185
920977650650374144
920998653195685889
921000385585741824
921001665959989255
921003534090489857
921010197581254656
921011340466114560
921017776273108992
921025419125633024
921064833012834304
921085401871159296
921097337598021632
921108103793229824
921111746726760449
921125379041103872
921165824693604353
921184297360310272
921184386598490119
921187837264871424
921256563712540672
921257060959797248
921257210621059072
921261123093004288
921263788141174784
921270839177285632
921321156178739201
921327776505806848
921335170153803776
921344939186905089
921349128805928962
921403383810084865
921416372701216768
921443174337339392
921446120412336128
921448202888515584
921457896604426240
921458235235753984
921467175818399746
921478066311913472
921526111665868800
921529037595578375
921529441007874048
921529528769548288
921547633964957697
921548513439133697
921552591573651457
921562305707499526
921563822225346560
921565249567801345
921567156277514240
921616922516393985
921619280147439617
921623992057806848
921648638190796801
921695760370094081
921715645066002432
921716698335645696
921716833782087680
921721599371415552
921754078362746880
921762072135737344
921764276389498881
921766361814257664
921771806033408000
921795803747938304
921808954954575872
921825197015158784
921857407164272641
921899495729893377
921917715358539779
921962376512991234
921994241043177472
922005696345915392
922006232373669888
922006665242841089
922013657978101761
922029140966076416
922030477359316992
922034114013822976
922049382547099654
922054801252167681
922075456450461697
922083605542817794
922122191533166592
922146363365777408
922146777624662016
922147311165366279
922219235488677888
922249189538586625
922250016508563456
922250983438036992
922255391655784448
922270309943857153
922272266309824512
922278199844855809
922321987976024064
922349884732248064
922396012810874880
922396591633211393
922399847243796482
922406475510767616
922412628517023744
922427040187502592
922430141480951808
922430929884385281
922431134268575744
922434560167677953
922436328922460160
922461115136782337
922502898394820610
922563869725278208
922599334129963014
922601787902779392
922627255716794370
922635619565785089
922640495049920512
922684794013732864
922715684777398272
922735503564185600
922746400382730240
922780570106687488
922802584347389952
922814426931126272
922828444320141320
922829142248316928
922829578892128257
922832020778000384
922838547912151043
922845093597536257
922846923173875712
922851603153129475
922867481948991490
922878535596900353
922890119459287040
922893728641056771
922909739561885696
922915505886728193
922917751550701570
922928783799316481
922942497189326848
922942980264259584
922953938747494401
922993546726166528
922993844173574146
923004190275674112
923018893219848193
923018911867637760
923037769638776833
923057163760820224
923058209555959809
923116278310510592
923137659731632128
923181779632058369
923194662826864641
923209579445522432
923209705916268551
923210499684216832
923211162795175936
923212830891012097
923221884279377921
923281950508568581
923289992234962950
923295866793877504
923324805109215234
923325822911606784
923351052082061312
923365104242085888
923380210048950277
923381824826560512
923393378049495040
923401906449350659
923403105076518912
923405499189612544
923413583257534465
923425929199800320
923492425624117249
923515411622133761
923516402438254592
923518187978870784
923555710176071681
923556043761897472
923556317977038848
923612576092581888
923613718675705857
923615836815769600
923615932869685256
923639854218534913
923640097932656640
923644527101054976
923645588276523008
923657724050722818
923661699017736192
923668580083929089
923691761267916800
923707926597922816
923728796112453632
923770936586731520
923771297867251712
923772279305199618
923777155749707776
923778863112613889
923881265371275264
923904718237323270
923905255544324096
923914034189160448
923967243129671680
923979511472979970
923980017750695936
923980032430747649
923989267956711424
923990066451464192
924003456985305088
924006423977107458
924010268325240833
924012820978642944
924012820986986496
924080388162469888
924091471715864576
924095973030334464
924096010812473345
924097017021902848
924128792418717697
924137809556000768
924311167870296065
924311728892010496
924323492572553216
924325449731313664
924339236823814145
924340084496723969
924353223548268545
924353844301258752
924371915204018176
924383798774714373
924385290256506880
924429699127930881
924472092229124096
924582087344013312
924583067750207488
924583203549143040
924583763882934273
924586288874864642
924588647667589122
924589109544398848
924593364254822400
924673045935153152
924683563953475584
924686835988815872
924713915598213120
924753406761361409
924763801291051008
924763869825896455
924766731796733959
924777031140872193
924777073067077633
924809761383682048
924880830492741632
924907796545421313
924943786190438401
924944771403145216
924948704418779137
925005762467909633
925017332094664704
925018175103799296
925018612980629504
925020944606875648
925021073753513986
925085290678460416
925098917955547137
925161968847212544
925178886245138432
925179044672561153
925179222934589440
925206615522926592
925238030163623936
925238422620348416
925281817355206656
925282551283011584
925355287493558272
925357533287546880
925376380400934912
925381219763732480
925383585791709185
925394855303499777
925395455659446273
925396745013661697
925397225227689984
925414571212406784
925414742545416193
925415631121399808
925416190650060800
925419788884512768
925420377794326528
925420684842586113
925420975071682563
925444137960202241
925504028833918977
925504151466819584
925505963012042755
925506177320013824
925506888900513794
925507250248134656
925508735849586689
