980260040258007040
980291993963130880
980296880079949824
980332935571161093
980434088975896576
980434390768644096
980475041128304641
980522620163710977
980538512683552768
980559513135742976
980637362765094912
980679792029847552
980680637504897024
980682314412785665
980682602968358912
980684789039628288
980686866889560064
980687339990257664
980689192618528768
980689533430886401
980690549656182789
980691647158603776
980691769624064000
980691940722188288
980692438540079105
980719716678414336
980780971564904448
980862720617656320
980984272826896385
980992717516955648
980992928209305601
980992936157569024
980993362001039360
980993633502613505
981143990245511168
981181201263284224
981192662224023562
981197722639306753
981214077295955968
981221608789499904
981222789909762048
981240726821380096
981252720454709248
981292284879736832
981324354121273345
981334149486272512
981405943404605440
981406137596735488
981477827076870144
981508872446889984
981560225013665798
981856346655088645
981857676253593600
982023460888051712
982076066524291072
982078722361712640
982081266198700035
982103422194221057
982110924973604865
982117697071726593
982240856940756992
982265774030012419
982269098447929345
982287557584138240
982325725729615878
982326882950631424
982368046709800960
982472612893876226
982473212566167552
982475271721947136
982478971207061505
982497054760071169
982498842703745025
982614148315058176
982625146195402752
982687716428144640
982791817354719233
982792540893171712
982798414592266240
982800497886285825
982818816500494336
982820383253463041
982825048418336769
982831340709142528
982843809116577792
982854401189494785
982856807277182977
982865883738640384
982881212489322496
982900841991589889
982910756495781888
982947192007745536
982958977976643589
982974470930526209
983017559283859458
983017912138108928
983054140019499009
983056062294224897
983072516108414977
983080560259096576
983100215317086208
983103083801538565
983106125909413888
983110328207773696
983115719976992768
983231028461522944
983234194397687808
983308889067278339
983325864363417600
983328213874114560
983331894661173248
983332767638355968
983339195845566467
983349303631667200
983351301043052544
983353044610965504
983354899747323907
983356232265166848
983359636362407936
983364621301055490
983367579107581952
983370102837039105
983381150616903680
983382994042814465
983408513023184896
983410786730201089
983421076188393472
983429054178250752
983432507361083392
983511092692430848
983527273872658432
983531430461542400
983617685866065920
983644622957236224
983657809857392640
983663189035544577
983788355463692288
983791480224526337
983809715380436993
983816471154487297
983825366849552385
984104302590377984
984113063807905792
984149866304679939
984166648142802944
984171590723260417
984219065194496000
984262170056773637
984262716985667584
984401389051891712
984629506798444545
984728080198635520
984731052483796992
984773308905394176
984773543354421248
984809452556750858
984817109203996673
984871360852889600
984871409917800450
985063726201147392
985161663245705217
985185380822593537
985400983286108161
985401247795687425
985405389691858944
985406727687290885
985477064475185152
985533328521662464
985588061710045184
985745500602359810
985906004213805056
985923486060183554
985980770161451008
986011131889123328
986190294965141504
986263227184107520
986415285828808704
986424430220935168
986437583449264130
986516139218890752
986517027484520448
986570358877761536
986576033783656449
986583440924561408
986626418871283713
986640310645256194
986643920242147328
986644992709025792
986649918956802050
986656654585356288
986698102718558208
986743803435511808
986829445234216961
987261218485350401
987263285564092416
987372533786832896
987384644856401922
987385234957258752
987671310003302400
987689606807277568
987689728869916673
987769639588585473
987893225179365376
987932413983633408
987938139028230144
987983855260000261
987990896263286784
987994302017101825
988002172196589569
988006155980075009
988072175134543873
988077321360891905
988107233228705792
988107310382899200
988126230917591041
988129542752555008
988150660465033216
988165216386080768
988169882733707264
988185267931578369
988188363676045312
988212786655318016
988217306051502081
988221354364325889
988230652716822528
988232467621580800
988250833635631104
988250988405456896
988258020558860288
988261784124624897
988271259044626432
988360993242734592
988494752130764800
988549796469329920
988707081615167489
988734988416946176
988811677905899523
988811677905932289
988911202863546368
988920706397126657
988933313581666304
989005672023867392
989091621982670848
989115128678363137
989120451229007873
989132242625744896
989153297838821376
989162432353337344
989163290214518785
989177903152742400
989186657499992064
989200710091735040
989202739719634945
989213987173818368
989259691145515008
989261475914055680
989294733829779456
989298523781951488
989369455347142656
989437667711602688
989442795680256001
989499648208490498
989559040840781824
989577840084504577
989587148952092672
989671729168572416
989693768357081088
989915309627838465
989945355096604672
989948651546918912
989949345549160448
990149080176185344
990296639364530176
990310590458445824
990329771858038786
990478740936380416
990622969658576896
990671079575142400
990822958787629056
990823082423136256
991002272602705925
991030374984830978
