903647890861674496
903688947662024706
904195585162567681
904372724579131394
904375791361908738
904444296904003585
904803297449713664
906489788529856512
906490172707102720
906854184192016384
907267133121466368
908013447467687939
908537274496937985
908577657587212289
908582975629086720
908652728183869440
908766733145604097
908925441397989377
908939977182138368
909092252219330566
909638806927740929
910219076739391491
910289625368944641
910420657074315264
910526696775913474
910616842720436224
910737391232733185
910996248135716864
911197146929647616
911230475699671040
911483062537654272
911645460095492097
911645593092722690
912198320562548736
912392057553121280
912595356315213824
912657937864073216
913465440361439233
914190562546388994
914197587846221827
914200246770651137
914204546334957568
914210605455855616
