915563027742756864
915674711958409216
915675987060432897
916761989669576706
918014104723476480
918989780377067520
920419780527579136
921401451498409984
921718638494797824
921745230910517253
921745235947929600
921745241807323136
921751510635212806
921973945473040385
922119900944101376
922338097471336448
922558266537889792
923117337053720576
923640007339986944
924015896628252677
924016019051614208
924016271913611264
924016329862107137
924019840968400897
924020363603922946
924034846082527232
924041278899269632
924057036467376128
924068367413243904
924085090920972288
924085090942009344
924123169891368965
924149461336539136
924158818828849152
924171849667371008
924177729699958784
924279925586227202
924343137945997312
924344064031449088
924354247365419009
924354247386435584
924586751909416961
924655528034340864
924745957622902786
924745957639585793
924745957639704580
924745958033907712
924887652788293632
924888155005816832
925012741768843265
925145746520858624
925296187384778752
925506117781909505
