880947834434048000
880951020406411264
880961972593971200
880962810200641537
880965956750774272
880972390804709376
880975802900393986
880983100381155329
880992950863482880
881000656659787776
881002130131308544
881008162861596672
881102767409864705
881123199962021888
881123539293794304
881123816516308992
881125178415214592
881136293169831937
881138225229832192
881139570313744384
881182172136316929
881193607855820801
881231360144355328
881258659627622401
881279525518139392
881279706238246913
881287833176211456
881288354029023234
881313393180790784
881315682859745280
881315706754789377
881315717248937984
881315740753608704
881315742007742464
881315749142319104
881315784357695489
881315808260931584
881315877496307713
881316025106661376
881316174008434688
881316985610612737
881317251093336064
881317301781282816
881317721694023680
881317948186517504
881318056399589377
881318096266444800
881318335773888517
881318397014712320
881318487574106112
881318631019352064
881318702767099904
881318799659552768
881318844966588418
881318953561337858
881319441363075073
881324810227372032
881328049765179395
881335822250856448
881339682239414272
881342679254089728
881344200364765184
881345538750373889
881346316806361088
881366491840397314
881384747112349697
881403386167402497
881423144279461888
881481703914647553
881485206569529344
881508895981744128
881516109358301184
881521645017591808
881536773435904001
881537518453370880
881539932145164288
881540978636664832
881541090880491520
881541482372632577
881542208846835712
881542621125935105
881545322698297344
881545362368077824
881546982787084289
881552731072331778
881556786574221312
881568598958813184
881574433248489474
881578945065492480
881580080455180288
881582525331767296
881586116503236609
881599481342554112
881617852612083713
881618629053296640
881619678065340416
881622873676193792
881625701526495234
881625927142264832
881627412777377792
881629784622682118
881633274292051968
881635136990842880
881635916292423680
881636090347749376
881636568938795008
881636782818729984
881636992144089092
881637500061614080
881638783090913280
881640654610194432
881643937043283968
881644450036023296
881644638343495680
881644843029729280
881645746503778305
881651790881538048
881652857921052672
881654264686235648
881655413925707776
881655558213914625
881655873206190081
881656401675919360
881656410077057024
881656732644106240
881656756119552000
881657256911286272
881662156260999168
881662350054608897
881666077935017984
881667523309129728
881675026914783232
881678194453164033
881685342830694405
881688935247859712
881690003088080896
881695859620147200
881705536290381824
881706036658307072
881710066147184640
881719866134286337
881724505047146496
881726236036259840
881738331972714496
881751225250836480
881769737243447296
881772828013494272
881787370508623872
881793791174246400
881835010684325888
881836019808645120
881844828278935552
881860941561942019
881862649046331392
881866732146524160
881866807010840576
881871147553484800
881871277144723456
881878749729501184
881881862297313281
881885433340342272
881888371857076224
881889971153494017
881915010330578945
881929400572194816
881930095556001793
881930546447863809
881934576729419781
881956283225481216
881962210511204353
881974175153442817
881978525506338817
881978979741290496
881982051242717185
881984137464344577
882018272513855489
882024534915899392
882027917622071296
882036199694749696
882046114186350592
882049903727321088
882059803962601473
882084012247920640
882086523784581120
882086932330815488
882138330959233024
882138776557854722
882138931759730688
882152299304546304
882184989256941568
882194371105443840
882231012113227777
882255241013604353
882261012275224577
882262486191308802
882269461281198080
882283946347769857
882288326455115776
882290649659305985
882297650359529472
882324928464334850
882331194758762496
882365018431524864
882379188082290689
882383464334376961
882389906932236288
882406332330127360
882416702780301312
882419458412691456
882443248945573888
882472505444794369
882504159026487296
882584733703655424
882593724194332676
882612609459081217
882645088060542976
882660284434927616
882670260607909888
882685039653380096
882686701860261892
882713591517990912
882715426106617857
882729313027715074
882735611232350210
882740078975619072
882751074792329218
882751282406199296
882754173942550529
882756799144747009
882781910442713089
882788232122875906
882790921070407681
882806391584440320
882820154127769604
882869849512431616
882883024223956992
882904215508701186
882984726343983104
882998118018678785
883010314022735873
883023051914444801
883028799495053313
883029666315083776
883034654185488384
883037044527648768
883040132080775169
883040592887984128
883048457237221376
883055444989759489
883057260242636800
883061130729598977
883063356164276225
883065674851135489
883067987225432064
883077546891522048
883079989502935040
883082087150096384
883082782414585858
883083118126800896
883083735092088832
883084882217320449
883085900594335744
883088972112695297
883091620396126208
883092328793210880
883092519210414080
883093573679304704
883093922230173700
883093979679600640
883095947248455680
883096211481214976
883097714279370753
883098497767133184
883100070241075201
883103897547530241
883103908415102979
883104191761137664
883104525422403587
883105095008870401
883105744702152704
883106062609465344
883106175029587968
883108240460062720
883109461501526016
883109882387419136
883110871802593280
883111619676573696
883112063001919489
883114980983402497
883115071563608065
883115146754838529
883115706182770689
883116146320449537
883116216616984576
883116486319001600
883116814305198084
883118110781394945
883118194646495232
883119115321454593
883122659474669568
883123366219173889
883123395579203584
883123450122039296
883123947214123008
883125873582329856
883126329520140290
883135754955669504
883136552708317184
883138287451291648
883140354593181696
883140589293891584
883141085924655104
883142253618659328
883142829060628480
883142881917235201
883144567175888896
883145711809961984
883151973914206208
883155381349830656
883155383854006273
883156883758043136
883161283587190784
883162555719483393
883169341272870913
883171495454756864
883171574291079169
883173299827732484
883175719056142336
883180844956897281
883182165319499777
883185298057830400
883187665318723585
883201434698657792
883202382733217792
883203260605227008
883211031811678208
883211616476577796
883213196471017472
883215826739802113
883217242716086272
883217258230587394
883219613764419584
883221513763205121
883222376984399872
883223659598499844
883228804746850305
883251265228156928
883251332328673280
883282344202964997
883284447235379200
883291736847654913
883293595419242496
883294360892313601
883295701790314496
883298160055115777
883298382378303488
883299702732713984
883304076552925185
883319653350731776
883320190246813696
883325733409566720
883325913353551873
883328224826097664
883332185532637184
883340913866616832
883345228962426884
883346951139459073
883347397845426177
883347536773349376
883348607994273795
883348620501671938
883351249911001090
883352536270483456
883355536489689088
883366225660698624
883368679748108288
883373169310146561
883373546097053696
883386013527154689
883386227872890881
883387679924211720
883390883978067969
883398496216166401
883400952409014273
883404034794602497
883405669734461440
883413598663561216
883416338903031808
883417168007790593
883418702703677441
883428044651864064
883429101377388545
883438602562174976
883447870292205568
883449648278630400
883449937257570304
883454604658319360
883454949618835456
883455050520993792
883455448560668673
883459647054761984
883460361785024513
883461013571547141
883471686384922625
883472558800203776
883477486704701440
883480719665750017
883484986552180736
883509436173733888
883517281837260800
883535167050190848
883537215284015106
883562913331544064
883563081124560896
883567583722704896
883624586410983424
883638453182898177
883640110239145984
883646835939823617
883658145209495555
883660502639022080
883661381765144576
883669366675517440
883670196954836993
883670497262809088
883675709931237376
883676331535474689
883677794928123904
883685076604772353
883692340342292480
883694061282103296
883704549126676480
883706509942702081
883711620727283713
883711625760350208
883711637915525120
883713786519179264
883716406428147713
883721914820296704
883725045092106240
883729815630696454
883733970369761280
883734871444783106
883734951535013890
883736717739438081
883739662581469186
883746079459737602
883747181714436098
883749122825760769
883749637072367616
883751367910846465
883751981256503296
883752683357609984
883753765526003717
883756777015201792
883758539885379585
883761669670924288
883763765128441856
883772661410738176
883776567821905925
883785952577167361
883786888762474496
883788368953450497
883789786171015168
883790427484069888
883791828830388224
883791846840913920
883802361126207488
883816269039980544
883818731079708672
883834856488218624
883842438950989824
883842814781435904
883847707831537665
883850964708601857
883856170191994880
883856670673309696
883863883173244928
883863955315314688
883864341199691777
883866659395702784
883868756744818688
883872854818869250
883875722846244864
883875944758476800
883883088471891968
883884298939617280
883886003089399809
883887280670334976
883896019095867392
883897971124781056
883898046613905409
883900879039889408
883902553406062592
883904614059388929
883944236835627008
883986338424516612
884010747159883777
884011397264416768
884012747855458304
884030555578404865
884046305068175360
884053089505996801
884056111070031873
884059592099082241
884060828835696640
884067304400707584
884072402988269568
884075691884642310
884077119084650496
884079711986491392
884089645784596480
884098827560652800
884115491618533376
884115987296993284
884116433113894912
884117631846010880
884118166225514496
884120169836105728
884120797723451392
884121551460859904
884125333036969984
884133219586777088
884134171668512768
884135124207636480
884137999826661377
884141223132491778
884141930304729088
884143099676696577
884145145670758400
884146639186931713
884146960101502980
884148138717487105
884148195739271170
884148418054164482
884151253005209600
884151916531294208
884152338482581506
884152374117498880
884152662689697792
884153699936993281
884153953268764672
884155326496460801
884155329029836802
884155429240098817
884155554247172096
884155932988592134
884156422061215745
884159011171573761
884159266633900032
884165861241761792
884168588466294784
884170589136728064
884172855759454208
884173172836356102
884174180295618561
884174859361800192
884180015860076551
884181926357209089
884182313503948800
884187795027148800
884189593972523008
884189695877558273
884189816241487873
884189937892941824
884192245183918081
884196063267127296
884198147819548672
884199468622532608
884201529271619584
884203398685437953
884204520246521856
884205718118834176
884205894262808576
884208641129238529
884208758980739073
884209459433807872
884209893149786114
884210231592361984
884210295790460928
884213182323195904
884213972941066240
884221510528847872
884221726522998785
884222907622215680
884229587496034305
884231005560877057
884231318057488386
884231759784816641
884232572989050881
884233854772314114
884237184202674177
884238804881682433
884242000106713088
884243293223223296
884246009035051009
884249044435861505
884250891204919296
884251168863637505
884254613213388802
884257129808371712
884258689225502720
884260424019042304
884262156669210624
884265169844670464
884267583247142918
884273229635887104
884282520002600961
884287812635414528
884289836156366848
884299966667120640
884302197172846598
884302864058679297
884323474034102272
884326040100900864
884326540502327296
884331110800408576
884338076079845376
884338785336643586
884342969070997508
884343130664951808
884347156752105472
884374149220765696
884382268533420033
884387430488518656
884390837500624896
884391697337253890
884392299626627072
884392914540998657
884393086054518785
884393148985876482
884393458609168385
884393634677837825
884396571516915712
884406834160951297
884408369271930880
884411017991782402
884421661868654592
884425565502971904
884435016125644800
884441323075325952
884445333266280448
884452115460096000
884460400447770624
884473266479521793
884482871196626945
884483353763872770
884483877221171201
884490304157433857
884492917645037568
884496601900871684
884496670284754944
884497053031821317
884504162544885764
884508302759079937
884509831587090433
884512732350951424
884514364790681600
884533312978427905
884537496356388864
884553234664235009
884558673434955776
884562876538773504
884563038308839424
884568412177002499
884572164812414978
884573216324431872
884575666234064896
884581335670587392
884590663811125251
884590718735593472
884596180981878784
884597003887542272
884606385870077953
884609652243255296
884610752837038081
884612391538876416
884620754167320576
884623216630747136
884623932183019520
884624984085344256
884632100179017728
884636403921031168
884638689850122240
884638726328078336
884638761568452608
884640075207847936
884640517295919104
884642390455209984
884653080066662400
884659758665531392
884662414892949505
884666095394861057
884666679090794497
884667407381475334
884668187530350592
884669339294715905
884697634048327680
884699327322521600
884705880469581829
884714811396939776
884718819482226692
884719213738328065
884730857155702784
884744183717781504
884745343019122688
884760783506120704
884761784695107584
884763322310156289
884776686608424960
884787016772222976
884787916861353984
884806068139839489
884820096430071813
884856306275938304
884864252355399680
884874907984777216
884882137245253632
884887496362012672
884888360824827905
884888961843433474
884909965483397120
884915133037805569
884934481383174153
884935432747831297
884936607471677441
884938207581884422
884951627207241729
884952108348452865
884960812628135936
884974370472513536
884980707201871872
884985597772910592
884986042356555776
884991434998329344
885003557384204288
885005823990222849
885022532826529792
885031159385788420
885037662104690688
885039741200191490
885066272928649217
885094385456603136
885102249625739264
885104658552950784
885143205888634881
885147327190638592
885165374462984192
885173656518873089
885179959291105281
885183373039284224
885195375488847873
885199497218990081
885200159067353088
885201592273842178
885201980662198276
885207261588709376
885214609204027393
885217300378517504
885218779277529088
885220484245106688
885220667959988224
885221005177663488
885221335688937472
885225433129779200
885227682522443777
885227864576098304
885232239218491392
885232322689339393
885234876580016128
885239095231782912
885249562939666432
885255419442200577
885266554073382912
885272093537030144
885272388761505792
885279507359424513
885286177468813312
885288794806788097
885290805946195968
885291780714799104
885292757987864576
885325656829169664
885336618240028672
885344815659069440
885353032250261505
885353474740932608
885362517651804160
885377212404432900
885383004712992768
885427398975528961
885429750306570240
885434550494654464
885443057948270592
885453737036320768
885455572488921089
885459781061922816
885460299897294849
885482168138510336
885501375517478913
885507912046583813
885510418067709959
885512105398607872
885529255077085184
885537577427648512
885547715060535296
885551926108196864
885568753693577216
885572068846292994
885621221693542400
885622786005381120
885623247731138560
885624206142132224
885626054588735490
885626100705054721
885626905596243968
885632879543373824
885634983402110976
885643775112097796
885661344350916608
885676422060154880
885676887011463169
885680378899423232
885680541508534272
885681605624442880
885689289568374784
885693959879761921
885696104494321664
885698799569711104
885699689357725696
885700402813050880
885716050934865920
885738512523251712
885744638446804992
885751797213614081
885752952840912896
885753789176844289
885757593817403396
885760794482311168
885766521393356801
885812415136321536
885855137717043200
885861576917397505
885861693104041986
885886650462744577
885890633789038592
885894872548429824
885923351469936640
885928051657277440
885928427408195584
885959065829908481
885963470830800896
885975423309500417
885984775776882688
886027244388405248
886042488997240832
886045626307403776
886061983279329280
886068141775884289
886068303239593984
886073553660952577
886076250262982657
886077160380878848
886081922572709888
886120367558766592
886127461397934080
886135077503025152
886141388143730688
886153942131920897
886161864962580480
886162686853230592
886174009783668740
886180849808363520
886186420293054464
886195911994601473
886200180575531009
886204978850926594
886205111780995072
886222823932534785
886224596839649281
886228836035067904
886239630907068416
886243033750151169
886272638850564096
886275134440517632
886278823989452800
886283951765159937
886286732118736896
886290072026439681
886330093659975680
886340041298984960
886344642538688527
886386407664750592
886387695731322884
886392582095417346
886397121154265093
886408876563857408
886412170753265664
886424999157915648
886426777815572482
886454180910514176
886454474935386112
886467066026491904
886490038854447105
886588598912286725
886589035719905280
886589881249648641
886590009238708225
886591624452730881
886593810112942081
886597948208955393
886599675758891008
886600505916616708
886602378652172288
886603613887451140
886606979384213504
886607440183263236
886608730514743296
886608845434499072
886609563063001088
886612082166296576
886613199965085701
886616162817028096
886618900854706176
886619067376861186
886620618858168321
886624727925747713
886626081075154945
886626958955741184
886627076383559680
886661078373060608
886664495044730880
886664517693952001
886666340517511168
886681046170906624
886688200810475522
886692726225457152
886707112125931520
886707549810155520
886708367447797760
886722275294183424
886734819568345089
886740267671453697
886770193233395713
886772911071211521
886779315777568769
886780552279449600
886780799323955200
886784566555553792
886790624468402176
886792106324369408
886794885625458689
886802050599628800
886804010174365697
886811755778904064
886827562470703104
886845473788755968
886845811442757632
886851978776780801
886852992510676992
886866187388198912
886880584743751681
886925032622043136
886928718144258048
886932973265846272
886936235595280387
886954835240640512
886958980056195073
886960141064601600
887017627331284992
887020143787868161
887020158711062528
887021338866724865
887021340124880897
887022318228299778
887027480170831872
887028850470694912
887029025138290688
887030442620211200
887032650074136577
887060316948967424
887067953941929986
887114056125042693
887114694867251201
887117885876731904
887119779017916416
887140030988210176
887140237310164992
887142462254395392
887147542558851072
887178737669877763
887182054340927489
887235597214941185
887261826437787648
887272992291606528
887279081808592897
887286661742198784
887313837040349184
887317543995797505
887331666640982017
887337499454050304
887350957071376384
887352796688695296
887360318346850304
887375311699980288
887376903870582788
887378736357748736
887381702145966081
887382932750561288
887407742318542848
887409505146765312
887409954998677509
887417907386343424
887419840129941504
887442251139252224
887448792932515840
887451646346874880
887452880428466176
887453484739469312
887453911455498240
887457436176658432
887459929681911808
887462820836716544
887491492687859712
887497077403639810
887497084420505600
887499739104784385
887499842288840705
887520025694818304
887524830219730944
887529389256298500
887537584594878464
887538463851020288
887538578359599106
887546401793626112
887546457753964544
887547135142625280
887561171808681984
887565845769183232
887569349447479296
887581564002902016
887582111452016640
887589108821794816
887615888597405698
887626680394592256
887636406285221888
887642009032413185
887659312667127808
887674604667392000
887674955730534400
887675139848114177
887677220910747650
887681884699938817
887682181258240000
887682575912902656
887690792164364288
887693274957434886
887707253561798660
887708415375618049
887710179352903680
887712594139787264
887713175054897157
887728327439429632
887728873487478784
887729253101580289
887729359204888576
887733167804887041
887733572806823937
887735708114464776
887735896858128386
887755336207216643
887770542668959745
887775329623969794
887809282154135553
887809371840950272
887834544010866689
887836900727283712
887842974905782272
887846855085785089
887847367185121281
887848734985342978
887855586796118016
887859507203788801
887878068173516800
887878124444164096
887901578597982208
887910059061108736
887914994498711552
887916445308420096
887919917349122048
887920568430809088
887920893778964481
887922094608183296
887927513459994625
887932709112250368
887935979411177474
887944619710873600
887972380974481408
887973486580424704
887973665253580800
887974753239216129
887975048543436800
887978459338768384
887987685125758976
887995352330252290
887995723081539584
887998551267192835
888001327938371584
888009573503832064
888032819150295040
888036452310896640
888038449613287424
888040102613602306
888044335903715328
888054818736099329
888060915999883264
888062172626112512
888066219693277190
888072167610392576
888079104595156992
888082037621633026
888082381193793536
888088055286034434
888089632298106881
888106673260216325
888107076391653377
888114218884407296
888114415182020608
888137529169465345
888150821329829888
888160165769363456
888163554796425217
888165500781568001
888167747938639872
888168961673744384
888171558341967872
888172916512235522
888173551110557696
888176317228875776
888184763303026691
888188159451910144
888188284417040386
888192371342450688
888194169688207361
888197777402056704
888197852899528705
888212741374099456
888216110092369920
888226349814431744
888228654202761216
888229284598493190
888233566123028480
888242176634757121
888250774513307650
888257764211834883
888258453860306944
888266070707945473
888267839890522112
888272416706748421
888272930953601025
888275989003812864
888277494771494912
888278343107231744
888279394782859266
888279909025464320
888284383492284416
888284768923668480
888294549948428288
888298908769701888
888300284077895680
888307559945216001
888316186802266112
888325248604663808
888333589812834308
888346051920482304
888347203424538625
888348822233108480
888350893816655872
888351547297550336
888351626578284544
888356672296677376
888357005777350657
888359253920149504
888360693371723776
888365950113918978
888366214464122883
888368390355599360
888370507103567874
888371945015848961
888372003341819904
888373900010299392
888374717035491328
888374798853820416
888378648796872704
888379972934668288
888382013656494080
888384233495969792
888386036232998912
888386868362039296
888388160622927872
888389282187968512
888392350300598272
888392530672455680
888393931997798404
888400371500101632
888405923932319746
888409725204926465
888410082165366784
888410941972459524
888410955008364544
888416104757854208
888425083945050112
888427114797699076
888430337705037826
888430619990130695
888439157483331586
888449890682011649
888451338572582914
888451396038774784
888453193293864961
888453541429297153
888462783678996486
888478966901854212
888480421360566273
888480962555805696
888482392805171201
888482545066811394
888482813913292800
888483599506452480
888483645652062208
888484301620236288
888485475593400321
888485552781234177
888485710491258880
888487566881816576
888490225676165120
888490424486158337
888491825350098944
888491953700179971
888493578158088193
888495355309862912
888496423599198208
888498828168617984
888502032612511744
888502172316512258
888506113523568640
888511432051929088
888519480095064064
888519565654863873
888520028701831168
888520442700374016
888521227031019520
888521532372398081
888522129632706560
888525243068936193
888525818942631937
888525850391531526
888529528389115904
888529616062763008
888530532522496000
888531200217952256
888531855389016064
888535311503941632
888535814396796928
888538940927483904
888540806453182465
888540820290359296
888541152072224768
888541604633616384
888542279891333120
888542700185800704
888542842771173376
888543183348441088
888543212310327296
888546276576448516
888548140189700096
888549229026836480
888550325841530880
888551550590865412
888555154345082880
888557433920081920
888558209857986561
888559718549004288
888560946259443712
888563806737113088
888566894596284417
888567038482018304
888567572831940608
888567613516914688
888567903351693312
888569147356979201
888569697674964992
888570776856608769
888571099687993346
888571665201991680
888572257433513984
888572356012134401
888574730814595072
888575206473818112
888575468600832000
888575917387374600
888579295752450052
888580552495833088
888581833453060097
888583175231873024
888584286701531136
888584296759402496
888586069687578624
888586984075264000
888589032539774976
888589842883334144
888592180385918977
888593446650355712
888597497077129216
888598986894045184
888600162129629184
888600537939058689
888600821084106753
888602963526258688
888603905562750976
888604324565209088
888605566909595649
888606768191774720
888607425435025408
888608253382471681
888610661332377601
888611824828125185
888612999241453569
888613764689530880
888616750618685440
888619111579889664
888619729006583809
888620033479327744
888623662844325889
888626186104033280
888629211845369860
888629868702834688
888629868715311106
888629868715323392
888634173757566976
888637612646420480
888640318404313088
888644752203288576
888647221381652480
888653795630043136
888662176206127105
888664101810978816
888666659547906048
888668177810378752
888668838404935681
888669871470456836
888675334148702208
888677177939681280
888688045804978177
888688519350284288
888717468012875776
888717688624693248
888723385706045441
888723594653642752
888725503053631488
888727416507596800
888734526234603520
888736116328853508
888737350108446721
888742291598319616
888743794404978690
888744907174666244
888745168450461697
888745242693951488
888749865236402178
888751032112513024
888753734481793026
888758052085747713
888758994562678785
888765918507016192
888766655475613698
888768818473873408
888769063832494080
888770371624640513
888772033416450049
888772064835928064
888779422484058113
888780801604591619
888781019712716800
888788483535507456
888790574744051712
888798549378449408
888800596622401537
888805850378366976
888806166633033733
888806607592673281
888807392623775744
888809977988567042
888810961989185539
888811842377662464
888812300811075585
888818142658437120
888819199614767108
888820481792651264
888822598250967041
888824942015520771
888828732408049665
888833651068338176
888840786967744512
888883571456221184
889114482865209345
889149449875927040
889920275726430209
890330938256875520
890364290619895808
890375135399731202
890395825875984384
890398241816289282
890405181707497472
890405760101994496
890406826277310464
890409404339822592
890428863708241921
890432133470322688
890448302088626177
890458029107314688
890459870800912384
890493548990267392
890562540245323777
890570363880525825
890581106340249600
890582551269711874
890588549128478720
890594097760800769
890602580719542276
890610461023936512
890627286025650176
890654173619830784
890667716213784577
890668328158543872
890673134386388992
890674140213952512
890676508733317120
890715051031752704
890716706917822464
890721180147212288
890726000673398786
890743301334282240
890752229921230848
890752772081160194
890779055670214657
890815937862967296
890818183908671488
890820047446228992
890829335464103936
890829397795774464
890861368882192384
890867597419225089
890884859375349761
890886017552531456
890886427751395328
890886663886446593
890887701565767680
890888287950434304
890900130139865088
890900926638247936
890918944395206658
890925414226550784
890956089516339201
890956410577727488
890960023534227456
890969104613507078
890984563589210113
890992268517265408
890992825776578560
890993366569287680
890994458359103490
891006709921189890
891010864068743168
891013960782143489
891015236521676800
891016699893264384
891017755394048001
891018886396751872
891025146357612545
891035195129856000
891036023081271296
891038714134016001
891042784714600448
891052234347237376
891052270539952128
891052346859548672
891054587486121984
891061265229123584
891062976500740096
891083292866486276
891093009407803394
891111349828431873
891113209154990080
891117582580842498
891148079776354304
891152985409105921
891154171168047104
891171753677864960
891179616311881729
891181192128716800
891186718539300864
891189711171178496
891207240064974848
891207695503699969
891211978722508800
891226935182929921
891231961250975744
891284336531714048
891290264559648770
891291849188683781
891303940943339525
891313744432594944
891321499973550080
891322088455364608
891330469048049664
891339494389161984
891346435110817793
891347592310697988
891350531674910720
891357741708693504
891375933239607296
891400330650427392
891403380752601090
891408350356754432
891410927593062400
891421290023800832
891424407251550209
891448156151586820
891448298417963008
891463816067784705
891510115299446784
891527481009860608
891528319442669569
891596006697050112
891604637538631681
891605224095232000
891612240637505536
891615885592592384
891633423244308481
891635894087798784
891640965844348929
891641205779554304
891644002654707714
891657276284702720
891658102512246786
891681089424674816
891682839682588672
891699941541781505
891738368396210176
891749530315743232
891769683828920320
891770027929677824
891775753154699265
891790142163177472
891792271141515265
891800541495480321
891802222182486016
891804391048531968
891822693741457409
891858127192297472
891871041697525760
891901334412283905
891910100075655168
891912150272421888
891915830757404672
891935041340755969
891953540473774080
891963069118599169
891969610471292928
891973045669175301
891973733958733824
892000822028062720
892004682884935682
892011141714632704
892012348348669952
892013956080029697
892015404805181441
892023826971844608
892062815124680704
892070691608055808
892080229002473472
892124961707511808
892137214913552384
892151131207598080
892153392772116481
892160674515865600
892162882607120384
892164029128601600
892165873292718080
892166377523597312
