892179023773798401
892238939821666304
892351991812419584
892372684457353217
892375093615226880
892977273627869186
893166067169857536
893170970357374976
893320792557187072
893330390001356801
893805769459548160
893917743942127616
894264379209900032
894462086587203584
894700438397878272
894701158979293184
895171374062477315
895184177540333568
895213173221052416
895357794815180800
895364968417251328
895369581304459265
895379194514984962
895385313304088576
895402112754077698
895527794226192384
895560587400302593
895565454474756096
895605777263718401
895637620411310080
895682431944192000
895699924276457476
895857015787896834
895857208574869504
896035385532436480
896497384234110982
896667650855763968
896789633413005312
896964508605792256
897125390942064640
897135234801586176
897361823640334337
897361856859258880
897783675617783808
897805568068521985
897816483849359361
897842817275277313
897884269971943425
897898196734574593
898887648583888900
899219825318297600
899898088726331392
900326814131859456
900355788362760194
901011179988037632
901074735253082112
901352021114093568
901355425651732480
901747637937950720
901798610073001984
902231560044199937
902237032709279744
902472785775267841
902472931258896384
902480468850999299
902492782492864513
902509077762371584
902558127236804608
903210087703085057
903211033560526848
903212875682021377
903213982143610880
903215222831362049
903226025819209729
903233304874414082
903233996947156994
903240502736191488
903241699778056197
903243400987717636
903248295727943680
903251862182383616
903263400679153665
903263900241719300
903270604425633792
903275225709768704
903276613185531904
903278938482466817
903282382865883139
903284421301850112
903300063522410496
903301909037154304
903305507326263297
903305631028924418
903307385950830593
903311622172704770
903318388004532226
903323283621388289
903324861505953792
903327883908743170
903346054078267393
903346658032967680
903391080745447429
