903573608055889920
903637569081974784
903695266355621888
903833992981565440
904033300414480384
904089630768844804
904204892973047809
904323977874739200
904344078225203200
904388439264649217
904432218629705729
904524702558846977
904599914809843712
904615702174343168
904722093215948802
904888664546832384
904894434227228672
904932809172815872
904990390566117376
904993414365667328
905342332224114689
905375546070114304
905400353709023232
905411060575989760
905413446405038082
905547895042170880
905596489849856000
905702598602137600
905795011266183173
905866040558669824
905918721448968192
906094285212213252
906099936336519168
906126357112827905
906156443677728769
906210820492845060
906211433951764480
906259381548875777
906279013425057793
906293451716608001
906311189163999232
906316746616795136
906342888056827904
906358062616739841
906403533066563585
906408123740577792
906435274728652802
906442210828316672
906452212905381888
906456800718811136
906461749188075520
906464389900984320
906502449447489536
906556553880379392
906559829623414785
906846337924177921
906946107963351040
906958912200380416
907024762353934342
907057843643092993
907295413232734208
907348362554433537
907413920368926722
907444609806209025
907458733541937153
907471526131314689
907543371195060226
907552952705015808
907563351227723776
907614541160251392
907617254342193153
907623399836418048
907676075261603841
907678237433778176
907716781409632256
907817021060067328
907891717894017024
907895376975237120
907900511222976512
908076493473021953
908077766691758080
908136677385932800
908197405451079680
908272928202088448
908294260721639424
908299219655634944
908330665724088320
908350644741824513
908395791831719937
908408429336780801
908434641127841792
908552755274424320
908571656473341952
908647443583168512
908725255660695552
908755070019182592
908765382558797829
908829661748228102
908829867063627776
908857483728265216
908858304868229120
908861044977655810
908871763114594304
908907871051579392
908915235393859590
908920804586405893
908984412896772096
909033523587293186
909039306693578752
909102066068488192
909222094873010176
909447990024245248
909568030182723584
909791390254665728
909798432071708674
909837184940769286
910021048988467200
910170407734513664
910172346723352576
910260612101533697
910408696181559296
910469618438942721
910532787186409473
910549122314379264
910564453367902212
910703189162422272
910719404362682368
910740395604287493
910742466306953216
910861762689462272
910872725027217409
910907928277868544
910993659503329280
911218512261255168
911219143101288448
911333252056649728
911470433081233409
911551077786537984
911553753366409216
911591006767894529
911633433314676738
911634916076638208
911653269927276545
911738337530191873
911817676992937984
911821371746934785
911893091015151616
912054200464486402
912057715219881985
912058293304070145
912058428369104899
912113890883903488
912180010747858944
912237853555519488
912238266711265280
912374126081437696
912410046516137984
912428826109579265
912541181266993152
912654463294349312
912812552698163201
912894810742300674
912962626342096896
912975181601050624
913069499301146626
913206219774595072
913310493946691584
913493526674935808
913494792943874048
913511218232651777
913618693921345536
913650086655209472
913682246183395328
913753859163484160
913833340804907008
913876142834163712
913926353694580736
913929129254203392
913929903313162240
914059946467090432
914085821522825217
914126404802846720
914200709398171648
914269456557277185
