1068663797303382016
1068679058953768960
1068685238845538305
1068699495670591489
1068709965907591168
1068711584946622464
1068744738394771456
1068845755249631237
1068863324794834944
1068889865486503942
1068893255343980544
1068917568868630528
1068919507500990464
1068939881210998784
1068941288941047809
1068947323185741825
1068962180899487749
1068989853524586496
1068991994712784909
1068998610371690496
1068998646467833856
1069005415495753729
1069011067458719744
1069014309236224000
1069017429362262016
1069025983230025728
1069037883732955136
1069038400919998467
1069058278527778824
1069072225012236288
1069079538653642752
1069079984059424769
1069082384031612928
1069094737540304899
1069110594920271872
1069117265138860032
1069146345523634176
1069244700622770176
1069291181237051392
1069292384050208770
1069303883577597952
1069309430531948544
1069316228261560321
1069320241333731328
1069328519249809408
1069349375003017216
1069372131606171649
1069375201417314304
1069377824597950464
1069378565249138688
1069459538364039168
1069595510179282945
1069620819033231360
1069662306206797824
1069666688352772097
1069730205621723138
1069732327935365120
1069735237956046848
1069848438450216960
1070009977442463744
1070063999180464128
1070068875973165057
1070077289306574849
1070082640508841985
1070083010777600001
1070083293889077254
1070084496395972608
1070084846612033536
1070086342741237763
1070086660652785665
1070086793209368576
1070087214711889920
1070087949574905857
1070089248525729793
1070089652881801217
1070090912850563072
1070090979942850565
1070092600210800648
1070093416397070337
1070093595514953728
1070093681913356288
1070095878478692353
1070096408198418432
1070096532374843393
1070096562125201411
1070096929156202496
1070096986194497539
1070097010512941058
1070097112023662600
1070098109848477696
1070098157642625025
1070098279705309189
1070098720124006400
1070100459493433347
1070101078148964352
1070102081019744256
1070102525611663360
1070102805803786241
1070106438486253568
1070106861272207365
1070107842743545856
1070110850466439169
1070112107092369408
1070113316696027136
1070113626269216768
1070114145524043776
1070114668117680128
1070116297604849665
1070116748051931137
1070118399362154496
1070118771837362176
1070119142609575936
1070120768305065984
1070122039183314944
1070123050006470657
1070123992881815553
1070126770375049217
1070126884447498242
1070126980090093568
1070127902413459456
1070128189299658752
1070131004092936192
1070131372772245509
1070132539212218368
1070133310553153536
1070136944913465344
1070139106636763136
1070141897967132673
1070141901716815877
1070143152055443456
1070147591726342144
1070148156288106496
1070148383602499584
1070148648284041217
1070149221196722176
1070150566343528448
1070150681649143809
1070150721079787520
1070151321725095936
1070151688286162945
1070153240627445761
1070153287167467520
1070155932502511616
1070158494802661376
1070159136145448960
1070159358405693441
1070160620509638657
1070161492488712192
1070164677206794242
1070165699807666177
1070168380383014912
1070169229293428736
1070172453454831617
1070179991902666753
1070183051609694208
1070183423661101056
1070183431231815680
1070188923664678912
1070190408431534080
1070199283993894913
1070210699211747328
1070218041332387841
1070225427082432518
1070234810583523328
1070244073309523968
1070270337613348864
1070271660496965632
1070278683452194816
1070282847544590336
1070284099120697344
1070290490447331328
1070290601990590464
1070296471461920768
1070303656317214721
1070303892062265344
1070311107531812864
1070311558411182080
1070312308331737090
1070313426164072448
1070314244003020800
1070315325730816002
1070315470849400832
1070315656208441344
1070316949765283840
1070317439223771136
1070322338993004546
1070327620477337601
1070329000424325120
1070334249172168705
1070335380749193218
1070339794453057538
1070342126477565954
1070343054240960513
1070350575907282945
1070362067469766656
1070369985476878337
1070370137297960960
1070371517236699136
1070380941003112449
1070388238639136768
1070405819924004864
1070416739555569664
1070422525421805568
1070430824250650644
1070443320768380929
1070452076625313793
1070462359989248000
1070463904730492928
1070467745869979648
1070469771714547712
1070492483870646272
1070497784636297216
1070678690865078272
1070755202523906049
1070757180108767232
1070761943605133313
1070775653509804034
1070790063057858560
1070818487856234498
1070842088336564224
1071060420339924992
1071072582852636672
1071089670572920832
1071160624372178946
1071193165875634177
1071223593428639745
1071334985364332546
1071558399333199872
1071560214426591233
1071589911768260609
1071593766790803456
1071626479409221633
1071646425405120513
1071826259993337856
1071840667800887302
1071867211919319041
1071974901492473856
1071982713245220864
1072049028689551360
1072114104582766592
1072135048420384768
1072142892867538944
1072173723489316865
1072185280101273600
1072190788208078849
1072192619420246017
1072234083118399491
1072247307553394689
1072250638845775873
1072288709679177728
1072297390227537921
1072312181859979265
1072313007705915392
1072323340382203904
1072323420916977664
1072326439129608192
1072328827794350080
1072331730634317824
1072354733908733952
1072366285856653313
1072407157662982144
1072427196797587456
1072437076036124673
1072448307153289216
1072485836103528448
1072495197811105792
1072516094643052544
1072530047116996609
1072530663155359745
1072552925241724930
1072558952032948226
1072559039773663232
1072604682554667008
1072676169823195136
1072676177855373312
1072676212600913920
1072845012382203905
1073149201188413440
1073250924968128512
1073305557879074816
1073317822829289472
1073343243692138496
1073386457593597952
1073436024196325376
1073530109590687749
1073551067097362433
1073587007782236160
1073608360623255553
1073625985084522499
1073634368894181376
1073636516973473800
1073639858160263169
1073668402055692288
1073675822215692289
1073707791628582913
1073718510570926080
1073721658806943744
1073728901329928197
1073729530282590208
1073738909140447233
1073770673061941248
1073784578421096448
1073790668034793474
1073832264289697792
1073832271017168896
1073852524027961344
1073879706892681218
1073952853897539586
1073978402909114369
1074082907939991553
1074145334484525056
1074146809818173447
1074149603677736961
1074150977312219137
1074153948133711872
1074154113800245250
1074158865963474946
1074159256012648448
1074161523889598464
1074162450403127296
1074163637793800192
1074165777723469824
1074169191048060929
1074170117603373057
1074171805139697664
1074173988920836097
1074174297189638145
1074177473129066497
1074184045624549376
1074187026096898049
1074191011948113920
1074194414787051520
1074196194421665792
1074204312501395456
1074204465178263552
1074205889119297536
1074217291775123456
1074223468722307072
1074228916712292352
1074240625917202432
1074244322789351425
1074246248402743296
1074253755347034113
1074257109116571648
1074258263837937664
1074258792739532800
1074266115537338368
1074277622203514885
1074277779083022336
1074278879236423681
1074279908925419520
1074281583295819776
1074286670143504384
1074289831814066176
1074289969403973632
1074293610902945793
1074303504414531584
1074312256240918528
1074312489448468480
1074312991938633729
1074317052440121346
1074320577756889089
1074321675834064896
1074325017008201728
1074338502949724160
1074338639260323840
1074344787703201794
1074345982224064512
1074351800562708487
1074355717220524032
1074358790806478848
1074365934956089344
1074375435897716737
1074378064048635904
1074392760881418240
1074420339692765186
1074422732132093954
1074430149733568525
1074436749072441344
1074445092197302273
1074454035900583936
1074504815932100609
1074537005743292416
1074537109958979584
1074537519306354688
1074591544471183361
1074676240517394433
1074676432167714817
1074677656870940672
1074677965164855297
1074681910734004225
1074685647464603648
1074686268624244737
1074687043723247616
1074687105412939776
1074688710573203456
1074690898716442625
1074693873748840448
1074695939435175937
1074697450663874561
1074698672888197120
1074701926850314243
1074705582966239232
1074705929013223424
1074718620545105921
1074723284636160004
1074727381213028352
1074729602927386624
1074730319297671168
1074732741093150720
1074736549949071360
1074758532296204289
1074761219175702528
1074762230837731330
1074762443912605698
1074763471508684803
1074764841376714752
1074768734517125127
1074769540662353926
1074770362317955072
1074771916320313344
1074774210202005512
1074778682152140800
1074778793737416705
1074778888922951680
1074779032363819009
1074783868824170496
1074785628334800898
1074786101439676417
1074788684749303808
1074792124896419843
1074795835186122752
1074799202805342209
1074800131390738434
1074800789896527877
1074802918526730240
1074804492242219008
1074807336789860352
1074812348592869376
1074813204650516481
1074813379938803712
1074817777259765760
1074818940767895553
1074819053989048320
1074822338552782848
1074833862008614913
1074837114670473218
1074847581581307904
1074853936761397249
1074855681080070144
1074856249106132992
1074857017502658561
1074861072119545857
1074861408104431617
1074865525199638528
1074873335824220166
1074873960783929345
1074878626548477952
1074882461379805184
1074886950937604097
1074889170370334721
1074889681043509248
1074891914510360576
1074893755826622464
1074903170344775680
1074909417370353666
1074944184371445761
1074963029773705216
1074966209051983873
1074986021706784768
1075001020944650240
1075006338508288002
1075016956770684928
1075022757107101696
1075023999833399296
1075025106487910402
1075025794597048321
1075027589352300545
1075034322057478145
1075061064495177731
1075150234563608576
1075156532306661376
1075242490796670977
1075279024664936448
1075343016125173761
1075357086740070400
1075433639918428160
1075438608918765578
1075448142550708224
1075450525368418309
1075458296985911298
1075503949472423936
1075687370576576512
1075742214439878656
1075779342561624064
1075794680137297920
1075858689028968451
1075858879433588737
1075911186204540930
1075952688402059269
1075970837151444992
1076013781648576512
1076014007872602112
1076033861249773568
1076036415950110720
1076099597276200960
1076101976692264966
1076107610301124608
1076108217791512582
1076108948036640769
1076179613657845760
1076216890543034373
1076234743606374400
1076243466080972800
1076264173758238722
1076308765106786304
1076351365818011649
1076362601901240321
1076375494784774144
1076392818963173376
1076429013701275648
1076501947082067969
1076550230324191232
1076561565023956992
1076642952565338112
1076712460550254592
1076764604162813953
1076804327971405824
1076873404375097346
1076891376128790528
1076927635505045504
1077055091536887815
1077055217806372865
1077182814062329856
1077190704751955969
1077215999789879297
1077216404514975746
1077218764637327360
1077227065173258246
1077232615080509440
1077236806003949568
1077249641022799872
1077250317543186435
1077264957765496832
1077295477618630656
1077309992859066370
1077346157825871872
1077416582714818560
1077428088085073921
1077449619934756864
1077450475190906880
1077483236501053442
1077682044799352832
1077685550411321347
1077873787662729216
1077925517028777984
1077932372795015168
1077958149963837445
1077976324742930436
1077990402928500738
1077990911689347072
1078048046724907008
1078057799505100800
1078085811315359745
1078086140404645893
1078087234706755585
1078088397372047360
1078088716982386689
1078090341025177601
1078092381524844544
1078093234428096512
1078093864236388352
1078094262703656960
1078095431211671554
1078095758388281346
1078097327888523265
1078100003443200001
1078100505472118784
1078100519758057472
1078101545269440512
1078103943560024064
1078105419128758273
1078106208924565504
1078106394279202816
1078106558716772353
1078110429652680704
1078111170366722048
1078111923638550528
1078118897516068865
1078123500777426944
1078125319821950976
1078127500469911553
1078127878791933955
1078128037336698886
1078128731913420801
1078130403343425536
1078131913704001537
1078132750031429632
1078140800989425664
1078150435339362304
1078151501950926848
1078156320765853697
1078158613359714304
1078163310984552453
1078163548377882629
1078164428774952965
1078165280646459392
1078167351777021952
1078172530907566080
1078175315514482689
1078178582474772480
1078181127133704192
1078181457250713601
1078182587603079168
1078182827076845568
1078182906382577664
1078193814085369856
1078206926712958976
1078211826528239616
1078244944324714497
1078245504260194305
1078252426530963456
1078253105182097408
1078255848231759883
1078257567061688320
1078268797021241344
1078270779953958912
1078272403162259461
1078273899287232518
1078277084018065408
1078278481560158209
1078279525929271296
1078281279978627075
1078296755291090944
1078304313418469376
1078305300346818562
1078310349865127937
1078311521355214849
1078321338954051584
1078324388208959488
1078325054210015232
1078325496344203264
1078326385540685830
1078328869839691776
1078331049166413824
1078334279237754880
1078336799162814464
1078336839428329472
1078353547836571648
1078355384539111424
1078357691809042433
1078365804863750144
1078369713971957760
1078371659713630208
1078375536068571136
1078377449929330688
1078378847064580096
1078382034324766720
1078387219310596097
1078393419729375232
1078393937302355968
1078403348095819779
1078404386596900865
1078404407572586497
1078407318830764040
1078408284355346434
1078434834706563072
1078437834489499649
1078438616286797830
1078450465644269568
1078457527564673024
1078481215336771584
1078485257391730688
1078485406268747776
1078492527781654528
1078496144542523392
1078505481491103744
1078510933222273024
1078591667727466497
1078610826049798144
1078657673481125894
1078662749834670080
1078710540581523456
1078710741329432576
1078714985713418240
1078735527740870657
1078739511490867201
1078783634314801157
1078786456632676356
1078801437029748738
1078807944077197312
1078814748899127296
1078825198177185792
1078826399564218368
1078863104216363008
1078880756330627072
1078886582193516544
1078912665341345792
1078915925590663168
1078939932540977152
1078974774183845889
1078988270212648960
1079020584636280832
1079030893971468289
1079040465775673344
1079047435480154112
1079049748965920768
1079093565244895232
1079094902003097600
1079096849762603008
1079096862043488257
1079098280095567872
1079099864259145729
1079099983826059265
1079104921352499200
1079105057218576384
1079106365698658305
1079129454537043970
1079129707571044352
1079130745246048257
1079132492165234690
1079134683710083077
1079136865586958337
1079142081204023296
1079142915442642945
1079143258947768320
1079151231078023168
1079153274119426054
1079154432166768641
1079160927457591298
1079163972128071680
1079174070325760000
1079180576081494017
1079182445499637760
1079192419126730752
1079193085601636355
1079196804695105536
1079198376300826625
1079200853045714945
1079214704738746368
1079219456767750144
1079234896130912256
1079240645259055105
1079246779403698176
1079328745771667456
1079336641129578496
1079347617186881536
1079374241391210496
1079393839671066626
1079406653286559744
1079412790367010816
1079465170932563968
1079505577183723520
1079537495434543104
1079537955948122114
1079540100495593472
1079547489622081537
1079570807045718016
1079572499006976001
1079574707710644225
1079575387619889152
1079576322958012416
1079653957851627522
1079656519296212994
1079678419452002304
1079711992317988865
1079774254646939648
1079775045466099712
1079786281843019779
1079789904912097285
1079794060997451777
1079804168003563521
1079804382508548096
1079804426796199941
1079828537765314562
1079855963228856320
1079856148889681921
1079857843174547459
1079873528823009280
1079873681910689792
