959052514304851968
959103630304423936
959103762794033152
959103997738020864
959113831690612736
959151740628230144
959322177081196548
959361421862633472
959411389457514496
959488152770560000
959656747433590784
959731945440665605
959823365434429440
959942246706634753
960135668985933825
960254564950773761
960385437301968897
960463979414999040
960607482900045826
960735815599992833
960736001369849856
960739788436336641
960789465378701312
960814229812137984
960823237046407168
960841957500243968
960851486547701760
960979703480967178
961018966880612352
961071921960927232
961078631337373696
961079407938101248
961079978778652672
961091520697913345
961103455321542656
961103579309371392
961109893431398401
961180856416194561
961240915481382912
961290232137072640
961291158235242497
961330188737855488
961526369749528577
961591661632487431
961607307267268613
961623816467185664
961633361407115266
961683397184811009
961700814627721218
961712869485219840
961827850457309184
961855003114680320
961920089481142272
962158267232219136
962212183772819456
962290375250644992
962542518457028609
962542626368081920
962542720974770177
962578152320008192
962581591544549377
962582085302128642
962587284976652288
962590525101572096
962594078926962688
962669836424896512
962814397319180288
962884598215528448
963067690930851840
963128643395481602
963140653772189696
963371371538591744
963372207446614021
963695215839268864
963800574230605824
963805718536249344
963823499046506502
963856709956587520
963894202445811712
964049359783505920
964108907164598273
964167434088472576
964424309597814784
964424346507739138
964896544939012097
964896727898710016
964946463972253697
964962713410719744
964969768775188480
965218886529507329
965594372208300032
965689950468321280
965700505858015232
965712900022300672
966267788473094145
966419191065559040
966421140569669632
966611678581460993
966623056474013696
966627851368914946
966630277383585792
966680282211504130
966714863895633920
966782980680310784
966934482702893057
966984278721605632
967142910780166144
967315287744925696
967394186809966593
967397955387891712
967506310261628930
967696192628051968
967724883340705793
967776208741117953
967798889322434560
967874481137078274
967878396129824770
968016769117052928
968020048693661696
968027499430113281
968056221185073153
968076620195123200
968121114764472322
968138888849035264
968168042592178176
968732217433354240
968882267132219392
968907813404729344
968909625327222784
