1057872483351781376
1058014493232513025
1058035543173255168
1058207183769350145
1058347942086553600
1058397481837322241
1058725304754069505
1058725438678216704
1058740313358041088
1058777035617767425
1058781917905072129
1058839593355624449
1058888706575130624
1058898124456910850
1058954458158100480
1059007608382726144
1059014585607430144
1059046980398268416
1059078167489581062
1059242439385509888
1059242493198393344
1059289903924686850
1059416747655159808
1059471534044143619
1059545891084910593
1059564160244170752
1060098105599844352
1060178333852327936
1060190350617104384
1060195922225750017
1060299910342500359
1060407357245599744
1060408163650822144
1060553683350413312
1060571730174009344
1060893582494588928
1060895133263048704
1060896891955687429
1061164981780017152
1061227097727754240
1061271686371172352
1061283770739773441
1061407823492509697
1061525344685936640
1061535361069834241
1061550185417822208
1061574218767167490
1061585536232579072
1062012493734662145
1062031943980761094
1062061790245339137
1062156002693267457
1062239857722847233
1062250833100697600
1062305615211454464
1062346916091125760
1062348136641814528
1062348332931133440
1062421694919380999
1062431686334574594
1062650521205514241
1062657280326426624
1062667386522923009
1062679911528194048
1062719967118843904
1062734715961139200
1062764547965100040
1062789953711759361
1062885546102415360
1062887871139348481
1062888148248649728
1063066167940571137
1063083059023613953
1063083696780124160
1063147170856079360
1063245818784813056
1063459470338998272
1063726454549168140
1063893274623205379
1063923458491453440
1064152987579371521
1064299625274855424
1064302073272049665
1064402178738192385
1064548272189161474
1064549470946365440
1064550574891433985
1064560439881797634
1064602809511931905
1064612297010802688
1064621367209930752
1064966270288887809
1065200706272010241
1065239942744428544
1065287972977807360
1065537937952161792
1065551065276276738
1065609251899490304
1065632171132575744
1065632299746639873
1065640333516492801
1065645312553832448
1065662435716038656
1065685812350726144
1065711179065118720
1065752136451932165
1065836287196721152
1065840470184480770
1065845165703614464
1065863531700998144
1065877631269249024
1065891601682116609
1065918841987821568
1065931121261654016
1065989385164750848
1066185753653239808
1066241885616902144
1066547582711812103
1066629144878952448
1066633511535144961
1066645165853614080
1066669926524641285
1066849088287588352
1066849927576387585
1066923624018280448
1066948658728333312
1067064774519750656
1067126440406204416
1067158169493925888
1067192246964023301
1067221063065464833
1067255935276474368
1067260447173181441
1067307979538669568
1067366957740158976
1067381394978926592
1067505486264713216
1067715496664055809
1067739613698056194
1067799850157109248
1067834227528540161
1067847816679170049
1067847872450895872
1067909969138331648
1068083415759634432
1068103548431450113
1068201140343488513
1068203171955257345
1068319507259654145
1068415419269242880
