1013761460688904197
1014138646075670528
1014262176717197312
1014675751839379456
1014726083504103424
1014985795655041029
1015002400032219140
1015294445229572096
1015627677456261121
1015756658184634369
1015974983632375808
1016221250274906112
1016249148541005824
1016310289615052802
1016335710557818882
1016352693294526464
1016357013423521794
1016434925841481728
1016438974347292672
1017038693704454147
1017114747995639822
1017521993959202816
1017522367273295872
1017640751495172097
1017945590469201921
1018064870393241600
1018194412197867527
1018199307806232576
1018200502155337728
1018221247363239936
1018225840130322433
1018242919319396357
1018244064372822016
1018287970321776640
1018512626156834816
1018582758619320320
1018646935652233217
1018654414117134336
1019271098414886917
1019435289549262849
1019435594840203270
1019443454940594177
1019766764471799810
1019940517726040065
1020013789306007552
1020429330772455424
1020584137860702210
1020685455488978944
1020702878623821824
1020753478694703105
1021094635001835521
1021466632013545472
1021493197514661889
1021517727045963782
1021640730723446784
1021746397777936384
1021748292122685442
1021767778846560256
1022128505960595456
1022133759318130688
1022138837370331137
1022218227554893824
1022252023163625472
1022254362771509248
1022282459147366400
1022298444902281217
1022388799429648384
1022466693942190080
1022514277884645376
1022628652683550725
1022637126968590336
1022669341337296896
1022731940900864000
1022738920625332225
1022750423504089088
1022774697191063553
1022792677761409024
1022841401854361601
1022842602163511296
1022853529579520000
1022866755465740288
1022891275056369664
1022914051289034753
1022931379212808192
1023124786120019968
1023146700506951680
1023150693916368897
1023152763381866496
1023185165630287872
1023192040950120448
1023212443907096577
1023224860946907146
1023250309475385350
1023297731924844544
1023380358920720384
1023383412768428032
1023437206814437376
1023478399891894273
1023548399063322624
1023584884059762688
1023654845390180352
1023656699347984384
1023675969448501248
1023679717256323072
1023706209738665984
1023749072606310400
1023794192827408384
1023858985596841984
1023912036001038337
1023951134032048129
1023971761195376646
1023974984966922242
1023980193017253888
1023992615291838465
1024013290253570049
1024042864592998401
1024043907024183296
1024059443972132866
1024068192786964480
1024070506021089280
1024085293043933184
1024090629897433088
1024094436635144193
1024097803822424064
1024114207309156353
1024117123617103874
1024118527865831424
1024123118116323329
1024133096353030151
1024153252936310784
1024198224569982977
1024201724012187648
1024249133736120320
1024252335386750977
1024263721265319937
1024264406190960640
1024265080614076416
1024265087350177794
1024265164512612357
1024269265715769345
1024270050289766401
1024270998378504192
1024273172290592768
1024273623190855680
1024274688514637828
1024277993215156224
1024286155343376384
1024287606169853957
1024287748750864384
1024289374031241216
1024289642877779968
1024296011525758977
1024300025898131456
1024301175565414402
1024306420936716294
1024306627317358592
1024311361835126788
1024321040204218368
1024321904461533184
1024326343494750208
1024326907595087872
1024333188590592000
1024333531252699136
1024333753982889985
1024335193040211969
1024336264701587459
1024336863195222018
1024341509674393600
1024342771723718656
1024346799937449984
1024350461128835074
1024359018771427329
1024359663028994048
1024375152153440257
1024377284562747392
1024386948230770689
1024389263478030337
1024432794926112768
1024443572156870656
