870071878764945408
870083001329135616
870101124786909184
870105350137151488
870108052921344000
870108134311772160
870134872572121088
870140755494313984
870207714433150977
870213010798915584
870287689517383680
870319196730662912
870349640188788736
870350805836091392
870355142347849728
870411736922243073
870414027431792640
870415456833859585
870416402221600769
870417195385401346
870426415291932673
870432977720938497
870758309313347584
870772532609073153
870808353232080896
870844380189523970
870916027739238400
870920404503851009
870930095854288896
870938802369564673
870940752725102592
870974815510941696
871008494798774273
871064059055099906
871077833929523200
871132497865711617
871136026927915009
871143308134727680
871147416765857792
871182528765468672
871185319240093697
871185869134110721
871210221229703173
871266179548979200
871310795610652672
871350258973986817
871353733728305152
871359827892592640
871392305206312961
871397923900334084
871413705371783169
871417739721572352
871426570539343872
871427025608654849
871436364926992384
871486107464105985
871488863134502912
871501572718698496
871509104203898880
871531667684503556
871537359354863616
871538758151221249
871540090241245184
871543462369280001
871543495613235200
871543667563134976
871546241599123457
871547600167620608
871548246924984320
871549926727073792
871550825591701504
871552076731559936
871552276380471296
871558131180072961
871563264202637313
871565965732990976
871577969432469505
871582740021473281
871597863834447872
871605510478340097
871610968962478080
871639280908509184
871644315969257472
871670888692760580
871671789717467137
871672174637182977
871672347966746624
871677770815991808
871681504493142017
871684805053775872
871688263249010696
871706012742549505
871707499627515904
871707858634768386
871708310361194496
871711796327059456
871742466243907584
871755138943397890
871761932587417600
871762067069513729
871775888987353088
871780194209726466
871783949193715712
871792737078484992
871824738804518916
871827305277956097
871829988361867264
871830867081125888
871837067528908800
871837798613102593
871838314084675584
871840110060417024
871851542491656196
871852807925772288
871853304925609984
871853773005570048
871854309876551680
871865955382566912
871866003625529344
871866282097901574
871866465808506880
871875029742571521
871875994591907840
871876067828649986
871881620663533568
871906268499369984
871933143930089472
871938112078856192
871945003752333312
871958777263669248
871969071818055680
871970753834516480
871983336465600517
871983371991212033
872007710287507457
872007789656379392
872011855904071680
872018633920315392
872038801375457280
872042569563348992
872054240218411010
872068250825351168
872079460144746497
872083589827002368
872086003779063808
872086226370789382
872090797671428097
872091630756478980
872093857504276480
872099943850409984
872102584181456896
872102619837288450
872110787803959296
872117880363593729
872119251922030592
872129979693322240
872132931220893696
872145337951162374
872146465413582848
872146604635152386
872153773564727297
872154153543454720
872172885737185282
872173645753442304
872174560505888770
872179441765556226
872179955215601664
872181473973022720
872199185218637824
872203201336029186
872219372353241088
872220025112993792
872221244392951810
872233102109814786
872236954926153728
872240311673683968
872240330141294592
872241684893110272
872245262407933953
872282543667593216
872283403143467009
872283516775563265
872284160618004481
872285478887620609
872285538887155712
872304713148096512
872325765349748738
872357563052023808
872365350519799808
872385491840241664
872406837714276352
872414422173700096
872431831173529602
872437166302871553
872446979745480710
872469561450393600
872488419871641600
872493749577895937
872501742813888513
872506278639050752
872506815233306625
872507314368106496
872508374251864067
872508482905399296
872509189213495297
872509899758075904
872509930778968065
872511728893997056
872518844899893248
872520824632168448
872520832190382096
872521373263970304
872521399667232768
872521523004833800
872521837556662283
872521967169044486
872522378638655492
872523732987764737
872523864693133312
872529034592124928
872531494513913862
872536515133542401
872538418470899712
872544988034461697
872547531523330048
872549552707969025
872549919256477696
872550986702835712
872551691375214592
872553418585391104
872556747587690496
872557341077626880
872558074145460225
872558387132850176
872560752300875776
872567096189882368
872567580212461568
872569090182873088
872569951667748864
872571911678644225
872572300692004864
872573187611131904
872573650238570497
872573860360708097
872574052879269889
872577974561906688
872578933769748480
872580675676901378
872580717217284097
872580815775043585
872582639022202880
872582976667873280
872584571774263296
872586714228953088
872587692743307267
872588274484875264
872591620704751616
872594741271052289
872596229020151809
872596505827434496
872596726456213504
872597022548819968
872597889947545601
872598019148926976
872598100094980097
872598742658142208
872599576036777984
872601137173680128
872602164341821440
872602676076449796
872603034240647168
872603618519678977
872604303051063296
872605358761672704
872606240412717057
872609078266212353
872609431002939394
872610350784364544
872610940352552960
872611201418702849
872611258041761792
872612205124091905
872612383797133312
872612878716620801
872613519618953216
872613654650384384
872614460799758336
872616248818794496
872619378218500096
872619626907271168
872622908119666688
872624200401526784
872624259553742848
872626796663111682
872627406120656896
872627981344137216
872628860701028353
872629550240464897
872629927731920902
872630779024728064
872631017403629568
872631511920644096
872633227374153728
872634246187241472
872634750753570816
872634941586190336
872635665095073792
872637956036726785
872639736921411585
872640954116825090
872641851697672192
872646291393794048
872646516602806272
872653113815166977
872653347509067776
872653564283305984
872653909478789120
872654210990460928
872654461461770242
872654774767714304
872655432434589696
872655554094784512
872656095990480896
872656181537452032
872656321212018692
872659227457732608
872659582266552321
872659659878014978
872660342744199168
872660956345769985
872661574963519489
872661705855299585
872662335013388288
872662594217099264
872663041342668800
872663093741985792
872663657473335296
872663675601080322
872664482899791872
872664876346298368
872665398532907009
872665822166040576
872666117000581120
872666746574032896
872667067203207171
872669250162311168
872669526139129858
872670178789646336
872671971015892992
872672302781136898
872673324089851904
872673623957483520
872674301778030592
872675978648014849
872676367481090049
872679931389423616
872680130199511040
872682288588312576
872683960857481217
872684431005372417
872691530292535296
872695139914964992
872696631811989504
872698335559331840
872701323979784192
872702839394623488
872720934452338689
872727940202586112
872736871973093376
872738254436667392
872738262825050112
872741820891049984
872743354710204416
872744076961079296
872744898209824768
872752683823767552
872753157612466176
872760832366653441
872763193336188929
872768113694998528
872769543101403136
872769776300560384
872770840378695680
872771612998864897
872772738737373184
872775115213348865
872776309356859392
872778901407268864
872780417228832768
872780753209372672
872781423047876609
872782165850951680
872787092882980864
872788129735901184
872795840942940160
872797545939980288
872797697924890624
872803433912430592
872805124212764672
872809285805367296
872811031474601984
872811972684853249
872815680034414594
872817655190867968
872821777268867073
872821839357071360
872822710090452992
872829427255656448
872834177330286601
872835879777304576
872842107068833792
872845381981413378
872851507347116033
872857886900146176
872862480992743426
872863690118365184
872863773597544449
872863891872780290
872865599784984576
872871135431589889
872874625511940096
872878576550518785
872886755841724416
872900085365035008
872904438872240129
872919502874431488
872919786002558978
872932312287203330
872935242029510657
872955878839898112
872961131358412803
872978657261867009
872992897766969344
872992912291893249
873002300121460736
873002929761996800
873003468654608385
873005463880839169
873006284307615744
873006849272016896
873008465748385795
873009797456646144
873013246847991809
873023449064628226
873042592295829504
873103005301694464
873103332109189125
873127543313899521
873146071261880321
873146162638966787
873147114183958529
873157331298775040
873157397338103808
873157489801539586
873158242658078720
873158893626699777
873169062704164864
873170079852220416
873191077293039616
873194893744766978
873196946508394496
873197285332660225
873198077217308672
873200349708001280
873204293612048385
873211365225377792
873217115158925314
873219821340459009
873222107668283392
873225872865726465
873228711415427072
873242661024665600
873266574848864256
873269089724223488
873283000984891394
873290468959948801
873298092082302976
873312024566091779
873314864290246656
873317492852215813
873319787534966784
873334214263017472
873335525406408704
873337763893886976
873345775455096832
873347299648327680
873349090347597824
873355339705585665
873358994236096512
873362615573106688
873369545834188800
873391134105493505
873396617960857600
873397862847086593
873403855253364736
873404620864798721
873407801678192641
873416849618329600
873427805282816000
873431973431197696
873442754084261888
873453628811509761
873453970060083202
873456053760827392
873457322550599681
873464554788990976
873469155936268288
873469222206283776
873470821485993984
873483480700784640
873485283446185985
873486115625476098
873489036098273282
873490488992641025
873491017919541254
873491356819349505
873492149102419968
873494221109551104
873497422617509888
873509145261035522
873509398609448960
873512801427488768
873516067561381888
873520224540254209
873525261026942976
873525991636905985
873526614532947969
873528102252462080
873535173450768385
873535310608691200
873535770304315392
873537213983854594
873542152772562944
873543695412461570
873543853147664386
873544613125959681
873544692901847041
873547227871956992
873548271406522368
873548923864068097
873550353874259968
873551244018671617
873551321927962624
873551662530666497
873552023446323200
873552154698690561
873552802961924096
873554687026278400
873555171980132352
873555521286156288
873556234699509760
873556543442231297
873556768059797505
873557985406013440
873558191833055232
873558195574366208
873558323076923392
873558414906933248
873558487053283331
873558623456251905
873558685863346180
873558704343437313
873559310835515392
873560530518200320
873561655032127488
873561687319756800
873561747713662976
873562441887752196
873562465774313472
873563167506485248
873563185927917569
873563412034240512
873563784895496192
873564261355843584
873564851695648769
873565018419326980
873565382077947904
873565714673565696
873565720122191873
873566214647193601
873567347621154818
873567462893256704
873567722088562688
873568182216380416
873568821809991680
873568914097176576
873569750026035201
873569906469388290
873569953886195713
873570097306247169
873570450470834176
873570674069188609
873570862347067392
873571667250991107
873572285889859584
873572579918979072
873572776631730176
873573453193981953
873575643434430464
873577037260242944
873578089149853697
873578142828552192
873578759760355328
873579600332324864
873580258032799744
873581247049682944
873582768315396097
873583399134527488
873583573365903360
873583797585027073
873584477380980736
873585752541601792
873586177433108480
873587059503624192
873587283038961665
873587665152692225
873588124013572096
873588354050383872
873588957849804800
873589008193945601
873589285852786688
873589704867930114
873589792503549952
873589849957310465
873590225355890688
873590334394998784
873590422488178689
873590553480482817
873591146865319936
873591158475182082
873591668460498944
873591878771331072
873592517148647424
873592532885569537
873592869449326592
873592908439592961
873593916293091328
873594233453674496
873594268660760577
873594985483870208
873595090320666624
873595268154839040
873595358751985664
873595434693873664
873595868015767552
873596162376433664
873596326403026947
873596335370457088
873596860732121088
873597149736456193
873597284386254850
873597299901034496
873597319614152704
873598128708079618
873598250019954688
873598566161412096
873599274994499585
873599474106609664
873599746019139585
873600121405157378
873600140216369152
873601193448165376
873601345676247044
873601349094649856
873601494607646723
873601817984237569
873601847545786368
873601959755993088
873602179960979457
873602200106225664
873602326778585093
873602611576000513
873602637257744385
873602914400579585
873603889999859712
873604183605235713
873604695864078337
873604952811331586
873605272861679617
873606485837844482
873606706478972928
873606736254468096
873606769360203782
873607048717455360
873607125053976578
873607609059823617
873608048195096578
873608168596754435
873608937404112896
873609404234559488
873609810100588544
873609993123094528
873610592501850112
873610682645700608
873610817283002373
873610960442802176
873611277419020288
873611307630637056
873611752570843136
873611978266132480
873612479070437378
873613021834346496
873613041950216192
873613170593738754
873613179674177536
873613752909918208
873613958011375616
873614158113120256
873614398690021376
873614475978342400
873614504948490240
873614510791196673
873614966317821952
873615298481577984
873615904570957824
873616182213058560
873616355865624577
873616446042984448
873616509389742081
873616896859549698
873617019853262848
873617076438548481
873617110878101505
873617127227502592
873617408212180993
873618093595144193
873618247068909568
873618561675272192
873618701752389634
873619335096422400
873619586318557185
873620008760299520
873620127832457216
873620395840200704
873620424348770304
873621018253963264
873621095890526210
873621286701936641
873621311007842304
873621680140111872
873623403143548929
873624143421419523
873624742791610368
873625072467976193
873625256178536448
873626598787829760
873626773703077889
873626879231655937
873626933086629889
873626962899513344
873627139031146497
873627147809701888
873627587377078272
873627677546004480
873627714657374208
873627766985551872
873628344868380672
873628577765502976
873628760100175873
873629020990169088
873629201764679684
873629305263337472
873629532711927808
873629883334840320
873630054588219392
873630121160314880
873630299007180802
873630311166431233
873630731427360768
873631284131753985
873631517448253440
873632306816315394
873632317729902592
873632332418297858
873632856848961536
873632889442906113
873632891632181248
873634482825306112
873634878339915776
873634952579100672
873635013413273601
873635178253516800
873635199204163584
873635590113120256
873635735173308417
873635809047580673
873635887086804992
873635974315749376
873636078191816704
873636186232946690
873636397944537088
873636727004446720
873637278337433601
873637293420036096
873637479244591104
873637572748034048
873638415828492291
873638644409659393
873639032806178816
873639320934006785
873639479508119552
873639640569450497
873639725697040384
873640827104317441
873641133708124160
873641198325334016
873641374884569089
873641910631518208
873641925173288960
873642215842525184
873642313154781184
873642400832528384
873642441932283905
873642960876916737
873642984243441666
873643025376755712
873643460322091010
873644320976515076
873644699717955584
873645078895616000
873645851905728512
873646151777501184
873646440798605312
873646453784281088
873646486059220992
873646533492830210
873646740443975681
873646978076360704
873647089233920000
873647431044476928
873647475508224000
873647732195569664
873647747324407810
873648170789740544
873648219565195265
873648464529436674
873648791257317380
873648994769145859
873649078575529984
873649101241556992
873649336537812993
873649539533512704
873649995886583808
873650530236674048
873650649761812480
873650757836447744
873651774833295360
873651864067162116
873652345422446592
873652848759910401
873653055203311616
873653159167754241
873653169712246784
873653177685610498
873653286892691456
873653474214412288
873653886912929792
873654976609828864
873655106197221376
873655870327881728
873655979040272385
873656464333836288
873656649705062400
873656669863120896
873657034348126208
873657098088980480
873657348048297988
873657485638369280
873658283487375362
873658857163182080
873659230796099584
873659633180696576
873659667506896896
873660426684309504
873661059047018496
873661287770636288
873661543228989440
873661665249775616
873661862386315264
873662381452296192
873662483134791680
873662652819439616
873663019607359488
873663115870609408
873663127384141824
873663303985364993
873663479701532672
873663581660762112
873664094175338496
873664182675279872
873664268675284992
873664341240930305
873664391388037120
873664443149938689
873664521998663682
873664758179926017
873664795035267072
873664857144295424
873664990489792513
873665005903790080
873665037495414788
873665060119433216
873665087390625793
873665181766762496
873665488798273536
873665503394381825
873665680889053186
873665706054881280
873665766473818112
873665826863403008
873666023555178496
873666027766382594
873666199292346369
873667100656652288
873667325073010688
873667329682485248
873667541058686976
873667817878454272
873668114826833920
873668157201928193
873668171462586369
873668579169841152
873668753220927496
873668938193932289
873669006154190848
873669011162189824
873669094633066496
873669129869438976
873669246873735168
873669332433285120
873669397461782530
873669479258914816
873669626051178496
873669905794703360
873669963801698304
873670451892858880
873670487141785600
873670594507587585
873670619283431424
873670632696725504
873670719086972928
873670839891148800
873671032384745474
873671049161744385
873671116291747840
873671125112209408
873671458144342017
873671796200833024
873672158622490624
873672257125724160
873672361567854592
873672425736728578
873672583874568192
873672611972214784
873672874552430592
873673364002398208
873673408902516736
873673702063394816
873673907160666112
873674034277478401
873674274619260928
873674291501572099
873674854255308800
873674882361552902
873675009864196096
873675177418256384
873675388207210496
873675454884061184
873675658290905089
873676110030131202
873676321402081280
873676362573393920
873676364632776704
873676415379439616
873676445570256897
873676560078954496
873676591951355904
873676667452968960
873676729965006852
873676902334177280
873676938400874498
873676939239837696
873676977844125697
873677231599628288
873677232413081600
873677281914474496
873677446754832390
873677807032905728
873677973983027200
873678113653354496
873678159350120448
873678488183734272
873678886227255296
873679123197153280
873679142524420097
873679744385953792
873679775830880256
873679884891049985
873679994777509888
873680024167206912
873680033373605889
873680163392831489
873680480909930496
873680498517659648
873680755657801729
873680766131085313
873680958624366592
873681129785638912
873681219115941890
873681300477161472
873681533281779712
873681575225032704
873681859582054401
873681904041689089
873681954364956673
873682268962918400
873682305012744192
873682305017139200
873682379256119297
873682560882225152
873682672845033472
873682709335461889
873682766466093056
873682954173788160
873683310404403203
873683445016342528
873683916065878016
873684366106521600
873684652573196290
873684896689963009
873685074100617216
873685155457773572
873685223837511680
873685435645546496
873685772444078080
873686252683501568
873686823976935424
873687253742211075
873687469694230528
873687849047998464
873687902752002049
873688180817444866
873688376683188228
873688770972983297
873688867441971200
873689075471069188
873689195855925249
873689786384560129
873689788074819584
873689806114406400
873690150471061504
873690437751414784
873690801850601472
873690850072461312
873690878174523397
873690969593577474
873691292148039681
873691519714299904
873691985902796801
873692709411794944
873692723617943552
873692788239380480
873692914945331203
873693090263031809
873694141342916608
873694660597862400
873694750372757504
873695413890498560
873695496501678080
873695995628015617
873696171394564097
873696762359197696
873697178010746880
873697190182563842
873697338665172993
873697592399482881
873697677569134593
873697707331923969
873697717389713409
873697772347604992
873698133909393410
873698148576878592
873698330613735424
873698335634464768
873698342789799936
873698465263607809
873698540312174592
873698697204420608
873699056236810241
873699184989265920
873699190873890816
873699226529570816
873699242866593799
873699295706456064
873699561843412993
873700433210089472
873700526323585024
873700816170909697
873700821611016193
873701062368141316
873701206232887296
873701371920478208
873701541768769536
873701613227081728
873702293409058816
873702319384395776
873702579594817537
873702841990381568
873702897787260929
873702948940820480
873703058022301697
873704114156314624
873704114198380548
873704184729583618
873704417815560192
873704892593995776
873704919441825793
873704993697783808
873705085125177345
873705131983896576
873705277740036096
873705354818924544
873705840531750912
873706139573256193
873706229318602752
873706315301957632
873706429823299584
873707785820790784
873707826090315776
873708216575827968
873708366367006720
873708494255529985
873708780319592449
873709336878616577
873709544513208320
873709578462023680
873709682480828416
873709769302978560
873710185965113345
873710262993420288
873710481072107520
873710560780722177
873710733179199488
873710832152137728
873711304418185218
873712029202337793
873712219632132096
873712317791326208
873712383587270656
873712545110077440
873712622721536000
873712714568187904
873712812706717698
873712872278437888
873713240961933312
873713285396287488
873713359639773188
873713445639774210
873714392285683712
873714603670335488
873714808759234562
873714843152392192
873714861212975105
873715267192401920
873715382766325760
873715440844984320
873715805325713408
873715953409949696
873716100625727489
873716496152891396
873716611886325765
873716795626184705
873716839653703681
873716974311944192
873717627755036676
873718006093942785
873718136880680960
873718991319072769
873719311352737793
873719555054383104
873719671219867649
873719907376091137
873719958118817792
873720251715923968
873720593979514880
873721059966500865
873721128761659392
873722026351099910
873722612261814275
873722842562670594
873723489726984197
873723601278701570
873723798415192064
873723818145087489
873724087830536192
873724632511037440
873725180870365185
873726143467311104
873726275592101888
873726667327283200
873726742007074816
873726973104709632
873727098090860544
873727119477559298
873727514581102592
873727583766106112
873728039716343808
873728355958484992
873728410891243520
873728663799427072
873729062283431936
873729276604026880
873729620125687809
873729739239727104
873730529870446594
873730983689945089
873731066724483072
873731615360471044
873731756851027968
873732484831133696
873732615701839872
873732762477502464
873732773416251392
873732863585341440
873732968870797312
873733062802022400
873733067852075008
873733388125032450
873733614781026305
873734057703727104
873734309332570112
873734571862274048
873734633979953152
873734761897902080
873734930936676352
873735111321300992
873735142333796352
873735200634568705
873735441828126720
873735833546772481
873736011414728706
873736231590305793
873736239135956992
873736473186586624
873736826367946752
873736897218187264
873737831352475648
873737914492039168
873738578748211200
873738712126980096
873738898740047872
873739027509264384
873739315037093892
873739419945127936
873739511930302464
873739618486583296
873739656654802945
873739706575409152
873739764133896192
873739846690328576
873739872686571520
873739889040392192
873739895747039232
873740547126681603
873740547961364480
873740613392281600
873740707776913408
873740781588287488
873740839284989953
873740981861982208
873741336490512384
873741477406310400
873741501741838336
873741694264586241
873741799529033729
873741832248799232
873741860346265603
873742014067519488
873742194645008385
873743719257653248
873743814065876992
873744230971318272
873744841682935808
873745059782549504
873745225021370368
873745500608090112
873745698545557504
873746135193726976
873746189715419136
873746240466563072
873746276105564160
873746667010260992
873746828516139008
873747000885485568
873747015192252416
873747180405837824
873747227377901568
873747514268274689
873747578659119106
873748557831864320
873748675251417090
873748925659918336
873749333748969472
873749692374368256
873750178498576384
873750668393185280
873750889005289472
873751453550223362
873752071392161792
873752107060514818
873752814182379520
873752982805819393
873753134220402689
873753213060567040
873754201679179776
873754477672767488
873754594681270272
873754884935266305
873755216709079040
873755709120421888
873756663295000576
873757240867659776
873757467787788288
873758526006370308
873759132095979520
873759251188940801
873759469292838912
873759804010881024
873760010802679808
873760028385099776
873760563586674688
873760574919897090
873761110536720386
873761258591338496
873761319828176898
873761667531853824
873761984889503744
873762825599975424
873763497917595648
873764252670083072
873764639632498688
873764934982656001
873765143771049985
873765212133900288
873765706650845184
873766346710028288
873766854711427072
873767034558922753
873767513976446976
873767526135730176
873767527406501888
873767638127833088
873767655341268992
873767660353458177
873767680167235588
873767784920096768
873768004307341312
873768166190571521
873768354514968576
873768992460034052
873770353318932480
873770573729378305
873771137863438336
873771432702074880
873771832914001920
873771901621030912
873771930599522305
873772103379468288
873772151618375680
873772900259512320
873773247153618944
873773779440324608
873773820120895488
873774050396524544
873774133431025664
873774277312618496
873774523908333569
873774972295983104
873775459238019072
873775603962359808
873775709654831104
873776249050726400
873778151146631169
873778491723923456
873778763087187968
873779429725663232
873779644327108609
873779759674646529
873780339184816128
873781181556244480
873782758182604804
873782994733060096
873783222911590400
873783627229810688
873785163595100160
873786566623334400
873787021273124865
873789648568557568
873790041578889216
873793454068744193
873793857963667456
873793865945202688
873795479083110401
873796457626705920
873797042711044098
873797692006305792
873797715490201600
873797886173220865
873798456187301888
873798529160015872
873798592934420480
873799525336469504
873801288626184192
873805576429596672
873806536505774081
873806547440214016
873806722753679360
873807521550434304
873809407506776065
873809509030014976
873809546787131392
873810231289143297
873810734173609984
873811765162913792
873816333586223104
873817578434576386
873818833617866752
873819927697870849
873820604201406464
873822630469668864
873823748708859904
873824302738456576
873824546855538688
873824791412621312
873826420862185472
873827449724850177
873828153541709824
873829378723074048
873830294725545985
873831155849711616
873831901991194626
873833611182710785
873833941677068289
873834684911931396
873835551455141888
873836329523703808
873838190498635776
873838226187988992
873839850188718080
873840907996594176
873841352617992192
873841381294227456
873842599588761600
873843733925576706
873844116211335173
873845904700317696
873846455827664896
873847114719219713
873848500974387200
873848684240400384
873849233266229248
873850263458676736
873850752887910400
873851063669067776
873851126575239168
873851241918582784
873851317017620480
873853003970772992
873856720937730048
873856992749604865
873857040967495680
873857814820728834
873858394481930240
873859268587511808
873861073811755008
873862267917520896
873864228767236097
873865983634571265
873866486556872705
873867681103065089
873867796421259265
873867942592745474
873867957893570561
873868238085664768
873869009439129600
873869299231842304
873869555516551168
873869924606849024
873869985189437440
873870141892706304
873870534475485184
873871035678044160
873872168161083392
873872180299386880
873872244472238081
873872348075655168
873872999035932672
873873090891141124
873873143332356096
873873215071936512
873873282990170113
873873795123228673
873873985959714816
873874379796602881
873874791287095297
873874872631345152
873876533596893184
873876647765831680
873877143327055873
873877321278771200
873877345182068736
873877701710491648
873878123653279750
873878613325733888
873880040882270208
873880496790482944
873880820586512385
873881322648989696
873881763898159104
873881853219938304
873881853647867904
873882349397823489
873882516356124673
873882606105903104
873882811614216193
873883850975444992
873885343589822464
873886029924761600
873886353725034501
873886529453780992
873886622575714304
873886802939006977
873886874645012480
873886928206213120
873886931691679747
873886947621687296
873887960965554176
873889027992301568
873890560184127488
873890967211978752
873891455680610304
873891564732510210
873891838599372800
873893998263324673
873894383300612096
873895315270766592
873896673394733056
873897205630894083
873898084744474624
873899702500024320
873899943660056576
873900128230227968
873900179824312320
873900238548987904
873900303971565569
873900759473115137
873901004827357184
873901201363947520
873901431383666688
873902094570467329
873902895619616770
873903143070842880
873903346838638592
873903515558707201
873903615383044097
873903757574021121
873904067495555073
873904166904541184
873904966758486019
873905399384223744
873905514568196096
873905915954688000
873905940285751296
873906910851977216
873907143216439296
873907179681656833
873908913212608514
873909081379151872
873909328423661569
873909734868430848
873910046907932672
873910431957393408
873911548057661444
873912295889424388
873913044576989185
873913426262859778
873914117903482881
873914243745271808
873914407302168578
873914466865426434
873914601934659585
873914964335104002
873915152642355200
873916001569697793
873916363458215936
873916595915169792
873916598402396161
873916598410772480
873916623584886785
873916677699674114
873917001474998272
873917045527781378
873917446943649792
873917922124496897
873918379308048384
873919217770397700
873920335107588096
873920435896729600
873920449226260480
873920616998588416
873921067869503488
873921578723151872
873921725960007682
873921991027208194
873922843322568704
873923002701934592
873923253097578497
873925006320971780
873925532332679169
873925547809570816
873925570870030336
873926449597747200
873926559064883200
873927095180709890
873927199954538497
873927709554036737
873928044272132096
873928206168068096
873928476260270080
873928844545097730
873929519811489792
873929580637302786
873931216419999744
873931262108499969
873931309923659776
873931832957575173
873931954177093634
873931973479235585
873932703288115200
873933513195696128
873934228764975104
873934294196072448
873934336134926337
873934586572677120
873934695578382336
873934894812082176
873934973648162816
873936086011129857
873936613616701440
873936690397806593
873936796522078209
873937444521091073
873937535960891392
873939408281640960
873939863816503296
873940178808651776
873940274829025280
873940312154132480
873940690497032192
873941193402535937
873941197164650497
873941344816951296
873941582638133249
873941723570896896
873942014814953474
873942691167571968
873942713812385792
873943024224661504
873943470477631489
873944042987413506
873944054739775488
873944058531655680
873944234667192321
873944603707179013
873944708220764160
873944839926161408
873945102489722880
873945170030587905
873945645668864000
873945828523745282
873945964838612992
873946186696335361
873946393483804674
873946666239504385
873946815850262528
873947429065850880
873947506245328896
873947721425661952
873947788110946304
873947950854045697
873947951269388289
873948147961262081
873948446176284673
873948685280751618
873949202170224643
873949203361300481
873949242699595776
873949517812518912
873949573609385984
873949845001777153
873949874776977409
873950068138795008
873950902813679616
873951050083860480
873951357018963968
873951623357153284
873951949695193093
873952525975789568
873952799888990210
873952802409730050
873952822521339904
873953079204298752
873953525855694849
873953598480175105
873953702473846784
873954071153192964
873954121111314432
873954284563574785
873954480949272577
873954757341175809
873955692264120320
873955709041422336
873956375533113349
873956427521552384
873956897296064513
873957034437345280
873957335600967681
873957398108663809
873957424922624000
873957769304584194
873958151388876800
873958223950249986
873958590117236736
873958877410328576
873958951259385856
873959098865393664
873959186534514688
873959260778049536
873959345087762434
873959614794027008
873959714173861888
873959875683942400
873960059386163201
873960447749365761
873960829015732224
873961094519418882
873961442235600897
873961893555191808
873962121289019392
873962357873143808
873962409697845248
873963119965388801
873963892967432192
873964213412253698
873964601389457409
873964832487243777
873965536291540993
873965541312131080
873965993051250688
873966016967127040
873966116808392705
873967057980796928
873967475305721857
873967515180965889
873967641827913730
873968679930802176
873968700910686210
873969031396548608
873969051537743873
873969338423939073
873969665587924992
873970204577026048
873970217566830592
873970551022399488
873970600091537414
873970833697452035
873971741370060805
873971760206622720
873972013970444288
873972314706026496
873972413293142016
873972613365846016
873972769171615744
873973045370793985
873973196768157696
873973552025923586
873973908554346503
873974092256423936
873974377884393474
873975007029940224
873975089699577857
873975440326758400
873975667649638402
873975714202124288
873975763279675392
873976255686815745
873976404995710977
873976612081082368
873976745979813888
873977713207410689
873978250476879872
873978333553405956
873978761342984192
873979759197290497
873981463749963776
873981783771160576
873982304695312388
873982672967798786
873982694367133697
873982868833415168
873982950639099909
873982977033854977
873983201881935872
873983227886788608
873983689033699329
873984433321279488
873984814977867776
873985344743645184
873985639997468672
873985650923642885
873985893786320896
873986427725467649
873987320235663360
873987576536993792
873987696905138176
873987859212062720
873988084894924801
873988177563979777
873988470326280192
873988794537484288
873988931687243782
873989141431599104
873989422445981696
873989456004599808
873989556239912960
873989891968946176
873990095644348416
873990340583280645
873990643839905792
873990722243973121
873990935348215811
873990950418137088
873991056139755520
873991231444967424
873991280505872384
873991426069192704
873991559859105792
873991966408585218
873992375210618880
873992566919774208
873992669927809024
873992686881124352
873993169192529920
873993325195472896
873993415855394821
873993567240421377
873993685523976192
873993685939171329
873993715718778888
873993997596991488
873996044400570368
873996305311428608
873996963380940800
873997539271487489
873997895757967360
873998118496415745
873998775328673792
873999612939575296
873999697634934784
874000127987511296
874000250452680704
874000507576229888
874000947969753088
874001129591513089
874001182838194176
874001194599022593
874001783475101700
874001991080476673
874002176049373185
874004245942501376
874004605411221504
874006521339932674
874007204206084097
874007249915494401
874007418098900993
874007641223069696
874008167050563588
874009570183696384
874009601246613504
874009602089656320
874009724949331969
874010085667876864
874010570961424384
874010625889972224
874011106985074688
874011308735287296
874011411504082945
874012723058814976
874013124470484994
874013413839687680
874015461951885312
874015639337402370
874016947977035776
874017538547605504
874018288908488704
874018559437017089
874019424713531392
874019556834017282
874019857133654016
874023641675182086
874024177291976705
874028282672553986
874028409701097472
874029286780534790
874031832723070978
874032064667975680
874033260875177986
874033327174504448
874034413486698497
874034566503256066
874034773345394688
874035106368942080
874035202015850496
874035808084402178
874036323979468802
874036513411141636
874038064678674433
874038450923741184
874038838909448192
874038992001531904
874039504956518400
874040945276313600
874040978423914496
874041037534236672
874041577349541888
874041978727538688
874042516047360001
874042587346292736
874043075575894016
874043392958889985
874043422830505984
874043794475294721
874044028936900608
874044645474488320
874044732745363456
874045652132671488
874046063149187074
874046114323992576
874046418008383488
874046803859062786
874049034826256384
874049035249823749
874049749250301953
874051889058521096
874053433371709440
874053844883386368
874054011351158785
874056098017398784
874057827358298112
874059520179408896
874059773481713665
874060106966740992
874062880995397632
874063820594872320
874064589838614528
874064874808123393
874065324672335872
874065526846140416
874066615264055296
874067082924654593
874067259089711105
874067302278365184
874067444884787201
874067505286963200
874067552254799873
874067618935734272
874067943998373888
874068060172410880
874068063141998592
874068238426140674
874068719949021186
874068821392470021
874069757225349120
874069886225440768
874070087304716288
874070229898416128
874070568064081921
874070915163631616
874071503716929536
874071969683185664
874071993615876096
874072082941915140
874072441122934785
874072911740416000
874073137398382592
874074233789267968
874074260641378305
874074510202241024
874074784925179904
874075762168549377
874077652986060801
874077854727852032
874078826950787072
874080088173801472
874080190124613633
874080209846362114
874080719852625921
874081434826395648
874083638652149761
874084238915751936
874084940983488512
874086244992643072
874087743197937664
874087976816574468
874088387023654912
874088541831262208
874089371854446592
874089434374848512
874089881873506304
874089905948774401
874089941881442305
874089946080043008
874090083657416705
874090348175269888
874090483374489600
874090524466130944
874090896504930304
874091144870809601
874092099427328001
874092148932653057
874092549039939584
874092570015666176
874092620766629888
874093928965865473
874095442707009538
874095603323510785
874096661584257024
874097589360132096
874098202567258112
874099587111198720
874099744779272192
874099805206831104
874101554223095809
874102721913036800
874104423114457088
874104699418361861
874106683861204993
874106862114807809
874107351598383105
874109400524500992
874109606460608513
874109921876422660
874110964131655680
874113845610115073
874114377032642561
874117935509450753
874118707252940800
874119143037050880
874119996137365505
874120312421482496
874120505359466497
874125391585325058
874125768959209472
874126457064357888
874126847986061312
874128608733691908
874128794331881472
874130323776258049
874132877696540672
874135965555666944
874136061609259008
874137114803351552
874145219024912389
874146619066785792
874157870312337408
874162837039575040
874165911619588096
874167446755823616
874168634154921984
874168875730038784
874175304352354304
874178533139992580
874180438159482880
874183662752980992
874188258892292096
874190417687973888
874198058459951104
874200130852982784
874201488960225285
874201660079218688
874207418435211265
874210454310182913
874211579218337793
874212595473035265
874213279987531777
874214256866144256
874219865879588864
874220557100830720
874221063772577792
874225674428571648
874226195512139777
874228733086924800
874228797222125568
874237127973715969
874239741029494784
874242741378711552
874244343858638849
874244782473715712
874245182253924352
874246153281339392
874246835241615360
874246983330000896
874248628315058177
874249026371235840
874249116947185664
874250738918150144
874251591351754754
874251810130862080
874254528454971393
874255025891155968
874255339209805825
874255460412653568
874256343322038274
874257160561209344
874257745473437697
874259120374853632
874259604405862400
874263089876619264
874264476521988096
874265224055881728
874266876011888640
874266982585171968
874267861744836609
874268226649194496
874269254002102272
874269894275063809
874270262560264193
874271035125710849
874272322806583297
874273955737161729
874276959659884544
874276975543803904
874277180204863488
874277959078694916
874277976275394561
874278808043626497
874285241661259776
874285461048627201
874288702398152705
874288906656763905
874289212295528449
874293360567169026
874293762398334976
874295909026217984
874297079245357056
874300354179018752
874301464491032578
874303473487142912
874308735224528897
874310288786378753
874314959143960576
874315892372500481
874316517734834176
874319283496603648
874319335082385411
874320015796953089
874320055219007489
874322428385734656
874323495383175171
874328471111184385
874329331371315202
874330260816441344
874332319363997698
874332776140611584
874332821019435008
874334989063774209
874335612169404416
874335615252398080
874335648253181952
874337194822877184
874337525359194112
874340707154178048
874343043385573378
874349167484649476
874349196400349185
874351271356112896
874352480120745984
874353596657270788
874353818149978113
874357087563915267
874359220820295680
874360224936853504
874361395546005504
874362449784438785
874362942824734720
874363838740803584
874364248930926592
874364702347993089
874367134201241600
874367412677877764
874368851747774465
874369136150708224
874372165243736066
874373020890128384
874373352680378368
874373787634073601
874374274567598081
874374439416324097
874374926781861888
874377481142366210
874378581299875840
874381995891200000
874384432748253184
874385032542117890
874387039084462080
874389925608771585
874392175441723392
874393720619225088
874394178230394882
874396994231468033
874398252136878081
874400875271290880
874402899874398208
874404174951313408
874405918921850882
874406478437912576
874407614683205633
874409091908501504
874414182115835905
874414749206708224
874414925363372032
874415230297800705
874417812697001984
874419417454714886
874419466540638209
874421639584337920
874422289311334401
874424063921442816
874424472433942529
874425567147417600
874427458363289600
874427998178619393
874428449481310208
874428656646463488
874429684691480576
874435225803247617
874436240396832768
874436890065342467
874440302978846721
874440334025084928
874440997975056385
874441037095333888
874443386660552704
874443975951888384
874448429472030720
874448905911644160
874454923064344577
874456230860816384
874459721784336387
874462282390138880
874464088042196993
874464739849629697
874468336024772608
874468437543849988
874468596075737088
874469759588454400
874469994037477376
874470348477014016
874473042901999616
874478252622045189
874478631388676097
874482162996609024
874483061416759296
874484544509849600
874485084296007680
874485550702632960
874488870087393281
874489311344955395
874490314207121408
874490702989799424
874491434157527041
874495138072064000
874496509848539136
874497003253882880
874502739379855361
874514317374246912
874515947280838656
874518032252624897
874521094769696769
874521963577970688
874524882381316096
874533713651957760
874533892992057345
874535118165204992
874538372772974592
874541270869430272
874541485785571328
874542228345114624
874542593677246464
874548693457747968
874551479289470977
874557674704302080
874573696538730497
874587070932680704
874596856206168066
874599896250273792
874607582740140033
874613542845947904
874613543676637185
874615182445744130
874615593026154497
874621069960912896
874621819894018048
874621881520984066
874626035563716609
874631178631774209
874632368966909952
874635794450833409
874638618509406209
874641581751586817
874643565250580481
874645862487654400
874650954351685632
874651633405362177
874652112419999746
874654009927356417
874656619208077312
874657825485713408
874665393230671872
874668041128333313
874668596420648960
874671127272075266
874677261441564672
874677749998374912
874680175635517440
874682709439893506
874683378410246146
874685289360482304
874685458797785089
874687922099941380
874689913974906881
874691470514573312
874692047650914304
874692697751248898
874695890031824897
874711976018038784
874719631893606400
874722627885170688
874732389712490496
874742122150322176
874742956850204672
874745307741007872
874747686741835776
874752700617027584
874759990329970690
874775232002883586
874776346433650689
874778079079661570
874792257928527872
874806016524906496
874807256365355009
874807594820530176
874809239423864833
874810963299639297
874811566813835265
874813177439150080
874813486139944960
874814506203058176
874814995279880192
874815511565152256
874816078962143233
874816698569957376
874817981531828224
874819525526433793
874819718904819713
874820382020259840
874820876532932609
874821496857866245
874822847834849286
874827565575360512
874827607908286465
874830022179205120
874830865251127301
874831671836725248
874833279479939072
874834773092519937
874834879632035840
874836166855479296
874836867719495681
874838426339733505
874839207730180096
874839414094131200
874840098172530690
874843727512129536
874850482438754304
874850799934996480
874853925530333184
874854499743150080
874855324351594496
874856120816476162
874856616788623365
874859240124502017
874859266557038593
874865562219950086
874870916660027393
874875594147856384
874875629380022273
874879224733106177
874885618949640196
874891577373622272
874893209796792321
874893473203310593
874893885490724864
874894532730642433
874897927981989888
874910625394302976
874925794090504192
874929252738772992
874932339771617280
874933344265547776
874934161718509572
874934872258818048
874935967395844096
874939908351299584
874940824374706176
874943195850977281
874948557824032769
874949772507000833
874951133998927873
874952713573945344
874955211302776832
874956853347831808
874957792452509696
874961592219090945
874961776177102848
874962789961519108
874965587147071489
874967220828463104
874968137287868416
874982491454558209
874991586358251521
874996034430275584
874996579287093249
875007300326608896
875007345218203649
875010271139553280
875017928286113792
875018124977774592
875025344650235904
875025916346368000
875027217398542340
875042675526950920
875047748927705088
875050588467150848
875050842658885638
875054176295727104
875057162472480768
875059949344354304
875068020837756928
875076032382066689
875078267132272640
875083390873108480
875087029859745792
875088473945800704
875089544768622592
875103139338309632
875103150201556992
875104494928842752
875110670202687489
875112467872882688
875125483666632707
875128185620443136
875132205437202434
875137402146217984
875138014980079616
875147112836616192
875147526386724864
875148179460706304
875151228715409408
875152617021689856
875152846471168000
875166523220004864
875178069337788416
875179587306754048
875180548255129602
875180795194953728
875181564858183681
875182701099204608
875183335282225152
875186742734835712
875186787601137664
875186996896911360
875187017017024512
875199866699468807
875214422611972096
875240549346938880
875242474545061889
875279278291664896
875283295176667136
875322427210960896
875329777560932352
875331054877409281
875339065993961472
875340009087410176
875344020750442496
875352770047606785
875367523528474624
875368770893619200
875369667216384000
875373471886389249
875400090172538880
875401134105444352
875404175433236480
875405114135150594
875406478957568001
875407397942157313
875408981287510016
875420076211621889
875427441233330176
875429159245402113
875451994282000384
875452190588104706
875454368669151232
875459258799669249
875460909707083776
875462163770613761
875470872823308288
875478717010673667
875493466725330945
875529176173780993
875542504015142912
875543106728243201
875561507123326976
875577268906610695
875578986906083331
875597552988508160
875622819882606592
875624051800133633
875624811338244096
875627707932921857
875637164394004481
875639082046455808
875699253267517440
875702166882856960
875710930490978304
875732090771439616
875733949254967297
875734843870502912
875736850454921216
875739177840783360
875746775407226881
875747071956926464
875747182699192320
875749907298041857
875759149451276288
875763314810343425
875766026448883712
875779722940080128
875788978074435584
875798443410718720
875807533277032448
875808697095778304
875808914012549120
875826147812143106
875828694367051776
875828772527898625
875831199624769536
875838353018687488
875841628346359808
875842365952589824
875843367728545792
875844777018839040
875845141898153984
875845263147102212
875845401965998080
875846190495145984
875846595673305088
875846745799962624
875848795170275328
875849593732333568
875850129357582340
875850372635660288
875850667490922496
875850733756620804
875851390999945216
875852682447261696
875852800730701824
875853032248016896
875854188202348544
875854613060009984
875861480826163200
875862758432006145
875866514154455040
875869480223621121
875871724134436864
875872330660098048
875880030064312321
875880237338431489
875882061638316032
875886344656089089
875887361808363522
875892142446706688
875894070136143873
875908279209082880
875909200689451009
875909594110996480
875909654513152000
875910161583415296
875911163195736064
875911959685849089
875914797539315712
875919023178960900
875927649075347457
875929085892886528
875929262041247745
875931519394734080
875941050967359488
875964932054949888
875972546000297984
875973950265712643
875978751049252864
875981877898694656
876003364567367680
876004208780218369
876028430462201857
876039885525848064
876048275840929794
876054011941703680
876055045434986501
876067789756301312
876087521951850498
876090613963345920
876092200681168897
876098360016556032
876100051558445057
876101627777822721
876104716056383488
876109694712074241
876123623689379840
876125903151038468
876126615771783174
876139102633984000
876142232251891714
876142401038962688
876144409716203520
876145905388466176
876148374591897604
876149702890225665
876152611224866822
876152690920873984
876156018664886272
876156415911620611
876160829963423744
876167870543151105
876190438021111809
876191692520607745
876193137844252672
876194529971281920
876205065224302592
876211066442788864
876212114561617920
876216612960874496
876218033135525888
876239010116636672
876239844367888384
876260329793224704
876262098946461696
876290086702170114
876297394404687872
876298424127295488
876338124053336064
876353720157655044
876401378956107776
876401678651731968
876404683870543872
876420658154098688
876421315967807489
876425156264067072
876428710534156288
876432588587630592
876436568545918977
876446514104725505
876446582031482881
876456037695365120
876495557266739201
876495577802059776
876496959816728576
876499074173874176
876500393269895170
876501357141819396
876501830259412992
876503686226345984
876503912295038977
876504024270462977
876505391215001600
876506462008291329
876506697744793601
876507349531361283
876507902323732480
876514130026520576
876514630016933889
876532194910535681
876542394602094592
876553780917129216
876567795307360259
876574574586023937
876585363606818816
876609328165158917
876632484288626693
876632957204668416
876637638391984130
876637931645140992
876641227541753856
876651485546909696
876669497557569536
876675531055415296
876743189801164800
876794732575301633
876808737532653568
876834835062439936
876835174675361792
876835855830265857
876842257156116480
876865883242680321
876897744010395648
876914587077033984
876915544238280709
876933542810234880
876940147165495296
876981412934582272
876986280344768512
876997604109766657
877000368177238016
877001954043584512
877010317053759488
877011962462339072
877013869201371136
877058121797160960
877067366714163201
877068723995242496
877137825132670980
877139834485297152
877153809205784576
877163023252717570
877181648919339009
877181961395068928
877201204006318080
877241022220251139
877272081867485184
877276764396978177
877289606948855809
877347425408700416
877357034173194240
877365188156153856
877383116125593601
877387827058663425
877389881424654338
877390578094395395
877396736183947265
877405925040148486
877409221784068096
877423599006646272
877496718748565504
877500984750202881
877512692751372288
877513790815956993
877540390651514880
877567594085011457
877567594089271297
877595831410479104
877639154288533504
877640937790349312
877646763678511104
877647425787142146
877648172977242112
877650804034871296
877658009010401280
877668739294130176
877768533228240896
877778988252381184
877792715370414080
877839753680257024
877843884235251716
877869840475627520
877869938379075585
877893996911009796
877896882604912640
877915775406940161
877931702856761344
877933935912599552
877971726587514881
877972869044592640
877982746630639616
877988018216480768
877992102512033793
877993844830228480
878010157334011905
878013039232000000
878019261486301185
878038648360456195
878047267701354500
878086113260384256
878100168763199493
878103154394451968
878114533415370753
878116828706295808
878117351580774402
878121091620892674
878127847004438529
878131551426539520
878139169570213888
878153493038612480
878187013081505793
878193644297101312
878279967280254976
878300782768005120
878321968163962880
878324756486815745
878324777533882368
878335139482189824
878342243601457153
878347795031363584
878349419501858816
878349647210786816
878350079253299202
878350406828609536
878355144697462785
878357239341342720
878367196312879104
878379012380401666
878405117728436228
878414341451763712
878415195818905600
878475291399786497
878509086567841792
878519889425838081
878579131679690752
878601976162004992
878613377509081088
878626077031137284
878637654522433536
878641839221428224
878648986747404288
878657530125307904
878676872154025987
878676987065253888
878721751491858432
878725233737388034
878727323322810370
878740505043103745
878752832240967680
878754230630305792
878792252524556288
878793280015581184
878795469434089472
878803304414937089
878807709692416000
878822540323545088
878826370838794241
878828043275354112
878830677294284800
878833882145189888
878834728152989696
878835971336294400
878836678068228096
878838025714753537
878839146818617344
878839695869923330
878840391717539841
878841301885743104
878846822013382656
878854258917093376
878859484604583939
878860017700679680
878861984002752512
878862689484890118
878870874635587584
878872897359687680
878881408219009024
878889671006334976
878891009391898624
878901256529498113
878904635167322112
878906956144025600
878907901137604608
878910880762650625
878911792587657216
878934085321846785
878936170729807872
878936799451766784
878937843833458688
878944031685959680
878944886908534784
878948611186462720
878949208329465856
878951766582321153
878954777077575680
878957312555315200
878960001074823168
878962156984823808
878962503845367808
878962514062696448
878962711048146945
878963282710859777
878965034684207104
878968469374500864
878969452099911680
878970470481018880
878971364299943936
878971441063927809
878972374305189888
878973500446433280
878973773088788484
878979840166252544
878985730206445568
878991030971805697
878991267933409280
878993179302920192
878993901536907264
878994680444092416
878996769618579458
879004615055900672
879008335420428290
879008523379724288
879016667384225792
879017794381250561
879018910078476290
879023974310694912
879034140452159488
879038343996223488
879041438113308672
879046050585227264
879046363496972288
879048743349346304
879049378371182592
879051827412697088
879061781733310465
879066337183772672
879080350370091008
879082518376480768
879087123726577664
879091959352242176
879096427955105792
879097891771473920
879098411869388800
879099260788256772
879103190419066880
879108947550064640
879117592840945665
879121564003745792
879122080746291200
879122494724210693
879124179999744001
879127852960153601
879127913341300736
879130028944097282
879130603576315904
879134691349204992
879137963329806337
879141251249000448
879149254392066049
879157252506107904
879160906827038720
879162640941109248
879163445408608256
879165080319012865
879165897398779904
879167766342840321
879171394843676672
879176825209008128
879180378619092992
879214678412578816
879216684514594816
879220648140132352
879231845254156289
879232059591413760
879243515070435328
879285690063781889
879290291479609344
879320575772160000
879323465626468353
879326303517896705
879336157619920896
879344289934954496
879345820428111872
879354280196571136
879375682626883584
879381846169198593
879390565711917060
879391519739924481
879397069794029568
879406149216473088
879423873720225795
879424764791619584
879431387585146880
879431418618810368
879434138213900288
879438843820244992
879457282827747328
879515900289753088
879518286446174209
879556903814090752
879558094602240000
879564966092832770
879568984546304004
879569675050340352
879573288443416576
879706715565957120
879708443598311425
879734810834608132
879735915865927681
879740572394717184
879761755714408448
879773906629873664
879793098322259969
879798309518553089
879800034639982594
879800384407187456
879802654402240514
879803002932125698
879805761936928768
879823979476922368
879824647197478912
879825150941818880
879832804300926976
879833610446098433
879834979034951682
879843852508696578
879847617924083712
879849838187347972
879854048706482176
879854544212992000
879856255908454400
879863690467651585
879866338189201408
879873627038023681
879883738661912577
879916180777181185
879936083592716288
879961883159089153
880052858888081409
880054123466502145
880054398176460800
880055154850103298
880055306272686082
880055344856170500
880059153288491009
880065009207754753
880067969274961920
880073418334502912
880076484559355904
880079669286010880
880080264025841664
880087666167033856
880092641978744832
880094212619993093
880097816353308678
880116029271179264
880130614992805889
880138142761746434
880172825121837060
880174373730230274
880177153014235136
880180194178465793
880180233588154369
880180416057024512
880180434071683072
880180446688051201
880180460915175424
880180541458440193
880180755774746624
880180760413687809
880181043084394498
880181638260457473
880181663845695488
880181731789352960
880181752374988800
880181773312720896
880181812332445697
880181850509119488
880182030448721920
880182046806507520
880182047628603392
880182081183252480
880182082886127616
880182132777390080
880182170966343680
880182201576562688
880182236359741440
880193855848456192
880206895511990273
880253536847753216
880254364551491584
880257183564300289
880258448197382144
880258803400294400
880259073526177795
880259319316566016
880261482067263488
880261830836441089
880262096356814848
880262694883831808
880263156240707584
880263827757125635
880264378901299200
880265128402452482
880265190918541312
880265427879829505
880265867014979584
880266625760481280
880267218835124225
880268485103763456
880268532910624771
880268645737406464
880269356696875008
880276851926675456
880277333843857408
880278670572740608
880280336948764672
880281063397916673
880282109054787584
880282805300850688
880282857712762880
880283005025218560
880283744405340161
880288374086619138
880289099684302852
880293780976480261
880294004113510401
880296012312719360
880296838179438592
880296897306611712
880298786861576192
880299815711547392
880300028375465986
880300554748121088
880310993540177921
880311001190612992
880313945499721728
880315611477413888
880322161734541312
880325838763204608
880332826037559296
880333733399625728
880340688381988864
880343556862480384
880344873466904577
880348003227324416
880349634001907712
880354643230019584
880367166171877376
880368871584088064
880369406135730176
880370832425529344
880371015305637890
880373239129808896
880376955249586176
880384537322180609
880389851077541888
880392236164415490
880393415392886784
880393785343184896
880399407786668034
880404994603855872
880406744459038720
880408292165509120
880421137221656576
