1112505353613307906
1112507001446322177
1112507537167998977
1112508194419433472
1112509177564401664
1112511224367865857
1112511435358330880
1112516270115549184
1112516592217280512
1112516775961378816
1112517150500159490
1112517176492257281
1112517369430192130
1112517644991774720
1112519310554083329
1112523374234746881
1112531174583349248
1112550095902261249
1112555560241491969
1112567443963052032
1112580693794701312
1112581194602799104
1112582726345871360
1112586585097134080
1112592066972803072
1112600599126671360
1112611527381651458
1112629436208287744
1112634265529917440
1112634536473575426
1112635062871384067
1112640398856540161
1112642260297043970
1112651205078065152
1112681710674722816
1112690285912432642
1112701212477005826
1112703255950303232
1112704335979388934
1112706584570941441
1112707139485790210
1112708243422408707
1112713660630089729
1112722352368963585
1112730844848746496
1112736208940122112
1112737356489080832
1112738830443036672
1112740798347513857
1112743419372175360
1112745904308666369
1112746659446964224
1112746753411989504
1112748618623184896
1112753273864282113
1112765272119787521
1112790695473872897
1112804081154785286
1112806377544593408
1112820869292871682
1112826886844006401
1112828388404813824
1112830920510255105
1112833466033307648
1112865098232725505
1112873683528417281
1112889290529361922
1112890698561409024
1112891243833577473
1112891265639694336
1112892896376631296
1112893848504750080
1112893932789170179
1112899411808542720
1112912031236177920
1112918415193169920
1112937048975921152
1112937619422412800
1112940794074157056
1112948580514443264
1112950420438081536
1112952249574178816
1112967703881543680
1112967777692893184
1113036578174197760
1113036761859592198
1113037022313222148
1113039259139825665
1113039848850501632
1113040059412951040
1113041564320915456
1113047762269097984
1113050350553124864
1113058130987044864
1113083164681883648
1113088345704288258
1113095415426113539
1113108630394605569
1113119789776420869
1113122025349017600
1113137551798341634
1113146861890748416
1113172305843240963
1113172570071855110
1113180992645345290
1113185183279255557
1113195188699115520
1113205585942523906
1113206165855457280
1113207160069087232
1113207955741188096
1113208279943876610
1113210751232172032
1113211175272157185
1113212138686906368
1113213859614138368
1113215527701426176
1113215688754237442
1113216784297893890
1113216883728224256
1113217414311890944
1113218174743392256
1113218517824876545
1113220902685220864
1113221550721748992
1113221706754056193
1113221858579578880
1113224024111423488
1113229590359572480
1113229965347250177
1113231731572609024
1113231752523390976
1113232058778779648
1113232743658397696
1113233289786032129
1113233772936335362
1113234137396252674
1113234279612473349
1113234475473887232
1113235361826787328
1113235438737743873
1113235598704369664
1113235836093566976
1113235874702086144
1113236038246457345
1113236255544946688
1113236316328796160
1113236834761314304
1113236907750821888
1113237403504922625
1113237595767693312
1113237789804462081
1113238526332682240
1113239167616548865
1113239482227150848
1113240141118808064
1113240226711863297
1113240825209806848
1113240921678667776
1113241039962292224
1113241100356079617
1113241242974822401
1113241528594567170
1113241687982112769
1113241773965545474
1113241849492377600
1113242562083606528
1113242816681979905
1113243518388932608
1113243522595995648
1113243597250289664
1113243672311734272
1113244460438249472
1113244818182787072
1113244998982467584
1113245199042514944
1113245786672893952
1113245956101812225
1113246216173883392
1113246291063115778
1113246342011183105
1113246435313631235
1113248449636573185
1113248665634631681
1113249091763494914
1113249319518445568
1113249402997608449
1113249537634721793
1113249969652338688
1113250085410791424
1113250794256498688
1113251105037746176
1113251115523497984
1113251228786548736
1113251722426601473
1113251943491747842
1113252116695474176
1113252125935427584
1113252497143918592
1113252522305544192
1113253173274112002
1113253246645075969
1113253420712878080
1113253497481207808
1113253786867294211
1113254070842613760
1113254292310200325
1113255137030529025
1113255443642454018
1113256551748235264
1113258149379813376
1113258236608696320
1113259827524972544
1113260124464873473
1113260498198454273
1113261735069323264
1113262324813529088
1113262740888596481
1113262810081910784
1113263374215909376
1113263524791365637
1113263583939289088
1113264364902129669
1113264653050818567
1113265263347032064
1113265414337904641
1113265926445645824
1113267165442998275
1113267176650223618
1113269083498323968
1113270072087404544
1113270770883547137
1113271459583889408
1113271993095401472
1113274774329991168
1113275411452977152
1113275616554627072
1113275817876914177
1113275909321089025
1113276721325801472
1113277786263834624
1113279089442529280
1113279112926330880
1113280083081478146
1113280096486531073
1113280275608494080
1113280293186752512
1113283298409754625
1113285643898060802
1113286442455773186
1113288978348769280
1113292223922278401
1113293686018924544
1113296864475009024
1113296985694527488
1113302011980722178
1113302646767652864
1113313588863696898
1113313772976791552
1113315142404648961
1113322426253729793
1113326178893484033
1113330126144434176
1113333897666990080
1113335205044129792
1113337182629056512
1113341160544768000
1113347186895589376
1113352290109235200
1113355052083810304
1113362235634663424
1113362995634008064
1113365080643559424
1113376903551959041
1113378137914654720
1113384555229085696
1113389358932025344
1113396740504248320
1113401276212162560
1113403570093793280
1113409244554944512
1113410615698173952
1113411957456084994
1113413589883412482
1113427397930569729
1113430338125160448
1113431649276977152
1113433833456644099
1113435273172537345
1113436358209671168
1113437060348538880
1113439183509573634
1113439595792883712
1113440817614610433
1113443099320123392
1113444726282366978
1113445425485307904
1113447963026763777
1113451530684895235
1113452272665726976
1113465603023441920
1113466430547054593
1113466783996895232
1113466818113560577
1113467763497025536
1113471466224455680
1113477444781137920
1113478513900904448
1113478724463288320
1113480611082190848
1113481116890030080
1113489748780302336
1113494810457923585
1113494822642262021
1113495335169454080
1113496917680504833
1113501471436365824
1113503455358767104
1113511422414057472
1113515053012140032
1113519789992042496
1113528285630279680
1113528743212064768
1113535586198085632
1113540402554888192
1113540962477846528
1113541193995030528
1113547538303463425
1113548421644935169
1113552457831985152
1113553179654983680
1113556106444464129
1113561060315996160
1113563923775676416
1113570538457325568
1113575840225398791
1113579390154227713
1113580395667312640
1113581695184162816
1113583650703065094
1113584092925370368
1113584358433140737
1113584606320709632
1113585271134670853
1113585930865192961
1113585989702770688
1113586144351014912
1113586213137592320
1113588326236327936
1113588858082529288
1113589615175372800
1113589878552518658
1113590311849275394
1113590485472436227
1113592962209013760
1113593866928582656
1113594568207892481
1113595069024612352
1113595437271998464
1113595532914692097
1113595584496246784
1113595719535996931
1113597761738432512
1113598177402400769
1113598772578328576
1113599893308764160
1113602497971724290
1113604453771427842
1113604485215973377
1113604749872570368
1113606623476555776
1113606749326532608
1113607212340064256
1113607288701505537
1113610265822662659
1113610376535347200
1113610434018459654
1113611564794490880
1113612379303100418
1113612458156077056
1113614890869063681
1113615314485489664
1113616122740264960
1113616402093625346
1113618133493751808
1113619346914328576
1113620861880295425
1113621995193798657
1113622123539501056
1113622972466491392
1113626382825873410
1113629213595070464
1113630385039081474
1113630611976151040
1113630970593333248
1113631222641700867
1113632750228180992
1113633308825587712
1113637451204038657
1113638544659103744
1113638766516764673
1113641440389816320
1113642569911631874
1113643154597662720
1113643864060047360
1113655274483736577
1113655992535977990
1113658424376549377
1113660633545945088
1113667630865498112
1113668747833806849
1113669708753117186
1113676310591594496
1113686286307680256
1113688326429650944
1113691517447737345
1113698930452246528
1113706509588992000
1113708676328484864
1113708957770686465
1113716803631370240
1113720020243177472
1113731357031698432
1113741937184522240
1113745509473189889
1113759815405379584
1113760194151047169
1113760312442933249
1113763455629242368
1113765975999094784
1113766797247942656
1113767830300844032
1113770090594471938
1113773736296108032
1113775226532319233
1113775459324583936
1113777473013964805
1113780014313541632
1113780296187510784
1113783542591442944
1113783981739212800
1113786448375877633
1113787850397556736
1113790094933016576
1113790659893256192
1113792630322647040
1113793635764658176
1113794121888616448
1113800602499182593
1113800754735865856
1113803854318010370
1113804580805070851
1113806232501063685
1113808785582071809
1113809833717792771
1113811492833382401
1113816212004376576
1113816604582846466
1113817292889120768
1113827289999876097
1113828907520811009
1113832237173235718
1113835894207856642
1113836697400348672
1113842091300413441
1113844584264667136
1113848823544197121
1113849349572911107
1113850435855474689
1113851333444902914
1113851953367408643
1113851979791364096
1113852175237750784
1113853360556453889
1113855776882225153
1113855859103227906
1113856447534837761
1113860414922797060
1113862900051873792
1113863253220896769
1113873250348666881
1113876047517442049
1113886393409986560
1113888342276485120
1113889403053563905
1113894362788835330
1113894372859359232
1113895825791283200
1113898286140805121
1113899724363509760
1113901625503035392
1113910193262403585
1113910429904982030
1113916414342119424
1113920878360666113
1113928561470115841
1113938955940929537
1113953361135587328
1113964262563700736
1113974316738187265
1113980335543418880
1113981694082715648
1113995148562587649
1114002927310528514
1114003882773028864
1114019035983650816
1114025767027875842
1114034852284772353
1114050249608155136
1114060228637667334
1114076308768604160
1114082473078607872
1114083405543747584
1114090335393603584
1114096544620347392
1114103138066292737
1114110200418410496
1114121229357731840
1114129111687946240
1114133974597529600
1114148518556590080
1114155391125008386
1114157572586708992
1114159587513520136
1114175470503890944
1114179521375363072
1114181552265748481
1114193933406359552
1114197147212242944
1114198508146319360
1114208852143165441
1114210904764297216
1114224837038202880
1114230178476171265
1114232605187112961
1114233217274585088
1114233895485153282
1114236345369731073
1114237505937858566
1114243566690287622
1114247657831137280
1114248659447767040
1114255030599802881
1114257575262937090
1114258788671004677
1114259429573242882
1114260792705200128
1114269533215191041
1114269631781511171
1114271874920386561
1114276539825258496
1114282043989532672
1114283425190547456
1114286349161508864
1114288042683052032
1114288048131457031
1114290230872477698
1114290249327370241
1114291602401505280
1114291816323481603
1114292635022368768
1114292743252082691
1114296725336932352
1114297679507537920
1114298136284078081
1114298210514681856
1114299357258493952
1114299400967401472
1114303543584882688
1114303960066740225
1114306032040316928
1114306559721472000
1114308343546417152
1114310015798501376
1114314496590454791
1114319543587999749
1114332837438787590
1114335220226912257
1114339121076375553
1114339757201547265
1114344605384945664
1114345562541887488
1114351169072238597
1114352233582350337
1114353873974714368
1114358124050358272
1114358196213297152
1114367618067181568
1114368855592316929
1114380200760897538
1114386106357702656
1114386323220180993
1114388601947607041
1114415630483116032
1114437281572622337
1114438456732569600
1114440280420179969
1114452221607981056
1114462501410885632
1114471391670284288
1114478919996940289
1114494778270461952
1114495164985245696
1114496634661101569
1114506896440987648
1114509057363185664
1114510440195866624
1114519816553910278
1114524006256926720
1114532842388635648
1114533640585863173
1114534994934939648
1114544654404464640
1114561773049237505
1114563426620035072
1114563815662915585
1114563881098199040
1114565094753673218
1114568880708628480
1114569209546268672
1114569679295713281
1114572896725127168
1114576780248137728
1114579824477999104
1114583635422658560
1114583972632199169
1114588132572319744
1114595697834115072
1114599289303392256
1114601037380370432
1114601061082435586
1114601178514456582
1114602018214240256
1114604853572067329
1114615728160817153
1114617766177153024
1114618823372447744
1114619578082947072
1114620586821607426
1114621390018220032
1114627319090405377
1114642078015873024
1114648148415266816
1114660270796759040
1114673637624299520
1114675195002880001
1114685624898990080
1114686087182602240
1114690001281982469
1114708782137745408
1114712270943260672
1114712583838289920
1114715146578882561
1114720135279972358
1114757489315274753
1114760398065098752
1114802283743666176
1114816504422207488
1114887548822798337
1114906014250352640
1114916126729822210
1114926300832116737
1114932716426944517
1114947705632120832
1114949697091854337
1114957588662083584
1114982488151953408
1114989613444210694
1114990415378169856
1114995831919214592
1115017781102223366
1115030466804027392
1115048575283499009
1115100767923228673
1115101313602326528
1115108191858307072
1115139461669457920
1115193291354464256
1115196449661292544
1115291790914064384
1115295614760357889
1115322057343025152
1115341187123171328
1115351497577988102
1115386918454407168
1115396384583077888
1115402418907381762
1115407914318143488
1115413346193424385
1115438112031641601
1115451700834234371
1115458632651399170
1115486144387534848
1115511655809597442
1115515306523279360
1115584393433812992
1115592466038525952
1115595134215892994
1115602689226764288
1115635731290963968
1115641776101105667
1115653524795215872
1115654782239137792
1115664354895171589
1115675199666569218
1115676097251667970
1115682858893553664
1115683635250622464
1115684909505495041
1115696417077702656
1115700519442321409
1115733706101014528
1115757306963275776
1115759176704114688
1115794028086407168
1115797786627313664
1115801053570785280
1115837430740000768
1115849931451961344
1115904424256442369
1115909977540104193
1115910383951384579
1115915333955653635
1115916934187499522
1115931173035835392
1115951772084912129
1115952596693467136
1115955336844914688
1115955708015652864
1115968988872417280
1115969331534409732
1116013804582768645
1116034612126523398
1116036343510044677
1116037021720510468
1116041788148670465
1116045979499814912
1116048694497775616
1116048793705775104
1116050539563900929
1116060935976669184
1116086253961797638
1116145677686333441
1116156536341127168
1116158438449369088
1116174076429701120
1116201741702389760
1116202814143729664
1116205121027788803
1116208656029118466
1116216728449507330
1116221490603732992
1116245203072028672
1116270534159810561
1116309600335167488
1116325283685179393
1116357409096835074
1116365832521572352
1116410372271984640
1116429515880828931
1116493840150450176
1116528290901233664
1116535682954981377
1116535893928697861
1116546600296505344
1116548470129725440
1116550886019305472
1116551283245187072
1116577551751663616
1116581736001851392
1116584440342274049
1116653469493075968
1116654735363334144
1116688975979266049
1116690110542745600
1116692474028642305
1116705874515517446
1116713927474327552
1116731593853300736
1116741081369124864
1116781972477472768
1116790235311087616
1116803198616924160
1116829031733891073
1116871498243825664
1116876880798343169
1116877545616625665
1116878667555098624
1116882994420224000
1116883009511272449
1116883269553983488
1116885186233262080
1116888251980238848
1116889988828991491
1116890064330510336
1116890244689932288
1116890740427067393
1116896660683145217
1116902634240167936
1116906673342279681
1116924666554343424
1116926688141537280
1116944349512605699
1116952736434573313
1117003320592338944
1117039282537947136
1117044293485486080
1117056050539257856
1117070879916269569
1117079793248493568
1117094693509259264
1117098569541066753
1117101221599334401
1117102312898662401
1117102575864520705
1117103081798266885
1117109918396571648
1117116647330988032
1117128419354001415
1117133526611087360
1117133973782695937
1117139385063882752
1117140973883097088
1117142137815146496
1117147074481594370
1117155049292161025
1117155113276268549
1117167418542043136
1117191830649671681
1117197014809366532
1117206001235554304
1117214092018761728
1117245079306088449
1117263034819518464
1117263312499163136
1117266630621396993
1117279440432771073
1117282192718290944
1117285809911214081
1117291271729627136
1117292704919097344
1117294880957652992
1117295833685417985
1117302845928136704
1117303533680959489
1117308389522952192
1117309623000883200
1117321774398615552
1117327480723894273
1117327616631922688
1117343974841253888
1117352873904562176
1117393413534560256
1117415034005536769
1117433866728329216
1117434270631514112
1117440724419661824
1117443576563159041
1117447609365475329
1117477663227240448
1117488940867641344
1117503645270982656
1117511838411808768
1117547215294218243
1117548212586536961
1117548382157979648
1117548514219831297
1117583007756496897
1117586103199047680
1117587162256629765
1117600191442505730
1117631923797614593
1117681533664387072
1117711503250141184
1117729290089529344
1117729830659854336
1117760602171150337
1117766275416109057
1117774623758782466
1117781627482939398
1117785223578705922
1117791435783311360
1117809012416946177
1117810040851841024
1117833056704811008
1117839047811063813
1117866089340215296
1117879598010654720
1117882890467962882
1117885748898934784
1117892234106605568
1117893723952521216
1117902181754134534
1117939042564345856
1117945909730398208
1117946349884858368
1117947384208617472
1117961872160874496
1117965402078949376
1117993093288980480
1118066316592599040
1118101274858123264
1118110931404324864
1118128063886319617
1118178035239399425
1118178574647930880
1118183541110714368
1118185895780388864
1118188830979436545
1118203145232904192
1118211028888825860
1118213256512983040
1118220553674948608
1118225353699418112
1118232392588828673
1118233006211305473
1118236794103959558
1118246750115045376
1118246876803813376
1118251951458852865
1118255717033627650
1118271920561111040
1118306965388656640
1118313468073873408
1118323526447042561
1118327177592754176
1118332771946995712
1118356739869425665
1118386826434285574
1118450196923527168
1118547135270543365
1118553450227412994
1118557147913175040
1118557521202036738
1118567785481867265
1118578229181177858
1118589790067339265
1118594503210827777
1118596044193845248
1118599723856875520
1118600375672745985
1118601311984017408
1118603982346145792
1118605016649084933
1118613555841044480
1118627759234772992
1118628585693241345
1118629209407148033
1118630411087831046
1118630427433082881
1118630642193969153
1118630754567770112
1118631124513755137
1118631492777848832
1118631770428071936
1118631911373459457
1118632440292102144
1118632493551374338
1118633025372397573
1118633102551568385
1118634318925004801
1118634582713171968
1118634646483419138
1118634675415781377
1118634963560087552
1118635197187133441
1118635375856058368
1118635608640040960
1118635925318324226
1118636045275238400
1118636143837351943
1118636322095235073
1118636476860968960
1118636491964477440
1118637984306356225
1118638484678303744
1118638752270901253
1118639464476135424
1118639529483616256
1118639775261569024
1118639810091134976
1118639972846903298
1118640695907057665
1118640741658574848
1118641197139021824
1118641614468124677
1118641809507475457
1118641831313469442
1118643199919177729
1118643983016763393
1118644408713404416
1118644742575673344
1118644764805664769
1118645177952948224
1118645526084444161
1118646227799814144
1118646494142390274
1118647454222700544
1118647693293817862
1118648566942195713
1118648631123484673
1118648743941664768
1118648748165476352
1118649618475167744
1118649889846693888
1118650110060183552
1118650854125387776
1118651234523598849
1118651759646232577
1118652240766676993
1118652634154655744
1118652874521829376
1118654321980317696
1118654460362928129
1118655159154774016
1118655168369889282
1118655573980057602
1118658191632535552
1118659142481260544
1118659209149734912
1118660949815255041
1118661232070991872
1118661247598309377
1118661308843548673
1118661320986058752
1118661434660007936
1118661819718094849
1118663049894932480
1118664438196912128
1118664439874633728
1118665015345676290
1118665602128908290
1118666587790290944
1118666757663682560
1118666884742811658
1118668244133580801
1118668504155262978
1118668773022752769
1118668949183455232
1118669208366329858
1118669283473657856
1118669482262765569
1118670232644665344
1118670854227922945
1118671488809304064
1118671514411257856
1118671555515404288
1118672055497568256
1118672892240306176
1118673653074407424
1118673801129017344
1118676420077793283
1118676816007434241
1118676976229683200
1118677141074468870
1118677862930898945
1118678248349753345
1118679363203899392
1118679424029872133
1118680043515863040
1118680685278126080
1118681176007421953
1118681930948648961
1118682118014611457
1118682589894778880
1118683334786338818
1118685052357967875
1118685109413195776
1118685489010216960
1118686280450179072
1118688019857510400
1118688194302763010
1118690335499128832
1118691641605480448
1118691705807441920
1118694092358205440
1118694898495033344
1118697397444419584
1118697662524661760
1118697725023928320
1118697950291603456
1118698692670672896
1118701358549356544
1118702239772741632
1118702780451962880
1118704627166236672
1118707271255646209
1118707287202439168
1118707987252699137
1118709358794280961
1118715289951186945
1118715475733745664
1118718236462338048
1118721483273113600
1118723343421792256
1118731156587814912
1118732256745590785
1118733558644969474
1118746796287721472
1118775027736956930
1118784859177213952
1118790432178229249
1118792613627420672
1118803228122968065
1118818791964626944
1118818880045109248
1118833560931192832
1118850358275649536
1118859910358491137
1118865630579560448
1118866781932859393
1118866859082883072
1118881165434339328
1118883361177706501
1118900921470054400
1118911865235607558
1118923405443641345
1118925552914706432
1118926848115859457
1118939838286266369
1118952372137537539
1118953260927164416
1118964058735153153
1118966662148050951
1118968114631315456
1118971594829959174
1118973201063739394
1118976861416099841
1118980281019654145
1118980353601998853
1118982853839056896
1118989106288168960
1118991500816240640
1119009485132128256
1119012683724939264
1119019495262048256
1119027942582046721
1119028027751575553
1119031383584907264
1119035514550493184
1119036228874190851
1119042955279515649
1119066914800619520
1119070025720238080
1119083639273218055
1119089389986955266
1119092413237096458
1119097320161722368
1119133764863442946
1119149946102378496
1119158824181436418
1119163482782306304
1119233536068857857
1119235718503702528
1119246592144564225
1119249663562059779
1119266084677402624
1119270863688347649
1119276346910203905
1119292096916148225
1119292101974462464
1119303555331108864
1119324965592010756
1119335737818853377
1119347062032748545
1119369546412908547
1119379872395272200
1119381997628084226
1119393187368509446
1119393441794932737
1119394265145270272
1119412498661355521
1119416044056002560
1119417167286558720
1119421107423940609
1119424764861399042
1119533702659354626
1119559333229006848
1119564811862511616
1119564951511871490
1119571673295069184
1119588425747668994
1119595341127528449
1119634984367722496
1119649579119542272
1119650787527761920
1119655308131880960
1119659352279920641
1119681909670449153
1119706197609910272
1119757096331821056
1119761654722572290
1119787908133609472
1119799803997769728
1119802060122226688
1119805478459117569
1119805993112616960
1119810365678731265
1119826564059779072
1119827662153715712
1119875836239319043
1119877752214175744
1119885267123310592
1119922861098053637
1119969804180434946
1120008557682933761
1120008620379258886
1120018584359411712
1120036464182595587
1120041105238761475
1120045532750151681
1120050290353426432
1120059940167651330
1120060022816497664
1120069812728881157
1120076457768669185
1120080241035239424
1120102095024218112
1120102131523104769
1120107090046017537
1120120543254986752
1120124197773238272
1120126867447717888
1120130466152099841
1120130679646322688
1120143021788532736
1120153302044332032
1120182302724755456
1120192775046168576
1120227373029445633
1120242042699784192
1120286803376975872
1120322167638388737
1120324561340379138
1120334246843965440
1120340897307164673
1120341161074470912
1120341427056205824
1120342642850762753
1120343719687880704
1120345190617763841
1120352096690343936
1120352272683282432
1120368082269155329
1120368215648079873
1120373559631781888
1120373738699218944
1120393069017300994
1120399640657051649
1120405646472622086
1120424148793221121
1120448271917432832
1120448536989065216
1120465803688779778
1120468501062459392
1120470599023902722
1120488986072485893
1120491854527717381
1120496378474639361
1120503575476678658
1120513219452444673
1120517700214767616
1120551107875561472
1120581591661568000
1120626859929153537
1120633212210962433
1120678446101823489
1120681166946951168
1120697578897547266
1120698121145733120
1120703461450903553
1120707537320517634
1120713240785244160
1120715295574806528
1120742900868845568
1120743654086385665
1120745054593794049
1120745203911069696
1120745387592040449
1120745756720271365
1120746941548097536
1120749157013000192
1120749958964051968
1120750545348648960
1120751295281926144
1120753958019043328
1120754486316883968
1120754960260579330
1120755438428086272
1120756186255646722
1120756736955224064
1120757782209343488
1120758257814052869
1120759420055707649
1120760269016313857
1120764515749117953
1120765608331763713
1120765736262230017
1120766005985329154
1120766159899508737
1120766845655687168
1120767131724013568
1120769527942471680
1120769792993103877
1120769836605497347
1120770150360338439
1120770854999060480
1120771129747156993
1120771669964906496
1120772927841099777
1120775562283192320
1120775808459649029
1120776945137070083
1120777085239226368
1120778588041764864
1120780769922695168
1120784566581698560
1120785038038011904
1120791079505231872
1120795370294898688
1120796863446208512
1120798436343910400
1120799041548423168
1120799947513901059
1120799952127635456
1120800784294268930
1120801545149460480
1120802235955449857
1120802732112252929
1120813754344669187
1120814416629501953
1120815799076302848
1120816663530737666
1120817434846474241
1120824723720605696
1120827186246758401
1120831064253980672
1120839820278808578
1120845105525665792
1120846979519541249
1120850200749387776
1120853321324036096
1120856881424158721
1120861138646982657
1120867655773245440
1120873589022945281
1120874386771324933
1120877833675517954
1120878589874982912
1120882917570502656
1120885527262134272
1120892775430377473
1120900806721433600
1120905211550113792
1120906168266895360
1120916132276269056
1120917398541033472
1120925348399652864
1120930426439315456
1120954444311597057
1120992677569474561
1120995852414111744
1120997211507253248
1121005637037711360
1121081516593795074
1121083683803365377
1121091483904499712
1121092252372045824
1121154869539115008
1121155571246223366
1121164839815139329
1121175439651868672
1121199945711677440
1121203485284769792
1121209247600185344
1121233601096507393
1121240935378014208
1121264828688076800
1121343904488599553
1121358606593667072
1121364528522985473
1121370384635502593
1121384557574594560
1121386307446616065
1121388463729840128
1121391513861279744
1121395237363027969
1121396655662804992
1121409378236682241
1121418503783890944
1121421728339636227
1121422286203101184
1121443687643471872
1121459903183376385
1121460599903457280
1121468016686821377
1121534199889051649
1121574627019382784
1121575699586920449
1121616889732583430
1121626406184574977
1121629143395758080
1121632968622010369
1121638194284351489
1121646043517440002
1121672257888120833
1121674976216567809
1121736050345488386
1121770540925165568
1121777137902505984
1121822054972575745
1121824470879166466
1121834602656665602
1121894407953764352
1121956664431841280
1121959239520411649
1121964103445118976
1121972808295149568
1121973620731826176
1122036155288031233
1122038504941412352
1122134682869665792
1122157189919985664
1122158857982287873
1122162444116189185
1122172180475916288
1122180441052729346
1122203435884003329
1122214591478370304
1122256363390930947
1122258066274078720
1122273343628087298
1122287400405872645
1122300484101054465
1122314264499425280
1122350470574379008
1122354599443058688
1122359669085880320
1122361835867521024
1122425891294834688
1122448728428810241
1122470737619705858
1122496587110989824
1122507880278777857
1122514206983688193
1122526836032847872
1122536313062928384
1122547562576265216
1122550941939654661
1122559891317645312
1122567613073149953
1122567727145574400
1122569146049474561
1122629537337085953
1122631539672649728
1122636704148488193
1122640356950986752
1122646713775341568
1122735062263324674
1122761196942364672
1122845223963459585
1122859120090968064
1122862142519115776
1122877561594191872
1122904383774183424
1122917095862407168
1122924446824583168
1122972439300984835
1122977567806328832
1122977746131537928
1122983383095812097
1122992496055848961
1122995334001512448
1122997106011136000
1123011312512974848
1123025964760469506
1123026489207873537
1123066813275787264
1123067498176307202
1123081292831121408
1123087629552058368
1123096171268886528
1123124452198273024
1123130974353539072
1123152020515352577
1123156798255529986
1123170631468683264
1123179156395655168
1123190126207741954
1123231258216103943
1123233700806836226
1123234572798496768
1123243692909719553
1123245777491505152
1123297535601176577
1123299787099594759
1123319733678481411
1123326493072007170
1123333280735080450
1123345799469989893
