859802204932386817
861663808997085185
861980704028200960
862134464444481543
862972520839958528
862974407345659904
864607570396409856
865516843439489024
865598246487560196
866270186571091968
866674290837430274
866709020127539200
866719203604213760
866894353540820992
867360579807092736
867778428946206722
868497525606580224
868808612919078912
868833696538918912
869432593460187137
869532390192013312
869536943503278080
869540396271116288
869546772020047872
869604275948859392
869736223685844992
869749824165466114
