969096911050498049
969545396681756672
969550181950615553
969557664165371905
969565891288444928
969580923674009601
969613764654845952
969775171119628288
969850380044533760
969851557377228801
969854566354341888
969883801932328961
969978733712084994
970066606482231301
970282093442949122
970309231424413696
970804336719794176
970906256218120192
971016305087311872
971064595916967936
971067415621783552
971078344753197063
971295152928120833
971311813966082048
971327081647878144
971380558193455106
971403755211165697
971408938523615234
971438495343497216
971752680203972609
971764144734195713
971765756756135936
971860201073729538
971990101264773120
972103478347694081
972108779125788672
972112294955114499
972214805246414849
972266943783886850
972462440196788226
972462668459147265
972527369398472704
972691908588785664
972797023115186176
972804342754443264
972839649998770177
972850813130461184
972869960975507456
972894891931045889
972922258921545728
972940476881006600
972946330023858176
972962790389493760
973010393659473920
973014479905742849
973047014509498368
973047197993488384
973052842922487809
973060423472775168
973127210210025472
973274405559152640
973296474715979776
973326677890797569
973525445948985345
973556994253697025
973562318062792705
973599008173318144
973622440923467776
973628929918423040
973655072210120705
973772282438053894
973825225795211265
973911227968745472
973914675485249536
973925833877413890
973926403413561344
973926422262833152
973926988519038976
973949278732406785
973959515732312067
974021159850160129
974076477686894592
974107691713904640
974160027953934336
974209441741459456
974245687234723841
974275148852297730
974339791914401798
974418246353997824
974463887117516800
974484248777261056
974486975083298816
974709152374280192
974742726964056064
974757679641088002
974777829928898561
975041782118432768
975137228073598976
975273533721866241
975299828258238464
975424409560260608
975448510433705984
975453532274024449
975505371707199488
975510596648095750
975511864137469954
975515473532956672
975516382682075138
975603457695633409
975656158676619266
975690181213761536
975757043876421639
975764075618754560
975828927544471560
975972756092207104
975978623923400704
976006287438704640
976036819467878400
976039965628002304
976112497001467904
976117019153072129
976121844733546498
976137569984483329
976150883745566720
976151302165147650
976384975204503552
976403073227743232
976417927787352064
976512031124684800
976512103296196608
976547724261773317
976601485592154113
976602157863620608
976603364946522113
976604431314837505
976753132410720256
976762589467246593
976764100440031232
976780747787964416
976781606659805184
976784056779198465
976784114824175617
976785483446542342
976787719832719362
976805987721138177
976811946564640768
976826420273041409
976836794460368897
976846166624231425
977074143421255681
977162575933620224
977163111705669634
977215339183325184
977237337057918976
977273159345934336
977589565081968640
977653055905828865
977807066940178432
977880782986358785
977884047585062913
977889943929458688
977969403760463873
977986402838306816
978015803260850176
978050637790400513
978285733541744650
978303374037745664
978310942579744769
978333810772373505
978353471563984897
978442249020219392
978514443905662977
978574260166889472
978597981866856448
978605566393180163
978605619694284800
978613916438740993
978614659224780801
978655825530118145
978979938656243713
978981721008943105
978993096196284416
979015340263985153
979086498329956357
979103401375162368
979216242971037696
979216964676739072
979326152451018757
979348742129283073
979374625837735936
979379749809152001
979384656293433345
979624963090141186
979639220330430464
979757999265927169
980149052695334912
980219401210392576
