1068669602899484672
1068957590183399431
1068960084867338240
1069050436894765057
1069409338911932416
1069452074201448448
1069469408848801792
1069501603420368897
1069516517983834112
1069582732215357440
1069602424313257985
1069611088638083072
1069612621697929218
1069614285532352512
1069868872654864384
1069944139867934720
1070209908501549056
1070210879982059520
1070211497819820032
1070213045090217984
1070216604804370432
1070224878052225025
1070229862596702208
1070232738614132736
1070233336310833152
1070239384086155264
1070262318938746881
1070276572450619393
1070443076664012800
1070490422819082241
1070540855545597952
1070567429665890304
1070658959164522496
1070670117267075072
1070678889654050816
1070743652664786945
1070890418894725125
1071590694848851968
1071602583989477376
1071611932740866048
1071659304036560896
1071677123511881728
1071688169664348160
1071749515525292032
1072021413391929344
1072169661498884099
1072219600979410944
1072515168326819840
1072691669055799297
1072863562278723584
1072867610859982850
1073265582882152448
1073297673657159681
1073302445256790017
1073309104142254080
1073314998833856512
1073472795680624641
1073836323713232896
1073836636033544193
1073840879406850049
1073847782820110337
1073909248663478273
1074039487225872384
1074237150634348545
1074238277979377664
1074243885336018944
1074246215695523840
1074287124780908549
1074551089846980610
1074561356802727936
1074562124377149440
1074608874928394240
1074958608146649090
1075011372868620288
1075013818202316802
1075083574905319424
1075246237220302848
1075251469975076865
1075258545346535425
1075288118549495808
1075299841213775872
1075322704780120064
1075345715977695232
1075387959325515776
1075587416524754944
1075621720076169216
1075631736040546304
1076394726083964929
1076396780898709505
1076428815293997057
1076745145498914817
1076853434270343168
1076854667194368000
1076856066837831681
1076869465944539136
1076937145644974081
1077087705656422401
1077091945929936896
1077091982990868480
1077130881385541632
1077144776263327744
1077153961822560257
1077591747335720962
1077602780871905281
1077911191807242240
1077924945328553986
1078200363491049473
1078204931914518529
1078229347515936770
1078263783888510976
1078267376729235457
1078279602689269760
1078365725159505920
1078429423232303104
1078653287925190657
1078899339630526466
1079014125546676224
1079304074460200960
1079409019297640448
1079767743384162305
1079768796007673857
1079769193766096896
1079771953685237760
1079773850353782785
1079779581001957376
1079786998632714241
1079817857381347330
1079838677507940352
