1112885876361637888
1112924066782928896
1112972664086413312
1113037673671819264
1113039756181598209
1113106889783427073
1113193565474054144
1113360815028154369
1113413229139464192
1113418920998973440
1113420776823304193
1113429943441133568
1113432662633525252
1113450944329506816
1113536616793092098
1113540584587788290
1113713477976125446
1113728936930938880
1113730638560071680
1113806865413099520
1113816806328872962
1113924406596841475
1114060150212575232
1114107060994572288
1114204041544962048
1114218281873944576
1114258539952910338
1114284502266851329
1114476610168676352
1114478383134466048
1114480055424393216
1114480417376092160
1114549852837310469
1114650204463144961
1114776978563977216
1114794000756563968
1114897558524923905
1114956475925852160
1115080622295244800
1115158053555396610
1115158857393688576
1115364317455704065
1115487216027959298
1115569777597145088
1115634256154247168
1115655548538642433
1115662156664659968
1115746285582192640
1115909694424518657
1115938124029399040
1115942447312297986
1115974888177557504
1116021748065918976
1116025869800226816
1116053390025416704
1116055083672797184
1116068312096608256
1116120369696350208
1116261728210362368
1116370523448070144
1116405034181435393
1116640381179817984
1116755951514574849
1116756055029977088
1116779500799438848
1116816747338842112
1116816944185970691
1116846532911931392
1116932224224415746
1116943435598974976
1117119926790045696
1117246796152147969
1117306874108375040
1117418177518919680
1117795505923403777
1117796103896875008
1117812708433453056
1117845145523822593
1118129528541335552
1118188429144018945
1118562735992623104
1118571402250973184
1118805972070191104
1118955238126284800
1118976226415091712
1119110137375891458
1119148699949518850
1119318821104386048
1119563650426200064
1119572500810092545
1119642744094224386
1119700098668220417
1119923747346157568
1120065387704537090
1120117617723834369
1120223409428946949
1120242134462992385
1120328599318302726
1120344287143555072
1120344296375197696
1120348695805845504
1120361664132669440
1120367754283028481
1120370367351140353
1120370983473434625
1120380630376820738
1120381876093509632
1120383215750004736
1120384178741288960
1120392424780701696
1120405915340038147
1120423585934401543
1120445912214638592
1120538691871608833
1120550848663302144
1120553752807858176
1120566300474998784
1120574071668973569
1120582906576084992
1120652286227705856
1120701537817329666
1120763082115047424
1120949231563542529
1121000509924630528
1121023881018597376
1121091678989844480
1121338205507395584
1121344279706853376
1121353418231156736
1121366132428918785
1121373613389697025
1121378284598644736
1121382567406473218
1121383865107582976
1121385958472077312
1121389917907640320
1121402528925720578
1121408684901523456
1121411894399721473
1121430658428149761
1121431083743088642
1121432432236953601
1121437244777222144
1121437703180939264
1121437773645348864
1121445281881628672
1121454218253078528
1121456569193988096
1121512477991284741
1121634710294110209
1121637181380890625
1121668579076632582
1121730464794935296
1121789912930377728
1121791613942951936
1121794021506965506
1121796437841367041
1121804552540434433
1121806987354832896
1121895838651957249
1121958967956127744
1122053541516935168
1122107829664583681
1122133316763828225
1122143993377083393
1122175457544138753
1122187987440128000
1122188306190438400
1122217851706699776
1122218139859570688
1122220059189899264
1122268179156221953
1122284575101636608
1122298444431773697
1122304423110144000
1122319823638159361
1122325510686511105
1122331870073458688
1122333543181488128
1122337504705699840
1122359601553264640
1122370627153698817
1122403622061391872
1122403973514686464
1122414328026558464
1122426024266846209
1122427286727172096
1122428474541531137
1122443935182286848
1122456023573250049
1122531781125607425
1122535394061328385
1122641278426992640
1122676206493560834
1122684865969889280
1122907097899732992
1123225492755238912
1123231961437360129
1123266043101605888
1123269339832913921
1123307539867815936
1123340950015815680
1123346223119982592
1123348082442285056
1123348683053989888
