949012582421204993
949326027381202944
950182825529094146
950686398293663744
950712611418640384
951001883770081280
951234572825477120
951526987537018881
951627961626701835
952204945637306369
952280128935071747
952501087810007042
952965645544644608
952965664028884994
953008625018077184
953096447456628736
953549057305272320
953885851553009664
953901107075538944
953999963847000064
954261371344113664
954275411780866050
954705510812368896
955203251401625600
955350031485296641
955763621681942533
955765752430321664
956054382604365825
956225341600788481
957052373196787712
957471368232226818
957578629185265665
957868248808218624
958374777693057025
958778678275649537
