1046587633349132289
1046613635513176066
1046729486044205056
1046730539560882176
1046797445831774208
1046802994342199298
1046805087513804800
1046811242159984640
1046858755659452422
1046877781437624321
1046908055097683969
1046923531248898048
1046927559030652928
1046932610239410177
1046935702280331267
1047010135640551424
1047019204988276736
1047104137572376577
1047140434462629890
1047142949547651078
1047149314840125441
1047183595415035905
1047207144221822976
1047283881513291776
1047325717606928384
1047440915412004864
1047481781358907392
1047489151338254336
1047533413228535808
1047537981689450496
1047584241494577153
1047608265625018368
1047628470853885952
1047655179351461890
1047672688049713152
1047709568162324480
1047721402386796549
1047748874146914304
1047816219221549056
1047868319200686080
1047869599729864704
1047869743988793344
1047883369634287616
1047887489275289600
1047975367062016001
1048000815896715266
1048152597494784000
1048160673505656833
1048181975964704768
1048234892138618880
1048305657265319936
1048307668341932032
1048308248015765504
1048311876889665537
1048319823581782018
1048321873195352069
1048323186834591744
1048328704865185792
1048346091505078272
1048367128670289921
1048369101054390272
1048369213063225345
1048370214637899777
1048380725550964736
1048382823961378816
1048385291889913857
1048386540991336448
1048386834995326976
1048390937859280896
1048397650863828992
1048410266906648576
1048411000465227776
1048412256667455488
1048412676521648128
1048413946548432898
1048417676966559744
1048437892656185345
1048440864765296641
1048449059684581378
1048454843109535744
1048456210872238080
1048476463077449729
1048509516709593088
1048549146536370176
1048565060237443072
1048565703584993280
1048576218277318656
1048576473739739136
1048585151326945280
1048586626060963841
1048587784926236674
1048587931726831616
1048602629436268544
1048606526779351041
1048608689362370560
1048611297800216576
1048613489022062592
1048617056080465920
1048628734331314176
1048637908528386048
1048638064573239296
1048639727178461184
1048642653150052353
1048670285212221440
1048691665672818690
1048706979508760576
1048736536328433664
1048753185630765056
1048754284131627013
1048755926205788161
1048760974864396288
1048771311626014722
1048861897808912386
1048865384118374400
1048870048595681280
1048881667228631040
1048918447508377601
1048919621477302272
1048961125813899264
1049022454079746048
1049091020040916993
1049313687666905088
1049314988886806529
1049317532593741826
1049337153132662785
1049350349239148544
1049350992217554944
1049354132090380288
1049363930823479296
1049379910706503680
1049383588704075776
1049384785339146241
1049391193820401664
1049460971482243073
1049472027701043200
1049501561884299264
1049510923998818304
1049512984211546112
1049635282990112768
1049668035043160065
1049702906906243073
1049771228800659456
1049774071267950598
1049788799125843970
1049831789328363520
1049897049917988864
1049923500880920576
1049971962305499136
1049988338965467141
1050005304480395264
1050010654768164865
1050055255726194690
1050070109853761538
1050139344370094080
1050151509126721536
1050219424966463489
1050354666909757440
1050363315065638912
1050370512617070592
1050378941892968448
1050380552157704192
1050380948481568768
1050383434848202753
1050410738513301504
1050445792232792066
1050451591034269697
1050463372708368388
1050485352232865792
1050504906069676032
1050513163840577539
1050525909885874176
1050543498724704256
1050582374453374978
1050584217862721536
1050692023651631104
1050707889428594688
1050714105395458049
1050764040266485763
1050814400393830402
1050815001458593798
1050815638569213953
1050815950621167617
1050818343891070976
1050818597226987522
1050821011472560129
1050821448959479808
1050821854544388096
1050822845238980609
1050825061513515009
1050830244809076737
1050830386186637313
1050830789263417344
1050830948647018497
1050831625574076417
1050833979849478152
1050836019522793472
1050836528744804352
1050837448119463936
1050837594903375873
1050838189689188352
1050838608695963648
1050838705991237634
1050845930256297991
1050846033872343040
1050846751937187841
1050853824779284480
1050861443334238209
1050866156440031232
1050868101355634690
1050876719828221953
1050886442203795457
1050887543628201985
1050902407398531073
1050928489669545984
1050930467728384000
1050951387658506240
1050957639688118273
1050963534782365702
1050964538902892544
1050982939285184512
1050984503760564224
1050998426362683393
1051003537524703232
1051004518169743361
1051019634412019712
1051022297828454400
1051029463767678976
1051037856574124032
1051040319884668928
1051044535437004800
1051051043952324608
1051057748505440256
1051070712243544064
1051086247840686081
1051087484413726720
1051091643955367941
1051094989298720768
1051095234648702976
1051095297986842624
1051096873363271680
1051110566935351297
1051110576586416128
1051111946043478016
1051123592413339649
1051126287106945025
1051127016140009474
1051127323586686976
1051133866277265415
1051135669827850245
1051144947657789441
1051148846091329536
1051151648033136640
1051153558954024963
1051153611391143937
1051159154159702016
1051162084753530881
1051186746459901957
1051195574148456448
1051198202744119298
1051199677427838978
1051218747703345153
1051220171640193025
1051232836366155776
1051234043910590471
1051234888643477506
1051237915253067777
1051241982037819393
1051266189039681536
1051275668154015746
1051276020051894272
1051277630664790017
1051282007018352640
1051283072363257856
1051288382792454144
1051290848606871552
1051317721948798976
1051321834430443520
1051356804469481472
1051357734334066688
1051401156281421824
1051445864101814272
1051449188637204480
1051468558352490496
1051480746152644609
1051483668307423232
1051500158654042112
1051501859435933696
1051513371965571073
1051546922173878272
1051567385201631233
1051573387422777344
1051576069256445952
1051580465306619905
1051580539126181889
1051610777134592000
1051634302948204544
1051638159640023040
1051647045574918144
1051675171512340480
1051707210437341184
1051727590791278592
1051728781348667392
1051759042387939328
1051763061407801344
1051841424533073920
1051845479867305984
1051856739472158720
1051857701666471938
1051866227419668480
1051872722710614017
1051880372286369792
1051890531305967618
1051921528915484672
1051965329621090304
1052012963912183809
1052014943195795456
1052021579411013632
1052142861477588992
1052145482078806019
1052204547555364864
1052248604499275781
1052259750849728512
1052267081662693376
1052269522772783106
1052270643054563328
1052300040109248512
1052363775070953472
1052450962068123651
1052471742722072578
1052588867403075585
1052589155987800064
1052590242748805121
1052609268510326784
1052615531403010048
1052745022297260034
1052745484832370688
1052770469047222272
1052775996703698944
1052778112742764546
1052808645572943873
1052823456440508416
1052824115030061056
1052848806855880704
1052851261391953921
1052864232709087232
1052871894062510080
1052872634302648320
1052907778405224449
1053081952197271552
1053110274348134401
1053140852908965888
1053194557645602816
1053203762872008705
1053313738349125632
1053318369309614080
1053318935540576256
1053367196003508235
1053368185750085633
1053369029367336961
1053372494906884102
1053406969367855104
1053454294945394688
1053455785156431872
1053459256383549440
1053461885373308930
1053687319520256000
1053712971724193798
1053715031349694466
1053716026200866816
1053716352966553600
1053716953146314752
1053720397923995649
1053720456233127938
1053721219596337152
1053728195168624640
1053730306149244929
1053730366123585538
1053739518531158018
1053739955577675776
1053740932409901056
1053747427302350849
1053747776671096833
1053752499478265857
1053753653339672578
1053754568931205121
1053754769851011072
1053763056545792001
1053764451567132677
1053766411569561602
1053774301881606144
1053776838164660226
1053786597475475457
1053796572381626369
1053798434220601344
1053800472249819136
1053805055785213954
1053807698607775744
1053811759939604480
1053817856352227335
1053818201979551744
1053820429561970688
1053820927459377152
1053833576200970242
1053838790807171074
1053842493308047360
1053845646157856768
1053857377613623296
1053864244956053504
1053869714336894977
1053876662591348736
1053880141389201408
1053888910806433792
1053986607068368896
1053988282260951040
1054006663798251521
1054035468617220096
1054037529870168065
1054054413004877824
1054058815774187520
1054059218418982917
1054061453995438080
1054089685847420930
1054112589804912640
1054122286075252736
1054125833227563008
1054126996849115143
1054128172797583360
1054128820821716992
1054129235646996485
1054130043025321984
1054130811442814976
1054134668507791360
1054138339782090752
1054139208405864450
1054144094774149120
1054145210907873280
1054165919205916672
1054168059164930049
1054169883884294144
1054186136376098817
1054205516115775489
1054207069731999744
1054207811280871424
1054227859227721728
1054244964866109440
1054337185426612224
1054355799819071488
1054361526260371456
1054378180059033603
1054399285490540544
1054405707544571904
1054405884770729985
1054408740709924864
1054410366363422721
1054418187113127936
1054433613217980419
1054440568753872899
1054441194195890176
1054442074735632385
1054442573299888129
1054444075246645249
1054445004226207744
1054459189764988930
1054459430539005952
1054461109925605376
1054464379733852161
1054464593727311873
1054494763347525632
1054563752115355649
1054578947629887489
1054595833507823616
1054610220809441280
1054611992479064065
1054623324641193984
1054693611118477318
1054707935958446080
1054712596220252161
1054715310773886976
1054738664713011200
1054746121745170432
1054777008666873856
1054782830667030528
1054784950065684480
1054799874221395969
1054808667168653312
1054830129405444097
1054854332640686080
1054968923131703297
1055024874283040768
1055056669397409794
1055081543536791554
1055091612802408453
1055158666708566016
1055284159478812678
1055323872378052609
1055505490350882816
1055523140795854848
1055606657810489344
1055627136927596544
1055639789062496256
1055639908583464960
1055640116218204161
1055640284401418241
1055640618255421440
1055640630020489216
1055641479769714688
1055641971329589253
1055642078737248256
1055642753164468224
1055654560977575936
1055679499055087616
1055707906237173760
1055751890947002369
1055757464849862657
1055774691221233664
1055805782401400832
1055853841156050945
1056009479597232133
1056034683614519297
1056080557967372288
1056207949037797377
1056219623874592768
1056239715496542208
1056240420919894016
1056255556502151168
1056295958458306560
1056308689823502337
1056315937283076097
1056321233841782784
1056336030930878464
1056353066998480896
1056366943803002880
1056372512282427392
1056376652752551936
1056391745540255745
1056398044139114496
1056413809248595968
1056416875725316096
1056557822559899654
1056559599493529601
1056561546082611200
1056565949262913536
1056619525511241729
1056624149400117249
1056735480925052929
1056771564539207680
1056867180816580609
1056894253383802881
1056912206678384641
1057001306089492480
1057001562134859776
1057001704305147906
1057004795070988294
1057020248468131841
1057021835706093568
1057398262750216193
1057784042681188353
