892197343218380800
892197988281470977
892213172106543104
892260216439357440
892262296612950016
892264510379130880
892268514266009600
892269108607234048
892271247286951938
892282692674371584
892288883920076800
892355160223002624
892368383391313920
892372704116047877
892373410017423362
892373465818427395
892375043308609536
892376202186563588
892376694585262080
892377324557041665
892377379510800389
892377511203438592
892377645454950403
892377992290332674
892378136163344385
892378751073271808
892378764059004929
892378894916964352
892379320647385088
892379579423350784
892379655361228800
892379694783496192
892379899041767425
892380365431721986
892380409484496898
892380580205260802
892380642280865792
892381037384355848
892381135115874304
892381246667575296
892381347758649345
892381359905189890
892381556643250176
892403609446625280
892414060813275137
892431743986388992
892433662469394433
892440169525248004
892442382586716160
892447531770068992
892448395780132864
892459296365006848
892469018220802048
892469708720676864
892498900036276224
892501151765204993
892503917073805313
892529485114945536
892536928343650305
892540639015043073
892547257370890240
892548675620052992
892549069985525761
892549745708646400
892550158839418883
892551474609364992
892552797467549696
892557805898616832
892564502947835904
892572819007053824
892586869489381376
892618550321565696
892639523921956864
892662266298077184
892662471713894400
892665644402868224
892668464749477888
892669933078925313
892674374842679296
892678846335549440
892681309889363968
892684465897701376
892695340423544832
892698653554618368
892701116449869828
892702024525123584
892703061772292098
892704539836649472
892706100562284545
892714787901198336
892718196918300672
892721654283022343
892722829929713665
892725050826256384
892730721932128257
892734720282427392
892740618849484800
892748406803894272
892755760261742593
892758493689774080
892760039705989124
892761793587585025
892764597647790081
892766538775896070
892766576138534912
892767792797110273
892769900086689792
892770888290115585
892771474238570497
892773291621990401
892778031609249792
892788009862660097
892793043413282818
892801473968578560
892803540921528321
892805886393159680
892808275049054209
892811294520344577
892814901206425600
892819833276030977
892835437798141952
892850883716939777
892869457776852992
892873593767555073
892893992379199490
892937188660305921
892963099795378177
892965592403066880
892966286627659776
892986545979797504
892994656786563072
893003801338286080
893005419483934720
893016234916294657
893033086828519425
893037285314265088
893043319659474946
893048172708220930
893049437873942529
893051715817230336
893054416512667648
893056551409381376
893056807450677248
893058815515660289
893061527183306754
893073629801566209
893086509649326080
893086605728251904
893086669439733761
893096087367680000
893100407886663682
893108660607614981
893115620467888129
893118578068553730
893118578899255296
893118651884109824
893118726521978880
893118729474772992
893118747497472000
893118756288946176
893118767215104000
893118806209507328
893118841051426817
893118850249629696
893118939592617984
893118939600887813
893118961830699008
893157838326906880
893158597986856961
893162164688531456
893162794824208386
893166817988018176
893166929816322048
893167541106769921
893168312447905792
893176974419427328
893177921174728705
893178544867737600
893179126168924161
893187823091814401
893198464862920704
893203515631439876
893204648521121792
893213938485272577
893230003361644545
893234693163896832
893266750661431296
893275812874436613
893338041598619648
893356644645695488
893367989856157697
893369746409881600
893382802409914369
893391751830003712
893419733927710721
893428086208954369
893433414904369152
893439557215158276
893497241461280778
893497836062375936
893497946573897728
893500124248363008
893502936088805377
893519098868617216
893525953166532608
893527192612851712
893532021515014144
893552081050775552
893552616776491008
893553391896596481
893604423900872705
893606488433987588
893608134681534465
893611328241369088
893612115940036612
893614619104759809
893614851032989696
893615116955951104
893615569513046016
893615945242918912
893616436915994624
893617049704042496
893617097485328384
893617352935387136
893618548320423936
893619085610713091
893619132591218688
893620677349064705
893620930265718788
893621057344557056
893623396096819200
893623875916808192
893624175826419712
893624290331045888
893624315895205888
893624360774148097
893624368336576512
893624406488096768
893624744548814849
893624973994196992
893624989076860928
893626249469284352
893629255476584449
893630142223859714
893657512964239360
893703467017154560
893713376647430146
893714287058763776
893745736797478912
893765802796523521
893767394291662848
893767946048348160
893768150013038592
893768577744064512
893770230287282177
893772252763893760
893777279217782784
893781964284583936
893782423133179906
893807146667659264
893807966020747264
893825348504367104
893825528813277184
893828087699329024
893828332302807040
893832950227382272
893868641250357248
893868933182259200
893873578688430080
893877061730914304
893882247576735744
893883010067595265
893894400018751488
893900431562289156
893914983272239106
893918575668449280
893921032284798979
893924948934356992
893934761332187136
893935227055337472
893939530868379648
893941333131501569
893944266233434117
893944401675898880
893959166909218817
894029084275101696
894037959019683840
894068142061780994
894188328437919746
894204851361636352
894351863662997505
894372150668341250
894372595239448576
894374213833953281
894385021733220357
894388450513661952
894388758421831680
894388765552148481
894388862881071109
894389169480384512
894406914511187969
894407739308470272
894413854209396737
894427533910851584
894428749017604096
894496438784106496
894516064347971585
894519338853707777
894527764711313408
894528675802210304
894532700224270337
894542897361461250
894543206481842176
894546007077400578
894546858080600064
894554772736544769
894555671575896065
894559770283266048
894561776402137089
894562229399556097
894564940824027136
894567645474951168
894567771740270596
894568526958268416
894568634504273920
894568685687492609
894568976356978690
894569761077567488
894569955726942208
894576288677101568
894577505021177856
894578541437886464
894581600368836609
894583079704051718
894583521490092032
894586819333021697
894592473686724608
894594036471877632
894595304410034176
894596904943722496
894631768443281408
894639888750063616
894641723598622720
894645299867680769
894645914962464770
894653531835314181
894659302367035398
894670104369168385
894687375271579648
894691515049574400
894701869280313346
894715111381671937
894721176303538176
894738025682395141
894740333774479360
894746171024879618
894764208155262982
894766509167329280
894778849677934592
894794455756099584
894805284698243072
894808809750843392
894829239622488064
894842517924888577
894854437319172096
894896594700484609
894902684083298305
894905630888087553
894905708902313984
894906338039316480
894906511260078080
894907357699768320
894908768655478784
894908991377113090
894909019483242497
894909690127147008
894909708158484481
894918496512954368
894924045967380480
894937028688621568
894941336603959296
894948675205570560
894948734924013568
894977417529495553
894982192874622976
894988004942639105
895026657555345409
895039225774604288
895103767711948800
895110130894688256
895118970801487872
895145069035962368
895233090699890688
895249775225970688
895263256973119488
895267446671777793
895291032077819904
895324761802145797
895326251207999488
895328954466287618
895342191652089858
895349737225805824
895380738262147073
895385476873560064
895397111461707776
895401078862344195
895422219416940544
895432234080944128
895432992075661312
895453421246873600
895455462635655168
895457263674171392
895482633307570176
895533387187765248
895533435569152000
895534425030754304
895539112127545345
895554737617162240
895560465329344512
895566195595788288
895567986588700672
895591440277008384
895621120480509952
895622346438037504
895649474751672320
895675200943116289
895678576548360192
895680184220831744
895702616583405571
895711003282767872
895711297974796288
895713466861932545
895743679695958016
895744138527870977
895749715035377665
895754120128278529
895787323845210112
895839922589847552
895869168028835841
895889038720196609
895921166690418688
895964188903964672
895981277584564225
896009348979228672
896015160619479041
896067396070289409
896080733277634561
896081326620549121
896087557645021184
896105629789466624
896105951345770496
896132774263783425
896137527328874496
896148085226614784
896150407885447168
896151653748953088
896161539740188672
896178017902370816
896182758510178304
896224316827852800
896225173204082688
896225219320442880
896226035980574720
896231657581277184
896233529905905664
896244020711759872
896266693864849408
896270248105717760
896270728349196292
896273694175232000
896282571843284993
896287182201253888
896290855174021120
896292586134089729
896294627510235136
896301061161484289
896317050687295488
896317405105971200
896323935746367488
896324173445951488
896324986289500161
896325534493409281
896326895557648384
896332536468701184
896336924977369088
896342845631549440
896343511297134594
896345149177032706
896346622606684160
896350022933131264
896351209950511104
896355008287039491
896355388727193601
896355569501691904
896359099855552513
896361990968528896
896362932606455808
896363716937109505
896367671725481984
896368286199361536
896375261339451393
896375398052900864
896380273092423680
896383148698816513
896387919312703489
896388872258637824
896394436854374401
896397791467114497
896410891859742720
896412316396384256
896413451324620801
896423022013370373
896423964335104003
896432395296980992
896434057915117568
896450543199105026
896453407078273025
896454482090917888
896469808505552897
896473339270754304
896480432660852736
896489108167692288
896494761229656064
896503949708058624
896504164888461312
896504315011112960
896505806941818880
896508920033755136
896510148470083584
896525394769313792
896532681541865474
896532954578604034
896534120582586368
896534498082521088
896541127582654465
896569922477850625
896575494484668416
896575690761359361
896575859150082048
896579711010193413
896580163604889601
896580382082166785
896586014621171712
896607960054382592
896616976558288896
896620214569140224
896635970476417024
896642935336423424
896657180228800512
896712943483707393
896726519367712771
896729294562525184
896743557708558336
896748232658874369
896748995615371264
896763007379701760
896763866956386304
896765486800785408
896771464510230528
896785343458013189
896786299352383489
896789280671924224
896798616529936384
896799500509085696
896820842369171456
896827516337364992
896836076496670722
896867915487526912
896903761142071296
896905330759655424
896914432386768897
896921159219806209
896956503353053185
896970861709844480
896989909088600064
896990312387813376
896990337130016768
896995370290470912
896997283857702912
897009820288602112
897010928243404800
897012863063207937
897015534113275904
897017129081241601
897019487550980097
897081614001475587
897083005126066177
897083677615587330
897096094840238082
897146521703067648
897150367300960257
897150905249808385
897153061013012482
897157414734229506
897202670842281984
897210964218531840
897312981695987714
897355384016355330
897355842613370881
897357571090247680
897360313439272960
897360613235539968
897364595731345408
897386529076649985
897388434867666944
897388544603209732
897390211583356928
897410244028092417
897422745780310016
897424646001356800
897425219756978176
897440164062134272
897449800483741697
897475747291549696
897486088775782400
897493971555033088
897500873156288512
897589835342389249
897605261397041153
897606074785726464
897607034471927808
897609566984253440
897612173731561473
897621843292688386
897625514562781185
897626425968164865
897627230884564996
897627511051476992
897628829732278272
897634302258802688
897635314138828800
897637321230749700
897638209580093441
897641684879724548
897645729442877441
897651763339251712
897665466151444481
897678963790585856
897681144883425281
897736615375888385
897780500424671232
897782902452350976
897783683448549376
897785653491974144
897816071910174720
897824587148296193
897828606411395072
897831402472824834
897833499209617408
897833700532117504
897841642849280001
897841891978297344
897847119351955460
897848536204705792
897849249655701508
897849971902341120
897865255115771904
897881797043773440
897883441617920000
897886449780932608
897905699526647808
897931670464155650
897948069974691840
897958523413254144
897962200584921089
897986814836867074
898107028194897920
898147093985935360
898147210898092034
898161189691179008
898165649482162176
898183150211260416
898194787437658114
898195224777961472
898202865046618113
898205176607232000
898208111365832704
898216462262784000
898216577979617280
898218127758176257
898220950956630016
898222172036050948
898222573737058304
898223358495473664
898231961411608576
898237865343172608
898238620716285955
898249064961028097
898260461292048384
898262791655755776
898292424421789696
898320621553283073
898321874308005888
898328392268787712
898344635122065408
898345207212552193
898346264609177600
898348247659433984
898350632112979968
898350987789967361
898353967440117760
898369244785590272
898385950811860993
898386342425612288
898386930458603520
898420820032094209
898421575661240323
898421845111619584
898422715018694656
898480317065035776
898480968876556288
898512936154480640
898513066199044097
898524487288709121
898557362579152898
898563467900211200
898576100737069058
898576632776187904
898593931977306113
898597299298947072
898602949701586944
898615107734966273
898628937202507776
898638746421084160
898652252507967488
898669196661227520
898696799367647232
898701078811693056
898722437470208000
898727283128754176
898761055702204417
898784128555859970
898796940460085249
898845327632941056
898854465557602304
898854692691746816
898935413313687556
898949286070591488
898974554978222080
898997331734937600
899010715628982272
899011502589575170
899021624296456192
899040148507082752
899043076911628289
899043730786623488
899043875926327296
899052175208218625
899055704694300672
899057478377381888
899060536532488192
899093572540039169
899094282367254528
899094567449907200
899106780436848641
899147736116637697
899172253883023360
899176080371630080
899220422973169664
899228647600656384
899237212834775040
899240319505616896
899243009769824257
899247094967537668
899262746855964672
899270609594658816
899279443985747969
899280007691948032
899280459867271169
899282466803941376
899290776911458304
899290813062148100
899300740115685376
899302009735708672
899324060047470593
899347026466439168
899348730956009472
899361383900426241
899370869734215682
899391090146586626
899407218004680704
899419131501461504
899420929184342016
899455352994803712
899455769149456384
899465181583085568
899471545424162817
899473121412907008
899539292380422144
899551484857245696
899562367389925376
899563711685373953
899600862061801472
899607389464342529
899614518124437505
899665864240369664
899673666199445505
899681751148224513
899696219148099584
899720919337230338
899739287758938112
899757937723232256
899781252592656384
899791525172871168
899792762211577856
899793426996244481
899794210076770304
899796276190994433
899797846538498049
899801370592657408
899803726512246786
899807639390920704
899813510569496576
899813861641117697
899818917862010881
899819564627877888
899821311123501057
899824768936837121
899826041887244288
899830355141697536
899830763432140800
899837977614069761
899883675164213248
899883699323494400
899887264641073152
899887929690136576
899888114663129088
899892672600592384
899895195046748160
899927739100151808
899934634611417088
899946350908809216
899953074801975296
899968248497790976
899970452189319168
899979989629767681
899986550347268096
899987934056779776
900036013782835200
900055090308022277
900079109023428609
900124327814844420
900195306742198272
900216366762012672
900218386130636801
900219778824110080
900288224840400896
900383693276971008
900385451739156480
900411845936242689
900656077548605441
900674957713313792
900675899762147328
900678271217565696
900722996591169537
900725372651569152
900727160025083905
900745191757185027
900754118058356736
900758877737816064
900759944768696322
900846656555438080
900864774849691648
900865646287781891
900866920945262593
900878433445711873
900893068760625152
900897419822587904
900915273422721024
900921788280037376
900942053437169665
900942974128865281
900946014999150592
900946516352749568
900955338874146817
900974394926784513
900978784693866497
900981453109972992
900981898561724416
900982822554312704
901006650387173376
901012015707181057
901028460352557057
901050338677018624
901052936591200262
901064368367968256
901065439874359296
901067836499644416
901071637377933312
901075466752229376
901080098949943296
901084611589152770
901089189483003905
901091603514888192
901092641185689600
901095235052240896
901095773827411968
901096375382822912
901099922145103872
901102257885904896
901104011952115713
901107621138223105
901109058500927489
901113204486615041
901113583332937731
901115596192067585
901119890307862528
901123379553611780
901124827414761473
901128975182966784
901128983579938817
901135125303484416
901136592638758912
901142623418630144
901149330559520768
901150457372061700
901151521215328256
901154757129244673
901154778528567296
901164486681407488
901166615668064256
901167734314160130
901181387570589698
901181695898071042
901181960957112320
901183415139151872
901183591304114177
901184311059263488
901188931491909634
901209816626081792
901244635640504320
901247651328512000
901254506096283648
901254956597903360
901274499915448320
901276464502460416
901324248547045376
901347735244288000
901349331336409088
901369609118502912
901373413318684672
901385224084443138
901402658967126017
901411522064162818
901414121589145600
901415648298979328
901416381060702209
901416382302212097
901426447356755968
901433885959094272
901435562871095296
901452946147291137
901462538013093889
901464269941813248
901465817426124800
901469512398254080
901473650502664192
901477211466854400
901485964538908674
901486934291341312
901488116640268290
901499518004416513
901506215083204608
901507179357798404
901507217605656581
901511085085396992
901513950704971776
901514100793950209
901514635987361792
901517159800729600
901530772733079553
901543801075978241
901553582167781376
901553626648199169
901564099838054400
901568357446672384
901580042379112448
901639326353711104
901644494982041600
901678638277554177
901703193691807746
901712915841110018
901739592021184512
901746602368425984
901756295140655105
901757343548948480
901757585577185280
901758331752239105
901770489361825793
901785023442894852
901794896834682880
901818984483266560
901819998091571200
901823584611573761
901827952152903682
901828878448173060
901830473344720896
901832165205446656
901836031229493248
901836858761633796
901837753809174528
901878907095457792
901914627465822208
901919250843136003
901920481028145152
901924557455593473
901924950893780993
901933253107396609
901934845714087936
901940436683587585
901944494689574912
901946966778753025
901947436142387200
901948895768530944
901953767381364736
901954401602076672
901962885416538112
901976918324637696
902004183804633088
902005261325488129
902005602322444288
902007927376146437
902009618360086528
902026913174212608
902167301092384769
902169553878310912
902169868866342913
902170695995555841
902173832500404224
902173929401405440
902174127376797696
902175318546448385
902175415443304448
902175924191408132
902178228567105538
902178236523786240
902178728079491072
902179422249377792
902180470808383492
902180713671286784
902181884721029121
902182037389500417
902182687502475265
902182803684696065
902185820655804417
902187122173587456
902187426675695616
902188369521688576
902189369888407552
902189497370206209
902189657194209280
902189734776246272
902190004050518017
902192293238722560
902192627197640705
902197846459514881
902198679976718337
902201763209596928
902202050083266562
902205811962904577
902221463033454593
902255780379844608
902257675630764032
902261460725891074
902264866085507072
902275754930561024
902297432356257792
902302841339039745
902312938597474305
902321244070170625
902328105313996801
902331462095130624
902332971520323584
902345884532224001
902347176638124032
902347840202174464
902358624294633477
902362278393253888
902364075656708096
902371529777917952
902374452364759040
902380304945602561
902400969585123328
902422146194055168
902424082720935936
902427462491136000
902452115351764993
902457745764368385
902458992869359617
902460209934864385
902463779300032513
902491244424814592
902491887394795520
902491946115112960
902498302620524544
902513794202697729
902514112604884993
902564082691203072
902566017947246592
902567547651760128
902571112403488768
902580111257591808
902583462489722880
902596792847650817
902601634743758849
902610200678604800
902613445069164544
902625445639806979
902626191089311744
902626342944038914
902632553051340800
902633967769329665
902637386982621184
902639799114260480
902643907846131712
902644666117455872
902646286456934400
902648735506677760
902652407158640655
902654040479219712
902654366347399171
902656283576221696
902659463718588416
902693166201102336
902697077792137217
902705998246416384
902715100317892608
902717085058564096
902727324163964928
902734937274638336
902736566753214464
902741448516407303
902753159398948864
902759026001313793
902759137578233856
902761449470263296
902764485592707073
902764730678423554
902765916810817537
902766923548590080
902767994778025984
902770654319136769
902771985964519424
902772886066298884
902774425807925248
902774665311080449
902777431009902593
902782483044950016
902786023456952320
902786205095518210
902790266825752576
902792094703484928
902794029972279296
902811273611632640
902829471824310273
902833578911961088
902835688202174464
902839496663814144
902842753796661249
902843577700638720
902845260899876865
902845456350412801
902846539713753089
902852778749419520
902854094074896384
902871010957037568
902878919644164096
902879582868701184
902888532666023936
902889228505419776
902890368089415680
902890379745382400
902891025752055808
902891191041216514
902906420538040321
902938641730871298
902940219913117696
902949893307695104
902951181751857158
902955083712913409
902966045492826113
902966219556261888
902994245899886593
902999369275858945
903002582926462980
903002814879805440
903016164930064385
903034574573326336
903034736448344064
903068400385114113
903073052711428096
903078069069598721
903088383299395584
903089724784562176
903090112610705408
903090925878030337
903092918604500993
903094135774642177
903096167097135104
903097571345870849
903099350980726786
903101212849041408
903102846106832902
903102893905113088
903108475273715712
903109787663159296
903109817014919168
903110103515095040
903111532162179072
903112802956660736
903115457519120384
903120194159214593
903121320740884480
903126491910873088
903134336094015490
903144853722116096
903159100296462336
903164478451179520
903165064403755008
903165709903044608
903177950995988480
903180016653144064
903185355586887685
903187100002009088
903188018973908992
903195041929191425
903204086929076225
903212595087380480
903216025172312064
903221061709377536
903221667383713794
903223537191682048
903223611426824193
903223834991583237
903226147743334400
903228559849902080
903228595958665217
903233552765947904
903235464936685568
903237072630280192
903238913921245184
903243575495942145
903247310070603776
903252389788037120
903256637808320512
903260663895564288
903261617693097988
903264515944361985
903269737467191298
903270477740875777
903275035267301376
903277152975671296
903278714825445377
903279020711784448
903279825594540032
903282390834937856
903282997310484481
903287220555190272
903287260400967681
903289870562467840
903290849492172800
903291109115183104
903292159339745280
903292840528236550
903294662672138240
903296424548462593
903299371881652229
903303106502545408
903303395066482688
903303553858592768
903304458309963776
903305227121524736
903310903701118977
903315325323796481
903332714379694082
903334039083507712
903340099420737537
903341972580118529
903346640001671169
903350353810173952
903352999401095170
903355713564459008
903357814877376513
903359675273547776
903361427037200385
903366667010375681
903368667244752896
903375443553804288
903388278983929857
903396339983073280
903399824216784896
903405215126364163
