1079908790311546880
1080129539362222080
1080133072773885952
1080136981223489536
1080140679534313472
1080153155910991874
1080197278315569152
1080208347532414976
1080212548128030720
1080272076819197952
1080281627845025792
1080283236733861888
1080284833564250113
1080287806075949057
1080287854306185217
1080294311458152449
1080330889970757632
1080365051339571200
1080379693860380672
1080446158256787456
1080476154115502086
1080481519918088193
1080483885190791169
1080491736080809988
1080492039735783427
1080492405512699904
1080544525897162752
1080555543612207104
1080556501989801984
1080563567332601856
1080591071472730113
1080592039081885697
1080641237034696706
1080652922357198848
1080681291283132416
1080682684618280960
1080682795444436992
1080683999218020352
1080686325731184640
1080693032050032640
1080707082146406401
1080711356964167680
1080724017256923137
1080744310763651073
1080747966535815168
1080775898503081990
1080794969181429760
1080805607530287104
1080814106523897856
1080821985951842305
1080862647212494849
1080868325008310273
1080871540785176576
1080888438822293504
1080892534530879488
1080894846859001857
1080903263149535234
1080906593150087168
1080908986709364741
1080916101087649792
1080926287118651399
1080926435026526209
1080926524776370176
1080927702926983169
1080928075808829440
1080928351810777088
1080930418327719936
1080930700600139776
1080931294958313477
1080932161471934464
1080932450488877058
1080932940371025921
1080933170621509632
1080933383696535552
1080935623895076865
1080938823704440832
1080939290551640065
1080941837748076544
1080944531758026752
1080944773354217473
1080946378099118081
1080947319305105408
1080948395114668033
1080952372149530625
1080959289395740675
1080959372870803457
1080962823113662464
1080962945591504896
1080963176282419200
1080963711055982592
1080972456171659264
1080973620510363649
1080982841679380480
1080984528641052673
1080990256797704193
1080993054390185984
1080997247846895623
1080998066172428289
1080998871046615040
1081024194664689664
1081027228320841735
1081031355939532800
1081038966504284160
1081081241301078016
1081124724485312512
1081147115794034688
1081154081278824450
1081160400845066241
1081173013943463937
1081187598167654400
1081189381707390982
1081190628753588224
1081190713474338817
1081192147943075840
1081193769112870913
1081195983642468353
1081198977934999553
1081201075951157248
1081201359871987712
1081204529532555264
1081217540267724800
1081218067055763461
1081225901608759297
1081232182583181312
1081250411431055360
1081262980522745857
1081271802825891840
1081308834734444545
1081315159384252416
1081317594009878528
1081317828584599554
1081320842628423681
1081321844643262464
1081326239825231872
1081336780123750400
1081337176049180674
1081344016547930112
1081373429129981952
1081374953746894848
1081375374024400897
1081376274948460544
1081377289991012353
1081384299088228353
1081403268109160448
1081403540021698560
1081422280578740225
1081484656447414273
1081497819607896065
1081527542111186944
1081541850144620545
1081560555473854466
1081566791124570113
1081572839336103943
1081584966750912513
1081592465306591242
1081592957743128577
1081612835367587841
1081623965788004352
1081668054205968394
1081678231688880128
1081691852837810176
1081692594667581440
1081698564009615361
1081732298809245697
1081743812182110208
1081746161751543808
1081748638949289984
1081753233419194368
1081758422591258624
1081792599906611206
1081793807836954624
1081794177770315776
1081797609994346496
1081803662786285568
1081816344671199233
1081818709864341504
1081823834435653632
1081833523298881537
1081835276950032384
1081861284117839872
1081862424138051584
1081864306554273792
1081867572642045952
1081879448629067778
1081884084769640448
1081891040783728640
1081891045250600963
1081891648374820864
1081892829473968128
1081905770172686336
1081911118757543936
1081913548945657856
1081914561442299905
1081914987575164931
1081915867527548928
1081916514708668417
1081920370683318273
1081926225382248448
1081933689976692737
1081936532028551169
1081937242136801281
1081938301186129920
1081938932437340162
1081939893796962304
1081946168873996294
1081946518255517697
1081947322303553536
1081951272067125248
1081953763982757888
1081956074993917952
1081963097097682947
1081964496736858112
1081970562510061568
1081971135472795648
1081972962503340032
1081973512800133121
1081976248748802048
1081982538124529664
1081982602171609089
1081984927191756800
1081985341559517184
1081988201684914179
1081991468192067584
1081992434022785024
1081992435406757888
1081992557150851074
1081993179912720384
1081993596822323201
1081994027577294848
1081994167633526784
1081994406306156550
1081994709994594304
1081994956602896385
1081997522267103232
1081997731546058752
1081999762419843072
1082000014921093121
1082000103429324803
1082002531100831748
1082004416843182081
1082004941550571522
1082007912396992512
1082008601496035328
1082011481930125312
1082015051526086656
1082015863962767360
1082019298250510341
1082020310344298496
1082020427357138944
1082021553527762945
1082021967505575936
1082023844460838914
1082024126712303621
1082024295335772160
1082024972317483008
1082025093495222272
1082030675308568576
1082034161999855616
1082034370880458753
1082037987641303046
1082042393761890306
1082042754488823809
1082047900048347136
1082048475926355969
1082050473664888833
1082050607471607808
1082051040311169024
1082051226970320896
1082053368175038465
1082056549110030336
1082060130622074880
1082082351197368320
1082091259064393729
1082091403365179393
1082094642496188420
1082095676933136384
1082100802808733697
1082104087267688448
1082104698054819840
1082108439365591041
1082115000095797250
1082124714947039243
1082126026921132032
1082131213178073090
1082132207651549189
1082142068032425984
1082147068087431169
1082151504654598149
1082164060035047425
1082166503619944448
1082209095522881536
1082209280923713536
1082212851253534720
1082230309494636544
1082246552356352001
1082249114656690179
1082255331433086976
1082267188734631937
1082286287091044354
1082287953882370048
1082292335688470528
1082292475367165952
1082292719047856128
1082296958654529538
1082303596547489793
1082313786600706050
1082315717658230784
1082322787186941952
1082329537923506176
1082336595662069761
1082338992224227331
1082346451450191873
1082346979940855810
1082349662198222849
1082352138490134529
1082356997595516929
1082360128664416257
1082362803351097344
1082363380063764480
1082365964191182848
1082374331802431488
1082380776002457601
1082403046858973184
1082405984553914369
1082406414906261504
1082419111450181632
1082430507399299072
1082433622479642624
1082453637291560961
1082465338560733184
1082468655428968448
1082470199750582273
1082475334832979968
1082510270675722241
1082530498331590657
1082530735733518337
1082552721842950144
1082562929789153281
1082577257267425280
1082579944146903040
1082614978320977920
1082629228066160640
1082629343841603589
1082642982841536515
1082645796397301761
1082645842107006981
1082651889047560193
1082657371430797313
1082669252203560961
1082685031183802368
1082743349680001025
1082745539903569920
1082763113613717509
1082768068319809536
1082769296839843841
1082787347865972736
1082790477760471041
1082790639559942144
1082799137626550273
1082807811472539648
1082814577728020486
1082814691791953920
1082819111799980032
1082839784635187201
1082853156067966976
1082862778636005376
1082863659875999744
1082936893279531008
1082948495944962048
1082956790638219264
1082983489098665984
1082997013594230784
1083006054810742784
1083032292161814528
1083040917437771776
1083041247131066368
1083049470902915073
1083060428505268224
1083062650664374278
1083063130048090112
1083063208074723328
1083063613240295425
1083064115302723584
1083067365053599750
1083067860400947200
1083073612876271616
1083078067235352576
1083094323934171137
1083108191989186560
1083125513206390784
1083135146704977921
1083142212005912576
1083145115269582848
1083145530543407104
1083146561884966913
1083146561893400577
1083146804319924224
1083146897437659136
1083147065222402050
1083147176350486528
1083147311423897600
1083147391111516160
1083148306019053568
1083172103531180037
1083197879647256576
1083229189279567872
1083242384123707393
1083252473551249410
1083312354371072003
1083315759714062338
1083317712003174400
1083323878628380673
1083324480074723329
1083327216598032385
1083327437910372352
1083358401722224642
1083360449163395073
1083365727669833731
1083367488065359873
1083373578194542593
1083389080740745216
1083396197228965891
1083412915305283588
1083428448914280448
1083468812358504448
1083471450613284864
1083478708403490817
1083497443960987654
1083499973550006272
1083536266837323776
1083588743875960833
1083606207292735488
1083607818001965056
1083647160468484096
1083694371977990144
1083740110846414848
1083781395246342151
1083782307247353857
1083787550580490241
1083789875860697088
1083803126094852097
1083852867897679872
1083852946863869953
1083867923465359361
1083876886684418049
1083907397310009345
1083907713149689856
1083923659482431488
1083997756044206081
1084107640119222272
1084165328983154688
1084174016611602432
1084182074754359296
1084194495745482752
1084194921911894016
1084214411676536832
1084214888459845632
1084220729850249216
1084222131620044800
1084223749333893122
1084225604071841792
1084226745761517568
1084226834252943360
1084227976361738240
1084231842679713792
1084233598427893760
1084235889352626181
1084237064185499649
1084237888336859137
1084242769244311552
1084262767681388544
1084275583809409025
1084280995300413441
1084288275790159874
1084288416722776064
1084306839351615488
1084313761224241152
1084321191437971456
1084350600215699456
1084376998904881152
1084388194987241478
1084399300686209024
1084412288348479488
1084426673569681408
1084430041583362049
1084468499148406784
1084481503172542464
1084508140366979078
1084511618682310656
1084512236951879680
1084519214269034496
1084520117201969153
1084521093199814656
1084521515087990786
1084521581831966723
1084521629240168448
1084521747095928832
1084522184134062083
1084522352350842880
1084522907664113664
1084523419771850752
1084523725150715905
1084524527084863489
1084525118913572864
1084525917479845888
1084528671493423109
1084530765705166848
1084530956957044741
1084532124231917568
1084541926722826240
1084541965746794496
1084543622890934272
1084544650092916738
1084546820238467072
1084550696597405696
1084552934254272512
1084562347887218688
1084563772344360962
1084566844692787205
1084567397066043394
1084570523516862464
1084571078838624256
1084575969791434753
1084577046901207042
1084579321069604864
1084579941822283777
1084582767927742474
1084584018652422146
1084585198933757952
1084585633883062273
1084587381653680128
1084588148389265409
1084589092095041541
1084590338654654464
1084599027583221761
1084607173739593728
1084611350867763200
1084616365565190148
1084624172020490247
1084634663216246785
1084638657435394049
1084681038805303297
1084681628088119298
1084689897603166208
1084738931449417728
1084780079312486400
1084829096876695553
1084831525089230849
1084835236096045057
1084850751485169666
1084864731695976458
1084865081509335042
1084874174336774144
1084884376557633536
1084904270133186560
1084911047079874561
1084916870250201088
1084932933176254465
1084966390711279617
1084974897594544129
1084996434921955329
1085003604635742208
1085006531131772929
1085007529715924993
1085008658835140609
1085009264471461888
1085012149305368576
1085014631922520064
1085016143130226689
1085016450165809152
1085019434841006080
1085026560531447808
1085028814982430721
1085032043321442305
1085032206060335105
1085035580390543360
1085038049568980992
1085039084282806272
1085041686433095680
1085050735228706821
1085059073500954624
1085062451186622464
1085072986875387904
1085081044943101952
1085105677696040960
1085107170834817024
1085113793674399744
1085124738287091712
1085141812874891266
1085147762084040709
1085150253895073792
1085157594363248640
1085164695319994370
1085165473354993664
1085171546300317696
1085194739522011137
1085196706671554560
1085204569292984320
1085209864174030850
1085224574440988672
1085249101082443776
1085270445052456960
1085275685004861440
1085283373134753792
1085286137617412098
1085299948629954560
1085326485597114368
1085326763645911040
1085338097909465089
1085360985819545605
1085387879721906177
1085388676178296832
1085430193081237505
1085431426634403841
1085431467734454272
1085432630789791745
1085432798570299392
1085432864437604354
1085600068252717058
1085622183995629568
1085637024688820224
1085699840682663937
1085741462455795713
1085742207783424000
1085754563355906049
1085795813056368640
1085796015255445509
1085926789870833664
1085951355662073861
1085952032425603073
1085955900530139136
1085956096311943169
1085956273743556608
1085956452819189760
1085966930605993985
1085971658521890819
1085976070430568448
1086004467542224897
1086004824049618947
1086055145216114688
1086134665453363204
1086252640428650496
1086253399493038081
1086253956467171328
1086254695503486977
1086255000873926657
1086267056561876995
1086269393049391105
1086270710631329792
1086274163789189120
1086275902319714305
1086282270531559425
1086293885817683969
1086295008242593792
1086295341245227008
1086299393387425792
1086324431700533248
1086331104838078464
1086336055387795456
1086340839788359680
1086513942942310400
1086531924758212608
1086676563255533569
1086676728062361601
1086686001240645632
1086698145004822528
1086699563971424256
1086709960799633408
1086715099254001664
1086715562724593664
1086758156032724992
1086761048236085250
1086761578014363648
1086763389110665221
1086763409637437440
1086763467963621376
1086765449742667776
1086767499084025856
1086770217852784641
1086771291602923520
1086772685751894017
1086773043555295232
1086779702822486016
1086781146753585152
1086791832330268673
1086792245901180928
1086792815512834049
1086799833837518848
1086801220021481472
1086802463657730048
1086805721788878850
1086808865432313856
1086816371542028289
1086845792718110721
1086846038688841728
1086846967311822853
1086847169066344448
1086848080484409345
1086848374924603392
1086848403034628096
1086850590368358400
1086850616763260930
1086850795449057281
1086851927495847937
1086852923642892288
1086856590731497472
1086859303607140352
1086859390433574912
1086861901139722240
1086862135601360901
1086865269576871936
1086867317655511040
1086868651872059392
1086871235961606146
1086876212096655360
1086884467313164288
1086885483593023488
1086885713046454274
1086885869066293249
1086888211568254977
1086888459451723776
1086894880104820736
1086897088833703936
1086900452254535681
1086909160858488833
1086910124294328320
1086911394749001728
1086914660425699328
1086915101268078592
1086921480804417536
1086939567062687744
1086962080417234944
1086963627247181824
1086966449606864897
1086968245901393920
1086972746926620672
1086978648324870144
1086980750925316097
1086990249765543936
1086990348323188736
1086992273534083073
1086995391550152705
1086999833766957056
1086999835864170496
1087017680081547264
1087019652264460289
1087030291095384065
1087030550739730433
1087035913983545345
1087039731223969792
1087040392250515459
1087043593330716672
1087044238418731008
1087048250719436800
1087071147156537349
1087073580540723201
1087074520471605249
1087077209427316736
1087082120143486976
1087095405165322240
1087101855065354246
1087118771989499908
1087120358321188865
1087120909872160769
1087122215995359232
1087123347614375936
1087123817808437261
1087124544681398273
1087126276907954176
1087126945064726530
1087127385458307072
1087127900120367107
1087128085512769537
1087128296494632961
1087130410826547201
1087135672174022656
1087135858388594690
1087135865942495235
1087137404815839232
1087137565893902336
1087140194061438977
1087140529576595457
1087142600723845121
1087143731919237122
1087146170097459200
1087149820790427649
1087150894544613378
1087151468765958146
1087151810576556032
1087152125992259584
1087154588036157440
1087154774296846336
1087156527079849984
1087156780818259968
1087158454769405953
1087159107826712576
1087159193415663617
1087159834716209152
1087162185208528896
1087162620560490497
1087162940598431744
1087164502569897984
1087165708847464449
1087166963787464707
1087168596617367553
1087168685935071235
1087169245903872000
1087171855587463168
1087173551327797249
1087176859798798336
1087177319104593920
1087179090350747648
1087186087686983681
1087195230007373824
1087196568414052352
1087199827832786944
1087207528964984833
1087208018893254656
1087210755252838400
1087212398988029953
1087213520528203777
1087213844764786688
1087218559175065600
1087234815877959682
1087235924398764032
1087238645688324097
1087246757900083201
1087269348388098048
1087287601197805568
1087288604450344960
1087293849842548736
1087329989635203072
1087342647650308097
1087353492006555648
1087355032167575557
1087360623606927361
1087365927283408898
1087371199942922240
1087432377243222016
1087460544091705345
1087473076231655425
1087844646284337153
1087847838145499136
1087907020622065665
1087924114529112064
1087951752844980232
1087982244612984833
1087984814463037441
1088020606979842050
1088097244027412482
1088135491072020487
1088145385384804353
1088146090073968640
1088146288460345344
1088147063563526145
1088147616376991746
1088147980849500165
1088151399211229185
1088152717497954311
1088153179693506564
1088154329758994433
1088160359922520064
1088167385306152963
1088167534296252417
1088168383219142657
1088168976004321280
1088182145548468224
1088183307387527168
1088184837477814272
1088190564363845633
1088204004193112064
1088212097098498048
1088212423830634498
1088213875449872386
1088223493408329728
1088227314448633857
1088230072601989120
1088264817385922560
1088272378466045952
1088275931448393728
1088290132942299136
1088300381715742720
1088312105651052544
1088316750842728448
1088320640656920577
1088332901018550272
1088392349397471232
1088434309193596928
1088501390651973632
1088509182976946177
1088543764614918146
1088558625860272130
1088694994863575040
1088783198144864256
1088958030136233984
1089143006098157568
1089177042837483520
1089232234693910530
1089301190637166592
1089303595483316226
1089303719643045888
1089304082886651904
1089304207847501825
1089312020166455296
1089312121693896704
1089314385359720448
1089315769895268357
1089318838469046273
1089318913509228544
1089319893294551040
1089319962936856576
1089320234308255746
1089320897822056448
1089321220816941057
1089321441412169730
1089321539999334400
1089321688880373766
1089321909068709888
1089322526084341761
1089322820906205184
1089323288587726848
1089323337661235200
1089323733179944960
1089324166476529664
1089324272575688706
1089325446993403904
1089325481776824322
1089326580269268992
1089330111063736321
1089330190310793216
1089330957864366081
1089335296443985920
1089336251923263488
1089338392704217088
1089339020163743744
1089343549190086656
1089346634536824833
1089348502235287552
1089351003718238208
1089352726293680129
1089358626001543168
1089360252976459776
1089363502337282048
1089369497671061504
1089375285378760704
1089375659527262208
1089378160163123200
1089379941471477766
1089381627577462784
1089382227769782275
1089382869519093760
1089382901811052544
1089383741938716672
1089385646983135232
1089385867624493056
1089402086129848320
1089402595339169792
1089419622531518464
1089422125268697090
1089491370270707712
1089506928659705856
1089507002836049921
1089507389592657920
1089515398075158528
1089515441817600003
1089515880965439488
1089517843077509122
1089521872507731968
1089522821678723079
1089524806427512837
1089527219863674886
1089527231288872961
1089527656452972545
1089534635363713024
1089536215806763008
1089537401503076352
1089538359058419713
1089539086359162881
1089539317037445123
1089547275733426178
1089549739023101952
1089550554869706752
1089551477608206338
1089553784055967747
1089558248867356672
1089559700134342657
1089559944632905730
1089560789806137347
1089565105308778499
1089565166121955329
1089565763000827904
1089576878707564546
1089586334786834432
1089594317788930049
1089598679160373249
1089600084122263552
1089607434245672961
1089635092291559425
1089639407840309250
1089649648640409601
1089655562185388032
1089676922123096064
1089695703713034240
1089695866103967744
1089698408682536960
1089701194535182336
1089701365255995392
1089722745695453186
1089730209891389440
1089753233705201665
1089765862733578246
1089769226984976384
1089804490604269568
1089818768442683392
1089849016085446656
1089898028557717504
1089907709904908288
1089911399214694405
1089914199352987649
1089933958706548738
1089937625782206464
1089979924088274945
1089987959535788033
1090009678812233728
1090011077251743744
1090023818712834049
1090066968886034433
1090096553837109249
1090098421955026945
1090198234092445696
1090215505116434432
1090224782342320128
1090225493025132549
1090226131813523457
1090228006268809217
1090230900758061058
1090232639682826247
1090233551965093893
1090237862451175425
1090242683795206144
1090250045218205696
1090277735195426817
1090279377261064192
1090303225213771776
1090304204579647488
1090310091297959944
1090391406693240838
1090419723680964608
1090419923363467267
1090419950441955328
1090420177097932803
1090453826316845062
1090470920844529664
1090476931047251968
1090510305161994240
1090592384302362626
1090725611818151936
1090740625694064640
1090762962200117249
1090801926701121536
1090822061457461249
1090843772441714688
1090886866390249472
1090936182194794498
1090952349114343424
1090973423084466177
1090973451500834816
1090978970789650433
1091011263029628929
1091011785375797249
1091012274838327296
1091012883864006656
1091014379120807936
1091014955833483264
1091016242213855235
1091052015424335876
1091053964966154241
1091058334982037504
1091061401454489600
1091071068054278144
1091103404053749762
1091105963824705536
1091117450349940736
