1112819465442521089
1114370904925061120
1114396153381031936
1114405963874873344
1114492512972886017
1114544147745124352
1114666103391903745
1115039785679110145
1115908595525324802
1116084299483242496
1116104966509187072
1116199421824385025
1117523641107996677
1118086760892903424
1118447247069290496
1119268056520253440
1119270703872794626
1119288419363041280
1119299599263387649
1119420690917220352
1119524423873302528
1119526027523428352
1119611829557317632
1119712012282552320
1119833240158662657
1119935043089072128
1119936948527824896
1119949604387205120
1119977824943845376
1119982194146074625
1120042469738123264
1120042851772055553
1120044657398964226
1120047957057908736
1120050876717174784
1120051804484657154
1120056703427522560
1120195511431114752
1120215102274322432
1120218166528020480
1120242777898483712
1120273884085923840
1120280949382623232
1120344300171276288
1120346711447277579
1120563584239640576
1120746576136118272
1120748257788014593
