880939251617148929
880942015835381760
880942425040138240
880953079008337920
880955214311837696
880957151644143620
880960496605822980
880971368652820480
880972198713929729
880979133571792896
880980955241914368
880985409114841088
880986941700714496
880987045283233792
880990811772649472
880991614168125440
880991950555533312
880991984516833280
880993809470967809
880995771532939264
880995982095388672
880996594048487427
880999423534399488
880999514336899074
881000023323967488
881000372696788993
881004279288483841
881005114777096193
881005556449898496
881005727057301504
881006571471470593
881007841506729984
881010246092599297
881027135984386049
881028550022881282
881038379390869505
881038604910313472
881038630352965633
881052639177396228
881053118183723010
881055641904852993
881060386484572160
881065243916599296
881074393782390785
881077739574448128
881078117061742592
881078937903783936
881081004416524289
881083306258952192
881095660380069889
881106531357306880
881107430637281281
881124123119935488
881125504299958274
881125755949895680
881126014763622401
881126228261982208
881126456839032832
881126536518172674
881126557498068992
881126823836487681
881126897245192193
881127468505198593
881127845820481537
881128220556439553
881128564493398017
881129275402977280
881129646615650304
881129773275021314
881132430022909952
881133699961470980
881141595340500992
881144162241748992
881145485976891393
881146882692657153
881147029493305344
881147206895640576
881152707159105536
881154793569480704
881160241127227392
881162066878492675
881162253738881025
881162594962329602
881163980349202432
881164069671239681
881164615757025280
881164643879833601
881165461752250369
881167634011758592
881169279831429120
881170379154141184
881171173580603392
881171625697099777
881173064800772096
881175462671785985
881176967592251394
881177429355536385
881178190227615744
881178427193208833
881179480370298880
881181713010892800
881182229321232385
881188638410846208
881190078541901828
881190155880673281
881194135281180674
881198111049338883
881199168030736384
881202411892871169
881205025258655744
881206941334294530
881208451682242560
881209354317418496
881212432919797760
881213743224561664
881217495444725761
881219387079970817
881221487587344384
881223672429760512
881224200073220096
881224558262530048
881227152842207233
881227160379432961
881228280266866688
881231126525816833
881234531054870529
881236256625000448
881237338311065602
881237999333376000
881239605751795712
881240262999191552
881241151323463682
881242448219045889
881242800544780288
881243933845577728
881244199332585472
881245457615392768
881246320413036544
881246420229140481
881248455724744704
881249786984366080
881249788674682880
881250012650291201
881250476959961088
881250549500391424
881251186627796992
881251542300594176
881251543567261697
881252184859566080
881252618152038400
881253287139446784
881254374718160897
881256620365414400
881258563997401088
881270561384660996
881270561397022720
881282500873605121
881283290254258176
881290912571170816
881293378805215232
881294152792670209
881295722716508162
881299617421205504
881299808660606976
881300846771830784
881302128530268160
881304000448036864
881305444563664896
881308099134578688
881312272936599552
881312527484829696
881312822340268032
881315684088598529
881325286272491521
881326973091536897
881340529232850944
881341298216775680
881344395806597120
881345205114458112
881346738937901056
881347824251805696
881348294848413696
881348632464830464
881349795977322500
881353405599371264
881354208380891136
881362723346558977
881364895056441344
881366108867002368
881369626218725376
881369869060628480
881372740896174082
881373323350781952
881373477873131520
881378418524250112
881379593646624768
881380397615128576
881380698333921280
881381020561416192
881381381170880513
881382012073922561
881382281688076288
881383287905759232
881383603963174913
881385000033234944
881386429011701760
881387063194603521
881389948523487233
881405857996603392
881407298639233024
881407507503108096
881408373723471872
881408582486548480
881408722156781568
881409557242753024
881410296283361281
881410498885033984
881411424152559616
881411523125534720
881414269975252992
881416075186917376
881416547918413824
881417536063107073
881422665311031296
881427604934451200
881428796951351296
881431382303494144
881433591044947968
881433883392196608
881434106504110080
881434220178022401
881435671008690176
881438581956464640
881439123738898432
881439534805696512
881449418859438080
881451613130432512
881455196722810880
881455587665391616
881456066197729280
881456102444998656
881456481798733824
881458357827018752
881458656612540418
881459620044197888
881460359659483140
881462131610333184
881462923066986498
881469901566693377
881476922802401280
881476971028459520
881481285004283904
881486878414909440
881489876490649600
881490691020423168
881493383390285824
881493929509650432
881495634209099777
881497879365419009
881499073341267968
881499436139991041
881500150463696901
881501540011438081
881503694348361730
881504307979223041
881508415750721547
881510338839154689
881511819428458496
881512801747034112
881513624245739520
881513635553714177
881513890974236672
881514644287799297
881517601188216833
881524476160204801
881524976519708674
881525707611881473
881526108587470849
881528447323058176
881528751720235008
881529261206777856
881530735726907392
881530968951193601
881531525082251264
881532197018021888
881533371427540992
881534969700651012
881535009328332800
881536498704629760
881543324506521601
881547069625950210
881548280106295296
881549283778060289
881549616822530049
881550701465350144
881551135139614720
881551192614109187
881565784161570817
881566206137962497
881567330614079491
881567487883661312
881567734118711298
881571887326924801
881573424119861249
881576990083624960
881579708005011456
881582262340472832
881583211092086784
881585096842780673
881585477270294529
881587467039776768
881590808260038656
881592700679725062
881596284716691456
881596751555067904
881600423244709893
881605434603384832
881606443757162497
881608630243610624
881611332218499079
881614586587127808
881615153233633284
881615822229254144
881617287127674880
881620019024601088
881620209483878400
881622864864137222
881626943413792768
881650074169638913
881657493881057281
881660136816758784
881660389523587072
881661012075618304
881661241919389696
881664548046086144
881666557348388864
881674588605775872
881675550363983872
881677570751823872
881678322387865600
881678478852182016
881679237161381888
881680057986465792
881680284613308416
881682540599189504
881687914761113600
881690247637200896
881692955052040196
881694022917431298
881701985795399680
881710876469985280
881715518746619905
881716792862924800
881716794221899777
881717241112408068
881719145544515584
881720900034416645
881726810635063296
881730252703248384
881732712452808705
881739329776881666
881743617647415297
881745161797025792
881746007129763843
881746658484035584
881746816194236416
881748895092572160
881755135189430273
881762474399289344
881764938938597377
881765828143730689
881766064715059200
881767143901204482
881772014733713408
881773265487843328
881778782696218628
881789275133685760
881795188271853568
881795558616256512
881797136966275072
881803556336136192
881809724911628289
881810578876096512
881814867950280704
881818326141239296
881822351029145600
881827248470466560
881827291902480385
881832469749805057
881834967193473024
881835860173434880
881836503432933376
881837051620052994
881837224865738754
881837580106440704
881837974773784577
881838614014853121
881838810702675969
881839911724298241
881842701343350784
881845806764093440
881851738353020928
881851871341801473
881857618393825282
881857700690358272
881860136892891138
881860190349520898
881860264597102593
881860868144812033
881861142439743489
881864777236197376
881865532122710017
881867795448856578
881869817950519300
881870908461371392
881876018855804928
881876299832320001
881878310581657602
881878972434440193
881879622542999556
881880561677205504
881885535693918208
881885733648310276
881885911478358016
881886423208660992
881887114413166592
881887847183253504
881888428496998400
881888520759017472
881889081558523906
881889111749033984
881889131885973505
881889689736806400
881890149432512512
881890319293403136
881890404437827585
881890433772560384
881890613288984576
881890851995123712
881891062536699905
881891514225496065
881891625835909120
881892483541741568
881893123605102593
881894018224975873
881896326799208449
881896677434548224
881897895896678400
881898015606308866
881899152052862976
881899285033385985
881899367061495808
881906209837723649
881906570120114181
881913874936721408
881919945772322816
881921347504525312
881921917137145856
881925069496213504
881928018947710977
881933633589841921
881936487012552704
881941506998898689
881941647499685888
881944742069665792
881947463329894400
881953959451267073
881955290316492800
881961114518659077
881962112360361984
881963449491873792
881964566674100228
881965071450214400
881969202407628800
881977148520660992
881983298200883201
881983960489881600
881984436128165888
881984678777020417
881985201173344257
881988145549459456
881989844251156482
881993029393022976
881994175721242624
881995550584963072
881998189670404096
882000662212509696
882002777374949376
882003289096716288
882003757172764672
882008549152493568
882009194269954048
882011117773504512
882011333771898881
882011867048284160
882012457019072512
882014494595047424
882018020322938883
882019827233304576
882023405821673472
882025327295438848
882025718112190464
882028974163079168
882030085674586113
882030146487808001
882030484976525312
882043782157312000
882046129298427905
882050826495307776
882052076401905664
882054066154737668
882055005687205889
882056769408815105
882067522748641281
882080958392012800
882081715430187008
882088832765657089
882093831943888896
882096188027285504
882099699364360192
882100622543212544
882100874188914688
882101559131332608
882101838035791873
882107130399956992
882111275634786304
882112382926860289
882112623692718081
882116637653991425
882116766805225473
882119463335714816
882123237810991105
882124045604577281
882126870048845824
882128554061963264
882135486419959809
882139431150510080
882141903726288898
882142581517414403
882142737134387200
882144453431099392
882159812984934400
882167739363672064
882167918028496896
882170419507150848
882171928223547392
882174568089001984
882178041836961792
882185500550873090
882188057826537473
882188596375158784
882192270577078272
882192313388290048
882193697483436032
882194239412727808
882199469705449473
882202654419693568
882203211410571265
882207710674116608
882210351382757377
882212227926896641
882213305858891776
882213715642163200
882215336334028800
882219612410138624
882231686133678080
882239344521732097
882241887087853568
882248262870114304
882251240834560000
882251336447807488
882252260474056705
882252823773290496
882261191376216065
882263509173719041
882264873157177344
882270539640963072
882273655174176768
882278303310196736
882278549096353793
882278665270284289
882283689224396801
882284227781423105
882289122202800128
882293508509401088
882294003424743424
882294271876923392
882300233656528898
882302834955431936
882302834959691778
882302834976464896
882307113158103041
882307539282653184
882311853120126980
882313139957714945
882313518703411200
882317975969189888
882326099073654785
882326190924611587
882326890547171328
882327460129406976
882334756959944704
882335352115134469
882335508180983809
882339093027454976
882339211302588418
882341918750932995
882344081745117184
882348524775624704
882348634234400768
882349350642384896
882350184864370688
882352206099468289
882355139608182784
882357320205950976
882359748707876864
882360020511465473
882361371488333826
882364257588830208
882368384565997573
882370706754777088
882371552741793792
882374505733271557
882382769166454784
882383566902054912
882384365514145794
882392269281673216
882400771127562241
882403252456660992
882414056174481408
882414639601995776
882415401681989632
882422064338145280
882424187490455552
882424625791213568
882429161117290496
882432302202179588
882432758148202496
882433424207642624
882433930858827776
882436229345583105
882444582734225408
882445443384455168
882445817516179456
882448489724219392
882451083905380352
882454499729833984
882455565913292800
882458478874312704
882461006366220289
882463499049250816
882464238496874496
882470089106247680
882476736683945985
882477028603289600
882478638775623681
882480302681141248
882484307801112576
882485896620244992
882490691946938368
882501514543194113
882502110943748098
882506624425836544
882509263062548482
882509585776611329
882510519713902592
882519270269358080
882522830998351872
882527692431568896
882542082656751618
882544079153713152
882547803272204288
882548647170236416
882557344902778884
882560771636551684
882569904322478081
882571064466952192
882571096750469120
882571947380547584
882572914989707264
882581250334220289
882585998298841088
882593828221456385
882601023528980480
882601388445806592
882605971981430784
882606688682901506
882609182318276608
882618803611414528
882623187917385729
882623723970351105
882625647453110272
882628248370335745
882629866507685890
882630637450141696
882633531926736896
882637877238222848
882637969076649987
882638229559705600
882647182280720384
882649122557247490
882651205893337092
882652798738935808
882652803143020545
882653405772206081
882653613427875840
882653649914089472
882653811369750532
882654489613914112
882654518944706561
882655056675385353
882656992342528000
882657470052806656
882657598012624896
882658581572538368
882658954869866496
882659786147450884
882659786592006149
882660942944849920
882661554084347912
882663199090372608
882663849337397248
882664709375307777
882665141438992385
882667571639500800
882673058632347649
882686428798431233
882689296376967168
882690546371887104
882690787267547136
882695773296758784
882697343648362496
882712020365213697
882712161692340226
882719133267148800
882719280705323008
882722379876773890
882724126351278080
882731310824992769
882747748268814337
882753228219101184
882756727858442241
882763310382403584
882771618988253186
882771878120755201
882773097815977986
882773345669971968
882782045101051907
882785674419720192
882792846268530688
882795749561577473
882795868671397888
882801606902902785
882802751046070272
882810264416026629
882812950200942592
882813013304242176
882815660769910784
882816687950770177
882818999440076800
882821297084010496
882824436080050181
882827172033036288
882831989228933121
882836863387668480
882837243404189696
882839372860706817
882839901376577536
882847658267881472
882848614145327107
882856698653921280
882856849447440384
882863068065222657
882869731442782208
882870164915707905
882872798523404288
882872852617232385
882875119235760128
882875431254405120
882878416369876992
882879292119691264
882879486756352000
882880539526647808
882883059053248512
882886699273072640
882895824409243648
882897457662889984
882897475295518724
882898252483481600
882898905100414977
882899010821922816
882901094979915776
882901394843287552
882906397804986368
882907271088549888
882908245182042113
882912375116103682
882915521263542272
882917544608354304
882923225583374336
882925150550855680
882925650931306496
882927984646213632
882937801410461696
882938337862004736
882940455998062593
882941306162597890
882943982992576512
882953619791859712
882953921391677441
882955382267682817
882956146478374913
882956208533118977
882956341509185537
882958095978303490
882958709185323008
882961400242606080
882961477413597184
882961654799114241
882962030210277376
882962440153124867
882962690792140801
882963060486492167
882965313515642881
882967343164477440
882969249903411201
882973083459395584
882974911349870592
882976564744515584
882977455618883585
882978882135236608
882978981502496769
882979226449825792
882979557329870849
882979780504584192
882981217645326338
882982688856039424
882982879294181376
882984043213664256
882993177980014596
882996413466116096
882996564460937216
883000103585361920
883000382959611905
883000651789225984
883001524632174592
883003343697825793
883003385636687872
883005085151707136
883009177492234240
883009314696425472
883009362930913282
883010103246548993
883012712309039105
883012720056033282
883022159349772291
883024454888165377
883026343570456576
883026599872008194
883027195463176192
883027359439388672
883029547628756992
883030331531689987
883033096832126980
883033751143325696
883040769464053760
883044891202375680
883045143280058368
883047635124400128
883052990852202496
883053966006898690
883060498635399169
883063235859140608
883065646300504065
883068935050067969
883068958986915840
883068966532517891
883069378618699777
883069553290477568
883069553307242496
883072303566913536
883072774973132801
883073485056167936
883074421640048640
883076285588803584
883076309085282304
883077221304422401
883077299331112961
883078162116210688
883082618987839489
883082756426682368
883082810340323329
883088160921726976
883095540103294977
883100472869093377
883103798473891840
883104439015440384
883111690144960512
883111934656000000
883113320571703297
883113393024102405
883114263333752832
883115017457020929
883117073920118784
883118769673031680
883118951319748608
883119572483809281
883121017266352136
883121398272729088
883122628034256900
883124087991697408
883128197650558976
883129183739707392
883129412316798976
883131798892331008
883135648428937216
883136244011737088
883139588104966144
883142054892666880
883143545854545921
883144537798983682
883150682034982912
883152806047354881
883154203581059072
883154937592520704
883160019419766784
883161687905492992
883162292845760513
883163756099911680
883163791353155585
883166362876616705
883169847919640578
883171306685906944
883171315527667712
883172283929341952
883172511306792960
883173218449858560
883173899206180864
883175528693350400
883177399331848192
883181346373328896
883183288143065089
883184468856418304
883187798710247428
883188322159349761
883189806444023808
883190307747229696
883191064378658816
883194476885397504
883195386197880833
883198713136599040
883202052649779201
883205694538887168
883209078947950593
883214303779844100
883217455799308288
883221409354231808
883221418552504321
883224375134109697
883224748834115584
883225709770133504
883231803548594178
883238353084309504
883240096656375808
883245999279550464
883249184333193216
883259191556571137
883261894424973312
883262534916202499
883262621327261696
883262957718708226
883269439977861120
883273072685535232
883280726040489985
883285225253601280
883286731444891648
883286848021426176
883287539980881924
883291024323469312
883292741467295745
883296243690164224
883296870877081607
883298377319849985
883299092373352448
883301172441997313
883302194593878016
883303400871411712
883305396093329408
883308607655358464
883308663460515840
883309412256972800
883310440176119810
883310875519668225
883311209407291394
883311229518983169
883311657778380801
883313316176830464
883324791389859840
883331797400121344
883332131438678018
883332901059928064
883333074284683265
883334779109822464
883339283142258688
883339536134152192
883340502136967170
883342006071644161
883346490621657088
883350299041247232
883352532122296320
883354280698159104
883360076802785282
883369997237706752
883370815080865794
883370843627245568
883371021017001985
883371444398424066
883373840092364800
883373990156390400
883375141056520192
883378091355197440
883379587027271680
883379860076462083
883380545413099520
883380828528672769
883382631265697793
883382705509064705
883382875797762048
883383670202970112
883383940291198977
883385672119308292
883386225767460864
883388131268886528
883389544736804864
883391623433920515
883392172044591105
883392280270209025
883392758391558146
883395716655206400
883400455799296000
883400507808653314
883400915515875329
883404668537143296
883405010800857088
883405065335300096
883410983917686784
883415345553211392
883419668236705793
883421230841425920
883421634270572544
883424198659633154
883427602186338305
883434036634439680
883437288071483392
883437597196005376
883440320893112321
883444836568887298
883453027616686080
883454092999307269
883454632604950528
883455680694321154
883456328525631496
883460333683212288
883461529903017984
883461641026908160
883461802121719810
883463262142173184
883465397860798465
883471753917243392
883474404780519424
883475019623526400
883478045788647424
883484422808498181
883485334918631424
883488270272925696
883493217030868992
883495460559884289
883495518348861440
883495857798209537
883496174824505344
883497584115011584
883498918323130368
883499145260085252
883500856926244864
883503651590942720
883504846564937728
883504970720587776
883505690039521280
883507345531310080
883510768926416896
883511072191201280
883513441973129217
883514553031589889
883517464352608256
883518357684633600
883518391226597379
883520021976281088
883521808758169600
883524955132088322
883527056662773760
883528965679403009
883532598172991488
883535831163711489
883536162064916481
883540051468201984
883540914647560192
883555758289408000
883560629134557184
883567578463031296
883571122435915776
883571465949413376
883572665151139841
883572831212126208
883573753954938880
883574893132099584
883584673389129728
883595756829106176
883599150457270272
883599634471546880
883603184949895168
883603252893364224
883605771153526784
883607368365297666
883608714749464577
883616653694701568
883618523112714240
883624526335979521
883625287274987520
883625936117223425
883633064349454336
883633299658330112
883634609518501888
883635827561177088
883638165017206788
883640104475963392
883648199914926082
883655495080390657
883657058230444033
883657068334514177
883657818284466176
883662059543568384
883663727232520192
883664809144856576
883669833702719490
883669926988439553
883672811063177216
883673603971141633
883675571141713921
883678644698312705
883679754481799168
883680524572647425
883691896572321792
883693761783619586
883695578357538816
883695937805099008
883697311007821824
883697890409025536
883698830201548801
883699200986316801
883705043135942656
883705492849086464
883705583869861888
883706021750951936
883706330845990913
883709135585398785
883709590239674368
883710549082738689
883711543984226305
883712293917388800
883714933388591105
883715024824422401
883720423736623105
883720619950391296
883721287771803648
883723194674315264
883723254883594241
883728330738081793
883730105436000256
883731430831935488
883731537791000577
883743588869435392
883744775844777984
883745379828805632
883745628550905856
883755664690081795
883756906946465792
883757297075462145
883757501799440384
883758125488246784
883759393405317120
883759660611887104
883763042038816769
883773913255301120
883783162144411648
883793003223109632
883793047242383360
883796958044925952
883798127387475968
883802211809144832
883803904210862081
883807049104097280
883814423403606018
883821951877173248
883828823854268416
883834901375721477
883835609793646592
883838114623627265
883838689683668992
883839538619174912
883840298618630145
883840446673367040
883843203157327872
883843412885221377
883843848270749698
883852163864293378
883854210688630784
883861062105186305
883862111100612608
883862224829259777
883863161761177600
883864663070519296
883866003402129413
883874541759598592
883878325839593472
883881187210612736
883881788669644800
883882795310952448
883883177806368768
883883625774817280
883886930588561412
883889964211200000
883892243819573249
883894126210678784
883906577346043904
883906861828681729
883911456219176960
883912330286727168
883913274143547392
883915106123427841
883919243795849216
883920950898470912
883921522162782208
883928860089348096
883931530493669376
883931950016339968
883933749792067585
883939473339236352
883978831878438912
883979515873169409
883985222869676033
883986665567641600
883986665567645696
883987153344221184
883992989718204416
883993765685448705
884000673683132416
884002914276192257
884004437244559360
884005821385801730
884006085618790400
884008017083023361
884011311461527557
884014092280766464
884014617663594496
884014706993750016
884018933174546432
884030079860301824
884031561825386499
884032986210983936
884037185002975232
884038682872872961
884038845842563073
884039173316980736
884039688297865217
884039957551226880
884040866016489473
884042800018403328
884046031083773954
884062138708504578
884062147940032515
884064694046265344
884069165421674496
884069189769510912
884069211143843840
884074470872276992
884077032275103745
884078561941889024
884080828531318785
884083538047320064
884083890251591680
884084210100731904
884084894472708098
884086398566924288
884086546185543681
884086594864648192
884087562066956289
884093569967030275
884094637857804288
884094750688772096
884095969536749569
884101372244893696
884102092373336065
884102210229063684
884102589918433284
884106715330998276
884107107938820096
884109157175107584
884110130387836928
884110603890999296
884111648415522816
884112403444547585
884113109157392384
884113275675398144
884113861179256836
884114509211869185
884115518357086208
884116349311741953
884116465862885376
884117196934459392
884119725248315393
884120051389005826
884120866367393795
884121059942858753
884122020346310656
884126536810496004
884131280543256580
884131413947232256
884132544295424001
884135332660346881
884135740761935872
884140150653157377
884142091537760256
884142326662262785
884147257511211010
884147538298851328
884148014100643841
884148519157645312
884148646626906113
884148932292616193
884149191919845376
884149716182761473
884152556129316866
884152951245348864
884154051834892289
884154328671539205
884156319275659264
884157926142869505
884159006482288641
884159073272422401
884159915044073474
884161538667544576
884162220267012096
884164362621014016
884168446677835776
884168509613146112
884168597685272576
884170753263980545
884172742500663296
884175594879148034
884179039820300288
884179153557303296
884179243294490625
884183581001732098
884184296075829249
884190516207898624
884191876932395009
884193904882593793
884195819964051458
884198053028151296
884202918823436289
884211587229372416
884225306583805956
884226055409508352
884228966713774080
884229925971968001
884232082247045121
884232430680330240
884233803773886466
884234954527318016
884235194097696768
884235477527801856
884235822735568896
884236095378116608
884238495023222784
884241851208921088
884241973258747904
884244597659979777
884248426568863744
884250534047121409
884250796388487169
884252499892248576
884253220721147904
884253353257177093
884253475705462784
884254658520244224
884255353923403777
884255546437750785
884256606363504640
884258901075427328
884260805671342081
884264332275720192
884266876951437312
884268764384067585
884272588309938176
884272683558612992
884273397399560192
884273828989480960
884280042024468480
884281121235771393
884281639538499584
884284855818756096
884286469044654080
884289993442811904
884291776433049600
884291994536759299
884292115756339200
884292557840056320
884293247379554305
884293301473386496
884293586266669056
884294866359902208
884294953207078912
884296139750555648
884296247963779072
884299631504506881
884302032756191232
884305459515142144
884306081094160385
884306147812941824
884306249285648384
884309902113615874
884310888634662914
884312190517256192
884319318749593600
884320057802633216
884321573603299328
884321588279201793
884323645186752512
884327066480463873
884327082842624000
884327250614562816
884327276199989248
884327277856645120
884338679229030400
884346909980340227
884347598856798209
884350211073597442
884354801290661890
884354827144368128
884356419700609024
884361140167364609
884361692548694016
884367284407586819
884370722470154240
884374838760140800
884376940077035520
884377770993864707
884377860500279297
884377982361587712
884378652615606276
884379009517334529
884379111472451584
884379402976538625
884380268135567362
884380541042249729
884381605002870784
884381721583656960
884397364118781952
884397745087369217
884398609567014914
884401419729743873
884402858392788992
884404498751512576
884405933207687168
884406970475843587
884411061616685057
884411084765114369
884411355633262597
884413239269875712
884416952931950593
884419367567413249
884423336712781825
884424733751734272
884424748452728833
884426508198084608
884429256893353986
884430205229694976
884431696359182336
884431993697587200
884435419164803072
884436924504694785
884438137942016000
884438595205029888
884438671881117697
884443432797843456
884443577702522880
884444488604823552
884447413632675840
884448512137678848
884448730635808769
884451820348878853
884451841517338625
884452067955400704
884452533191802881
884453767642533889
884454306455400455
884455414259212290
884458643470659585
884459774250758144
884462047576166401
884463627536871426
884469129641689092
884481442847367168
884484149905633280
884485529806491649
884494607828078593
884494759355715584
884496134315659264
884497802306306048
884504652443774977
884505969895538688
884506397290921987
884506757581746178
884506936695193600
884509054386700288
884510096650375168
884515706796216321
884516038334873600
884519752793804804
884524290170802176
884529405556662272
884531706958688259
884532215396356096
884532372594712576
884534641172074496
884535519597744128
884535908976001024
884536864039882753
884538050428243968
884538143961165825
884538387436363778
884543888073125890
884544060442255360
884545632492376064
884546672898052096
884549242962030592
884549713118191616
884554383488196608
884554446377799684
884555827142692864
884564633926893568
884568595879079937
884569755197288449
884573957470519296
884575196463722496
884575768168333312
884576781663186948
884577968059822084
884580927975895042
884583911384203265
884585248541069312
884586649837084672
884595656777662464
884600398753017860
884601704443813888
884605418697355265
884606709318074368
884606803371335680
884607476657782784
884607964438564864
884610150962802692
884610244499951618
884610752837038081
884613386025095169
884621777053339648
884622262422339584
884622644095533056
884623619275575298
884631491573141505
884632276331515904
884633064105795585
884642266043736065
884647057901985794
884648274254319620
884659453928157184
884659491492556800
884662484115771392
884665371076079617
884666153297170432
884671746816737280
884673457254014976
884674615116795904
884675158480269312
884675575138336770
884681498980483073
884681742451429376
884683331077423104
884684965681610756
884685176604962816
884686488943906816
884686870231343104
884688857912008704
884688957782478848
884689045800054784
884689157376753664
884691203777843200
884692396939902976
884692660887465984
884693479179341824
884694089458999297
884694286595260416
884694286608019456
884694288256217088
884694288256311296
884697851757867008
884700328502992896
884701279766941697
884702094724403200
884705630094839808
884707653431119877
884709175955206144
884709975817367552
884710716518920192
884711074284670976
884712834222915585
884712992348053504
884715777252786176
884717471848181760
884717888757575681
884721935841710080
884725813706444800
884730047227195396
884731978699993088
884732089446301696
884733473952497664
884741724698009601
884741883565531140
884747223304634370
884750220554379265
884751329129897984
884752129096728576
884753174627663872
884759087753433088
884759470701764608
884761356444078080
884761548945739776
884762527481163776
884762929320443906
884763041304162304
884763317679640581
884764153616969728
884765391653937155
884766049098489856
884769609160810497
884770027320352768
884770928684666882
884771036897705984
884771093541728256
884773900365836292
884774697698811905
884775221970051072
884775438836432898
884776574230437889
884777588828377088
884777882421256193
884779244727001089
884779258568212481
884779717420871683
884782387942633473
884783678534111233
884783875234443264
884785527370555392
884785585662984192
884786494434562048
884790949771182082
884793642107490304
884795551329464322
884797303722135553
884797720657113088
884800234320048128
884803075508125697
884805545940701185
884807346588921858
884812220768628736
884813157772013569
884813212301971457
884815036413116416
884816452401983488
884819075091845121
884819652668399616
884822069829136385
884827563100704768
884827880630497280
884835239121616900
884835336412647424
884835973342703616
884837236864405505
884839721628729345
884841389636202496
884841478568247297
884841541889662976
884841619077378048
884842410534207488
884842505304502272
884845094456741888
884846779111526404
884852182838902784
884852351462494210
884852452134191104
884854342359982080
884855807971557376
884856007968477188
884858017555939328
884867071770861569
884868112377671680
884869050291036160
884870655413551104
884870865510387714
884872870765219841
884876061422604288
884877627181461505
884878330985459713
884883763838189568
884886773280722945
884887683713179649
884887764797464576
884892399083950080
884893968160493569
884895206771970049
884895309519892480
884895533915144192
884896040163450881
884897021643063296
884900512558194688
884902639066107905
884905896337317888
884906199199735808
884912322313113601
884912333809524740
884913148733554688
884913741787213826
884915127123759105
884917741475573765
884927008374968320
884927806978772992
884929101747937286
884932550745042944
884932589718581249
884932743238385667
884937079343525889
884937727166226432
884941758915891200
884948192130891776
884948895096352768
884951639005777920
884955362725638144
884956120204365829
884959084331401216
884962456551948288
884965355642175488
884965592641531904
884967954034679808
884971955786358784
884972348796960768
884973380595847168
884976165194215424
884977377784102912
884979031166398464
884979254714347520
884985759689834497
884985763028500482
884991966391435264
884996143029121024
884996481576513536
885008801086263297
885010604028825601
885011888517545984
885014058210140160
885015879393660928
885016235179732992
885020678944149504
885022475884646401
885024003357913089
885025879474278401
885028797841637376
885028986501427200
885032475013111808
885058271488487425
885061786474614785
885066203504496640
885066371989721089
885074205125038080
885076296740503553
885076531529359360
885091072380207105
885091384407064577
885092061334188034
885099624112979968
885099740714676225
885101581607350272
885102339119394816
885102507201970177
885102802162331650
885106238127820801
885106728848814081
885112691576131584
885113037107085313
885114767664394240
885117910863294464
885118016144494592
885118695193923584
885126627906203649
885129438479994880
885130500486053889
885131318790631429
885134805511413760
885135151566471168
885137700852031489
885137757491916800
885139895731335169
885144712046424064
885145512801951745
885146030760710144
885146760884211712
885147871279853568
885148419890622464
885148553206693888
885149421482147840
885150186896543745
885150457433399297
885152200628072448
885158598569058304
885163937049608192
885165055259533312
885171605546180608
885173432329129985
885175452528250881
885177863011520512
885177972054827008
885180783471841281
885181547690774532
885181637033476096
885188792402952192
885190162774413313
885191384193540097
885192002429759493
885200668683907077
885202526781493250
885202937382789120
885203803070267393
885208920985227265
885210260276781060
885211428696805376
885211754635997184
885215591807823872
885219799340433408
885220983396642816
885221697657417728
885223557831081984
885224394594820096
885224734362812416
885225090870239232
885225325403160576
885226438055657472
885227649798254592
885232658225262592
885235334182838272
885235747317583873
885239173350912000
885240435735711746
885241526703591425
885244462691176449
885245161101565952
885254576810725377
885254674533822464
885254678757376000
885255237820444673
885255872775168000
885256010016980994
885258450661494785
885261342667669504
885261501619200000
885262093863325696
885262597158731777
885262862230458369
885264793149550593
885265014357209089
885266910174162945
885267030127104001
885274457887170560
885275360413315072
885275798743257088
885276261378961408
885277103171743744
885277568324165632
885278086715105280
885284785853272064
885290426357481472
885290789030563843
885291146532016129
885291440124944384
885295588769746945
885296165868249088
885300674732466176
885302677508247552
885303430394281984
885306294260969473
885311861788258310
885313299184631809
885313503833313280
885314051672166400
885314231582830592
885321552304189445
885321639147167745
885322244343316480
885322899103600640
885324998759428096
885329169596301312
885332270021840896
885336211795177472
885337171036602368
885337227261337600
885339556777672704
885340508050137089
885342844671729664
885347678632136704
885354030049894400
885361297931370496
885364458368913408
885367794069422080
885372770636484609
885373193850048517
885375417217142789
885376864444928000
885377197711773696
885382895665336320
885384214371119104
885386551181680641
885387196508844032
885387899067412480
885401985557688320
885404700501299200
885404719052673024
885404730368950272
885405293676347393
885410962706190336
885412813631565824
885418044767580160
885421960116801536
885425177609347072
885425845380276224
885428479973621760
885430864233943042
885446679285174272
885450371954610177
885450805565935616
885452303184138240
885453045152137221
885455215352217601
885455517950324736
885458227885953024
885459546986172416
885460975331266561
885463120986071041
885464630075826177
885466662085861376
885467420240039936
885467506109857793
885467934340128768
885469737882439680
885471033117073415
885472694476709888
885474170032750592
885474859987476480
885476526573051904
885478775781154816
885478944379678721
885484680929267712
885487591390425095
885489576306855936
885492322246340608
885493659264843776
885495964479270914
885496038295031808
885497025604833285
885497807511203844
885498405124026369
885498888790192128
885499323257167872
885499495211036673
885501536947892224
885501842553061378
885501901940432896
885506143690174465
885507003870662656
885507216123363328
885508061665927169
885509246569390080
885510460413550593
885511653688791041
885514898398212096
885516303074828289
885518337740075010
885518437145096192
885520990666723328
885523355985694724
885524229034303488
885526293051305986
885528032324206592
885528337778524160
885529618702245889
885532264066633730
885535387141238784
885536600968404994
885537135335358464
885538162545537024
885542022215553029
885543333250048000
885543993001603075
885547420515393537
885548735500926977
885551732364890116
885554144072929281
885554251451293697
885555198923616257
885556734890311681
885557058812227584
885557134200643587
885562240346320897
885565097078214656
885568078792335360
885576390782971904
885582951810977792
885589714014785536
885596394555363330
885597513020866560
885598123493515264
885599097364901889
885602366409584641
885602648249868288
885604312419889152
885606830805848064
885607082908581888
885608560553590786
885610438360256513
885620502177382401
885622355606749184
885626371657039872
885627467263823872
885627663532130305
885627736915664898
885628133696778247
885629327404150785
885629798005043200
885633332096114688
885633912168382464
885634816066035713
885640593703088129
885640863388499968
885641378453213185
885641862479962114
885645146095853568
885651450243633152
885654266731520000
885654296070696960
885655932620984321
885659529307983872
885663824719867905
885666092152127489
885672612503756800
885673535779344385
885673627613581312
885676177842515968
885682733476982784
885682990587805696
885683880627404801
885684656552775681
885684959792566272
885685318006972418
885689947675435009
885692093548638208
885692977615646721
885693648725303297
885695773329031169
885702932829798402
885705236727386112
885706186749878272
885708770021703680
885710828577665024
885711634743738368
885717912387846144
885718542326288384
885727217824571392
885727551024320512
885731125678587905
885742057716764672
885746139592445952
885751025117921280
885751863160819715
885761635050237956
885762446090219521
885764404544974848
885767317493338113
885770139832127488
885775279112802304
885780389851267074
885781517972144129
885782931846725633
885786624705122304
885788801964142592
885790162940116992
885790726319218688
885791051616665600
885794324365160452
885794898795872256
885795467531046912
885797592201707522
885809950051717122
885810246580449280
885811414279086082
885817032914202625
885824694300983297
885833210826858496
885835062851325953
885836798093611008
885836919443161089
885838182360768518
885838991827795969
885839159612583936
885840443061227521
885842472265502720
885845703569928192
885846895171702785
885852742018846722
885852916917170176
885853969721028608
885861160851058688
885862467766804480
885864262962434048
885865560231350272
885866226295201793
885866715816615936
885866845861027840
885870060748902401
885870366291247108
885873866660360195
885874593516343297
885877873038327808
885879045338148865
885880115498033152
885880295232339968
885880715598016519
885882052393828352
885883278678401024
885884489141977088
885884839362277376
885885584274841600
885887859277869056
885888256864378880
885888653993672704
885889435891576832
885889955561521152
885894771465572352
885895286400458754
885897749853556736
885898446946697216
885898918248169476
885900722994335746
885900922848759808
885904286260973568
885907453799522305
885907512104435713
885909298857037825
885909957358518272
885910396921630724
885910578874769408
885911664855588864
885912275974057985
885912333868048384
885914155852730370
885914278640984064
885914600033714177
885914767822659584
885917552421076994
885917629176832005
885918202127155201
885918867750621185
885919466688659456
885920550513557505
885921249708228608
885926434702798848
885930755637096449
885932067183263744
885933410648154112
885941486545764352
885947900282404864
885951772467970053
885952128363188225
885953082294751234
885955806453260289
885956241092222976
885957731315855360
885960609476599808
885962306479435776
885964806137626624
885965069682704384
885970296548859905
885979375618990086
885981549862277120
885982082203365376
885982630830911488
885983753637683201
885983760755195904
885988805240434689
885989873127219200
885993561606549504
885995676781379585
885997780627574786
886005641608912897
886014160672346112
886014739062681600
886015060325388288
886018016248516613
886022752595050496
886028968230608900
886030366603067392
886042643326787584
886044088692162560
886045540659736576
886050235084156928
886050747162345472
886051111651516416
886056930988503041
886057184160870400
886057389669048321
886058447908868096
886064439056883712
886064778346672128
886064969212678148
886066756808314880
886069814896328704
886070001928556544
886070955486973952
886072325157924864
886072855309504513
886076122710102016
886078725275746304
886079686362763264
886082409518649344
886086147486646272
886094971476094976
886095557424558080
886097870155165697
886101509565366272
886101765040549888
886114222924587008
886116622607560704
886121176447242241
886121329723920385
886129081242103809
886129175538659328
886132426019176448
886132611986460672
886133427782766592
886133472548446209
886137480726036481
886139132581490688
886142134314774528
886150124879007745
886150953786789890
886153910502670336
886155202125901824
886161342540992512
886163952614469632
886170423653564416
886172265792012288
886172355529146368
886175820443734016
886177205826572288
886180198470877184
886187357413756928
886187452955840513
886192891286212609
886193683418296320
886194664239493120
886195231435223040
886196540984918016
886196689643728897
886199263688089601
886200833192468480
886201399423270912
886205182257876992
886206628864827392
886209655206227968
886210786288443393
886210996007600129
886211009396043776
886211150353899521
886212201010180097
886216144063012866
886225025082294273
886225942796005376
886226621853814785
886226764875403266
886229323857903616
886231620650491904
886232059076907008
886232369744814080
886232379655954433
886232721244246017
886233840263417857
886234025899307008
886234674099625986
886235352742191104
886235960073125888
886236383710523392
886236827887165440
886237483847098368
886238592011563009
886240518845366272
886242327420948481
886243957340073986
886244030169874432
886245373781651456
886245869963575297
886258660405653504
886259445663191040
886260589802147840
886260990777540608
886265071898435586
886265199203950593
886272756693614593
886273536519802880
886274131590877184
886276357507997698
886276417645821952
886276799591788548
886277134330740736
886277858666139648
886278167270268929
886278320022859776
886280225092493312
886284175677980672
886285960367022080
886288152314474496
886289119084597249
886296848469643264
886297546699788292
886297547135893505
886300899647389699
886301655020470272
886306702198534144
886307169683034112
886309312976625664
886318417661349888
886320086058811392
886322460458704898
886324078398894080
886324228982800384
886330990838378496
886331665676734464
886332976010633216
886333319780196353
886333892554350592
886335799180111872
886338000346644481
886339216698986496
886341716520951808
886345145033084928
886350737596403712
886351884742664192
886353050792677376
886354450323034114
886354900451561473
886356194520059905
886359908316270592
886363630475915264
886376294753161216
886381643900084225
886385208509050880
886389693058822144
886390050426060803
886393321979092992
886393868480122880
886397246144512000
886403048175804416
886411237566947328
886413947460612096
886428946283233281
886431449003556864
886432384870215680
886434125397114880
886437678811496449
886438294548082688
886439275595784192
886439928233549827
886440816994123777
886442874749038592
886443440950489088
886447788376064000
886450860703834112
886450944992575488
886452578514460672
886452668444573696
886457541772836864
886460773920387074
886465871673257984
886465949255086080
886468107497353216
886471055841390592
886471962230435840
886475589879726080
886477608619323392
886478102418911232
886480556342616064
886480960262467584
886481113769750528
886481840240046080
886485609250009088
886485926750420992
886486039589769216
886492641822507008
886493386416558081
886493864055459840
886494860617719808
886494917245235200
886495345873702912
886495674732294144
886495937706590208
886496949779738624
886503281928876033
886504150137286657
886516106910978048
886521456707981313
886525491200507904
886526487746060288
886542295935459328
886549898660765696
886552455936434177
886556232068345857
886564032248983553
886564040214016001
886564722794831872
886577081538277380
886577479191842817
886578853526765569
886580004544499713
886580148006531072
886580536877215744
886581470046732288
886584116308844545
886584400183537664
886588906572881921
886591274639388672
886592717094039552
886597115228631040
886598454054600704
886602547619741696
886603212496658432
886604295545786368
886604361325039617
886604783272034304
886605859522064385
886605893898522624
886606236518682624
886606393880576001
886607104819081217
886609491344498688
886609755585773568
886616481181691904
886619261132840961
886622788156620804
886628128734404608
886628452971028481
886630487669846017
886631335292547073
886631979118186497
886633503756091393
886634991156772864
886637313031385090
886637707715264512
886641459084099586
886644107376021504
886651504035278849
886657500216537090
886657637345091584
886658643147476992
886659622089744385
886661778385510400
886663314775961602
886663799188672513
886668206156460032
886668547140833280
886673721653477376
886676887115882496
886677861440139265
886680869913669632
886681549927854080
886686134310494208
886694096332619776
886695715778564096
886695935534870529
886696822647001088
886702881721733121
886703057047879682
886707029460611074
886707751757504512
886712305077161985
886713603621105664
886713655651430400
886717523390943232
886720940721176577
886730986934939648
886738561436864513
886746693756223489
886749283315273728
886750368373362689
886753732175835136
886757589278654468
886758209620520960
886758609333473282
886768694566592513
886772114434523136
886775857594945536
886778692940124160
886779381653393408
886779808209920001
886784319167111169
886791291769569280
886793538201161728
886795001212096512
886797891540574209
886807192833273856
886808750157443073
886813757745360896
886815380190019585
886822926082752512
886830486735212544
886834335428554752
886835165049303040
886835362185785345
886848749988970497
886851622667780096
886852905684402176
886853867446697984
886860825373188096
886872315774087169
886873904056324096
886876373247287297
886879147720663040
886879271528124417
886879494644084737
886886589414207489
886887036434743296
886891249189486593
886895353722621953
886903365686280193
886907981106999296
886908009619890176
886914688642146304
886917021086212096
886918726502633473
886926133199065088
886926327403732992
886932626426257408
886933148176719872
886936540378796032
886941462138671105
886943443104256000
886950596888207360
886955742149976064
886955897666371584
886956086502318080
886957419770687489
886958078691823617
886959309749444608
886963903338598400
886969204091617280
886974375236337664
886976126375137282
886978572094545920
886979236858396677
886983942028578816
886984966311161856
886985018152816640
886987655241748480
886990202450956288
886990696128716800
886991833217339392
886992005607432192
886993539049115648
886994758735941633
886995465065156608
886996951362916352
887002723723337729
887013063530090496
887013994963324929
887014132213592065
887015236569620481
887015533136060416
887015905162645505
887017592749264902
887017652224483328
887024843627122689
887024868402900993
887037963846258690
887039318182768640
887040517338542081
887040857676816385
887041813558640640
887042512543637504
887043003289874432
887043722206171136
887046352886169601
887050183518953473
887051964416131072
887053641311436800
887055094071427072
887055552638996480
887056173815484416
887057953408393216
887058099995111430
887058640938651648
887058885034594305
887060110203289601
887060948221079552
887062077722030080
887062760978345986
887075145520742400
887078333225283584
887078434245140481
887079569295015936
887079833892683780
887081986002694144
887084345290366976
887085622195892224
887087491429404672
887089946363781120
887094581053075461
887094602024402945
887094657427140615
887103521841180672
887103525431455744
887103618528272385
887104015728640000
887106627933020161
887108126163574789
887108643304357889
887108770828103680
887109741381644288
887109797253959680
887110011062812672
887112136345911296
887114649552003072
887114969602457600
887115890881433600
887116201863852034
887118220594823168
887141080797519872
887144852726599680
887153223722827776
887154924513099776
887155410867806214
887157881933635584
887158079049039872
887165573448257537
887165838117261313
887165931813818368
887167097230434304
887167684999356417
887168483854888960
887172040968462337
887175051719524352
887175212386701314
887176729051222016
887178617737707520
887180290430468096
887181141022842881
887190199742078976
887193300700200960
887193361802604544
887196103359287296
887199192875057152
887209465157738497
887211059525947393
887211946918854656
887212055165579265
887212650719051781
887214436263632896
887219195770937345
887219496691187712
887224149424451585
887233436456542208
887247557843230720
887259071992270848
887259551417987072
887260325292253185
887260447350677505
887264743161044993
887268446702100480
887274526370910208
887275643708243969
887282102517084160
887282614779957248
887283329782894592
887289424119201792
887291623918501892
887292535865036800
887293576052396032
887294786536951808
887297485961560065
887307377044635648
887309142787932160
887315452275429376
887316948392058880
887317174448046080
887317204236107776
887318109685637120
887321205921001473
887321800690028544
887322806169600006
887324852134326273
887325830694789121
887326445403504640
887330954448187392
887331557983350785
887332052923686912
887332064248201216
887333662680797184
887334907562819585
887335703650213892
887336395701985280
887336871562534912
887340506102890496
887344441714921472
887344537701687296
887345632880537600
887345895485784064
887347362397421569
887347504303538178
887348563776327683
887348636778078209
887348727370977280
887349145123651584
887349406869147649
887349523881832448
887349820423319552
887349919798804480
887350087160082432
887350125319905280
887350219695824896
887350304844398592
887350365233991681
887350558197075968
887350891631837186
887350921843355648
887351588314066944
887352105471758336
887353151111798785
887353283215581185
887353584362323968
887353592339808256
887353608278343680
887353677077372928
887353935870148608
887354165705535488
887354200933511170
887354241190436865
887354857342062593
887354963462160384
887354996181925888
887355250792955905
887355397593604096
887356121949843458
887356449080434689
887356653758062592
887356873137045504
887356986370777088
887358047106019328
887358654458073088
887359297419476992
887360229817450496
887360703794888704
887360966337466369
887360982703644672
887361017092739074
887361141671813121
887361305660841984
887361544207708161
887361628639043584
887371105664729088
887371119518461953
887374480380743680
887377829532286976
887378186471972864
887383110677037057
887390446434910208
887390683010666496
887392080972140546
887395578526748673
887395944764813312
887402218600763393
887407713977806850
887407771016155136
887414029324607489
887414318739988480
887415676851417088
887416386930089984
887417833965051904
887420548510359552
887423776484462592
887431983051161600
887433250557358082
887433814682746880
887441235102892032
887442110634504194
887442655050948610
887442834118369280
887442957456080896
887444526553604098
887445354928537600
887445835985956866
887446877003698176
887447038492848128
887448733016879104
887450207725768705
887451282729914369
887451406873104384
887454537069580289
887458078735597568
887459460792365056
887459909545152513
887463748176424960
887464332447109121
887467695859523587
887470289193455619
887470732963393536
887470860487057408
887473531411419136
887475392835080192
887475399969701888
887476630167273472
887478328030097408
887483038199947264
887486391571013633
887489505409863680
887489846398287872
887489973477412864
887490251144540160
887490408045043712
887497228067188740
887499838081949697
887500245357051905
887500600182800384
887500825823768576
887501468420505600
887501901121544192
887502995532816384
887504637628211200
887504911495290880
887505013433655304
887506367346606081
887507783347777537
887508072746373120
887508291265474562
887508632677609472
887508669193211904
887508802995724288
887508888962117635
887510096498085888
887511153877938177
887511684901998593
887511840900751360
887512268321296389
887512556671315968
887513130250764292
887513130674290688
887513232189132800
887513327370371072
887513531654045696
887513992595374081
887514678351597570
887517773345292288
887520334366343168
887525482065014787
887525614609203201
887528863936516097
887529521154580480
887531905205325824
887532612864147456
887535618347192321
887535808428871680
887539515748995073
887541815242625024
887541953495281665
887543226915328004
887543769649819650
887543974340198400
887545363472764928
887551330914586624
887552584818466817
887554293972090880
887558526868082690
887576227267043330
887579094728101888
887600685486710784
887602961316106240
887605076931616768
887606281560879104
887619261325299713
887620287184896000
887620556014485506
887621203187433474
887621518615879681
887621560118411265
887626230836731904
887630561535295488
887631139099246592
887631732563988480
887633682948792322
887640174892507136
887642033388519424
887644198064795649
887644896399642624
887647233453281280
887648897769897984
887650024775135234
887650260516036608
887654320287744000
887654530300686338
887657457136414720
887657707897053185
887658184374190080
887658246453985280
887659467013320704
887659837626228736
887661763814055936
887661949596520448
887662025093951488
887662333316804609
887662367344967680
887662380834058240
887663930985902080
887665765150846980
887665840644030465
887667272592052225
887669502699343872
887670355816579072
887675913072107520
887679695290073088
887679695692713985
887679695692730371
887679695696932864
887679695717888002
887679695722098689
887679696107864064
887679696116305921
887679696124731393
887679696124747776
887679696145711106
887681001803190272
887681045004464132
887682700106055680
887683851832754176
887685982950182912
887695842521497600
887701391984041984
887704293599588352
887704297365831681
887704677806223361
887704677831372800
887704677835583489
887704677839753217
887704678221455360
887707339113078785
887710361104809984
887714301233905664
887714364970737664
887715712629972992
887718841136140289
887719933819236352
887721821214195712
887722383959875584
887730765563273216
887731950873530369
887733629412982784
887744952381440000
887745061428920321
887751079840141312
887755348194537472
887758257523175424
887762420395106304
887767977017442305
887768195519721473
887768483680976896
887769977662648320
887770775947689984
887780926054215680
887782045530832896
887782916683706368
887783064004440065
887784066195406848
887787070290317314
887790719368392704
887794974053588992
887795978052317184
887796562843258880
887796950430625792
887797629869883392
887798389907353600
887799654053814272
887801177869619201
887804764414541825
887805322982641664
887812523847819264
887812598950920192
887814225086877700
887817122927214593
887825289207840770
887825676660654080
887827995389329409
887828533833224194
887828774259015681
887830729220018176
887831468269068289
887831809689563137
887833680332300288
887834330478858240
887835941095780357
887836770154446848
887838288404516865
887844671938015233
887850356071292928
887855567074734080
887856299949654016
887856566170288128
887863004297089024
887865084382498816
887873428103061504
887875069321596930
887879823112024065
887880173810569216
887890556780662784
887898850182258688
887899218173669376
887900155042779136
887901314348310528
887901335416315904
887903010185068544
887903461572046848
887913929116065792
887914483179454465
887914484039270401
887922301391572993
887922447776759808
887926900856893441
887928232972095488
887931907161206785
887947423720456192
887953825633619968
887954670777503744
887955106704044032
887955271959662592
887956527725858817
887959014109261824
887959132828975104
887963949970239488
887964136205762561
887964540612247552
887965275475279872
887966850327490560
887967591892996096
887968784765595648
887969101007781888
887969367337693184
887974937394393088
887984749108744193
887987930479947776
887987945189388288
887990486920830976
887991625271660545
887993867970256896
887995597680148482
888002804396179456
888003836568383489
888004699336712192
888012621525516288
888012966276325378
888015474486804480
888021484534419456
888029870172786689
888030049231790081
888030199023104000
888032266982739968
888032994920812544
888035490565283840
888036582737010690
888036909062160384
888039749025488896
888039783016148995
888039842835308544
888041758357147649
888042489168498688
888047121768828928
888047590712815616
888051479252094977
888053282785992704
888053907729121280
888054097328386049
888068102507724800
888068780328271872
888070801559310338
888071767490613248
888076693293879296
888078946901929988
888081143454724100
888082065765392384
888083851691655168
888084208643657728
888085623793475586
888085794493259777
888087830026649604
888088425584349184
888091211868897283
888091213118808066
888091425786781696
888092614439837696
888095012344414208
888095047568285697
888097119571132416
888097602750873602
888098262900670464
888100206994239489
888109119864881153
888109491052437506
888110673791561728
888111333631119360
888112231602204673
888112339869868032
888116035940786176
888117229581066240
888118773886066688
888121248143638529
888126298085662721
888126664139354114
888132778281324544
888135438787117056
888136540957925378
888142674288668673
888143096956977152
888143458233446401
888144137282867202
888147084599328773
888151974763540481
888152813188108293
888154223329902592
888160250217586688
888160891207901184
888161150625558528
888163814029524994
888164449051435010
888164951520686084
888165980781912065
888166497524350978
888168059499945985
888168684044378112
888175486366400512
888175915406159872
888176451048005632
888177268077539329
888181805911867392
888185117738360833
888187495887798272
888190040228192256
888194346893406208
888194385447272448
888197478964576257
888200755357769728
888200846365904897
888201077904093186
888207331174998016
888207812689616896
888210262586781696
888211941046484992
888214018527252480
888214427954184192
888217012895350784
888217673930244096
888222467860385792
888224608373035009
888232706282147840
888235386668961794
888237574648680449
888241057602846720
888247241231785984
888250891949572097
888253597602816000
888254616269225985
888254927297855488
888255800136785920
888256243889876992
888259244935348224
888262553373036544
888262942193364992
888263313833852930
888265121570504705
888267586990780416
888268449096400896
888268867906043905
888278733752197120
888280392196702210
888286889978978304
888287733042487297
888290200966877184
888292626557935618
888295290339344384
888297343052689408
888300987034632192
888303315326562304
888304764882169856
888313495300845568
888328002546921473
888329789756583936
888338665398616065
888342988400861184
888346012888088576
888346061152018433
888346175245438976
888346267499331585
888348151173832705
888352876061491203
888358428879446016
888360939598360576
888367740247044100
888368055222493184
888368394977914880
888385835292405761
888386585238097923
888390211243307011
888391018625806337
888391678389833728
888391738775220225
888391767300747265
888392380088545281
888395597136449536
888397537408720899
888399612356296705
888402500554031107
888404775829741570
888404896109780992
888407773175832576
888414278981701632
888416148391419904
888416287201742848
888420511293648896
888421163516473345
888423424258850816
888429707712245760
888440130587041792
888440246739881985
888441272595353600
888442450137669632
888443390798565377
888444787073978368
888445207762542592
888447354000392192
888453731855073280
888456340737331200
888456985787682816
888457023540604928
888457506296659968
888458660913049601
888459375291097089
888462695107674112
888462769330286592
888464022185660417
888466224191033344
888470642026135554
888471683908194305
888477962844221440
888480712143319040
888485284270280705
888487069718368257
888487121224441856
888489303327854592
888494035471650816
888494074352762886
888494678349361153
888495484045623296
888498082429534208
888499945132699648
888517656214732802
888519141597954048
888520981639118848
888521694687760385
888525301352890368
888525620124274688
888528102321795074
888528169216692225
888530636939579393
888534670182428672
888540061553250304
888553208163049472
888559816284753920
888561724684550144
888566322056970240
888566323340386306
888573813960704004
888577594257543169
888580335595868160
888585468425764864
888585978251816961
888587452570632193
888588837206843392
888597281594683392
888597573837180928
888597768889135105
888598900923219968
888598945814913026
888599398502064128
888602099080155136
888602961840046081
888603114198114304
888610881864515585
888611495915008000
888611577368379392
888619147675836416
888626182769569792
888628835414974465
888628841958129664
888632510497906688
888633824900468736
888634489601183744
888637335847542784
888637379036229632
888639914903982081
888643074058055681
888650908195844096
888651038219227137
888653668639268865
888666771665846276
888670779948367872
888673326167674880
888674173576294400
888675430198386688
888682312203776000
888687362531897344
888690029308071936
888693549168041984
888699863679983616
888707254895099904
888712897488187392
888729371447631872
888730496376733696
888730708591726592
888736434810740737
888739115650482177
888739609332645889
888740042604261380
888740087462232064
888741183874371584
888741344092532740
888741732082479104
888741768149303296
888741908666753024
888741945119580160
888742037406834688
888742148547457024
888742362490470403
888743490309545984
888744108998709252
888744731416592385
888745295114326016
888751539615145985
888751771128143872
888754288960221184
888754438697095168
888754543563071488
888757730051321860
888758084176412672
888758922022187009
888759343960788993
888761855518363648
888762220355567616
888763765990338561
888765713837674497
888765714265501697
888773954399338496
888773955238199296
888774099593547776
888774100373692422
888774100763783168
888774785261547520
888774785265782785
888774785269993474
888774785844604928
888774786108751872
888775916725424128
888777295003090944
888777527925329920
888777754015133696
888780218990821382
888781064134512642
888782033018900480
888783469169520640
888787528005943296
888791356554047488
888792395504070658
888792495315972096
888792651750940673
888792959625383936
888793082103087105
888794136123518980
888794167169732609
888794686416015360
888796216057843712
888796357435297792
888796573852983296
888796580572274688
888796737430851584
888796738282283008
888797452958134272
888797942437564416
888797950436139009
888798812755509248
888804315296673793
888805900294602752
888807754927878145
888810973334818816
888810973334835200
888811391074803713
888811420002824193
888811780738134016
888812246297710592
888815269120024577
888815963268718592
888816984158330880
888818482808225792
888818538584125440
888818560793014273
888819508407934977
888825018376798210
888829267173396480
888833209018064896
888835936540348416
888839843974918144
888984570485383169
889542453241532416
889761450717134848
889790124040630272
889923174284111872
890063056386084866
890099581429657600
890165026392342528
890178438090301441
890233255282311168
890244445790248961
890319828187262982
890326801221902341
890340023186280448
890362184634707968
890363757494501379
890364068149813248
890366541266640896
890369696654086146
890374116171284480
890379008424239104
890380819516334082
890382696458797056
890384548650901504
890385281010069504
890386109355757568
890388357104193536
890388459839524864
890389132605878273
890389686711185409
890392365189476352
890393095396671490
890396352290713603
890409521151135744
890410680003604480
890411734044991488
890414599174017024
890414945212526593
890415107951534080
890415614208208896
890415810929446912
890416263461318656
890416287821824000
890416571356721152
890417100241739780
890418815716122624
890419030460334080
890420401590980608
890420542922256385
890420839040024578
890421153214459904
890421175859507200
890421198085120000
890421669520711681
890421712294215680
890421902308765697
890422458884530177
890422561238130688
890422611985010688
890422842239717376
890422978554601472
890423299406270465
890423619880456192
890423658472144896
890427952730710016
890428222286045184
890430116819382272
890431531180843008
890437447603105792
890437865384984576
890439916848599040
890446453243510785
890456699915702272
890457292734435328
890458182618828802
890462006158827520
890463060153913344
890469502218981376
890470229842608129
890474457759920128
890474755152859137
890477696597336064
890483268306468864
890483655902208000
890484402429493248
890485458236456962
890485786990260224
890485831055495168
890487117851262976
890487343085473793
890491830562824192
890497168255193091
890500919615516673
890512847809204224
890515821583376388
890519946693820416
890522337426255874
890528462741676032
890529268953907201
890530710926356480
890531475153715202
890532707121364992
890533782842945536
890534442590253056
890536709196316676
890537497750642689
890538474578870273
890539630252240897
890539999862677504
890541019690881024
890541082181873664
890542458098114560
890542648771186688
890543576115019776
890544843662819328
890548764485799936
890550432124350465
890550621710934016
890553430032470016
890553569467879424
890553917788082183
890554019957145600
890555302566875136
890556677036134400
890557773838024704
890568949582135297
890569112400703488
890569177718706176
890570342489497601
890570521598869504
890570591778078720
890572701374566400
890573295296409602
890573323809288192
890573452989657088
890574171469742083
890576302587170819
890576431360524289
890579966764531712
890580148231131140
890580448660922370
890586713302724611
890587108821409796
890588781493014530
890589090604830720
890594569443659777
890597437299015681
890598117598519297
890601764562415616
890602462826029057
890603227498004480
890603605807448064
890609142221594624
890609531557879811
890610285681233920
890610308758228993
890622066235392001
890625110767316992
890625399868215296
890629557681668097
890631250511147008
890633918898221056
890637199682617344
890637697164820480
890638862220902400
890639645800779776
890643176729399296
890643430744797186
890645813910659072
890647001003548672
890654696649764864
890654930297606144
890654948316200960
890656069403332610
890656203675541504
890656495536267264
890656801963745281
890658006794256384
890658599461986304
890661304792358912
890661450338795520
890665916001800193
890667658307280897
890668318910275585
890668674608017408
890668820997652480
890669436264370176
890670351071367169
890671439065399296
890671859330686976
890672063588859905
890672280426000384
890674203510362112
890675207232339968
890675760020598784
890677132313210880
890678852581818368
890679983282302976
890681978999197697
890685402725703680
890685808335667200
890690931271380992
890700513565605888
890713180338622465
890719284657360897
890719390878093313
890723111636791296
890726974586589184
890727398194507776
890731486411976704
890733124098957313
890735278889086976
890737840333746176
890742442328240128
890749613757661184
890749648582868994
890750118374371330
890754287478898689
890755524379238400
890758186621390853
890758516163715072
890760090705416192
890766279409315840
890766322170200064
890766453481197568
890771518510288898
890771905220939776
890775773216428032
890777287536390144
890778531378085888
890783481344565248
890783865261801472
890785476319248384
890786274071662592
890786294619545600
890788029819871232
890788564178354176
890789533620490240
890790123603755009
890790661321928704
890790826971873281
890791441915535360
890791524925030400
890795639512080384
890799118309871616
890799445024980992
890799576327700480
890802222484684800
890804631760060416
890804752518270976
890808609923379200
890813248047427584
890815990698659841
890819219075481601
890819228294623232
890821679051673600
890824517299445764
890824629291495424
890830286065291264
890833975891173376
890836156501413888
890840062228742144
890841835157028864
890842024747945986
890845347911790593
890851141927546880
890857581849305088
890857609976320000
890866254193582080
890872671294160896
890881418506665984
890882199897165825
890882920235139072
890883023670960130
890884989105168384
890888543379345409
890890887395500032
890891250794188800
890891732723920899
890892757627277314
890896024729944064
890896069424549888
890896224827715586
890896918842396672
890901267207380992
890901796104921088
890902434477899776
890909972489527296
890910245295357954
890912863216422913
890913613556396032
890915355887104002
890915678429040640
890916377590157313
890918582573563904
890919638258688000
890920321917698048
890923715114012672
890924981391110144
890933557903982592
890944753755410433
890945723600121857
890946012457701377
890946081659510785
890947152884760576
890954592753733633
890956935708774401
890958794611716097
890964217859366916
890964763508977664
890964860422508544
890966828532596736
890967863489695745
890971484562243588
890972349775917057
890973943590510593
890974000230301696
890974144111628288
890977614042718208
890980367993257988
890982105269841921
890983617756790788
890983983915433985
890995474680995840
890997385387798528
891001054514470912
891001088308109313
891001113020948480
891001698134765568
891001835712008192
891001957766320129
891003372513353728
891004327980085248
891010277587791872
891015057819279362
891015425261264896
891019681628266496
891029828920627201
891030335164530688
891033997656150017
891036639648239620
891037940687745026
891038113493024769
891044881015214080
891046989512810497
891048656715034625
891050883500453888
891057622887141377
891059619556151298
891059900331294721
891060148587945985
891061267737260032
891065580324868096
891067819428917248
891068045577289728
891072130972078081
891072475764674560
891072964812308481
891077962325528578
891081822356078594
891082396141047808
891089362024374276
891095303125946369
891096371679330304
891099045019648002
891099326017089536
891100970196770816
891104225379340289
891105644740259840
891112991889948672
891113193631776773
891118686500773893
891119804706426880
891124186936201217
891127065885507584
891128499078967296
891129628190027776
891129743025819648
891132586021371904
891133479383179266
891137392219897856
891138903452901385
891140129481293824
891144374045655040
891144700400463872
891144844361572354
891146473894588416
891148601543536640
891149587200847874
891153835615539200
891153864979750912
891154497044697088
891154613247905793
891154715173584897
891158831467831296
891168989652680706
891172171002904577
891174865432084480
891179339504549889
891187979762503682
891189072797982720
891201909452918789
891202403969757185
891202403969761281
891202421589987328
891202673684434945
891203098974269440
891208589305679872
891211167154176000
891211516107567104
891213414424494081
891215492186353665
891216134028054528
891216137387683840
891217869232631808
891224182079590400
891226805163630593
891229082263924736
891236840061018112
891243644002467840
891248144532557824
891248808927035393
891253734914830336
891253879391887362
891253885263904768
891256667287015425
891257480352849920
891258366483288064
891258520422797313
891260651120852997
891266207948648448
891266875195183105
891272002165780480
891276983732240387
891279381192167424
891285104328364037
891285383262212096
891287678808870913
891289321277358080
891293257195438080
891297011936489472
891299830944976896
891302561864708096
891305837716807680
891305956310630401
891306000342536193
891309454783725568
891310612416012289
891311944526954496
891312284433297408
891313291863220224
891313919205224448
891318452803309568
891320393100922880
891323952802430977
891327767509381120
891328394150912000
891329925499805696
891332889618546688
891342805796356096
891346792889110528
891348177424601088
891350339408064512
891350790908018689
891358838066036738
891359381421514752
891363385983590401
891364277273059328
891367415639973889
891367575665479680
891368906958426112
891370180336603136
891370261290856448
891373286621302784
891373816374493185
891374064266354688
891375933256601604
891376402150420480
891380350806622210
891381696637095936
891382051907284994
891384975311986689
891384992932278273
891386435554639874
891387210875809792
891387925992222722
891388799279878145
891391318353752064
891395831017951234
891397001233014784
891399120598032384
891402383766544384
891403465053941761
891403873608486912
891404317789499392
891404997266743296
891406657779101697
891406858228948992
891407420307714048
891407572959453185
891414575610028032
891417736194260993
891418236151050240
891418299917053952
891419335067095040
891419341782228992
891423206325792769
891424018854797312
891425912155013122
891427279074729984
891431106779729920
891434526823632896
891436258660032512
891436468375367682
891439562521792512
891444647255568385
891444844287201280
891448180130406400
891451683217321984
891456742487465984
891457715440156672
891458225907933184
891459351654809600
891463066956836871
891469024126799872
891474517402558464
891476726127222784
891481999201796096
891492366275817472
891501472965431296
891505627784138752
891515613629345792
891518534102261760
891525325972279297
891531811351867392
891534820584632320
891537246993752065
891537549012992001
891541746068357121
891544786250997760
891546988730253312
891549790902730752
891555096282247168
891565809390071808
891578647307538432
891578715234332672
891584241246633984
891592009277992960
891604052215255040
891609128149200897
891609852912521216
891611429983342593
891614534045192193
891614608863186944
891615341297623043
891615654716907520
891615682881888256
891615726628470784
891616074763968513
891619103462617089
891620123097935872
891622993247514624
891624082122260480
891631298393100288
891636462856192000
891640389995778048
891642865469796352
891643247969415168
891643261399519233
891643278180966400
891643721078513666
891645352696311809
891648271256604677
891648702674345985
891649374417166337
891650110677016577
891654049145204736
891656324152385536
891657353824788481
891661803561910272
891663433904644098
891673353412644866
891681358673850371
891684154173263872
891691702246711296
891697834726219776
891698036489035776
891703692096831492
891704695529635841
891706525324124160
891709471008935936
891710764943380480
891712973672206341
891721295603302401
891721593784868864
891726715898265600
891729003463225344
891731111939895297
891733178452295680
891738013230919681
891741018445447168
891749126467145729
891751183357886464
891753890378645505
891762473992421377
891764754460532737
891766140682346496
891769150573555712
891769729727201280
891770671772168198
891772803736895488
891781103853240320
891787016991629312
891790435731083265
891805630444351488
891806336140312576
891816094629015552
891820206917550081
891825674595565568
891837565027860480
891841404921675777
891841640649949184
891850376059658241
891850685679009792
891861223502888960
891862183113408512
891863193097617408
891865035651207168
891865544814718977
891872755649572864
891873438100541440
891874993738440705
891881720152305664
891883471701987328
891883875181264897
891887107756761091
891892300900478976
891895219934724100
891903786301534208
891903965498978304
891904765361356800
891919595996495872
891919891279876096
891919988583313408
891931104726351873
891932294239354880
891932572309180417
891946569150472193
891952632847364096
891952838368264192
891962478426501120
891962726024716289
891965746754052096
891974695297273857
891980464990429184
891980597945651201
891980644095582208
891980678459514880
891981633946959873
891988994925498369
891989862324326401
891993548693753856
891994374980091906
891998186776260610
892002641525518336
892004039076061184
892004384271458304
892005540225855492
892008556764909568
892011690362941444
892014145381466124
892014204395323393
892015106565058560
892018051608178689
892018872651481088
892019950180864002
892021634156044290
892025090283642882
892025714807111682
892027087158169600
892027424409563138
892027697857253376
892027967035117568
892028031463829504
892028202041913344
892028249437609986
892028724337684480
892029243902705664
892029253537103873
892029795038638080
892033322024677376
892041570534514688
892044651695419393
892045495979319297
892045735184654336
892052250448850944
892058210168958977
892058266804428800
892058475676684288
892059281822015492
892066841622958081
892067386475638788
892077255253295104
892077427211554816
892085405650231297
892086670618656770
892087625665978368
892089097870823424
892091141763600388
892093225904873477
892098460807176192
892107164436889605
892109310297341952
892115642375036930
892119390379950081
892123477989359619
892125114023768065
892133643073802240
892134364921741313
892136269945483268
892136990937939968
892142763982159877
892143769361031170
892154632528683008
892154883419328512
892164123903053824
892169828999585794
