871126186684014592
871133318569439232
871133692386836481
871139170558902272
871141171262881793
871141350762319873
871141614172819456
871146768133705729
871147638871248896
871147873337040896
871153354868699136
871165360657092608
871170294811172864
871171581468454913
871173355407384576
871175064590405632
871177095455666176
871179609961668608
871180113773293568
871183324013895681
871188304225607681
871200313897832449
871209803908919297
871215295528026113
871218960506781696
871228424928468993
871232891472281600
871252472991449088
871254106685542400
871254837740130305
871260589393420288
871262444525629440
871262563220238336
871264680525914112
871267899222183937
871278887443062784
871279277530075136
871280301368102912
871280777400594432
871281256801210368
871295433552867329
871297888063717376
871298218163929088
871301836166365184
871304584282722304
871306357621895169
871317279258050560
871321804006096898
871324617104928768
871329391913164800
871330357785890818
871330807910064128
871335289117081602
871335787366895616
871346618771136512
871348163097047041
871348525489147908
871349185680986112
871350962379771906
871352615753457666
871353882009645056
871361317260722176
871368289481498624
871370502371233792
871374830469345280
871376396203020288
871380947018686464
871381901231239168
871387098808504320
871390026432749568
871406412810924032
871409606295158785
871411025240838145
871411779380940801
871416551202852864
871422716007645184
871423695813824512
871427065932906498
871427919050092546
871428432026099714
871428632933216258
871428963851272192
871429512445165569
871430588292620290
871430604654563328
871431183489523712
871431352498999296
871431368433160193
871431453162319872
871431481268158464
871431956487122946
871432313846018048
871433263021260801
871433390947532801
871433660611821568
871433785623097348
871434441608089603
871434460478177280
871435296000421888
871435874365579264
871436003130712065
871437497556971520
871437642684125184
871438031080890372
871438224832557059
871439255402369024
871439443747647491
871440486560661504
871440548632170496
871441090402013185
871441863437406209
871443851940069377
871444156467511298
871444460525191169
871446030046429186
871446777454571520
871447346630066178
871447951457046528
871448963114827776
871448983671013376
871449225271312384
871449267638087680
871450018011635713
871450186614284288
871450611069456385
871450680069947392
871450948304089091
871451590452015104
871452084545179649
871452977088868354
871454093184835585
871454793197383681
871455048231997442
871455306173341696
871455907636535298
871456495669583876
871456771239534592
871457014102319105
871457376901246977
871457553892429825
871457967052337153
871458475385253888
871458746760933378
871459459087970304
871459622514827264
871459777649541130
871460452173316098
871461611881496576
871462089210068992
871462747304800256
871462857166262276
871463203225698304
871465013474676738
871465728070881281
871465841824595969
871465964310855686
871466391311876096
871466495724879872
871467056109150208
871467244823425024
871467993947045888
871468473364467713
871468794639765504
871469043773050881
871469120092606464
871469606241697794
871469767709904897
871470064263888897
871470158208004096
871470436286156804
871470563793018881
871470866617561089
871471073392459776
871472139571953665
871472642058051584
871473140341387266
871473675949797376
871474281183666177
871474628476231681
871475330187497472
871475911111176197
871476637543653377
871477713802076161
871477953737216001
871478001564889088
871479267808378880
871479530371899394
871479785809223685
871480023634628609
871480248424181760
871481173268189184
871482228982853633
871482566620184576
871483407582330881
871488315362377729
871488919342260225
871490172172587008
871491295390334976
871491955146055681
871494965838442498
871497793822740480
871502302070411264
871508991599403008
871511279562891264
871518633469644800
871520172351401984
871525180354547712
871529256785813504
871530241201713153
871546336809766912
871547683219156993
871550185519759360
871551599440777217
871584322536566784
871594757562273792
871596173114589184
871624049662849024
871633088878661632
871633854355955712
871634189447122944
871635684968337408
871635934692777985
871638072139632640
871638268852531200
871641476999938048
871644563215196160
871649541040287745
871653936775692288
871654294025580544
871656621423943680
871658532793446400
871670570449895425
871681494351323137
871684004096991232
871684847009320960
871685667398594561
871688757363257344
871698482259734528
871699014080765954
871704386157903874
871709314041475073
871725590902124544
871727995051941888
871729016784515072
871759467867766784
871759934261788672
871763418474323968
871766593495281665
871766608167018496
871768770431373312
871772153137516544
871777560010600448
871794489890938880
871814602434195457
871828928415113217
871844947368058880
871910902781550592
871967810263678976
871981492532105216
871990523673927680
872022042983493632
872033160313393153
872033171801464833
872040876310134784
872041435247382528
872043470076207104
872044484258869248
872049066926100480
872060040085204992
872072707722096643
872128547749597186
872137985353023488
872148541594107904
872151780012027904
872158239642730496
872180753815228418
872196431729356801
872238118920912902
872288525231702016
872309554607947776
872375543194415105
872399432251318272
872399861739597824
872400034557571072
872408009590394880
872414364384600064
872490572157566976
872491193984106496
872539009901367298
872541566728056832
872553322116415488
872590126693658628
872836398604312578
872839917235261441
872850345096916992
873130579574661121
873133146065313796
873978343623843841
874680967629340673
874729333302185985
874757783698239488
875081943355973632
875099003330940928
875279879343755264
875280452281483264
875341442079535105
875667599945846784
876028820536557568
876456209653649409
876703405544288257
876752455442153473
876780775378526209
876797788293521409
876800291882119168
876883739241922560
876887543077367808
876928873329565696
876936274162008064
876962191181717504
877008149001232385
877256017716928513
877306368230817796
877612564565417984
877615756023701505
877642943930056704
877653219979051009
878017563640434688
878840341385723904
880106997265387521
