1057790699876311041
1057794067034263552
1057794624037834752
1057797491700236288
1057798464371916800
1057802111705059330
1057804373294804992
1057805486056189952
1057805804374581248
1057807578162520064
1057808156154187776
1057808669113409537
1057809728598769664
1057810330443689984
1057810416859078656
1057810472223657984
1057811498171396098
1057820566663651338
1057823240951881728
1057823714908155904
1057825825888878595
1057826833633177600
1057828497660538880
1057833334133415937
1057833543005626371
1057838999384014848
1057850087836069888
1057852311232503813
1057852890910466048
1057853205470740482
1057859550991302656
1057859569509191680
1057861228452831233
1057867915720937472
1057868555771727872
1057875032632975362
1057878491679649793
1057884293253349376
1057898600003338240
1057899129349771264
1057899352482471937
1057905776470028290
1057906834281914369
1057908077473751040
1057909659674255365
1057911852326440960
1057912867343736833
1057914185223413760
1057914676766400514
1057916012656558080
1057923147159216128
1057925912883331072
1057943435875889152
1057943892618895360
1057946264065720320
1057949169585975297
1057951602152214530
1057953032011440129
1057955411452661760
1057958585274155013
1057958754300452864
1057963024244531200
1057964749634396160
1057967753594834946
1057968214964142080
1057969943457652736
1057975738702405632
1057979072784072710
1057979394457710598
1057980112967270400
1057980732667244545
1057981127263244289
1057981161958526979
1057983864650502145
1057984457834020864
1057984985884430337
1057985006449115137
1057985226637369344
1057985515205595136
1057987725201092608
1057988071642353664
1057989547638906882
1057989583684677632
1057990710282993664
1057991238329290752
1057992086027407360
1057995559729012736
1058001885167280128
1058005490578452480
1058007023349129221
1058010785480347648
1058011052233900032
1058014054952943617
1058017485058801664
1058021393714032640
1058021429348851712
1058022919165493248
1058023039965782023
1058029021462650880
1058030247457812480
1058030507919699968
1058032593336098816
1058034465258266631
1058034787401658368
1058035220228775937
1058036108607447040
1058041233199648768
1058044146982813697
1058049844948934657
1058049993834196993
1058054293008244736
1058054574450376704
1058060767721910272
1058062230699339776
1058078127480549376
1058078514677735426
1058082033434533890
1058083800758939648
1058084186207195136
1058084388372529152
1058088781063045120
1058093884297932802
1058094623762120707
1058104854911029248
1058111332644470784
1058116855666229249
1058120154087940097
1058123491449466880
1058124302220959744
1058125603273089025
1058126042009952262
1058128464447004672
1058134522485628928
1058139410095620098
1058141919136624640
1058147113945706497
1058149197914894337
1058157612544466944
1058159645951442944
1058161267876216833
1058164900139274241
1058166324936040449
1058167761933869056
1058176398005821441
1058182336716533762
1058182473849270272
1058182803831971840
1058183453055705088
1058184151461912576
1058184893958545408
1058188742232424448
1058190045272817664
1058190447221374976
1058191666924920833
1058194540052525057
1058196017265471489
1058196566710849536
1058196784680484864
1058196999990702087
1058200830241837056
1058202205113729024
1058206666620133376
1058207707210096640
1058208156826955777
1058208868612956160
1058211226214457349
1058220046005231616
1058225910480957442
1058226394948284416
1058226529564409862
1058227314226487296
1058228318871289856
1058235166487801856
1058235669368102912
1058239385123020800
1058242135307079681
1058243048604221441
1058244325169983489
1058245820435193856
1058246685736849408
1058271387234648066
1058276125959380994
1058276247602520064
1058277032759447553
1058281811028127749
1058282015198302208
1058284245284802560
1058285430599229441
1058288580936626177
1058291764413583361
1058292971160899584
1058294709658025984
1058299956300259328
1058303738740391937
1058319643100745728
1058324057639182337
1058336302050013185
1058337235290996736
1058337481081454592
1058340857475153922
1058341280701472768
1058342601470947328
1058347662364291072
1058352257597693952
1058354269605240832
1058357793231523846
1058359670622941184
1058361201544040450
1058362365060759552
1058369656854069248
1058370143364046850
1058370246149636098
1058370959172886528
1058383072754892800
1058386195837841408
1058387492691435520
1058392318678589440
1058393128988827649
1058398818591535104
1058399279952224257
1058401221906595840
1058407096293695488
1058410153693786112
1058412531012788225
1058414136193888256
1058415069720129536
1058415192281964549
1058416488346992642
1058416554629623810
1058421149464453120
1058424559840514048
1058425701555154945
1058432425422925825
1058435687333150723
1058437361313419264
1058439009247133696
1058448797502767106
1058448927077343232
1058451559850356736
1058452987591442433
1058458300918960129
1058460130910633984
1058460202209546241
1058464028446654472
1058465767170236416
1058467514966048768
1058471786038333441
1058471836395229186
1058474136517910529
1058474521576046592
1058476638835339265
1058479406262509568
1058479615407259650
1058480089489379333
1058480570165063682
1058480777812418560
1058490617154670593
1058493448381231104
1058493583832039424
1058493694859448321
1058494236494950400
1058494332104269826
1058497572195643392
1058502810898128898
1058504916430401537
1058507741285752833
1058508906455031810
1058509858599768070
1058509946009120768
1058510119867170816
1058514695445975040
1058521215193608192
1058521305270575104
1058521306533060609
1058522506485735424
1058525177418371072
1058525933684973569
1058527234762264577
1058530607481872385
1058537357329268738
1058540208583524353
1058542057004904448
1058545201902505985
1058549999301206017
1058550475371565056
1058550504748449792
1058553586660139008
1058554766572376065
1058555245553504256
1058555315778666497
1058555663276752896
1058556763052670977
1058557035699159050
1058557138442829824
1058557390944002048
1058559634053783556
1058562445927727105
1058572969436426241
1058584072157417474
1058586021682540544
1058594134749982720
1058595632104042497
1058596292694327297
1058621353413279744
1058624795946868737
1058629886057832448
1058631215765487617
1058631452752035840
1058633432845168640
1058634522525360129
1058638851881795586
1058639900457738240
1058645545990807552
1058654203969724416
1058656074096496640
1058658877296832513
1058659144352387072
1058660250172174336
1058660957117923329
1058663438044553216
1058667729262166016
1058667858014715904
1058671219342524416
1058680328917676034
1058681624571899905
1058689186868486150
1058693561955336192
1058694960730566661
1058702504232452096
1058709198320615424
1058712906928406529
1058722126784614400
1058723364578029568
1058725777557147648
1058736728910061570
1058739856615059456
1058742212102705154
1058750116285345792
1058751005490405376
1058752319976861697
1058756908482547712
1058761232449241088
1058762124577722368
1058764173092499456
1058767796966973440
1058775757332242432
1058779366774194177
1058781537070694401
1058783321323458560
1058785017915162624
1058785151738671104
1058788112069996544
1058791199929180160
1058801618970402819
1058802974573649920
1058811324162027520
1058812491025838081
1058818600868429824
1058819149475078145
1058829540057931776
1058833179002527744
1058833777118593024
1058835509802401792
1058840066611732480
1058840376021315584
1058843403042078720
1058843934485594112
1058849429426327552
1058857487225548805
1058867363448143872
1058872378145628162
1058877762780454913
1058881175702433794
1058889261913595906
1058891351096467461
1058892030959591424
1058896245836546048
1058900948389687296
1058920328703836165
1058924777186844672
1058934369560203264
1058935264188477440
1058939628340867072
1058953617628188672
1058955092345475072
1058955631741284352
1058961330529419264
1058965086507651072
1058984306914209792
1059005027606519808
1059010981446254597
1059028905376522240
1059034408731267072
1059046070163042304
1059052252432920576
1059058835665633280
1059071299325190144
1059072628890238976
1059075366327848961
1059075851784990720
1059076346331176961
1059077436405624834
1059078267297193985
1059079594383474688
1059081491450380289
1059082926879596544
1059084845215694849
1059085721829556225
1059091650608328705
1059091973460647937
1059092577855647744
1059092629856702466
1059094015231098880
1059094315987861505
1059096192905367552
1059096254574157824
1059097246959108096
1059099537858613248
1059100093217980423
1059103042627424257
1059106856528998402
1059110042518065152
1059110138580217856
1059114193633320962
1059114713722826752
1059115487496429569
1059116333558841345
1059119921249042432
1059120121418002432
1059120124777639939
1059121032433491968
1059122750399361024
1059122753347948544
1059123624102236160
1059126420838830080
1059126575189262337
1059127102417575938
1059128473141182464
1059129069810388992
1059130435551150081
1059131574380302337
1059132440952950784
1059133554926465024
1059136213939118080
1059137999638814720
1059138766349262856
1059143523142909957
1059143678327996416
1059144705789911040
1059145094316650497
1059145471787233280
1059145894153633792
1059147985009938432
1059148506387091457
1059148626335797248
1059148930833965066
1059149017358258176
1059149301203562498
1059149878755033089
1059150012150620161
1059151146697347075
1059151465053249536
1059152173030932480
1059152535855001600
1059152562673410048
1059153464465518596
1059153910730870784
1059154196379979777
1059154640862957568
1059157220053651456
1059157716659245057
1059158865483362306
1059165550755033088
1059167739770757121
1059172190350966784
1059173039278116871
1059173861462282240
1059174197744885760
1059174215792971781
1059174453198839808
1059176814457761793
1059179347494334464
1059181309593931776
1059183687789699073
1059185252235730949
1059186375071719426
1059188158418567168
1059189438994100224
1059192158584852480
1059193236953141249
1059193851838111745
1059195732161388545
1059195916689657856
1059196304683868160
1059196922919940096
1059197901857943552
1059198046985224195
1059198156871815171
1059198900945477634
1059203106121093121
1059204574593015808
1059205788391092224
1059206150388961280
1059218526488223744
1059220074635161602
1059221579106865152
1059224936726781952
1059227892389949441
1059230705513717760
1059233749714505728
1059236497021419520
1059238363457380353
1059239948510003205
1059240387208982533
1059240735764045824
1059243431011201024
1059246318793699332
1059246964934656005
1059248244394549248
1059250805855916033
1059253450381377536
1059254896594165763
1059254986746544128
1059260519440359424
1059260667952357377
1059261175869947904
1059261464433717248
1059262128404738048
1059265004028002310
1059265953169580032
1059266371899482112
1059269980989075456
1059271739639767040
1059274975985704960
1059275952411295745
1059277046290018304
1059277125549666304
1059277287013662722
1059277500952375296
1059278952185950208
1059279149280436225
1059283774310035457
1059283921584631808
1059286226757279744
1059286744363868165
1059288898550067200
1059290890420846592
1059298440562171904
1059302873543118848
1059306341821546496
1059306362797203456
1059308213575634944
1059308873088065540
1059312672259268608
1059314063530844165
1059317068762398720
1059317252443512832
1059319363134619648
1059319434764906496
1059320338222407680
1059322712303288321
1059325833578512384
1059329938984185856
1059331069760159744
1059333884544839680
1059334126539542528
1059334218407264256
1059335575411531781
1059336797505896453
1059336833966981120
1059338246625378305
1059350463806607361
1059352922927054848
1059355048566763520
1059370664807858176
1059375287375413250
1059380806236413953
1059391654371713030
1059392065845518336
1059409085500678146
1059410881916887040
1059411033742303232
1059413892894523399
1059413976029818880
1059422080205312000
1059424570866720768
1059425776284532736
1059425917213171712
1059432261542731777
1059433044585508864
1059433734578036736
1059434414038495233
1059436353082023937
1059441216381693953
1059441308216033280
1059441891668676609
1059442085407981568
1059442857180831744
1059445529753587714
1059445656018808832
1059446407248064513
1059449139396788224
1059450725682561028
1059451585527463936
1059452411788607489
1059456234091360257
1059458979091374081
1059459351264616448
1059459452368080896
1059461570898653184
1059461833902321664
1059462704061132800
1059462788924563461
1059463514559901696
1059464979202617344
1059465839492190213
1059465930881806336
1059475316916113409
1059475504401711105
1059477079362859009
1059480170002735104
1059481449395445760
1059482071813435392
1059483740748029952
1059487153653088256
1059489380824342528
1059489680281006082
1059489703366295552
1059492968615370753
1059495397117321216
1059499504595099649
1059504992430813185
1059506955293810688
1059508002678554624
1059508287752683520
1059510038199439362
1059511459212914689
1059511767066427392
1059511977419173888
1059512510297137153
1059512570690854912
1059513168374849536
1059515903086231552
1059516046514761729
1059516833802391553
1059517402944290816
1059517727608578052
1059519182176505857
1059519963155836929
1059525922439774211
1059528982612197376
1059529196911910913
1059534037956603905
1059535022384955392
1059536818411057152
1059538059925094400
1059538844884877318
1059539630238916608
1059539738045153280
1059541021523095553
1059549281361772544
1059550662525116416
1059551504770699265
1059552016039469057
1059561122305474560
1059563712674254848
1059566291047120896
1059574721480613890
1059583920004571136
1059584055472197632
1059585379202813952
1059598548906344450
1059598860530712576
1059599910767484928
1059600377644019712
1059601098187702277
1059601142257213440
1059601710572654593
1059604857101914113
1059609644505751552
1059611530319282176
1059613794362712064
1059614635324780545
1059619855937167361
1059621563471970304
1059625092995411969
1059625657548845056
1059630826567155712
1059634755157712897
1059635232272338945
1059635440758665216
1059635559876976640
1059638149419331585
1059638257229557760
1059639510474997760
1059639747855966210
1059640617360338944
1059640933598150656
1059641732604715009
1059641860870803457
1059643758449442817
1059645346429706240
1059646134107414528
1059646327468961792
1059649301364772864
1059650235712991232
1059650838434668544
1059651776725557248
1059653779119689729
1059654288262291456
1059654970251927554
1059654982431985669
1059656073773076480
1059657671677079552
1059658353398317056
1059660140587081728
1059660254659497985
1059661071714263040
1059661704647323648
1059664259804774400
1059664364611919872
1059664921233747969
1059667177379254272
1059668326190854145
1059668983031287809
1059669203207151616
1059670746316779520
1059673055683739648
1059676080192114689
1059676767646998528
1059677843892781056
1059679277510123520
1059679486394789888
1059680969920274432
1059681046885617664
1059681432526716931
1059682642176536576
1059684369395261440
1059687362014273537
1059689869817999360
1059697249268068352
1059699135438184453
1059700576613814272
1059704662536978432
1059708008475828224
1059726661388652544
1059743199533637633
1059750282450485249
1059751683356528642
1059752779747676160
1059753047763623936
1059755774484725760
1059756580642668544
1059758856023228416
1059760887341420545
1059764639972626432
1059764884391501824
1059769947889508352
1059770441529745408
1059770959626940416
1059771068196495360
1059772630574739457
1059774185382309888
1059775879059005440
1059777363393871873
1059779383811076096
1059780561995251712
1059783123020472320
1059786536768733184
1059787196939595776
1059787695659069440
1059787961141788672
1059791972146339840
1059798987983728640
1059801174071803905
1059802029290389504
1059803695263703040
1059804300074016768
1059806480700977152
1059806521788432386
1059807205443026945
1059822724460306432
1059823826664673281
1059824480397144064
1059825107990990848
1059825327378182144
1059826224103636992
1059826403611422721
1059827976496390146
1059828483185106946
1059831053454462977
1059834661906464768
1059835745165303808
1059836560546381824
1059839912218898432
1059842619755368449
1059843255645417473
1059844212626059264
1059844315839643650
1059844416502870016
1059844481061715968
1059847219979857920
1059849525584687104
1059850246149287936
1059853905687863296
1059855183688224769
1059860711365582850
1059863255626252288
1059863805834997761
1059863926702292992
1059868265269342208
1059868703188238338
1059870150222999552
1059870675752513536
1059874398201634818
1059889316938141697
1059890160844922880
1059898437448028160
1059906035857612800
1059908050381873154
1059910533829328897
1059913386354454531
1059921088367407104
1059921357948022784
1059922311426596864
1059923484996968453
1059926031786749958
1059928488491278336
1059929544935833607
1059933144068091905
1059941481493000192
1059941622853632007
1059943003173933057
1059943056043061248
1059943326575558657
1059947053873283078
1059952064560738304
1059953699907428352
1059954815185379328
1059954895309070337
1059955156593315841
1059956206851293184
1059956769319989248
1059961812119183360
1059963739422814209
1059971936472760320
1059974675625852928
1059978559123525633
1059982354561798147
1059983511778549760
1059986656663527424
1059993005673766915
1059995227321233409
1060005765476429825
1060006704614662149
1060007420137758721
1060008709647142917
1060009327304630272
1060015409884262401
1060015576809123840
1060016192142725121
1060018669248335872
1060019535372345344
1060026714779136000
1060051114719170561
1060055629912571904
1060056038840315904
1060056506488578048
1060069250457526273
1060086473557450752
1060093130740035584
1060140716209274881
1060143991696572416
1060153295090671616
1060153765959950336
1060154954353180672
1060158623777767424
1060158836621885440
1060160034498326529
1060161038216192000
1060169845898014721
1060170371813511168
1060175906118029313
1060179177305862144
1060185293427363841
1060189257908674560
1060189348921049088
1060193901015896064
1060196929710116864
1060197211575791616
1060197682168426499
1060197691806879744
1060201600495566849
1060203773987934208
1060204248753979392
1060206165966184449
1060218376423948289
1060224211149479936
1060228084564217856
1060231944997363713
1060234784557973509
1060234851662684165
1060236575928287232
1060237296522412033
1060242536889905152
1060250076977786881
1060255358445215744
1060256105887096832
1060261533723320320
1060261777408249856
1060263331947257856
1060265103067701248
1060265203739308032
1060269109055815682
1060278807980998656
1060288941843234818
1060295465638477825
1060304017430114305
1060311969826131969
1060330373148741634
1060334109439025153
1060337113810509826
1060337604560744450
1060337896467714048
1060342315175342080
1060353911607975938
1060358057933357058
1060358451530854400
1060359914491568128
1060363245616168960
1060365834336550912
1060377967606542336
1060384440659165184
1060387756675874816
1060396626815139840
1060402103330500608
1060407368977125376
1060407883643453440
1060408662781579265
1060413390168952832
1060413698894979072
1060420752594202624
1060421917637730304
1060431473495470080
1060444941837590528
1060455843252994048
1060467110843949056
1060467488306036736
1060469889146601473
1060473726511259648
1060478536476180480
1060483289088253952
1060485734367412229
1060486365190582272
1060493699761819648
1060493812647247873
1060503155191017472
1060503736764764160
1060506039437721600
1060509016139489280
1060512297322455040
1060514810142646272
1060517297469693952
1060518631124201478
1060518902495612928
1060520518162505730
1060534644557393921
1060536456945549314
1060540612640948224
1060542219084533760
1060548382173941762
1060550111808364544
1060550784243372032
1060551795926278144
1060554343944990720
1060556311102963712
1060569581440380928
1060574538344345600
1060575290332770306
1060578835773542400
1060579184714661892
1060585844027797505
1060587434914787329
1060593651737276417
1060595959439257600
1060596411174211585
1060598139416125440
1060598296056610816
1060600941429309440
1060601975300022272
1060614715116847107
1060623403172810752
1060645627120488449
1060649223752949760
1060652010012270592
1060671085312643073
1060671341551063046
1060675865154064385
1060682899400183808
1060686601708167168
1060687588632223744
1060688095710859264
1060697289621069824
1060701292643926016
1060714813410684929
1060725052986023936
1060728868515049472
1060729555554627585
1060729905766375424
1060733812769021955
1060746513364729859
1060748347957481472
1060750099259801600
1060751826071498752
1060753204302860289
1060756095445225472
1060760733074505729
1060776043966029824
1060782334159544320
1060784572236005376
1060787711274074112
1060795530266267648
1060799068195221504
1060803731837595648
1060828558346649600
1060832390229225472
1060837445242097664
1060844887589957632
1060865290442080256
1060866656459784192
1060867454048583686
1060874665030225920
1060874988851470336
1060877946699698182
1060878151771930624
1060879017480470528
1060879280488570880
1060883480211570689
1060884163459465216
1060886834522308608
1060890340494852096
1060898276893974529
1060898962662666240
1060902040019320832
1060903473632419840
1060909615725113345
1060912317729304577
1060913770220961793
1060924699696381952
1060929748442857472
1060932678143406080
1060933786697785344
1060939083269185536
1060939488363393025
1060939520319705090
1060948563646144513
1060957586009309185
1060961370496266240
1060961599979163648
1060962867078459393
1060967411061387264
1060976038031867904
1060976301325062146
1060976439409827840
1060985944550133760
1060987397222076416
1060987741402554369
1060987880665952256
1060999721567862790
1061000375900217345
1061000988667101184
1061010863342129158
1061015433464041472
1061027656483946496
1061028731928621057
1061028741571375104
1061035241048031234
1061035928905568260
1061037890162122753
1061047888367759360
1061051767348228103
1061057891984199680
1061065175783096320
1061068222101893121
1061069386679808001
1061071449123971073
1061077390854631424
1061081852352520193
1061082034393792512
1061091722787205120
1061108392654262272
1061111268679938054
1061114110329438208
1061114967628435456
1061119413586485248
1061119638011027456
1061148116492070913
1061150213648404480
1061153968804442112
1061154395025489920
1061154770344394752
1061172764311085056
1061172774796976128
1061177104568643584
1061180570539970560
1061182522091020289
1061183038669897729
1061187754757906432
1061189760256000000
1061190064993116162
1061193682966196225
1061196135644217344
1061196311951745025
1061198213582077953
1061198411238645760
1061198895261335552
1061204202276438016
1061205063383814144
1061206403040321538
1061217054068482048
1061228280819400704
1061236063077785600
1061248625844510722
1061248849421971458
1061251123556859904
1061259091065081856
1061263537027407872
1061266915958632453
1061270058691911681
1061270307887968256
1061271732445765632
1061273130663100416
1061273469969588224
1061274455635185664
1061276586341814272
1061280855757348864
1061280876275924994
1061283174335045633
1061294433533116416
1061300920846290944
1061304132848545792
1061312935870509056
1061316547287965696
1061328537414758401
1061334056267341829
1061338636862410752
1061341837141729285
1061355273586176002
1061356136325091329
1061358921791750144
1061379486854365189
1061380016209039360
1061392876754649088
1061394901944938496
1061399968899129345
1061403724902514688
1061404353628643329
1061412448639610881
1061417931572240386
1061423352131112960
1061426242036019200
1061427390029746177
1061429587819880448
1061429852492959744
1061430365099835392
1061431013908275200
1061433306510704645
1061433931474653185
1061437173231173632
1061443465932791813
1061443709261225984
1061466290097840128
1061475642951262208
1061475917690621953
1061482244127289345
1061485084572708864
1061491932399054848
1061501291539574784
1061503301877972994
1061506451384885248
1061520537523052545
1061527462230642690
1061536178950815744
1061542062099779584
1061542087051493376
1061550282268700672
1061551729752371200
1061555251696885761
1061557452888530944
1061559180518178816
1061560745400381440
1061574768233771008
1061576249603178496
1061577707182534657
1061582712224600064
1061589551888494592
1061592308364296192
1061592511372845057
1061598536507318272
1061599558650810369
1061606613042282496
1061609002944028672
1061612265697411072
1061612600822243328
1061621192468111362
1061622535043891202
1061625424030154752
1061628351079702529
1061631619797266432
1061634866637352961
1061637620265041920
1061638234034356224
1061640598665486336
1061642256665493504
1061645914098425856
1061646201005568005
1061655274954596352
1061657707206197248
1061661073130979329
1061661484604948480
1061661700598845440
1061667731181694977
1061672683820199937
1061673122955452416
1061673379659476992
1061688827259932672
1061690653887942656
1061695051649019904
1061696024694214656
1061705449320398848
1061709973800009729
1061711769700159488
1061716105771839489
1061717200921341953
1061719460384591872
1061721954716209153
1061723768773664768
1061737086112448513
1061742086117117952
1061753604451766272
1061755565796339712
1061759176676925440
1061763779057381376
1061764284068306944
1061765615764037638
1061765862804414465
1061769647333216261
1061770760891625472
1061771403073077249
1061773638607736832
1061773700259700736
1061775117523566592
1061777394183204864
1061778439336734721
1061779392324493313
1061781251265388544
1061785155633741824
1061786310472478720
1061792703825014784
1061796812141543424
1061799227221856262
1061808553676234752
1061809171912421379
1061809172335992832
1061809540201676801
1061825120342286336
1061830711676682240
1061838417535717376
1061843776707141632
1061848581601193984
1061852711325483008
1061853823667441666
1061855832306933761
1061856375867756544
1061859160906641408
1061864151499395073
1061882107092484098
1061900824186544129
1061905108248649729
1061908357999747073
1061914627259449346
1061915521854177280
1061916231555371009
1061918660476977157
1061919996769525760
1061921591003508736
1061923850819117056
1061924152058232837
1061925146947022849
1061930250177798144
1061936576849158144
1061938479104290816
1061938571660025857
1061940749862789120
1061944910075568129
1061949495322259461
1061952611241353216
1061957041277857792
1061964575485108224
1061975413172387841
1061976082583314433
1061978584489836544
1061986685775421440
1061997776706273280
1062000213659934720
1062001068056477696
1062001103276044288
1062001858355568640
1062002321738031108
1062003336012939264
1062006596539215872
1062006659462029313
1062006683809939457
1062007527699816449
1062010818563371008
1062016375571599361
1062020211677843456
1062023294906327040
1062024087592165376
1062028988304908293
1062029046588956684
1062029594780295171
1062029929460588544
1062030179042648064
1062030236055826432
1062031139945107456
1062032449411014658
1062033061758427138
1062033143966785538
1062033700152463360
1062035006661451776
1062035849297125376
1062038141912170496
1062040939504504832
1062041824523632640
1062045934102577152
1062056289847537664
1062056328829394944
1062060236071227392
1062060462731341824
1062072493073141760
1062076158940975105
1062081354593112064
1062087940032086016
1062089711311826947
1062090585820020743
1062093115815735296
1062094474371784705
1062100162246410240
1062100349731794944
1062103974462046208
1062110487381450752
1062114863294504960
1062117704566558722
1062118628944838657
1062121195846451200
1062126175311454208
1062127015854129152
1062129443940913152
1062136819045855234
1062139967441457152
1062140344123449345
1062140403648946176
1062140853702012928
1062153863199780864
1062157545773715456
1062166835326607361
1062167475373199361
1062176961198403584
1062182818132848640
1062191132510085120
1062192543486533638
1062196854396346368
1062197742330503168
1062200257147232256
1062201702999302145
1062202322896461824
1062202435731636224
1062203072867233792
1062208624011952129
1062209797162962944
1062210962705518592
1062211905626955776
1062214111847575552
1062214144974356480
1062216640606208000
1062217932028174336
1062224742747238401
1062226797087969280
1062229561579061248
1062230554349789184
1062231221210624001
1062252263228559360
1062253929633931264
1062268105534013441
1062270013946650625
1062273866003820544
1062281048401178628
1062289272517083144
1062289303961661440
1062292006792118272
1062292136371150849
1062294912580771840
1062301130640654337
1062302095779319808
1062308500460703747
1062310000335437824
1062311232647168001
1062313752635326465
1062319624170160129
1062320068066004992
1062324765153771521
1062326765383602176
1062328509371240448
1062329776785051649
1062330301597147136
1062331399699644416
1062338482620809216
1062339401173401605
1062340817594056705
1062342615969030145
1062344376276475904
1062347981435867138
1062349197389705216
1062358184784842753
1062358223087431680
1062359171411005441
1062370633621757952
1062371243494526976
1062372863745896448
1062373721468493825
1062382453573279744
1062386538426716160
1062396342780145664
1062397206651699206
1062401666840850432
1062402920950497280
1062407648363057153
1062409238398550016
1062410905667936257
1062414324017360897
1062418676425478144
1062423677323493376
1062423934837186560
1062425768578478081
1062427171963068417
1062430587854573568
1062436288324759553
1062451723342512129
1062456593789435905
1062465902191366144
1062467026684280832
1062468055161282562
1062477895111766018
1062486336849014784
1062488483493789696
1062492977694695425
1062495301322375173
1062495939712159749
1062505804874412033
1062505831579693056
1062513227366580224
1062513736987029504
1062519822511194113
1062521074074685440
1062531381987692544
1062533191842418688
1062544091983110144
1062556992278011905
1062563865194573824
1062566787789795331
1062567027733393408
1062567475664089088
1062568056629747712
1062570905770045441
1062571613349076992
1062572844981383170
1062578385044623360
1062581267386916864
1062591387802234880
1062592292542763008
1062593523533471744
1062596019597144064
1062601848815677441
1062603133967319040
1062605935338606593
1062609347807666177
1062613268651499520
1062615761733083136
1062616114075701248
1062621546525745152
1062627260874788864
1062630953925988352
1062637927245758464
1062638001644277760
1062639227215564802
1062644751042719744
1062647846921555968
1062656123109543936
1062659220200439811
1062671262877663232
1062675426064117760
1062677339988021249
1062677694838595586
1062680365796655104
1062683288777572352
1062684347419881472
1062684864586174464
1062684905686159366
1062696511321006082
1062700554206539779
1062701073381638144
1062704895747387394
1062714112717647873
1062714578717564928
1062714854291558400
1062728462690070528
1062732032462086144
1062737724145393664
1062740874482733056
1062749037856780288
1062750049111818240
1062751687390023680
1062764985460383750
1062782687080001536
1062793079315292160
1062793277278224384
1062800957044596739
1062801300583301120
1062802690147672064
1062804396789170176
1062805938200027141
1062806732592672768
1062806839304179712
1062812845790896132
1062816160578625541
1062831853546160129
1062837385010962432
1062837624178724869
1062838868511244288
1062842214735327232
1062847955063971842
1062849229717168129
1062850273247408140
1062851935039078401
1062857939617304581
1062859255798206465
1062859816153088000
1062863086602850304
1062864276342353922
1062866477957726208
1062874515095543808
1062881294319665152
1062891771699445761
1062897278837506048
1062898010521329665
1062902148277522432
1062904675903696896
1062910149457821697
1062925115560808451
1062928050764029952
1062929115253276672
1062935555204354048
1062935623571513344
1062940594656477185
1062949263859056640
1062955896718983169
1062966892506243072
1062972822018899968
1062988553607634944
1063003537741737985
1063005704922021895
1063010914021109761
1063013796594106369
1063018439684644865
1063024345268867072
1063043068306317312
1063044456939569158
1063044512312934400
1063045019395866625
1063049954443153408
1063056806967173125
1063061459385704448
1063061845290991616
1063064218432352256
1063065241402011648
1063068182880100352
1063071392332165122
1063079857305858048
1063087006497026049
1063092534149349376
1063094268099735552
1063102449496526849
1063105459320541184
1063106972218781696
1063111590206148608
1063112038505955329
1063112990369566720
1063116575929233408
1063118484337500166
1063121973008572416
1063122373258371072
1063124675105054720
1063125138584035330
1063127549486592001
1063129232547762176
1063130994230779904
1063132038226763776
1063139879062781953
1063145308169789440
1063149439970361345
1063155646240043013
1063158292451602432
1063158362521718787
1063160690616229888
1063161647920005125
1063161833694158848
1063167870132281344
1063178651599028226
1063179115933532161
1063188170831888384
1063188455813931008
1063192214304477184
1063192606895525888
1063194805130416132
1063196742068432896
1063196947568345091
1063199860520873985
1063205810996695040
1063210363473158144
1063214133309595648
1063224398331695104
1063225203768082432
1063234708488822784
1063235359868362752
1063244649412927489
1063253980023857153
1063254194788941827
1063274119402270721
1063281209453760512
1063293804663459840
1063317820732141568
1063328119807987712
1063356565187698688
1063362049223393285
1063366209146683392
1063366649540161536
1063398068236644352
1063417855293734913
1063418971389517826
1063421708286210049
1063424880757129219
1063432470350024704
1063434420252758019
1063434666898788352
1063435193283956736
1063439359498690560
1063444346912030720
1063449954700673032
1063453544630632448
1063459213228285952
1063466143447437312
1063466997835603968
1063467240714985473
1063467665149358081
1063469048879562752
1063472376632000512
1063501106347630592
1063508509625643008
1063508978234093569
1063510067578847233
1063511462075949056
1063518507370012672
1063520664647360512
1063522148755677186
1063530030276403200
1063533253569720325
1063534304700088321
1063534666236526593
1063534824240148481
1063541945874685952
1063543540100272134
1063550703560519680
1063551463266250752
1063565592110817281
1063571051815284741
1063577741713231873
1063581393731502080
1063585604066111488
1063588226240262144
1063600457677967360
1063605421640798208
1063605967290433536
1063607848024760320
1063609001441722369
1063609986285273088
1063610654857121793
1063612543766163456
1063613597169856512
1063614497687052290
1063615286220337152
1063619023752110081
1063620300481486852
1063625244756176896
1063629593800818688
1063646841068150785
1063654136351203328
1063655896281214976
1063661024656728064
1063662600037298177
1063677158906871808
1063678064469659648
1063690181788778496
1063690803397058560
1063701164582150144
1063705789230067712
1063741567159148544
1063750922566868992
1063750948865007617
1063762841877004288
1063764613496479744
1063771317667803136
1063778091896635392
1063780801001725953
1063789758348959744
1063796824903958528
1063800696238157824
1063805218960433152
1063808265715412993
1063810086890610689
1063819315185479680
1063822418916114435
1063825301296373760
1063829090442964992
1063829555989819392
1063829709501460480
1063830712791588864
1063833101028085760
1063838678173151232
1063839444925583360
1063841100002017281
1063844114834313216
1063845499399270403
1063847673281818624
1063848199138402306
1063848286912622592
1063850866015383553
1063854196951212033
1063855284286681088
1063856434348208132
1063856987991994368
1063861087500754944
1063862850370904067
1063865215123636224
1063869657755672578
1063870970983669760
1063872365585678336
1063886832574836736
1063887106060230656
1063893580803014656
1063895557557678080
1063896103043719174
1063897359845752832
1063910531201822720
1063935876592533504
1063945164001955840
1063946224343093248
1063949797877460992
1063951304047742976
1063959262873845761
1063960001407066112
1063960146911608832
1063965336523943936
1063966016416280576
1063966120196145153
1063967829215432704
1063968243751288832
1063968467144060931
1063968688192319489
1063969101335457792
1063969431838253061
1063969454474895360
1063969568161492992
1063981058876682240
1063984952855924736
1063989275082018817
1063989770022457344
1063995824064016384
1063997682581192705
1064003573464383488
1064020513872318464
1064030734539603968
1064034072769507328
1064038764928884736
1064047518470860801
1064049294976720896
1064049494394892289
1064053968458924032
1064076129483378689
1064080117859663872
1064080312483938304
1064086656431443969
1064087744366940160
1064093484666245120
1064096601034145792
1064102194985791488
1064103023377444864
1064105314289618945
1064108013307469824
1064113191603585024
1064115491772481536
1064125636967571456
1064126900682010624
1064129909147254784
1064132724506718208
1064135449256648709
1064136395340636160
1064137246360723462
1064138270190243840
1064140353098457089
1064141173089075200
1064142935535558656
1064145354386522112
1064145536826163201
1064147102563999744
1064151314492465152
1064152020695830528
1064171453560557573
1064173676927639553
1064175586480988165
1064176544900366336
1064180979516899330
1064183995234177024
1064186979506622472
1064187016802443264
1064190016153427968
1064190793802485765
1064193836753330176
1064195002757197825
1064196458415566848
1064196918329393152
1064202939001008129
1064204366570315781
1064207295125417984
1064208043288682496
1064208630889803777
1064214481549606913
1064220202571722752
1064226239001563137
1064227096732606466
1064229859105406976
1064230039879917569
1064233129823612928
1064235544807378944
1064238051856134144
1064242682720079873
1064249190346383360
1064249950660366337
1064250322825076736
1064250566384254977
1064256110792593410
1064258585843126272
1064258873643679744
1064263736079327233
1064263762092400640
1064264207548469249
1064265366400991232
1064267129686511621
1064267369554554881
1064274272590405634
1064277702683824129
1064278039071121408
1064279298268372992
1064286001194041344
1064292992603881472
1064305949655977985
1064310594453393409
1064319819128934401
1064321001347936258
1064326349077270529
1064329860112244736
1064350025336074240
1064359575942545413
1064364589943537665
1064380952644919298
1064382915126149126
1064382988132261889
1064383495231823873
1064400333676392448
1064404375714418693
1064435544418004992
1064451690441527296
1064464096941301761
1064464757745274880
1064465597885497351
1064477176249094144
1064489651367485440
1064491171785859073
1064493460634431488
1064494827989913602
1064495631614599168
1064501607230894080
1064501921816358912
1064506152229236737
1064514785314856960
1064516897146896384
1064521915652558848
1064523308132171776
1064526252944441344
1064530942629371906
1064532652651352064
1064546128522330112
1064547761784152064
1064552706419904513
1064563452260175872
1064567769293836288
1064571192831549442
1064571829543669762
1064576642062913536
1064577045164974080
1064579922021085184
1064591177414897665
1064593082916749313
1064593184829763587
1064594873255256064
1064604222677753856
1064607906841198595
1064614857645989888
1064615570648256514
1064616043770011648
1064620401672839168
1064621547565002752
1064629624955695106
1064629875779272707
1064634076760428544
1064634545683730433
1064640390035173376
1064644206025564160
1064649216532914176
1064651099779547138
1064651771266650112
1064657881553883136
1064677465187065858
1064686539983196161
1064693360340992000
1064715852262637568
1064716735956361217
1064721973467652097
1064724609985998848
1064724797047914497
1064725828574027776
1064729218691547136
1064732197905727488
1064733321979195392
1064733776649965568
1064734270713929728
1064744869724344327
1064745248918777856
1064749863043137536
1064762396068192257
1064766616355844099
1064804995923697665
1064808490202537984
1064810453128368129
1064816222389321728
1064832591096938496
1064835396226482178
1064836801767137280
1064839491561578497
1064839502060023808
1064843791994159104
1064858191433916416
1064863593273933825
1064869738764034053
1064874248626409474
1064880193913925632
1064881707449491458
1064885176335888384
1064885180211462144
1064887006327525376
1064888381199564801
1064893350178770944
1064898712604860416
1064899753207566337
1064902670362787840
1064906908291735552
1064911028759207936
1064913623791820801
1064918829766184961
1064923671255347200
1064928260658683904
1064929734512074752
1064933587764633600
1064945735383289856
1064950246365634562
1064953181791088640
1064956615827341312
1064957092702769152
1064963811075997696
1064964504469925888
1064964750671437824
1064974827503710209
1064982977011019777
1064983072234500102
1064983634279567360
1064985063274803200
1064989471060492288
1064990963389607938
1064992502288195586
1064993162903592961
1064994040326836228
1065010525187100672
1065015237487878144
1065034722559082496
1065039205867368448
1065040347116511232
1065040691468881920
1065041003948716032
1065041203933167617
1065041677071589376
1065044406359609344
1065047619225952261
1065054192941690880
1065073013194862592
1065083476720836610
1065087088889090049
1065087125371129856
1065098801025667072
1065100058901794817
1065106290408488960
1065111026197159936
1065114451232374784
1065135019394560001
1065135205508366336
1065141251035619330
1065157256642215936
1065158329960415233
1065170849966125056
1065171926996459520
1065172411509817344
1065181970014105600
1065187047952941056
1065189226868862976
1065189513784369152
1065191371009597441
1065193733929414656
1065193845091115008
1065194713853108226
1065197497226735621
1065200724185964544
1065200803152084992
1065208467420401664
1065212672218722304
1065213749701812224
1065228509876903937
1065229115115094016
1065232542704521222
1065234781619728384
1065235217001181189
1065236918231855110
1065240389446070272
1065242685819297792
1065244294339092480
1065244738092179456
1065245038408552449
1065246378207703042
1065246541613535234
1065247392226836481
1065250872517685248
1065254363998941185
1065259327538098179
1065259360279044096
1065261332403036163
1065266432689102848
1065266674985783296
1065266970407383040
1065267129769959424
1065274980252958720
1065278289554624512
1065280679481655296
1065282050184237056
1065286512500072448
1065293735926190080
1065298508566138880
1065300572243443712
1065303905846861826
1065304727942905856
1065307670234595329
1065308534294937601
1065335960823635968
1065336176436015106
1065360594822406145
1065365578494459904
1065366269703139330
1065373387885809664
1065373935624232960
1065374060220166145
1065379181893165057
1065379329109094401
1065380612146688000
1065386972787732480
1065391578162896897
1065399884134658048
1065421104372744192
1065421760353484800
1065422883579555840
1065428724592590848
1065433004045160448
1065465089883602944
1065468723560161281
1065468743252365312
1065471621400412160
1065481564014821376
1065496876567252992
1065532449306931201
1065545703726825472
1065547617570971648
1065552324838354944
1065556546099257344
1065556579133636608
1065561116539940864
1065578185662681089
1065584824390479874
1065587892121026561
1065605033281155072
1065606497646899200
1065609077139693568
1065609561569181697
1065617498865721345
1065618880465227777
1065620510384553985
1065623302096502786
1065628248053301251
1065629437130096640
1065636137946030080
1065643042592514048
1065644154389229568
1065647002875121664
1065647103475621888
1065647670990176257
1065650562589491205
1065650927053545474
1065652144227926021
1065661303090483200
1065682994185293826
1065685433185497088
1065689768867049478
1065696807051649024
1065699263894749185
1065711728103706624
1065727385872388096
1065732124580425728
1065749232307462145
1065756670083694593
1065759895486693377
1065770746167750657
1065772267328565248
1065782477623504897
1065802777627189248
1065806391452020736
1065822719885877248
1065823062069846019
1065833032828035072
1065833472416198661
1065840114499289088
1065842013839519744
1065848859631468544
1065850708354842624
1065856343502917633
1065861129212051456
1065862610212610048
1065874227209936896
1065889746961006592
1065913310975938562
1065968635146059776
1065970117782237184
1065971411326590976
1065972109661196288
1065973195579187200
1065985588074082304
1065998305669206017
1066001302025584640
1066001391360110592
1066011850700140544
1066016815904681984
1066023776356306945
1066024013544206337
1066025046794100737
1066028623281426432
1066040356427481088
1066041870600400896
1066054350777143296
1066057643666608128
1066064543338491904
1066064650276610048
1066068770320453638
1066069368864419840
1066071070925570048
1066071412757143553
1066079376066908165
1066085086976770050
1066093104850071552
1066110547702267905
1066110686546268160
1066111239351410688
1066111686883635200
1066113656528678912
1066116803942932480
1066121767897436160
1066125569589370880
1066130165279936512
1066133221681680384
1066141450491052032
1066144400777125888
1066144521078095872
1066145019428511750
1066161812561903616
1066172254701215744
1066174988129050624
1066177581047791617
1066178498765578241
1066183454369419267
1066187237182853120
1066191149646430209
1066192450719547392
1066192467509301248
1066196564484472832
1066203060614176768
1066220906236821504
1066223305705889793
1066223551047393280
1066226427077558272
1066234791782158339
1066240097153097728
1066257655822499841
1066257783710986241
1066262075301711873
1066262577368506369
1066265806156296192
1066268478754222080
1066270482805202944
1066272175076884480
1066272350935617541
1066276410631831552
1066280200235831296
1066280537395003392
1066282832253919233
1066283567771115520
1066287709218660352
1066296210242322432
1066301278643474434
1066311905332129792
1066317930877603841
1066322437665624064
1066332725202862081
1066343948128567298
1066346382548717568
1066348110979436544
1066351827145408512
1066352464352485378
1066352753230979077
1066352799665971201
1066352918893420544
1066356225686814721
1066358879427207168
1066359592886644736
1066368779687473152
1066369420967047168
1066373901096226816
1066376012798324737
1066376529058385920
1066378632103424001
1066393389342572544
1066394068396240897
1066394462249779202
1066396246552780800
1066402309763198978
1066408301326462977
1066411384576057344
1066412704464691200
1066412849537445889
1066413451965288450
1066417620247855104
1066420066365988865
1066422110665486336
1066425774859800579
1066427113622794240
1066428694879715329
1066433296895221760
1066433486461067264
1066434328677113856
1066438090540093442
1066451013194981376
1066451583192322048
1066469496217657344
1066469998288359424
1066471365644029955
1066482850906570752
1066483969120591872
1066489086154862595
1066496112012521473
1066509140787425290
1066524526761136128
1066541216731471873
1066545160203452417
1066549573034876928
1066550711721222145
1066555282757697536
1066556275972947968
1066561952535597056
1066571359931768832
1066594334256951296
1066594629238181888
1066629823446114304
1066632319115673600
1066632871895539712
1066635413266194432
1066648843410964481
1066649196156067841
1066649610972741632
1066680575837257728
1066680639615918082
1066685923985973248
1066689258453258240
1066691399255564290
1066695924079083520
1066705959790305280
1066715067905961984
1066722974139482112
1066725616370835457
1066727218074796032
1066727775438917634
1066728087243710465
1066730636940058624
1066730934345420800
1066732200639516672
1066736272830545920
1066738601088638977
1066739948324294657
1066750265473318914
1066762887815929857
1066765750394896391
1066769773990735873
1066773180604387330
1066780692200284167
1066786433891917824
1066788584219389954
1066789088798363648
1066792197180268545
1066805535905902592
1066807053816086528
1066809974754426880
1066810302447017985
1066810904614858752
1066812883483455488
1066835452207001601
1066837459168894976
1066846771157090310
1066847052808769537
1066847987308134401
1066852944950296576
1066854100397162501
1066854712996171776
1066856208559161344
1066857293629845510
1066857723105550336
1066857769666600960
1066858703758839808
1066858752412999686
1066867389856387072
1066868632095993856
1066868684512219137
1066891248202629120
1066896378641727488
1066909663701028865
1066913431020695552
1066913867211644929
1066940063164977152
1066947102889123842
1066948481560899584
1066949150548254721
1066949254994976768
1066949935302500353
1066950715845824514
1066950985141182465
1066951306441482240
1066953022318747648
1066974151125229569
1066989064371474432
1066994714119950336
1066998952896000000
1067006006033436672
1067007966874910720
1067016863832596480
1067017436350828544
1067023104529113088
1067025777122635776
1067028200998518784
1067044057577336832
1067050828857528320
1067052501545992192
1067052644584218625
1067058007702495232
1067058622553890816
1067061105330143233
1067065779881938944
1067066800775602176
1067071607875780608
1067072388423143425
1067076690952810498
1067086650315087872
1067100753662103552
1067106672252993538
1067106707631980546
1067109815032430592
1067112384039436288
1067117340469407750
1067119313029611520
1067124171593973768
1067124753473843200
1067125487053328385
1067129444786208768
1067142101861842944
1067144140398432257
1067146133116342273
1067180735671394304
1067180791896133632
1067200221178986496
1067200797463769089
1067206172887957504
1067206365821718529
1067207114295148544
1067207401810657280
1067210738786197504
1067228839334559748
1067230262046728193
1067231548825640960
1067237808010612737
1067250528898478080
1067255255484772352
1067257829529018368
1067261477290196992
1067265391414714368
1067270040867627008
1067270472386121729
1067272983113289730
1067274047635939328
1067274356739514368
1067286851151716352
1067289574093799425
1067296173847908352
1067308074501881856
1067308154457915392
1067315297336602624
1067315742385860608
1067330971458916352
1067331072961191936
1067352516323655681
1067357814572662785
1067379358208282625
1067381656707842049
1067397119852650496
1067399305907056640
1067401210523717633
1067405796990963712
1067405901861199872
1067412714249699330
1067421334823677953
1067429654632361986
1067433036512354305
1067435695248044037
1067439661390405632
1067457443565920257
1067461545200926720
1067469212791169024
1067470475289288704
1067476318378442753
1067487935312904193
1067489363464876032
1067493962745823232
1067496300038389761
1067497948823658496
1067511415437701120
1067514076727783425
1067522923370610688
1067526808533233664
1067538028736983040
1067545446372003842
1067547399198044160
1067568604781064193
1067572950071681025
1067581007350693888
1067582069356797952
1067585073371856897
1067588312163065857
1067594294742069248
1067598471501410306
1067598547917463553
1067606460056518656
1067616159791407104
1067624014057807872
1067624557220151297
1067626858634711040
1067629470863962112
1067646783256432640
1067648859461976064
1067651906590466048
1067670856481103872
1067680098210459648
1067684154915975168
1067690085678809088
1067692029734514688
1067692378293657600
1067695233343741954
1067697210115145728
1067712526811652096
1067713478167715840
1067729916454678529
1067731553495728128
1067736591299420160
1067738149881827328
1067739737027268609
1067749768934408192
1067756323821867010
1067757078763249664
1067764058521288704
1067765123878739968
1067774485997203456
1067776463582093312
1067783183696084993
1067787331028086784
1067797466844708869
1067798575537623041
1067801597948895233
1067801684800405505
1067802678422659072
1067806903332421634
1067808428364427265
1067830927898890240
1067837247041486848
1067837895485153280
1067838457500917761
1067838659414695937
1067838709989601286
1067840312234647554
1067842931137175555
1067843648379908096
1067851843492110336
1067854467570327554
1067860538397548545
1067872776541937667
1067875016308609025
1067876169759039488
1067877405791043584
1067877519041462272
1067892775855824896
1067899399882321927
1067901736529080321
1067921445144145920
1067927605771423745
1067927681243770880
1067932729080205312
1067933275614781440
1067933671989133312
1067936506491387905
1067937615481991169
1067959396544729088
1067960293966471168
1067963575698931712
1067965656052654080
1067967314476322818
1067968134064340993
1067970315941265409
1067988629958598656
1067991599924297730
1068007305063612416
1068011542917074944
1068012054299127808
1068017735068606465
1068021945298546688
1068035645174513665
1068078187970813953
1068096361906692096
1068100844338511873
1068110194293522433
1068121006626299909
1068129703343661056
1068131343245152261
1068133790600609792
1068134574507606018
1068150035366518787
1068154308309467137
1068157879344074753
1068159905184526336
1068162573168562176
1068164600309395456
1068167081651249152
1068167435231133696
1068168602929512448
1068169716097798144
1068171604763582464
1068173837395795968
1068174754287357952
1068176683243630592
1068182713386000385
1068183435238346753
1068183661709836289
1068185872116285441
1068189636521009153
1068193336303878144
1068194598776901632
1068194737201586178
1068195383908519936
1068198913453240326
1068199908778364929
1068201870894747648
1068202174545571840
1068203287290277888
1068203918105223169
1068204254513500160
1068206181368385537
1068206489234370560
1068206988763512832
1068211776146350080
1068212259317526528
1068216877665669121
1068217498003214337
1068220308618952704
1068224903491592192
1068225131208687616
1068227882458198016
1068229058352287744
1068230550786359298
1068237361392361472
1068239429196763136
1068242595451678721
1068247332926439424
1068248102593851392
1068248448464535552
1068249332351213569
1068252700377300992
1068253196143996929
1068258756524294144
1068264374391971841
1068266787798695936
1068267006334521345
1068271447649525762
1068280832413057024
1068282709812883456
1068296709980282881
1068310763826307072
1068312988074078209
1068316183676551168
1068317378667270144
1068322852204617729
1068323457631309824
1068330946380877824
1068333303583920128
1068344445043699713
1068345585365770240
1068347409250557952
1068348257137582081
1068350196558569472
1068354489835552769
1068354635814002689
1068356151216005120
1068358053760851970
1068367203647569920
1068374861582602240
1068377681014767616
1068377977136865280
1068395339856662528
1068409795961651201
1068434723532230657
1068436049360297984
1068448014459580416
1068449853208846336
1068457682741280769
1068459455648579585
1068487333962498048
1068487816764628993
1068488210957955073
1068489530070761473
1068498770139246592
1068503655236726785
1068507943098884096
1068510758705786880
1068514761355087873
1068520533963100160
1068524874665144320
1068528928455835648
1068529798769602562
1068535767268438017
1068548061432111104
1068549041796063232
1068549249430953984
1068550766506463233
1068551692621369345
1068553006701047808
1068553007120490496
1068557968541503488
1068558233625858051
1068576929723359232
1068582360919228420
1068590461219069952
1068596587599806464
1068623233153417221
1068625260273168384
1068625907470893057
1068631911612932096
1068632295316357120
1068634839249752065
1068644593913290752
1068648818835628032
