992698407734169601
992921887381622784
994917459177168896
995032003572633601
995065439293198336
995411745761001472
995502813751918593
995504081702600706
995506204016193536
995506859581698048
995507230295212032
995507617928699904
995508304099999745
995508513823539200
995508576327163904
995509007086374912
995509107296649216
995509662966398976
995509764149858305
995511452365570048
995512041245884417
995513236165308416
995513262186754048
995513616177627136
995514736891518976
995516734252580864
995517424718970880
995517759315296256
995518176673894402
995519665219620865
995522896519876609
995523033233178624
995524956728389633
995525646699802624
995525709203361793
995526490614779904
995527908289462272
995529846875815937
995529975238291456
995532082859466752
995533274893111296
995533735834537984
995533889782370304
995534185883320320
995534589799030784
995535637120872448
995536345131974656
995537420945797120
995537729231376385
995539187175776256
995539724893765632
995542191131975680
995543048036732929
995543199841071104
995543353822515201
995543549243375616
995544461013733376
995544539111735296
995545553705418752
995549810097733632
995550486211084293
995550612476571648
995553597571018753
995555216572334080
995555227045580800
995558794598871040
995561623354945537
995565310827810816
995565403261816832
995565631864008704
995565693943693312
995565968234614784
995568431964475392
995571010198884357
995571227044429827
995572487877484544
995576667056689153
995581630180769792
995586949820936193
995589135489470464
995589865684123648
995592226100121600
995594922559406080
995595217611845633
995596072381755393
995596396668436480
995597368052477952
995597481500119040
995600622299860992
995602912070877184
995603563467427840
995608444773089280
995610475252469760
995627148877549569
995635694776205312
995637560805285888
995640832790183936
995659594323161089
995690190113984512
995690639315451904
995692429008297984
995698783815118850
995809590204944384
995856302944403456
995858754544418817
995864220578209792
995878120077971456
995879785636270081
995879849402290176
995880527621181440
995928474253574144
995956704406884352
995957637370990592
995984357176131584
996013728213684224
996028140282621953
996032485560586246
996046515914199041
996094142655713280
996104131562688514
996152280352247808
996162788325195776
996252971729145856
996420523688120321
996702380912766976
998931289850961920
1000423999862603776
1000881572009177088
1001553554182672385
1001555186031190016
1001556704390144000
1001561162490810369
1001564103146659840
1001572481688272897
1001572855375646720
1001578020677677056
1001579958437863425
1001585338056368129
1001585541492637702
1001589035754840064
1001590240354717696
1001590322156195841
1001590344369295360
1001594265200484353
1001596689499672576
1001603699444273152
1001609534165700608
1001623193310912512
1001655650114588673
1001919762492948480
1002033995217956864
1002106124659806209
