1112513047258644481
1112514662870982656
1112515570920886272
1112516340575809538
1112518500206215168
1112524630357692416
1112526835131113477
1112528610160791552
1112532382970793984
1112536563311886336
1112538365298135040
1112541923875577856
1112542028229943296
1112543919399673856
1112551330730643457
1112553084343836673
1112556105496973313
1112556793417396225
1112557708023091200
1112557837333549056
1112559631266660352
1112561111419768837
1112561364739018752
1112563707257643008
1112564011768471554
1112565326280122368
1112568094927527938
1112572265764401154
1112573787755692034
1112575769660796929
1112578147000692736
1112579396337049601
1112580260527329280
1112590570537607169
1112599202834587650
1112600994796441600
1112601972732059648
1112609985958199296
1112611264386101254
1112615335398649857
1112627172110462976
1112627666652401664
1112631792564002816
1112632229186977793
1112632923759562752
1112641067839565824
1112641174433603585
1112645703069847553
1112646187004452864
1112646354784919553
1112646848777457664
1112647202449563648
1112647428535050241
1112651474352275458
1112655333082742784
1112659808421851139
1112664802596401152
1112665521063948289
1112670779488067584
1112670960224796673
1112671143129944064
1112673026347319296
1112673116478754816
1112676619632721920
1112677053734797312
1112677211612606465
1112677933703987206
1112680097109209088
1112684264561086467
1112686280339582976
1112687179615162368
1112689116972531712
1112692838972698630
1112694178658615297
1112697098313572357
1112697354166194176
1112699579651248128
1112701440647184385
1112701955741282304
1112703242138501121
1112703513509924864
1112706394124357632
1112711171507978241
1112711681048788993
1112716934858989568
1112717396656025600
1112720119166197760
1112720236187389952
1112721748636692480
1112722880490553344
1112724208189145089
1112724232922902528
1112726606475395080
1112726863170949121
1112726907643154432
1112731109052346368
1112731485709238272
1112731497457422336
1112734947687706624
1112735233340784641
1112735992073650176
1112736611572346880
1112736798633914369
1112736872898289664
1112740953947807745
1112742141774553088
1112742498303016961
1112746101214318593
1112748145073684480
1112748221846245376
1112750472065138689
1112752679556694016
1112755168024686598
1112759263624159232
1112765921360297984
1112766990513508352
1112768240005140480
1112771246473641984
1112772006913572864
1112773607313362944
1112776708296409089
1112784780213383168
1112786449974194177
1112787922170859527
1112790788583383048
1112792486009823237
1112796451115954176
1112798571949023232
1112799357785554944
1112799778654568449
1112800179621711872
1112800495133966337
1112802358554251264
1112802802718322689
1112805327068692480
1112807405576806400
1112810330239823872
1112812909342679041
1112817635903901696
1112820823990001664
1112822845615341568
1112824449605222401
1112829151348756480
1112829342592196608
1112832201459204097
1112832389762301952
1112832857016332288
1112834580027990016
1112845449583620097
1112845810277015553
1112850096461295616
1112862679360724992
1112865040753885184
1112871614482268164
1112875207306272769
1112876811665489921
1112876812080746497
1112895814354046976
1112899487423500293
1112902410761068544
1112903554128334848
1112906182274904065
1112906459287838722
1112906678427639808
1112909433280102401
1112917027881209856
1112921166832820225
1112923626800603136
1112925138427826176
1112928581603266562
1112928636498137089
1112928751791161344
1112928775736442880
1112931808998436865
1112934815534219266
1112935900571492352
1112936406220005377
1112937095943852032
1112938926778482688
1112939175089561601
1112941363262259200
1112949021432311810
1112949671998251008
1112949900742885376
1112950273620750336
1112953523786969088
1112953667215413249
1112953807334510593
1112964090933043200
1112966315172519937
1112966618408202240
1112969784696680448
1112970821528584192
1112981597509349376
1112981976275976193
1112995045752401920
1112996176096366592
1112996582511718400
1113008990085156865
1113028109006200832
1113034468682596352
1113035874768482304
1113036736676982785
1113037633842745344
1113039463830183937
1113050625699442689
1113057418395627522
1113060604388900866
1113065161059782656
1113065625381933056
1113065879560912896
1113069243216486400
1113070603190272002
1113073604214841344
1113078778308280322
1113082296909946880
1113097082729123841
1113101432155267074
1113105945645608960
1113110860807987200
1113112718196670464
1113112974884069378
1113114637371879425
1113115623587045376
1113124185839190016
1113124367871901698
1113129521836945409
1113129589751115776
1113135496585269250
1113135800680677377
1113138193526865920
1113138610440732684
1113138839030259717
1113151322130460674
1113156369979506688
1113165038750240768
1113167967968124928
1113181206961545216
1113184249950154752
1113185261754691585
1113185856754409472
1113185987641970688
1113186899471097857
1113186995109531654
1113192216615321600
1113193053903380480
1113194864626294784
1113195434036604928
1113195574566838280
1113196166391435265
1113197812223705098
1113197940141547521
1113198362491183104
1113198592355962880
1113198926650167296
1113201142500970497
1113201380326559744
1113204045794115584
1113204530248810501
1113208060586143747
1113209149842653185
1113210056244330496
1113211104807636992
1113211744434970630
1113211804396806144
1113212014535405568
1113213775300009985
1113215038234533888
1113217060727873536
1113217308191789057
1113222351011950593
1113223868477472768
1113228308165140481
1113230577979625472
1113231647254568960
1113231806197846016
1113232219756290048
1113235347033473024
1113235876350496771
1113237924844273672
1113240546737258496
1113240595298910208
1113242012201967616
1113242251277287425
1113249209212211200
1113251609205776384
1113253545292193792
1113254032246681602
1113255378211332102
1113256369732198401
1113256786239168513
1113258536522244096
1113264619936735232
1113264867400716288
1113268014365970433
1113276700349964288
1113279818844520448
1113284343214927872
1113285778946314240
1113289707721457664
1113290042443816961
1113290309625163776
1113291534370312192
1113291885424967680
1113293833561792516
1113294473289564160
1113295303375937536
1113297366109577217
1113306748792627206
1113306926404784128
1113308224768417793
1113308278858100736
1113310743007440896
1113311441694601217
1113314693215551488
1113314933108826113
1113315367236001793
1113316071027748866
1113319377405972481
1113331209940152320
1113352589586964481
1113353984625000453
1113357618905587713
1113357698647642113
1113364928814096384
1113366172420968448
1113374414899417090
1113387774336491520
1113390060668375040
1113392776660639744
1113395823008722948
1113401321942659073
1113402695581360134
1113410766689001473
1113410796111921152
1113413141893918720
1113414601536937984
1113417574363090945
1113421404681248768
1113422184846843904
1113422749404467202
1113424545812230144
1113428454056374272
1113429979952504832
1113431124146040832
1113440926020644865
1113441997027672064
1113448223904026624
1113448571213426688
1113449306021945346
1113453079645569030
1113453860637552640
1113453895886311424
1113455040054874112
1113458876584562688
1113459843799580677
1113460332863713280
1113461029625683968
1113461080695742464
1113462452258099201
1113465140366716928
1113466564353724416
1113466586218811398
1113469186313936897
1113469412194045952
1113469554057981952
1113471335374774273
1113472488254709766
1113476737202040832
1113479521733414915
1113479674888368128
1113481135777038336
1113482409998278657
1113482686004453376
1113489597638508545
1113495997886242816
1113501207606198277
1113505746703065090
1113510182170968064
1113512605635596288
1113514428492845056
1113522335569592326
1113522359909068800
1113523344182214656
1113544976011542531
1113546473378074624
1113546823187279874
1113547453574389761
1113548121311719425
1113549462255878147
1113550969487360002
1113552184359235584
1113553594521767936
1113556130754469888
1113556871082696704
1113557280090275840
1113565725237612545
1113566498084143104
1113568594149957632
1113569238189363201
1113569533657276423
1113575548318625792
1113579584497299461
1113581758400823301
1113583525016551426
1113593209257697281
1113599641642242048
1113604798106890240
1113607511012036608
1113614130861301762
1113614486332690433
1113621207482548224
1113626548534272000
1113633174469402624
1113634916984446976
1113637164741480448
1113646088936939520
1113652863698386945
1113652955037732864
1113656413627092992
1113656480756985856
1113657799454670848
1113664270753878017
1113665131932606465
1113678327871606784
1113679422354264065
1113684164014956544
1113687911172591616
1113697831959912448
1113701734222827521
1113701960442630144
1113702105141796869
1113709463624671232
1113725040854544385
1113728047209943040
1113743923166502912
1113744467608125441
1113746454873542656
1113746667113725952
1113749893137534976
1113751337022439424
1113753343606820864
1113758555293794305
1113759533527126021
1113768424612741121
1113772488905908224
1113773797965029376
1113775507965906944
1113775795284004864
1113776173186801665
1113785490849837067
1113786833408802817
1113788237997400064
1113790643514380288
1113792270732603392
1113794343754719232
1113794562286411777
1113794644079300608
1113795352891723776
1113796542811402241
1113799017442336768
1113801235847680000
1113801781019119617
1113801808768462848
1113806795523411968
1113806841107091456
1113807583263879168
1113814174004649986
1113814697881538562
1113816037127065601
1113816314018258944
1113820987521417216
1113821960709054464
1113825389133037569
1113828413259825153
1113828551495770117
1113829757509148673
1113833057994330113
1113843354624757767
1113844989119934464
1113847099697664001
1113847623981703174
1113851393822142465
1113853426377555971
1113853961960865793
1113857437415694336
1113857848033849345
1113858777080455168
1113864643221520385
1113868203766288384
1113868564493152259
1113868571589976064
1113868617333055488
1113869625203273734
1113871463172460544
1113871795327782913
1113872400473440256
1113876806267035650
1113878405764792321
1113881629313904641
1113883963456724992
1113888653531545601
1113889527586787328
1113894458850971650
1113898107056447488
1113900389307428867
1113904063790190592
1113912376510828550
1113924001422770184
1113925218215575553
1113926437889826818
1113927131657117698
1113935940089720835
1113936858633986053
1113937450064318464
1113951725768069121
1113954176101429248
1113958788975996929
1113960272086097921
1113962305895698434
1113963572579721216
1113965369008513024
1113968432947580928
1113975088057999360
1113989559640043527
1113989909025411072
1113990651622895616
1113999045494702080
1114002798222266369
1114007447528714241
1114012039016529927
1114016271505526784
1114018333844803586
1114019022545334273
1114027190075756544
1114031028744515584
1114036958483951617
1114046620654612481
1114047856724402176
1114048959951953921
1114049977368612864
1114052744757772288
1114084856617689088
1114086872144326657
1114089925979398144
1114090065247051776
1114091663901822978
1114113259689381888
1114113597389430784
1114120499120889857
1114121441975214080
1114123662901305344
1114134419172810752
1114135272734777344
1114137207118413824
1114141479457513472
1114142297766146048
1114142876148084736
1114143212522885120
1114143697376030721
1114143742712139777
1114150286497419264
1114150313923977216
1114151851560247296
1114165901182623749
1114169543910481922
1114171672985313280
1114173950920220673
1114175565722816512
1114175740730327042
1114176404596326400
1114183694573608961
1114184395156533250
1114188059287773184
1114190708393381888
1114195125020823552
1114198688027566085
1114209492198199297
1114209817239810048
1114209981920944129
1114210336066945024
1114219610486845440
1114219853659947008
1114219882323697664
1114220825211572224
1114221586461220865
1114223202509651969
1114223406222905345
1114225955260850176
1114226626315862017
1114227596328226816
1114227787735490560
1114228127901859840
1114228882041737216
1114229146282942464
1114230549688795136
1114234214671618049
1114235167491665920
1114235232612376576
1114239885571915776
1114240487681081345
1114241211605442560
1114242164563689472
1114243558322638848
1114251105976967168
1114256176043122693
1114256603019206656
1114264952628436992
1114280941940297728
1114284916781518850
1114286780641988614
1114295071074136064
1114295872840323072
1114300235537440768
1114308350269898752
1114312995440664576
1114314715512094720
1114326312804651015
1114327770715303941
1114329365901393920
1114329937480122369
1114331533857435648
1114340657705947137
1114349678416494592
1114350297910878211
1114356692119162881
1114361580156850177
1114361750877552642
1114365646140317696
1114370517824360448
1114371935465611264
1114372593576894464
1114377411997642752
1114380756929982464
1114383670716944384
1114388458112528384
1114389925699436544
1114397656200220672
1114403846590218240
1114405850607771648
1114406823736610816
1114406887888510976
1114413663006461952
1114415865783640064
1114422900755505152
1114423002811260928
1114423269585825792
1114429800079405056
1114435322337792000
1114438696625897472
1114442618740592641
1114448978127384576
1114453378778714112
1114455549054210048
1114455764956012544
1114466209066639361
1114466298510106624
1114472615538720768
1114476790737723393
1114477181047050240
1114478191475929088
1114487443661524992
1114488020797988864
1114491799458988034
1114498656311230465
1114499337474773002
1114500542913495045
1114502234048552960
1114504081651970049
1114506300858060801
1114506640877850625
1114510599659110400
1114510889418465280
1114512756735082496
1114515550137241600
1114528689604169730
1114533023612047360
1114547489321959424
1114551333405822976
1114559830218301441
1114561790669672449
1114562150528442368
1114563080820744192
1114588105393287168
1114590439410032641
1114593830525984769
1114596781193551872
1114600806978691073
1114600875270574083
1114605041053253635
1114605752407273474
1114608084297682944
1114615457204465664
1114617195307446273
1114617736380837888
1114619012284145664
1114623177928392709
1114627377420570624
1114632312434479104
1114637137972883457
1114642481495334912
1114643581262802944
1114646213595488257
1114647205149732864
1114649773729112064
1114653354485923841
1114654147926745089
1114655972063162368
1114656972836614145
1114658434144722944
1114668270680858625
1114668442173370369
1114668479913705472
1114668655634046976
1114671368086466561
1114673615042170881
1114676962117681152
1114676993495379968
1114677736318980096
1114682492781461505
1114684984495886338
1114696910089195522
1114698359267192832
1114700113765597189
1114709950255771648
1114713305703018496
1114714748094836736
1114723839257214977
1114726824335020032
1114728857762844672
1114731036280348673
1114731087840927744
1114736397011779584
1114738151493459969
1114740086325821441
1114743065392996353
1114754940860272640
1114758370970492929
1114760259682226176
1114778397924712449
1114800136176263168
1114812559717044225
1114813879215898624
1114823467415887873
1114825906697187329
1114835343176421376
1114840032827846657
1114844638999916549
1114850450195587072
1114850578885238785
1114852182870745088
1114863019127914496
1114865688949211137
1114870589213294592
1114875067404410880
1114875675989676032
1114876076545708032
1114876916257914880
1114877031202926597
1114883516431577094
1114883589416660993
1114894011834224645
1114899786967085057
1114905686243184640
1114909441810489346
1114913071565279233
1114915585496879104
1114917488804999168
1114918566531198982
1114919256938962944
1114923764117061632
1114926887065796611
1114930261509074944
1114931543628288000
1114931915730161664
1114932610306924544
1114933361930317826
1114938237557116930
1114939434464698370
1114941870524776449
1114948155265757192
1114951478391844864
1114959145160126464
1114961409505472514
1114962259430772738
1114964232020348929
1114964753263284224
1114973066491310081
1114974800391204864
1114977158856826880
1114984338419015680
1114984441439375360
1114987475724689409
1114987748656545797
1114990806300073986
1114992265016029184
1114995292082819072
1114997277960155137
1114997989897056257
1115003155589156864
1115004455672369152
1115004614783320064
1115010052287385600
1115012195568328704
1115017451027222529
1115017822650994688
1115018999895486464
1115023414488698880
1115026737644101632
1115027724131868672
1115034677436268544
1115036595512578050
1115038132737462272
1115038347037159425
1115039401908801538
1115040521360158720
1115049500966416384
1115056103216250880
1115056271403769857
1115058582884503553
1115059198176448518
1115060406169554944
1115061152726126593
1115070708638539776
1115074036818747398
1115074103512375298
1115075496860180480
1115075852926996480
1115076122629292037
1115078026017103872
1115078896322400258
1115084346388402183
1115088313382080512
1115090391215243270
1115090697848336386
1115099882119778304
1115112901218463744
1115117788849483777
1115120419948908545
1115120859906285568
1115122327518359553
1115123558802427905
1115126301671735296
1115133214652293121
1115133704555442176
1115134292164775936
1115142511109050371
1115142632110546944
1115144083360509952
1115146823902158849
1115155419322834949
1115163153883643904
1115165876129554432
1115183877406982144
1115192777971773440
1115192865444040704
1115199805523775488
1115200284517720067
1115200292985774080
1115203131175055361
1115205859175538688
1115206037924143104
1115206411980378113
1115206612472541185
1115209133643456517
1115215712832958464
1115217035212906496
1115226131496484865
1115228085631299584
1115228345665507329
1115229260044615681
1115238018569449473
1115242266963136513
1115247965789138949
1115250206818361345
1115254955575775232
1115256838419898369
1115260023976992769
1115260786941800449
1115264079449546754
1115270681132969985
1115272199642996737
1115273901267931142
1115275652398292997
1115276689200672769
1115276814216200192
1115278314502074369
1115279028393578498
1115281112547450881
1115281207724466176
1115282526027821056
1115283425554882560
1115284121935405056
1115285551765049344
1115293075084017675
1115293124270620672
1115293164456292352
1115293813319270401
1115297867500019712
1115303125899010049
1115304290241794049
1115314016333619201
1115317936435204096
1115323684389044228
1115324224103522304
1115324439279722503
1115336482389090306
1115338285910568960
1115339922943160320
1115344179134177286
1115344313552998401
1115351664498757632
1115352600252178435
1115352851067232256
1115356719884980224
1115360270807736321
1115380336358297600
1115380739816685568
1115383496489492482
1115383842775474181
1115387938509029377
1115389596328693760
1115391210917703680
1115395589762686977
1115397306436739073
1115400271029514242
1115403454506205184
1115404477933158401
1115404836541947904
1115407316629766144
1115410887228174337
1115415053015179264
1115415088683347968
1115416187566002176
1115416340829880320
1115416455179321346
1115417335983112192
1115427658563592192
1115428771304226818
1115431748878393344
1115440757366616064
1115442033718513664
1115449792740626432
1115456894125182976
1115460444477710336
1115463958595624961
1115466460099424256
1115466467636588550
1115467442803707904
1115468641129177089
1115469325626773505
1115496272364888064
1115499744418078721
1115502141026783232
1115503916236464130
1115513255110299648
1115516206189031424
1115519678489726977
1115525658069872640
1115528495495405568
1115537605968441344
1115556408626491392
1115563271753555974
1115568478554132481
1115572214403936256
1115574664733044737
1115579353142833152
1115580241462865920
1115580368587902981
1115583250490187776
1115583385953538049
1115584439160066048
1115597260270624773
1115601482710040578
1115601674784010241
1115603983337316354
1115618956990144514
1115622946205257728
1115625638944284673
1115628544753848326
1115632805743136769
1115639634099224576
1115648311157858304
1115648449666400257
1115649033102434304
1115650491038470145
1115650519970615296
1115650750661656576
1115650940307034112
1115651144532090882
1115651203646480385
1115651507301404672
1115651560187383808
1115651873883729920
1115651998043578368
1115652895620263937
1115653891381579776
1115654315820093441
1115654355233824768
1115655000355512320
1115655261220290561
1115655275904524289
1115655737668251648
1115657473703186434
1115657714892455937
1115657771918274560
1115658407791325184
1115658888471121921
1115661055080972288
1115662516535869440
1115663886798151680
1115665064139284480
1115674714817437696
1115677021269561344
1115677290124455936
1115682753633181696
1115685507604865024
1115689952736448512
1115692090908766208
1115693962893844480
1115695798006816771
1115696569658089473
1115700696873988096
1115701071006113792
1115701628408090624
1115702206374789122
1115703259153330176
1115704287420612608
1115709265417768965
1115711668393263104
1115713556157222913
1115718247922507777
1115724272184504322
1115728979615313921
1115729784796012546
1115731980065226753
1115736850910601216
1115737003587510272
1115737852539756545
1115741153876484096
1115741833336897536
1115748502284394497
1115752161281839104
1115752203350712320
1115752211290529792
1115753419258695682
1115754462793039872
1115757195818405888
1115757838398304257
1115759481722302464
1115760161203703808
1115765644820197376
1115770267358208000
1115770308034691072
1115771828041949184
1115772095672213504
1115773374511239168
1115774314609963008
1115774791334678529
1115774842941259777
1115795100158889984
1115795700380516352
1115807254849044480
1115813571466862592
1115815124189585408
1115817283006472200
1115820728186736640
1115826576317460481
1115826743242297344
1115827287247728642
1115827409708777472
1115831526028128257
1115834714533896197
1115835937139904512
1115837763759243264
1115842096454348800
1115848986076880897
1115849439061651457
1115855625240621059
1115859794764677120
1115860518756126720
1115863962757795841
1115867296273260548
1115869057889312769
1115869397229420545
1115870218046320641
1115875673564962816
1115875674831630337
1115876612682276870
1115884950530809856
1115889583164674048
1115898629842264064
1115909276348878849
1115910401559080960
1115912840139935746
1115918512499900416
1115921093691367424
1115921411636453376
1115922732804448256
1115933205478219776
1115934749493739520
1115938673680371712
1115939986929483777
1115945472676388866
1115948595327508481
1115969631867555841
1115969868002680832
1115970523127844869
1115971372910567425
1115974337394298881
1115975139508854784
1115975216155381762
1115976486270525442
1115976501273427968
1115976928278630400
1115977939508768769
1115978317834776576
1115978400458518529
1115979830292549632
1115985049751437312
1115987846567829506
1115989261201887233
1115989636218793984
1115989727193255942
1115989780892979203
1115990195671838720
1115990297178202112
1115990991767519233
1115992362050883586
1115992550807154690
1115992821029273600
1115992933319233536
1115993125011329024
1115993827968475136
1115995929302188037
1115996292549947393
1115998021022621697
1115999001646514176
1115999133335265281
1116000591262576640
1116003451291492353
1116003924886994944
1116008116267769856
1116011494804733954
1116014946280775685
1116017316066734085
1116019932033110016
1116022964108107776
1116023068143624197
1116023814285082624
1116027061573832704
1116027158839693312
1116027955766075393
1116028572055920640
1116032215471648768
1116039488004747264
1116045529052516353
1116045597847560195
1116045711479644161
1116051306056171520
1116052480259964928
1116052495778889731
1116052754152284161
1116052757922942978
1116058263378898945
1116061262725754880
1116062809572425730
1116063946245435394
1116063994878550016
1116067372153044992
1116072565112487937
1116075940683997184
1116079989160431618
1116080930630688768
1116083957269979139
1116092905402191872
1116099356216766465
1116101624500559874
1116107147715186688
1116107577073512448
1116108415929970688
1116109521552850944
1116111181234806784
1116113197449326593
1116114846200860674
1116119874357612544
1116121351595732992
1116122703394672641
1116128962424471553
1116132380069249024
1116143467309223940
1116166138780581888
1116168566439469056
1116168618432090112
1116168886901075969
1116171066668396544
1116171805297971200
1116173003602169857
1116175640112320513
1116184076879388672
1116184603344220161
1116184616363274241
1116190111736061952
1116207997724889088
1116209863552643072
1116212359163469824
1116216129276514305
1116216837015052288
1116226974203224064
1116227156659642369
1116229403690901506
1116232964960964608
1116234041634754561
1116249815988494336
1116251966814818304
1116253684797792256
1116256659167485952
1116260828968366080
1116264665926045698
1116266082329923584
1116270009062428672
1116274545583960064
1116279356886802434
1116280781704269826
1116294824200527872
1116298777890033665
1116301524181946370
1116301847168372736
1116303917476982784
1116306982242324480
1116307130708037632
1116308711977488387
1116309588746199040
1116309830606606336
1116310623334412289
1116310763843543040
1116312360594092032
1116316013409243136
1116316449222451200
1116320867087265794
1116323570718838784
1116324158936440832
1116325271093882881
1116327789345431552
1116328365244416000
1116329230898536448
1116329766326607873
1116330791196401664
1116333163515719681
1116339165568872449
1116340473327771648
1116352656216338433
1116352962287239170
1116362514009165824
1116362784755732480
1116365750745198592
1116369267249696769
1116369610754932736
1116370925350477824
1116372950276562947
1116375448836104194
1116376926464167936
1116380440435281925
1116381314129620992
1116381617285738499
1116381780100177920
1116383912744378369
1116385256356089858
1116387566587084805
1116393639490441216
1116401418259304449
1116405448989478912
1116409834541330438
1116414626558660608
1116419409931841536
1116429960904835074
1116438887671521280
1116439090654740480
1116440863167655951
1116445205132206081
1116446559862788096
1116450261344538625
1116452267501264897
1116456592646393856
1116467470980669440
1116468471330746369
1116468706257833984
1116469784160473088
1116476005986729985
1116476832612798464
1116477421992255492
1116480274097770496
1116481618787459078
1116481977153200128
1116483514009030656
1116483520501694464
1116486477981147138
1116487344020963333
1116488823364407297
1116489875690262529
1116490271221583873
1116490609290874880
1116492150282358786
1116493031908237313
1116494519229349890
1116497546254389249
1116499553664942080
1116499559117619200
1116499740361883649
1116501712854900736
1116502127273287680
1116502200619077632
1116503669107769349
1116503874406318082
1116506761559670784
1116516427748511744
1116519771917492225
1116520117049884672
1116520682454769664
1116535643528499200
1116536538190340096
1116539123324596226
1116539363460960256
1116544223409528838
1116552780221681664
1116554220943986688
1116555270363025410
1116557283620573185
1116560942752342018
1116565687328133121
1116581256588718081
1116582887766147073
1116585247057924101
1116586189497098240
1116590649304731648
1116604299696431109
1116607127903064064
1116617504195956738
1116619928054853632
1116623763330621440
1116624134140616706
1116633473207369729
1116634815015428096
1116640622767689729
1116642760617013248
1116645336762679297
1116648575189114883
1116657259981963264
1116658418767540226
1116660966819803138
1116665300391550976
1116667726385352704
1116668857152933888
1116669215333847041
1116670695512190976
1116673805567455232
1116674468288581632
1116675912051908608
1116676939132043271
1116676967150047232
1116678917585289216
1116681214562394112
1116686291998003200
1116686750519308288
1116691544126283776
1116692050391384064
1116695480069550080
1116696963603419136
1116703198998351882
1116703436261732354
1116703941646016512
1116708661919830016
1116710176919379968
1116710424815206401
1116710621494562816
1116710903372832769
1116711396194930688
1116712170882920449
1116712250172112897
1116720379140009985
1116724199727538176
1116733759389356033
1116733901559431168
1116735566333263873
1116736449611743233
1116738034538438656
1116738159641890824
1116741076511944704
1116742799788003328
1116749418810703872
1116752239065010177
1116752634998919168
1116753882523283457
1116757293188562945
1116758789741432832
1116761934622121984
1116763174454251521
1116764886518730758
1116766474549583872
1116769312797351937
1116769617748185088
1116769701227630592
1116770404620734469
1116773685795467265
1116775266808811520
1116776536252633088
1116776766113308672
1116778166561980416
1116778539867623424
1116780432782180352
1116780640504958976
1116782094133407744
1116783827228274694
1116785736899014657
1116788803182714882
1116789724826492928
1116793308859097088
1116794229936668673
1116794537387520001
1116794846356725761
1116798128097611777
1116804673736851456
1116813488494661632
1116814087848169478
1116817994678665218
1116818336694796291
1116830968244056064
1116832450523451392
1116836680076492800
1116838710509629440
1116848215926759424
1116851811833372672
1116851903395188737
1116853968976609280
1116859442975453185
1116865740718714882
1116868599140872192
1116876776364478464
1116916509824159744
1116917235447033856
1116926602988982272
1116927497608859649
1116933962750996480
1116937391590264832
1116938197748072449
1116940427851116544
1116943139443486721
1116944438864044034
1116944444723429377
1116944454378827777
1116945083541143558
1116958798072176642
1116960868611362816
1116961194273849344
1116964547200454661
1116970909947039744
1116976247203086337
1116979333782962177
1116979388929564673
1116981817062690816
1116983194639904769
1116987434665955328
1116987934631190528
1116988813065314305
1116989209695354880
1116989245678391296
1116989304906158080
1116990595069874176
1116993464808476673
1116994400566087680
1116994416512774145
1116995759948230656
1116997791660818432
1116998944243027968
1116999782692737024
1117001334174228481
1117003775267540992
1117004630322499584
1117005307010588672
1117005602197254144
1117009497539710976
1117010327579832320
1117010571855949824
1117010838869676032
1117014639357960192
1117025935033884672
1117026102378213376
1117026318078697472
1117029043046703106
1117029573592604672
1117030055933300736
1117031000922570752
1117033835298820097
1117033975522963456
1117035543131561984
1117035716964438016
1117037146836217856
1117041168745996288
1117044309830918145
1117044753206587392
1117054669786963970
1117055588347850754
1117070523417137152
1117070971347795968
1117079260991238145
1117097505660047361
1117097915556745216
1117099709062111232
1117104189836894208
1117108129555075073
1117116040842924033
1117121680927674368
1117123947529736193
1117126109072625664
1117127480803041286
1117128519065251843
1117128890906968064
1117131738843684864
1117135803552083969
1117135918480150530
1117139212120350720
1117141805173051394
1117145481480757249
1117145599793614848
1117152644676632576
1117158204784377856
1117161779287797771
1117169667544633344
1117169835321057292
1117172117018173440
1117184253232545792
1117184742288441344
1117193664860688384
1117194486478790659
1117202032039997440
1117204153523003392
1117207274928398336
1117208237919670272
1117209500816150529
1117222845468303360
1117225893439500288
1117232559170179073
1117233566088343556
1117234165437485056
1117239103807021057
1117245906120658944
1117254481295503361
1117259999418273792
1117265396246220800
1117266961979912192
1117271846238527488
1117278042475331584
1117279127101480961
1117279861523922944
1117306700481093638
1117328172780064770
1117331399898480645
1117333268385402880
1117336946433503233
1117343382811152384
1117356657561034752
1117362351773106177
1117364517648859136
1117367636596228096
1117368373514592256
1117377793938153472
1117377942840074241
1117378148864286720
1117378811035824128
1117381773921542144
1117383874001231873
1117384333285896194
1117386185880551425
1117388306948526088
1117389972108132353
1117400082897412096
1117401893989433346
1117401912834428928
1117405443184320512
1117405756083638272
1117406576506286081
1117407005575143440
1117411161295794176
1117411263209005056
1117412300783095811
1117414431611338753
1117415676879286272
1117415927283425280
1117416633180545024
1117420042751217664
1117422735884419077
1117425253725155328
1117426668489060353
1117429430002102272
1117430605128654848
1117430941192818689
1117432096731983874
1117434294975201281
1117435629200007169
1117437903318261761
1117440531913535489
1117441762535120898
1117442131201802250
1117443288058015745
1117446837605216262
1117467470674235392
1117469006196281344
1117469371113377793
1117470704453156864
1117472120454275072
1117472465628925959
1117473562183524352
1117474293544312832
1117474713796628480
1117475933517225987
1117476407452553218
1117476567272296450
1117477208564670465
1117477267490443264
1117478349859885056
1117479157653540864
1117480158477398018
1117480321996533760
1117481037993365504
1117481134865227776
1117482277410418689
1117482573792333825
1117482779040567296
1117483268104957953
1117483481167216642
1117484468493799424
1117485015988875270
1117489026032914435
1117493052996820992
1117493540366450701
1117493676677185536
1117493795757674497
1117495655566643200
1117495892540645378
1117498597426249729
1117499192589549568
1117500198387843072
1117500458011168768
1117502610943160320
1117503472046415884
1117504346197913602
1117507458325471232
1117514042128633858
1117514358781829120
1117514721610084358
1117515921160118280
1117517284732489729
1117517441578487809
1117518144975835137
1117519638169030656
1117519827755765762
1117520513100853249
1117522441629253633
1117523580059824129
1117526635677409280
1117526802035953664
1117527247450198016
1117527497875156992
1117528394202275842
1117530280376655873
1117532539411845120
1117535995518431232
1117538187868561409
1117538394668552192
1117541226230759424
1117542947988361218
1117543944987062272
1117544003300360193
1117547705193127936
1117550696151375873
1117552850761076736
1117558901891899392
1117560938629140481
1117563365864431616
1117564576349007872
1117565306996551680
1117565786711891969
1117567366819385344
1117568752214736897
1117576651737587713
1117581640039976960
1117585526528172033
1117587931076734976
1117590119660314625
1117590346152730626
1117591339384938497
1117592797324939264
1117594222956355584
1117596806932619264
1117599586217070593
1117607360778752001
1117609788869894144
1117610556826050562
1117610755648569345
1117611832326250496
1117613087266357248
1117613948356972544
1117616531893030913
1117620327448809472
1117622945109569537
1117623489945657345
1117624796077019136
1117627239263162369
1117638215739908096
1117641212587053057
1117645727310782465
1117652210039558144
1117657197591371776
1117659162928996353
1117668265004687360
1117669118122123264
1117669120621842432
1117674712480587776
1117676990394445824
1117684236490870784
1117685211238752256
1117702099620511744
1117703266106859520
1117704505477476352
1117714665302368257
1117721148056322048
1117723651183448064
1117726278528974848
1117740788279054336
1117744586041036800
1117745688073396224
1117747859477213185
1117756230045511682
1117756258147237888
1117759953337499648
1117763260957233153
1117768461457948672
1117770967151824898
1117772417047252993
1117773248840781824
1117777121022304256
1117777420512366592
1117777608404623363
1117777698565259264
1117779027828232197
1117779220263055366
1117780299033739264
1117784588791767041
1117785198429655040
1117785198484185088
1117789628868767746
1117789795378434050
1117794101242548226
1117794377223626753
1117795890939359233
1117796333035958275
1117797095564509184
1117799518614032384
1117803101384110080
1117804654941884417
1117804829424877568
1117805087806636032
1117805752347963392
1117805818043412480
1117808751229095937
1117810339897401345
1117810665815625728
1117811109577117696
1117820143675928576
1117826049276952577
1117826644889227269
1117827750910255104
1117828405200867336
1117828486591328256
1117828844348690432
1117829237338066944
1117831965326159872
1117832915747004420
1117833069866684416
1117833651016876032
1117835879052140544
1117838428735807488
1117843133494992898
1117843700581900289
1117846228463525888
1117846262852792320
1117846405471723520
1117848057201057792
1117850214637826049
1117850270958882816
1117850708433305607
1117851349734105088
1117851718002171905
1117857218395688960
1117858028307374082
1117859521471369221
1117860248352464896
1117862022975238144
1117863170947846150
1117863550121201664
1117864017345667082
1117865312550936576
1117865747148001281
1117867214240141313
1117867932309250050
1117868026651533313
1117868131983085568
1117870497138524160
1117870549168840704
1117872475176456194
1117874739689603072
1117875814266228742
1117877651786461185
1117879891553161216
1117880243870552064
1117882289524854784
1117883592183439360
1117883865656225793
1117887782708400128
1117890570242813952
1117892318009233408
1117893501625061376
1117894013330178049
1117894083815493632
1117894478512082945
1117894693671452673
1117895149168627713
1117895462076538881
1117898727308414978
1117899087691558912
1117899833958789120
1117899895032037376
1117900214617030656
1117902297206378496
1117902690946707456
1117902823054647296
1117902909889335296
1117903161140756480
1117903599017742337
1117905265817337857
1117905363141976065
1117905471770365952
1117905644562968577
1117906048893898753
1117906179768762368
1117907479982157826
1117908705977049088
1117908934587813890
1117910450396520448
1117912756001185793
1117912945608908800
1117913068061642754
1117913599068950528
1117914184304381952
1117914744948580353
1117914862821101568
1117914994912440320
1117915174868901888
1117915650079346689
1117916145833500676
1117919858627268608
1117920484840968193
1117920958797373441
1117921813605044235
1117921861407584256
1117922985506213889
1117923737947508737
1117924534441730048
1117925335557865473
1117925377081528321
1117926673545084933
1117927144141647873
1117927358051303425
1117927997686734848
1117929043758866432
1117929969844477953
1117930775276507136
1117933870136139779
1117934292066160640
1117934396085084161
1117937278003888128
1117937499488145408
1117946352808407045
1117947003361796097
1117947030175981568
1117947138825183232
1117947759171076097
1117948460865654784
1117948692370116608
1117950039173681152
1117952057896574982
1117953382042546176
1117954334552207360
1117955333224194048
1117956323939721216
1117957228642885633
1117957740352233474
1117959015844204545
1117959588764995584
1117965288006410240
1117969399191932928
1117974226483462146
1117976912511377410
1117978865375248385
1117990818738921473
1117991549533609985
1117992095879520257
1117993803380473856
1117995348994269189
1117999870013583360
1118001237809684481
1118002244308303872
1118005558353641472
1118006926107926528
1118008283384745984
1118011681622450176
1118014358821335040
1118014390710800384
1118016439615676416
1118016785243090944
1118024543434571776
1118024622308388864
1118026038271852544
1118028025960865792
1118031147353747456
1118031537017114624
1118031537872805888
1118039540579667968
1118056131153121280
1118059207671070720
1118066398419398658
1118075437542985734
1118079061450993665
1118080079781752832
1118083857176256514
1118084888501149697
1118085474512457729
1118085859553705985
1118090875094093825
1118091646003027968
1118092313308401664
1118104750283575297
1118108541326381062
1118110375357100032
1118113034860400640
1118116629811007488
1118120749439442949
1118120859342901248
1118122753473896448
1118125645442236416
1118126636577243136
1118126986780708865
1118128602028154880
1118128875899445250
1118129953424457728
1118131296457449472
1118133171311259648
1118133695184089094
1118136269647884290
1118136332952510464
1118137178138263555
1118138735869272064
1118139933355597824
1118140443307454472
1118140747889377280
1118141065402384384
1118141528864587778
1118142894551048192
1118143456562569216
1118143464535932928
1118144175076204544
1118144651117117440
1118144690543579136
1118145665710870529
1118147132022841344
1118147383265775616
1118148004467412992
1118148107215286272
1118148243119067138
1118150693024665600
1118151629512036352
1118152572873973762
1118153266821586944
1118153949868118016
1118154939640025088
1118155157437591554
1118155600343523330
1118158148781662208
1118158460007473152
1118159195285655552
1118159907470159872
1118160551736225792
1118161461446991877
1118162970159108097
1118163879908061184
1118164576573333504
1118164597524058112
1118165229211459584
1118165785359339520
1118166953070346243
1118172871216521216
1118173285613801473
1118174214677245952
1118175334526926848
1118175382346379264
1118176312634544130
1118176805884768257
1118176898998243329
1118178331248287744
1118179730921009152
1118182626345529344
1118183001291198464
1118183011835576320
1118184377861771266
1118185169335279616
1118185187387555841
1118186297254907905
1118187521945554945
1118187628476665857
1118189001242886144
1118189176183304192
1118190009566285824
1118190291427692544
1118191108096323584
1118191704480342017
1118192168730943488
1118192227526725632
1118192262754783232
1118192920836763648
1118193255554928642
1118193964782358529
1118194444770082817
1118195242816008192
1118196064459341826
1118197262348431361
1118197282904604674
1118197782446333952
1118201091764752384
1118201226829676544
1118201393330970624
1118201879027245056
1118202120208048129
1118204306681942018
1118204656830898177
1118206266499915778
1118208399060164608
1118209938407321600
1118210152711315456
1118210711404998656
1118211762896220161
1118212072884572160
1118216386302623745
1118218762380038146
1118219271132319744
1118223120664530944
1118226963498319872
1118227162732081155
1118227870697046016
1118229782079033344
1118231200576036873
1118234129462513664
1118236198516875264
1118236861615484929
1118237086010814464
1118241958022012928
1118245079125196802
1118246896068431872
1118247523557224449
1118249077936930818
1118250269974781952
1118251088723857408
1118252194741084162
1118253867425239040
1118255224219504640
1118258213969956865
1118259686195601408
1118265613108039680
1118280257159794694
1118283373112381441
1118288197371322371
1118296002581000192
1118296871095689216
1118299619337879552
1118302978098831360
1118303002882920449
1118315410879913985
1118316957030342656
1118318258816290817
1118318340597002242
1118318541495619584
1118319234386292736
1118319961699749893
1118320283377635329
1118320596281167872
1118320998108008448
1118322454349451265
1118322602433490944
1118323178730921984
1118323589764145153
1118323771365044229
1118334815110139905
1118334886732095488
1118335218883137536
1118336390368858113
1118338011467481089
1118338457296867328
1118341146298605568
1118342850016575488
1118346953316864001
1118351330030919680
1118366065912889344
1118372104041324544
1118373859760181248
1118376500510773249
1118382309202382850
1118384404198580224
1118391698982359040
1118393770544902145
1118393931178422272
1118400902942138370
1118409015569022976
1118420419034394624
1118424084885450757
1118431514260377600
1118439052657790979
1118440378942857216
1118441492056395777
1118445553006907393
1118454746216574976
1118459385800482816
1118460015780814849
1118461658291159041
1118462750915747841
1118462933342871554
1118463824649232384
1118466649517187072
1118470893322289156
1118471367698022401
1118476163318472706
1118481954523897857
1118482360960294914
1118484178344058881
1118485400568442881
1118494345315987456
1118494921638465541
1118495556643491842
1118496123285536770
1118498829903360000
1118499144895799296
1118499800448733186
1118500835162378240
1118507110684418049
1118507161854803968
1118507342645956608
1118514404591587328
1118516884251582464
1118519112714604544
1118522334753767424
1118524428248395781
1118527320543772672
1118534743203561472
1118535173539188737
1118542978283442181
1118546665936306176
1118552279978795010
1118556941113069570
1118557874379272192
1118559193869508609
1118560937047416832
1118563309773631493
1118578603032289286
1118578623689056256
1118588724168790016
1118589671359913984
1118591378051796992
1118594398793752579
1118598009560944640
1118607328561864704
1118607897775230981
1118608145620795392
1118613914047143936
1118613919059333120
1118619416542044160
1118626591314186240
1118627116428537856
1118639232392867841
1118640876711043072
1118641377099812865
1118641619077672960
1118649533314097153
1118649560157573120
1118654651589521408
1118654967445884928
1118655380203220992
1118657338494398464
1118657835959767040
1118658353339752448
1118661299595042816
1118661809232175104
1118666907089924096
1118667092360822785
1118667859897540614
1118670635700498439
1118670998075793408
1118675834137505792
1118679241296633856
1118680498195156992
1118686114804576257
1118690771715141632
1118691686065086467
1118694843541225472
1118695123750129665
1118697093806219266
1118702496493522944
1118702591708401664
1118709233774682114
1118709573110525952
1118710087315611648
1118713556013178880
1118726685120237569
1118726955560570881
1118728918004056064
1118738095212355584
1118738726857867264
1118743191296061440
1118751239745961984
1118758283651768321
1118760201312776192
1118785358324490241
1118791870610456576
1118810248146378754
1118823029436571648
1118827912868663296
1118829400487686144
1118829429956984832
1118829767170461696
1118834462282919936
1118838365040906240
1118839781088092160
1118840018477486080
1118840200925458432
1118852170479230977
1118852658444546053
1118853801815859200
1118854851197308928
1118856948378742784
1118859625728757760
1118861340641255425
1118863925754437633
1118864099675463681
1118869241019527168
1118869982996246529
1118870937229774848
1118871475325247489
1118873230645825536
1118878100236800000
1118886133159608322
1118886935546728448
1118894745756078080
1118897399093657600
1118899729423851520
1118901196121464832
1118901397070729218
1118901437734555649
1118904547848740866
1118905621644894213
1118905697494650880
1118905706306949120
1118909888434987008
1118913642924265472
1118914942592221184
1118915278123835397
1118915891775922179
1118917187379527680
1118920214425550848
1118929141133393921
1118929308519673857
1118934215326928896
1118934635860451328
1118934791703998464
1118935460301168640
1118937915193733120
1118939788768436225
1118940861293895681
1118941031561433088
1118943301137080320
1118944933556232198
1118945901022711809
1118947435462692864
1118949496086573057
1118949502394806274
1118950143275855872
1118951379773603840
1118952071410147329
1118955586488537088
1118957214864224258
1118958510098845696
1118966520359608320
1118974377146617861
1118978730418933760
1118982077867798529
1118983347512934406
1118985321734180864
1118985518677549056
1118993373556293638
1118993577290477570
1118993637365506050
1118997626584743936
1118997838271139842
1118999919610728449
1119000250105114629
1119004450033586176
1119004543847735297
1119011845019512832
1119013896302546944
1119015972445335552
1119019642503168000
1119019771247329280
1119026070655787008
1119026458230427648
1119026975375368192
1119029641291997184
1119033963501314048
1119034041536143360
1119037987101089792
1119042262384742405
1119047055576633345
1119052649842786304
1119054152368148481
1119057910041124864
1119073001981534208
1119075629729812481
1119076788498464768
1119077179965329408
1119077967651581952
1119080077029851142
1119093761273810948
1119096887313756165
1119133889434271744
1119135602828427265
1119141373758689281
1119148212672053248
1119152118395314176
1119156852418203649
1119161837163966465
1119162258897039360
1119163812056145920
1119165822780370945
1119166596054839296
1119168831375794176
1119169337603047426
1119171818949152773
1119172125586350081
1119175358551678976
1119179796519510016
1119179959703089152
1119207546953318400
1119212611516682240
1119215554651250688
1119219026675339265
1119223455465996288
1119225809728868352
1119228345579741184
1119231625529839617
1119232758851743744
1119242881187737601
1119244049511276545
1119248694686179328
1119252409144897537
1119253614202167296
1119257634098634753
1119259003010338818
1119261694927212545
1119263872840556545
1119264919499747328
1119266607707115520
1119269459414396929
1119270637166583808
1119271151820255232
1119273116008689664
1119278439859662852
1119282231514681351
1119288583783948288
1119289725037228033
1119290901120077825
1119295177200414727
1119296388117016578
1119297876239114240
1119300905369853952
1119303600633720832
1119306103324413953
1119312526104305665
1119312781126197248
1119314436207140864
1119318889299611651
1119320797703823360
1119323438030774272
1119331268775301121
1119332049779941379
1119342648781938688
1119367225713025025
1119369110226337792
1119376834045415425
1119384880817639424
1119392476282806272
1119396317413949442
1119396860580519936
1119397419672920065
1119407222197325824
1119411799122640897
1119419846633185282
1119423843372871681
1119424705184915456
1119430733343285248
1119432897591697414
1119433323749761024
1119433888319909888
1119450919433752577
1119459018894917632
1119487041887199232
1119487943964540931
1119488007810187265
1119488910873309185
1119490622551990272
1119494534583529472
1119501343201218561
1119503148433981440
1119504703665201152
1119509152139751424
1119513147931615233
1119513253749637120
1119519844016246784
1119522068100460544
1119525154680451072
1119529983054163969
1119530237337849856
1119531723820285952
1119533015628156928
1119534541109125120
1119535435359846400
1119540993618059264
1119546811553808384
1119554817641406464
1119564041750568961
1119575825634848768
1119577376281833472
1119582274582872065
1119583908432158722
1119585407535128577
1119588487852888064
1119589766255849474
1119590053553090560
1119599461821497345
1119603557987172354
1119604124205453318
1119605949549903872
1119606190328221696
1119610916562264064
1119620932874711040
1119625775609565184
1119638943224303616
1119642629577162753
1119646818449620995
1119647036071206912
1119647218149941248
1119647578008768512
1119648473912160257
1119653982320975879
1119655740170539008
1119655820239806464
1119667193896153089
1119671595876986880
1119673931273777153
1119697810700603394
1119703562496430080
1119721889360953344
1119722348209373184
1119725602573934592
1119744523058462721
1119764236727668737
1119771851906068481
1119784721297367040
1119787663157026821
1119804542940479488
1119805475099377666
1119805479306387457
1119807082390224896
1119810515755134979
1119832171462778880
1119833987021770752
1119835604907372544
1119841388013805568
1119842797299884032
1119842819932393473
1119843574085029888
1119852526860267520
1119860436453576704
1119863580906741760
1119863701287260160
1119864360627609600
1119874043585363974
1119880470102020096
1119882947249803264
1119890769656127488
1119894731285245952
1119907558779756544
1119908680592445441
1119914331985076224
1119922628331020288
1119922861098053637
1119924780432592896
1119925726646624256
1119931352911089669
1119933763356590080
1119937160323444736
1119946061467017216
1119948972339212288
1119949842623729665
1119952349160792064
1119960061638582273
1119960800259661824
1119961237734002689
1119969088820928512
1119970267244191744
1119971487761534976
1119975594421309445
1119976592229322758
1119989488455966725
1119993985026727937
1119996716487286784
1119998131796623360
1120000554728443904
1120005196560654338
1120013677451718661
1120022982905167872
1120023934898987008
1120025533893398528
1120039775212167169
1120040428705910786
1120042021291474944
1120045050845466624
1120063392515944453
1120063413051215872
1120065041900949505
1120065474497269760
1120065539982782464
1120065600838078465
1120065663295533058
1120065800042438657
1120065936776736769
1120065963611889664
1120065998877614081
1120066664064868352
1120066669118988290
1120066723217117184
1120067089358884865
1120067149362552832
1120069341314265090
1120069616901021697
1120072166580482049
1120074835827335168
1120083636735369218
1120084297367601152
1120089690823168000
1120090867321188352
1120091743507111937
1120095868399390722
1120096518722203649
1120098136888885249
1120102278759796736
1120108863804436480
1120111847196233728
1120113862567763968
1120118113939406848
1120125230255620098
1120126734916100099
1120130735019569155
1120144273385644032
1120154935306272769
1120159269679009792
1120159549045071872
1120165747378966528
1120173636445405185
1120184336093814784
1120194799129198592
1120205934264029185
1120205941381697536
1120205945601130496
1120211881380081665
1120220909611233280
1120230287647170560
1120231094652026881
1120240854403289089
1120243163871027200
1120250479882141706
1120250787324674048
1120255902265769984
1120257720492417025
1120263158009147392
1120269441491787776
1120270201478500352
1120285395370094595
1120286936764223489
1120290116046675968
1120292554371678209
1120296543410634753
1120299411886575616
1120305691183525888
1120311312788144129
1120314120077762561
1120314407337197569
1120315153524768768
1120316181137825792
1120316218764693509
1120319065556422656
1120319670802878464
1120319953066917888
1120322735148818432
1120324442809303048
1120325350699831296
1120333651252789248
1120333800146460672
1120337998212673542
1120339277483786241
1120353543582621697
1120359947835977728
1120360032581890050
1120366549271867392
1120372495511621633
1120378043120279553
1120382828196265984
1120384485781069825
1120387265769947136
1120391846239272962
1120393671327744000
1120398367685775365
1120401278536908801
1120403624402853889
1120404729580924931
1120404849550659584
1120409290467160065
1120409514392551426
1120409583229513728
1120413808579817479
1120418517520719874
1120425033803943936
1120427758017028096
1120428514245849088
1120429354352246786
1120429819924238339
1120430980056195073
1120431508962054146
1120437083993145347
1120444586386706432
1120451422674399232
1120453563048763392
1120460149787955203
1120461273857175552
1120461954160766976
1120462009332531200
1120462061551726593
1120464435292852224
1120465448003350530
1120466354841296898
1120471360306843649
1120471960511832069
1120476150520844289
1120482185402830850
1120492625847640065
1120496068523958279
1120503929903755265
1120505230574141444
1120507038314958848
1120508759229521920
1120512275339780097
1120522615532195843
1120563485660913664
1120569976346357761
1120579690777833477
1120584663557271552
1120594159461494784
1120594978596515840
1120598901961060352
1120601526752415745
1120611115338280967
1120612898366214144
1120620368811585542
1120629925197647872
1120630096669184000
1120631555876061184
1120632151630733312
1120639497367105537
1120646337488461825
1120648153873694720
1120650850915930112
1120654751631327232
1120662055172870144
1120663735406751744
1120663997152256001
1120666106874728448
1120673928404320256
1120673928815550464
1120676314980212738
1120677786954366976
1120678603400736768
1120678611772563460
1120680700120895490
1120686091017887744
1120691265991917568
1120691781883039744
1120691881715879936
1120691945481723905
1120692101476306946
1120693305275297793
1120693530471481344
1120698257070534656
1120698707534442496
1120699041313112069
1120699276378685441
1120699418020212737
1120700430135242758
1120715798476017665
1120719237809606661
1120721684317630464
1120723978635620354
1120727338264797184
1120733581062619137
1120736257435242496
1120739862032809984
1120739993654300682
1120741482418196480
1120741535572606976
1120742051044319233
1120743117643223040
1120743827571134468
1120744428807712768
1120746275954098178
1120746843049095169
1120752035094126592
1120752444928032769
1120753943590531072
1120754036670550017
1120757045236396032
1120757251017531392
1120758691513491461
1120760284933763072
1120764155873546240
1120765897734443008
1120769974350618626
1120770225429938178
1120775452778553344
1120776226237501446
1120785958679531521
1120792787857764353
1120798854075617280
1120801847986589702
1120802919618502657
1120809219022680064
1120817025478275072
1120817146278420481
1120820337048993799
1120825646018650112
1120826692933693443
1120829252717481984
1120831029835644934
1120833898332794880
1120835794988621824
1120837678247837697
1120840119316094976
1120842349855174656
1120843587149864965
1120846906559799297
1120860849839726593
1120860901240975360
1120864086000934913
1120867334644752385
1120870543534592001
1120885684993085440
1120886738178723840
1120886805685882880
1120892753649569792
1120900925495885825
1120906305433153536
1120907221876056064
1120912859054182401
1120919039138603010
1120923980343513089
1120924444917207040
1120929122710999042
1120930810666864640
1120943977841090560
1120948508406816769
1120949596925173760
1120950458032381952
1120952498154553344
1120967517940457472
1120967934858416128
1120969924221067265
1120973618131996673
1120977217293516802
1120986284925710342
1120986544800772102
1120987621650575361
1121003175002234881
1121004961255571457
1121006548459892736
1121018219115028481
1121019123394326533
1121022006990921728
1121025546543161350
1121026318722723840
1121028963810336768
1121032714000523264
1121034103791308801
1121034917477937154
1121039853326688257
1121040149851377669
1121042487773159425
1121048569077817344
1121050851622014979
1121052644192280583
1121052675334914048
1121052866146443264
1121062383022112769
1121065652503154689
1121068257195196416
1121070356003946497
1121076957389651968
1121083882181414915
1121084295341154304
1121084712678842368
1121085869300097024
1121086426467246088
1121086433177956353
1121088127685107712
1121089409443598337
1121090127110000642
1121092478579249152
1121094024872570881
1121098118492192769
1121107604506234880
1121108717519482886
1121112018428284928
1121120273657470977
1121121647304425472
1121128882449547264
1121129406804762624
1121130345871695880
1121131459857788929
1121131771096125440
1121134305420480512
1121139676914618371
1121145224384925701
1121145468434755584
1121146238483570688
1121147646519889920
1121148434633957381
1121150011675430914
1121151003238240256
1121153197702361088
1121156743961227264
1121157285466771456
1121157779115220993
1121167584982908935
1121176116188729346
1121177543950749696
1121184338316529664
1121184360529424385
1121187829223235584
1121196965650403330
1121202182957744128
1121222601920139266
1121231986419482624
1121234902610010113
1121236503168819200
1121236856006299649
1121238392392622085
1121243548462882816
1121254934320701440
1121254968680259585
1121264482632835073
1121265218305306624
1121279749891002369
1121288223638949888
1121300387967926277
1121305243071832064
1121308293392216064
1121309072270274561
1121317293336743937
1121322574187782146
1121324172607668225
1121324727090413568
1121349216142594048
1121349219321831424
1121349610218373120
1121350249015017472
1121356245603106817
1121359330534670337
1121367799946010625
1121368282005741568
1121368505465614337
1121369944216735745
1121374281126989824
1121377741968936960
1121378694377955328
1121382238137016321
1121382819052154881
1121383992220180480
1121389907832918016
1121390310926372865
1121391846855409664
1121399271637573632
1121401578064363520
1121405920863563777
1121407971886551040
1121416506884145152
1121417068354723840
1121436245241077767
1121436441559666690
1121436898298187777
1121439755051335682
1121451245775020032
1121451792712101890
1121460264761610242
1121466380929232896
1121467005025050625
1121467053905461248
1121472853977780224
1121473478106857472
1121476209009930240
1121476466519228424
1121483921508585472
1121484613115883521
1121494229421895680
1121506928918695936
1121508581486907392
1121514721100742656
1121515166124974080
1121519246331215885
1121519913653370886
1121525312146243598
1121525429595144195
1121530259755753477
1121530555017908225
1121532840490016768
1121534028019109891
1121542493688832005
1121548711748939776
1121557435892805632
1121562376808083456
1121564339742310405
1121569510044196864
1121569869500174338
1121581012906061825
1121582698601037829
1121584139361296384
1121594736278556672
1121598189868601344
1121603230163554310
1121624306104987649
1121625175600971778
1121627471122583552
1121628529764921350
1121643890975502336
1121644136342286336
1121646142511407104
1121654565932126209
1121656796874063872
1121664525306982401
1121676534417203202
1121684378944278533
1121685821042483201
1121712296043122688
1121714853985570818
1121721994213511169
1121723968229003264
1121735685432598529
1121735904840671233
1121743099292553216
1121744235500322818
1121751040347521024
1121752195869880325
1121763024631672832
1121767752535027712
1121768322146676736
1121768630449004544
1121769321238278144
1121771623055384577
1121774169853554689
1121797359409623042
1121798448141848578
1121798935943585792
1121800718955032576
1121809609180602368
1121813078721671169
1121820483786141698
1121821424119943169
1121823894590164993
1121825530779717633
1121828984348643328
1121830226034679809
1121830639030947845
1121833559533047808
1121836315081887745
1121844448474931205
1121851308057645056
1121859073031462912
1121861905025589248
1121872892986155008
1121874444329398272
1121885391903236101
1121890779457306624
1121891370019508226
1121892026683781120
1121912940909617152
1121916810264240132
1121919791869067265
1121920684421029893
1121925282653331456
1121926617679503367
1121927823965474816
1121929079329120258
1121930013820035072
1121931708318855168
1121941082168860672
1121942565698396160
1121944376362426370
1121945976074227712
1121963097642733568
1121963512304214017
1121964028358795265
1121965734257745923
1121972003005784064
1121972156076658690
1121978895085912066
1121982471166484480
1121982698627706882
1121984356606709761
1121985139985256448
1121985296013451265
1121987495523172352
1121989859009286144
1121994437914025991
1121996256992276481
1121996484302577664
1121996619547680768
1121996851144724480
1121996989527236610
1121997145324888064
1121997307669635072
1121997514004226048
1121999448849158150
1122000107115704321
1122003744676352002
1122004099086651392
1122007533370191872
1122010798245720064
1122010861118345216
1122013052654587904
1122013457404973057
1122015403696369664
1122015613281611776
1122015823424622592
1122017897080074242
1122023118988632064
1122023400841596930
1122025549604384768
1122045013536518150
1122045289655934976
1122045408341921792
1122046065199415296
1122048734857170944
1122063331454586881
1122064904746303488
1122068372232052736
1122068615866519553
1122068784456654849
1122069335604957184
1122069952150872070
1122070853091565568
1122071808134590467
1122080654798348288
1122080726894227456
1122081010861125632
1122081806650675206
1122082617246007296
1122082731377274881
1122084007359868929
1122085501723402240
1122085959527538688
1122086978512740352
1122092972831584256
1122093651675484160
1122096383660523520
1122098759083724800
1122100779203084288
1122101046212530177
1122102924279197697
1122104000264929280
1122105359215337472
1122106540331339776
1122113235908538370
1122113632467337217
1122114788887281664
1122119171066728449
1122121907426471937
1122122090713427969
1122123429531013120
1122124598483595265
1122128390973284353
1122128898932789249
1122129486554771456
1122130293941514241
1122131046416281600
1122135198328483840
1122136621464334338
1122138076476784641
1122139858783412225
1122140998652579845
1122142380226957317
1122143006469971968
1122143398608216068
1122143554724421632
1122144567996887045
1122145859012050944
1122146690750750721
1122148070672621568
1122152235612246016
1122152700341153793
1122157687779676160
1122158426828623873
1122158691048779777
1122160309802864640
1122161040265863169
1122161140102987777
1122161514654384130
1122162365271646208
1122169606314123276
1122170062645841921
1122186134400974848
1122190192360562688
1122195692359966726
1122197016942039040
1122200820429348864
1122202610059087873
1122202688026845184
1122204720590991361
1122206337927086084
1122213200647340032
1122222636577071104
1122238150808494080
1122238338788773888
1122239620568141824
1122242257526984704
1122243148380504065
1122243885357465600
1122244364325937152
1122245694335651841
1122245772790181889
1122246201871671297
1122249138551308295
1122254906289786880
1122255126503350272
1122255626858565632
1122257092679696384
1122257222807855105
1122257698425376768
1122258199644651521
1122258905550266371
1122260812276518913
1122261715314515969
1122262582725943298
1122264541029634048
1122266228377169921
1122266551351152640
1122268428725657601
1122268950086086656
1122269122879000580
1122271488034217985
1122271632763101184
1122273130557448192
1122274016369291266
1122274088108609536
1122275811111968770
1122275951621095424
1122276592946794497
1122277488422469632
1122278354546126848
1122278607483748352
1122278764325625856
1122279507979898881
1122280584259284992
1122280879513047040
1122281775835811840
1122282011551588352
1122282058557087744
1122282643226230784
1122284773941157890
1122286163925061633
1122286868584980480
1122288294618787841
1122289711060406272
1122291444952260608
1122293992589352960
1122294706057220097
1122295537758130177
1122295639293952001
1122296279747289088
1122297686529429505
1122297901257035776
1122299259791929345
1122301885418037249
1122302028447911936
1122302699532320768
1122303140366311424
1122304005214961665
1122304448154492928
1122305388949508096
1122305479131238400
1122306326380466177
1122306708452196352
1122308746888261633
1122309433940430851
1122309563112275968
1122313014579998720
1122314274158841856
1122314486814318592
1122314687687712769
1122317270154448896
1122317487415209984
1122322650607435776
1122323460942905344
1122324401301729281
1122328111557726211
1122329647109365760
1122331684278546434
1122333989480669189
1122335030066413569
1122339663103045632
1122342969066053633
1122346363084210176
1122346684166680577
1122348770212007936
1122348795768004608
1122349983599091712
1122351416377528320
1122351612662386689
1122352165908111360
1122352273697406976
1122359473216135168
1122363200723271680
1122373077017346049
1122378912997109760
1122380562608553984
1122380617147195398
1122396284051234816
1122398006286921728
1122407327699750915
1122408635508961280
1122417606298882048
1122421387023605760
1122421923877515264
1122426738536062977
1122426861852688384
1122428432636416000
1122433029979484160
1122438978756644866
1122440060471848960
1122450311262552065
1122456354063560704
1122457023927476224
1122460609218531328
1122462227402035201
1122463098974162944
1122464656306704386
1122465017859854336
1122469504079081472
1122469750720860160
1122476023692574721
1122477704375357440
1122478321080651777
1122487859213004802
1122492266977820672
1122496619427983360
1122497257364811777
1122497961609629696
1122498860843188225
1122504601188687872
1122507574518018051
1122509755141038080
1122515641183948801
1122515780262821889
1122516651826610176
1122517411410870272
1122521688766328834
1122532234513137665
1122544476004782080
1122544863562436608
1122546866338639872
1122546992645857285
1122552773596205056
1122560473084383239
1122567427647209472
1122567886319435778
1122570744079298561
1122571046920622082
1122572231400407040
1122573558033604608
1122573719094747136
1122573901161222146
1122575697141223424
1122581285225095168
1122590394406121475
1122592730226597889
1122602703434080256
1122614092232044545
1122617391668658177
1122617662004256773
1122618508834156551
1122619364887470080
1122620863097057281
1122625221796564992
1122637758160351232
1122638015690682378
1122651896328663040
1122657222247485441
1122658350502678528
1122680190260453378
1122687133528018944
1122688819642417152
1122690479450095618
1122690695746084865
1122690908816846848
1122690926432878593
1122691094188363777
1122691113070911489
1122691123145793536
1122691347511693312
1122693440062533632
1122693954292596736
1122701386590883841
1122704950927040512
1122704980270624769
1122715472317833216
1122719125250375681
1122727480618627073
1122736943803064320
1122743187561484288
1122746965689798657
1122748827964968960
1122756761461637121
1122774192183582725
1122786275050835975
1122794861684559872
1122806220996390913
1122808688656338944
1122809452841844736
1122819828287455234
1122826298404102149
1122828349431271425
1122831298047954944
1122832737101131782
1122835205453176832
1122835987678150657
1122838996550209536
1122839547396669440
1122843739179945984
1122849583510507520
1122851205053599744
1122856504439263232
1122856586710519809
1122859382461607941
1122860062970658816
1122861403063320576
1122862989344796672
1122863204508622848
1122864240115748865
1122868041807802369
1122868109751279616
1122872207615635456
1122872510846910464
1122873590028750849
1122877361983299584
1122885975829622787
1122887724426563584
1122887810384482304
1122890900370104320
1122899239447744512
1122902499927691264
1122905507856027648
1122908818227249152
1122912421671243785
1122913198112477186
1122914536082825216
1122918183613140992
1122918288302931970
1122924533634281472
1122924575992553474
1122926383326474240
1122927152138194944
1122927647904997376
1122929843190894592
1122932269625303041
1122933051867246593
1122933067369160704
1122933334294790145
1122943085460111360
1122943381146099712
1122944296909451264
1122944673885016064
1122947322948644864
1122948687364284417
1122948864804315144
1122948954965069824
1122952455954812928
1122956973358501888
1122957879210840065
1122958196694450176
1122966135685750786
1122968945424650240
1122972211550326790
1122975135818870784
1122981411756048384
1122984920698314752
1122993878913757184
1123012523240898561
1123013964995153921
1123015041278783489
1123018211732205570
1123018810275926016
1123028969295687682
1123032069427187712
1123032165338345473
1123032186335088642
1123034274238611457
1123034362310680576
1123037754764484608
1123039706713747456
1123040608493371392
1123041490962460673
1123041545060593665
1123042620924735488
1123042947644018689
1123044332603363328
1123044623289470977
1123045241085464577
1123046914814029825
1123049495799840768
1123049697558573056
1123052228401451008
1123053564249747456
1123063728755367938
1123066823287672833
1123066909279301632
1123066944955904000
1123067780457226240
1123068863002791936
1123070646429184000
1123085062243618816
1123086092780150784
1123099406771744770
1123103660613959680
1123105029227986944
1123108870761668608
1123126321192886272
1123137333312798720
1123150112526671878
1123158880303894528
1123160989220917248
1123166084880691200
1123180194062225408
1123180670988242945
1123180678743457792
1123182391948922880
1123182722162331649
1123182766860963840
1123183683329040384
1123184302806786048
1123187019792945153
1123194588938870786
1123198963908272128
1123199157349625861
1123199737425883137
1123206183685427200
1123206314967076864
1123210864109260801
1123213179784441856
1123217446620389381
1123218276262215680
1123218970839011328
1123219194835816449
1123227353147215872
1123228027599630336
1123228311151370240
1123233326666481666
1123235603783593986
1123236469043281920
1123237007600304131
1123239397795692544
1123239700783755264
1123241115069681666
1123241343256596483
1123243295298265090
1123244380779945984
1123246387322400769
1123249143298908162
1123253125064921089
1123255163504873472
1123256313167921152
1123257291279609857
1123271075435913216
1123274629236154368
1123275298399760384
1123275427865354240
1123275509637447681
1123276279283879937
1123276559052357632
1123277189200400384
1123278009018884097
1123279403629199367
1123281299941273601
1123281670671687686
1123282762000035840
1123283230004785154
1123283734265044997
1123284009386164225
1123285616639315968
1123286141770158081
1123288693584945153
1123290197666328576
1123293376554655744
1123293597145620480
1123294461595922432
1123294922122117121
1123295875516620801
1123296202219347968
1123296342313512963
1123296904790642688
1123297129584218112
1123297762529955841
1123298594235256833
1123299143718404098
1123300618423214088
1123300749302067200
1123301037832413184
1123301614138339329
1123302268680294400
1123303235605942272
1123303459623772165
1123306764349218816
1123307559564271621
1123311982449504257
1123312387212423170
1123314064023670785
1123315292619231232
1123315582869356546
1123315779565318144
1123316579834507269
1123316776970870784
1123317170836873216
1123319268387504139
1123319525917769728
1123319851383250947
1123320905869025281
1123324188721238016
1123324666033078272
1123329826293669888
1123330044439531522
1123330509898178561
1123330989974011904
1123333078968147968
1123333085691502592
1123333565930967040
1123334424400211970
1123334639245045760
1123336939359408129
1123337142002962434
1123337764420734976
1123338378479452160
1123339836826501120
1123340931564961792
1123340974757957634
1123342618098917376
1123343506876129283
1123344510115827712
1123344629259218944
1123346468461432832
1123347281317695489
1123347456643805190
1123347768263741441
1123348208263094273
1123348782043865088
1123351530407694338
1123353040931696640
1123354426721234944
1123356988174475269
1123357294773919744
1123360476610560001
1123360743754170368
1123362662669221888
1123363129923133440
1123364114724577280
1123364359693058048
1123364384418320384
1123365115473092608
1123368910932332544
1123369256115027968
1123372288152223744
1123372316686266368
