969000989415165952
969002410042634241
969003468689215488
969003795857453060
969003977860960256
969004200607801344
969004502174130176
969006434485751809
969006851797999616
969011551117037569
969013107203829760
969015108704743425
969015318009057280
969019016126726144
969019626389729288
969022746977013771
969024946457530368
969025034969927680
969029491808002048
969031170821443584
969031505946271745
969031968141860866
969039889512779776
969041633919594496
969043320038133760
969045796321505280
969046456953950208
969047122262790144
969052608320233472
969054691198951424
969061703676674048
969064719783989249
969066654205276160
969067872235372544
969068400294187008
969070379154067456
969070600189857792
969074232041902080
969077191974596608
969077282160734209
969079427547136000
969080600677244929
969082038480461824
969084373025869825
969091885036965888
969103361051103232
969104476345962496
969104875203301376
969105261100240896
969108821649055744
969109009549676544
969111511816957952
969111931696173056
969113466001764352
969113842629296128
969115889131048961
969119986856943616
969121603782049792
969124140493017088
969125304835891200
969127160807006208
969131486803881985
969136537173676032
969152125287661568
969159261904363520
969160796587610112
969161141397196800
969161419475247104
969162112596676608
969167775078993920
969171983236726785
969173051098230784
969173541013762048
969177347739004928
969179842955669505
969180130269646849
969181716974915584
969190095931805697
969191652421132288
969192144853504001
969196908559335424
969202356096258048
969206493567361025
969213916638334976
969214640633929730
969219707722256385
969220297823080453
969223199815815174
969223263485247488
969223280837226497
969224873435418627
969226747425140736
969228881910812672
969229284538703872
969229691834982400
969233120250785793
969235338202943488
969237163123642369
969237824997412866
969238911737389060
969238968087826432
969239938934951936
969241238594555905
969241488721760256
969241924375728128
969243133715329024
969243173137600513
969243608443441152
969246761368743937
969248421898084353
969250508987879429
969253298216685568
969253370358886400
969255741793193986
969258129602105344
969261266945695745
969261574824148993
969263377104031745
969265413027696640
969269425726738432
969270757875314688
969270870236569600
969270936925978624
969270947399241728
969274515497848833
969279319687114752
969280486517469186
969281830808707072
969284715210354688
969285312915607553
969290380037558274
969296895901405191
969298477137084416
969301342295437312
969301665659551744
969301683690930176
969303676396474373
969310728275615745
969310908634710016
969316513487511553
969317861133963264
969319883212238849
969325594168225792
969326471616503808
969328075090493440
969328621180645376
969329804389552128
969331544622952448
969336048873541634
969336696897597441
969337367566962690
969338638021660672
969348898123911168
969349068118986752
969349198448492544
969349201380413440
969349830349762560
969353714870845440
969359134465310720
969359833106452480
969360152313741312
969361802772602880
969373026277085184
969373927641354242
969374244751671296
969375780269690881
969377089722843136
969378348915929089
969381677867982848
969381783992193025
969382713022087168
969383191181012992
969383828291698689
969387080135606273
969387434583773184
969394273392132098
969394881985744896
969399982229880832
969401041744809984
969402972789669888
969403768424075264
969404433661677568
969406734669402112
969407470329389057
969411186079842304
969412077352816642
969414251705241600
969414290275958785
969414373734256640
969414979416928256
969415985194196994
969416243135631360
969416335854882817
969416819848204288
969417324833988613
969417832789245954
969419970630254599
969425863182663680
969429656524001280
969432847969857538
969446649347981313
969447097719128064
969450746247868423
969450994189795328
969459496081809408
969462619152306176
969463977687199744
969468866152812544
969470101786259457
969470497741303808
969471070683193344
969473139724791808
969488328579051520
969488459009286145
969490497831043072
969492443585503232
969493209020743680
969501264584192000
969503049445093376
969515297064587265
969527809440911362
969529513267867648
969531497416937474
969532817930629120
969536473316737025
969536863949246465
969537331035279365
969537604071907329
969541935508672512
969542487512616960
969559947112538114
969561075812327424
969565307042967553
969569839395328002
969571132499202049
969571434480701442
969576218092810240
969576360686575617
969576508342882304
969576518421708800
969581667177283584
969584189375787009
969585216137453569
969585365463064577
969585447641997314
969586942324232192
969587807785226241
969588359768231936
969588436918308864
969589630227148800
969592365722808321
969594458693095426
969596608282230785
969597984001396737
969598236108275712
969599756115656706
969600749306109952
969601106769833984
969602882533298178
969605088489721856
969606191428067330
969606594098008065
969608100926951424
969609648918671360
969610505676558336
969613741192040448
969615075391676417
969616605029298177
969621560595243009
969623042476228608
969626714568568832
969627250609000448
969628378054742017
969628705596301318
969633607915581440
969636037608787969
969636325396643840
969636829271031808
969636992299470848
969650466924580864
969651471947005953
969653108895895552
969653263686688768
969656476015902720
969660607086637057
969660734991986693
969666191215288320
969666307124858882
969666445947830272
969667117040750594
969671209850941446
969675040085151744
969676014405279744
969677516003721216
969678707580424193
969680639493513216
969682291608956929
969692466571087878
969692521545830400
969696881491111936
969708459896791040
969710609469120513
969712262402453506
969717420179910656
969729462874050560
969729684463374336
969733048970436608
969733976364433410
969734900793438208
969735887700537344
969736179447975936
969736813375041536
969739931844317184
969743194161336320
969743590128869376
969746673344897024
969749789280817152
969753916492558336
969754733949915136
969755765765484545
969756036289695744
969756735056510976
969756963235160064
969757171708776448
969757615436726272
969758290841190400
969758382151340032
969761813104652288
969762284552753153
969762514811654144
969774236209303553
969774422428143617
969774856148578304
969775201327173632
969775387981967360
969775829218574337
969776103538745344
969776730985689088
969776938188460033
969778131447017474
969780668463894528
969782157983059969
969783120580022272
969784081083854848
969785430827814912
969788445240582145
969791982309605376
969792165177110530
969797884949422082
969798308146249729
969798854668423169
969805106328801280
969805743816957952
969810851086548992
969811946773114881
969812141380259840
969815842862059520
969815965746847744
969819581194805248
969819909675827200
969820811006640128
969821042117107712
969822442188292096
969824744244736000
969844492701523968
969848918321197061
969852345067757570
969861106142498816
969865403857072129
969868953228140544
969878749889159168
969886708559998977
969891524480614400
969892135146209280
969895963727933440
969897566354771968
969914410956402689
969916350994046976
969917478838177792
969919082735788038
969923120592228353
969927997728985089
969928337798742022
969928935986343936
969932038076735488
969935043694092288
969936313334951937
969937851403177985
969939075871461376
969939586179887105
969939709907451904
969940331901972480
969940913668620288
969944421344202754
969945168777531392
969947688321118212
969952162775117824
969952945264525312
969953647152062466
969955671310553089
969956404479000576
969956702706716673
969957428728156161
969957903951122434
969958697505116161
969960948600631303
969961452315561984
969963123531796480
969963682863157250
969964009607909376
969965333313400832
969965458291068929
969966276603920384
969970287193329666
969970656325619712
969973132223287296
969974582819082240
969977282491305986
969982313953185792
969986212583919616
969999907825356801
970002778369097728
970003133626814465
970004812606689280
970010199518953472
970010776907014145
970015170306150400
970015272819027968
970026744622276608
970030653201899521
970030912095350785
970032017739014144
970040769154134016
970043918640443395
970046454009081856
970046513656291333
970048863741587458
970049088539344896
970051512838733824
970052453201858560
970054682470002689
970056513296502785
970066202960809985
970067021630238721
970067517044609025
970069492146606080
970071137160912896
970071424458137601
970073998070571010
970089075339350016
970089075343548416
970089424330485765
970097783586852864
970100137426026496
970102121751306242
970103003800899584
970105077880025088
970107750486339584
970108199188779008
970109314554892290
970115459189125121
970121684828205056
970123390651641856
970125424142569472
970125869384650752
970126235207634946
970127152921260032
970130354429485056
970132622721601536
970133191993503744
970133864218841088
970136845542567936
970136845546815489
970148629846650882
970154800770928641
970155633101148161
970158139025907712
970159955297804288
970160224999886848
970174798549495809
970174827804979201
970175375648088065
970180720915353600
970185771662458880
970186857752481792
970189040271200256
970189711405805570
970192978768793600
970193679494328321
970194611602771971
970197804311171072
970197849190277120
970197985484304384
970198128111439872
970200872020983808
970202356364259328
970202909597192193
970229912119386112
970233889565196288
970239159720964097
970261713323884546
970262915432505345
970270053148053504
970270420694982656
970271413906030593
970274766824378369
970276345593892865
970277703273402369
970278058094661637
970280940449751040
970281252900261889
970287289661382657
970288794703417344
970289304277745665
970290199786737664
970290261841645570
970292224981336064
970293154225287169
970293545583046657
970294256178008064
970299595430514688
970300282033799168
970302721889890304
970305423831195648
970305566743687168
970306379960471552
970307992368316416
970308191660716032
970310140212674560
970310394551193600
970312119643238400
970314101451870209
970314259568750592
970314510203469825
970315434791768070
970316965897220096
970317412976521216
970317817588334592
970318322154708992
970319140471877632
970323447615311878
970324292016754689
970324403501322243
970326552234819584
970326733416206337
970326972940341249
970327600404058112
970329359704870915
970329988514893824
970331181899231232
970333602020868096
970339408611368961
970340781847384064
970341815974027264
970342020840591360
970342536735854594
970344138540572673
970344182568177664
970344275677532160
970346969246896128
970348051385802753
970349544989974538
970349987912564736
970350995782893569
970351706738511873
970352404221874177
970353772022157313
970355698017099776
970356181221883904
970356421127786496
970365893971730433
970369369787240448
970372378772389888
970372615343833088
970378067930746881
970379060298776576
970381651565010945
970382089857191937
970385560647938049
970387321806868480
970389020508377088
970390446567403520
970399032748265472
970399803216625666
970400551899926534
970400867315802112
970400987281350656
970401137521233920
970403537854369794
970406607241670657
970406797201805312
970409289918615553
970411311153721348
970413029153234944
970414562993467397
970415084769042433
970415349416984576
970415807011401728
970416260835033090
970418862557671426
970429279975731202
970432051143901185
970438704975183872
970441389778509824
970443318730592256
970445024948359173
970447031721488384
970450693558558720
970453918978379778
970457456462712832
970461332838539265
970461522433662976
970462728698650626
970464932482383873
970465114418659328
970469583458111488
970469660612354048
970471864312180739
970476038491967495
970481466764271618
970481777549762560
970481790141026304
970484473228771329
970484569702092800
970485763803512832
970487972532383750
970488448590073856
970489496767737856
970494421715230720
970496833154945025
970497594114928640
970498883016065029
970500981598359552
970501516783071234
970503872723800065
970508411363381248
970508805648863232
970514469637054464
970514512007876608
970523506671800320
970524447903027200
970526551317123073
970527761818415104
970530428531761153
970532747558170630
970534859423846401
970535412228702213
970541405893550080
970546751475277825
970547979202580480
970553562332725248
970554056916729857
970555158991130625
970556055720734720
970556515873689600
970556740264693760
970559812567273472
970564410828734464
970568912029958144
970571327340888067
970571622473084928
970571729419558913
970572895444459520
970574672579489792
970583501987876865
970584481303334912
970587432918843392
970589321194496000
970590719051055105
970597774533173248
970603976298176513
970606927917928448
970608383970574336
970609512997584896
970609544433868800
970609669021483008
970609747463319553
970609829227192320
970611595868073984
970612910375321600
970613094505435136
970617899508486146
970618634774241280
970622784408838145
970625635449278464
970625675718688768
970628755667304449
970634742159761408
970635090274410497
970635867474755584
970637335883730945
970638052266831872
970640221984428034
970640528168529926
970647289508319237
970647844288909315
970648038925635585
970649149166313472
970650025364721664
970650387786227712
970651317592092672
970660221273157633
970660490119729152
970661800852193281
970662346527006720
970672839073378312
970673522250059776
970673817549967360
970675148402589696
970675367731134464
970677598211788800
970678085669367808
970678213591658496
970678627997110272
970679072434081792
970680345891778561
970680569527980033
970683092024352768
970683604949979136
970684101140385797
970684606545584130
970685721395810307
970689852365733888
970690421121675264
970690817663946752
970690872827400192
970691439469281282
970691534558507008
970693245968703488
970693540840919040
970693696030232576
970694729921855488
970695700064423937
970695987370053633
970696236100739072
970697302682808324
970697660075212805
970703097571041280
970710893079269377
970712289778135040
970712400117882880
970714152913129472
970717128750923776
970717405180841984
970717428220129282
970718232712658946
970718578717659143
970720723273732096
970720956074246146
970722670257025025
970722889220706304
970725015304880129
970726505964822529
970726754263318528
970727734480687104
970728371180027904
970729583745085440
970731542061359104
970733679050813440
970733986485071872
970735648297463808
970736535791374336
970737032875184128
970737375080009729
970738774304022529
970739133751681024
970739905088323584
970741443550687232
970742092761886721
970742365865484288
970743093191258112
970746133206261760
970746311480811520
970746450299752448
970746842903392258
970748908589801472
970749906813095936
970750914721144843
970751207882067968
970752529507241984
970752743013953536
970755894597357573
970758681301274624
970759279010635777
970759576390983681
970761151347912717
970762212494028800
970765346897580035
970767634470850560
970772011231330304
970775524858650624
970780469464838146
970789820107841537
970805459975274496
970811759396380672
970811829030195202
970812969863954432
970814222274674688
970818616219328512
970823685484531713
970826915509612544
970828249285537792
970829082689789952
970840449698086912
970841026809270273
970845384686874624
970846026847236096
970851657683791872
970852791420882945
970852830054572033
970856003829985280
970856052055883777
970856418697011200
970857590564507648
970857730452881408
970858727183212544
970861411130855424
970863578734563329
970873649044402181
970880475094044672
970889049090093059
970896086901710848
970896262039003136
970896292217065472
970900343495241728
970903325230149632
970904335440924673
970906457523851264
970907177685667840
970909311332442113
970912361027723266
970913124797812736
970916850191147011
970921881262960640
970923085183401984
970924022111326208
970924763584512001
970925369258856449
970925558002536448
970926390047633408
970927049060659200
970927616139042817
970928382853578752
970929961564590080
970930823082909696
970932168619937792
970935405427113985
970935444786597888
970941543296086017
970943747126124545
970948601080963072
970963782754119680
970965025325289472
970966343804735488
970968783232872448
970973832742715392
970973966142754818
970974569531101184
970977541342351361
970979199757574145
970983291926048768
970983597510479873
970983708646928384
970984224139464704
970985493763645440
970997354806566912
970998255751516160
970998671394398208
970999195275374592
971005464078180352
971008265038516224
971012429588115458
971016888909168641
971020530848550912
971022412434235392
971023059602821121
971023279413657600
971023921528147970
971024272616509441
971024900910612481
971026138242920448
971029579648221185
971030834575740930
971034173682208770
971037847892430849
971040629542268929
971041415131254790
971042272467812352
971043447510523904
971053457850462209
971055052910608385
971057879032590336
971059146559717381
971061450646212608
971062429118615552
971062548966662145
971063652097945601
971064966588588032
971065102488055808
971067417333059584
971069195113848832
971069396201476096
971069513893662720
971070469922201600
971071064280244224
971071181263695873
971075217471795202
971075590316023808
971075733773840394
971076136288464898
971082955551641601
971085777802354688
971089115306512384
971089221812457478
971100605170188289
971103915738615811
971105007499034624
971119693422477312
971120020611727361
971126564531392514
971130437551755264
971130894995132418
971131975389077504
971134155168739328
971134526612279296
971135643555389441
971135750497595392
971135911126798338
971137068339552257
971137269250822144
971138078344712196
971138809814503424
971139472107515905
971139815205949441
971140076494344192
971140786581594112
971141545339502592
971142892960886785
971142981469155328
971143304451588097
971143691132919811
971143733914816512
971144764882956288
971145801287327745
971147476123168768
971149202469224448
971153861506359296
971153949142155264
971156003516493824
971158647454732288
971158830058037253
971161376449269760
971161708193599489
971172437659283457
971172678718640134
971178862888529920
971182031718830080
971188677983514625
971192925970366464
971194563447672835
971194866674913280
971199235050782720
971199628891885568
971203330398720000
971204482964049921
971213306512932865
971214016076042240
971218378294784001
971223517349007361
971225836606185473
971232515171241984
971238668215160832
971239863608627203
971242755577012224
971249389124640769
971251599678025728
971252924675391488
971255520534388737
971265346538795010
971266220212277248
971266252894240768
971266268849373185
971273400793681920
971276655200276483
971279481745870853
971280924292894720
971284951554576385
971287263538831365
971288016718352387
971288951653793792
971291011904425989
971291388536147969
971293281442201601
971295220267716609
971298625367273472
971308180851576833
971308672835051520
971311665898770432
971314791427043329
971314963053760513
971315551497871362
971316970418327552
971317704002080768
971318866675630081
971322684343758853
971323090348183553
971324176245108736
971330068411662336
971333918761930752
971349125642924032
971349858815758336
971354036350963712
971354688544112640
971354888981635072
971360568539000832
971367724445249536
971368256303976448
971371050943549440
971377461538652160
971378460194230272
971381486778712064
971381732284026880
971384024785551362
971384231619375105
971388510598033408
971389601578471424
971389755861684225
971390841251090432
971391053155721218
971391546418397184
971393719483142144
971398280373587969
971400964107395074
971402369408872449
971404594067771395
971405668203810816
971407226807209984
971408270157139968
971412885757939720
971422309973200898
971423715467526148
971425570893463553
971426213184057349
971426235007070210
971428036565446657
971428106664927232
971428219747553280
971430993415598080
971441093328990221
971444432393424896
971447732043960320
971447885316415489
971448403577143296
971448899331276800
971449673197158400
971450683173015552
971452442419359745
971452482084855809
971452519015690241
971452562208579584
971452808837857281
971452871744081920
971453900598534146
971454597301719040
971455092640673792
971457792086364161
971465984820285440
971467199503306757
971473175946170368
971473904316440577
971475709322563584
971476042773860353
971476475185631237
971483174743265280
971484643592679424
971485069150896128
971486008444358656
971486532317204488
971486858197766144
971487692008689664
971489395323949056
971489758970105856
971493541804412930
971495086574964736
971495149074186240
971495794581950467
971502740760383488
971508343541059586
971514595532836865
971517471533486081
971518401880494080
971538442667651073
971543461592739840
971545602369642496
971548055202869250
971548980474675201
971553066955755520
971555029625827329
971556752494923776
971557526754897920
971561294082998274
971564121484353536
971572509731622913
971572866599792642
971577848589844481
971588099879919621
971591574881751046
971593968960946181
971596730461548544
971596884035776512
971597589098483712
971598174619160576
971598333973180417
971598445122412545
971598846974447616
971601066990108672
971602176106729473
971602409159118848
971608426747965440
971611755326656512
971616502020390912
971619777365110784
971623742647492608
971623833693192192
971634004045783041
971634143686807552
971635130614910977
971635576058228736
971637820027801610
971637849115131905
971638020070768640
971648682432040960
971648705500626944
971673942195814400
971674878767194112
971687266245636098
971707104913391617
971707342906626057
971709677812748288
971709760692088834
971710012778217473
971710373479923714
971711144195960833
971712411085389825
971712942105178118
971713595963854848
971718122234417152
971719923100737536
971721118058012672
971721650319364096
971722071834353665
971729351032045568
971731969376735232
971732217855643648
971732545439260673
971732665400549376
971736066536493058
971737632274309120
971742813938360320
971748315573444608
971754373008240645
971756005829873664
971756382956478464
971757505306128384
971763706609664005
971768148797022208
971770524429967360
971776856184811520
971786018612482050
971789074993315846
971792122331451392
971793460553449476
971796657460232193
971808033918607361
971808204802883584
971808263086989313
971808478258958336
971808485389295623
971808856098578433
971818662050004992
971821182881157120
971821224333471744
971822575725637632
971840312606908416
971840323512135680
971845952695865344
971850688052555776
971852380882063360
971861982054887424
971864232303255552
971865027127980032
971878718162419712
971882170091360256
971889431253782528
971893108333010944
971893440173588480
971894755155161088
971894869596581889
971895328394772481
971895431650136064
971897095534858241
971903387804594181
971908188185473025
971912419827068928
971913109358092289
971913871081402368
971916257619578880
971916567998095364
971919162191826944
971928818733654016
971941426404749313
971945305502490624
971945413891694592
971956269614419971
971959510502797312
971966400527872001
971975387298250754
971986483279048704
971994235162443776
971997657316012032
972001485880881152
972001797500891140
972008469414006785
972008700520022019
972011545923211264
972013887192207360
972018790031679488
972020432806318080
972020827502907392
972022714516099072
972029310897803264
972033236338700288
972040135960342529
972043979209527296
972047929388122114
972052213517385728
972053093851582464
972054549702770688
972055456523972608
972056291601518592
972057275975249920
972059944840286208
972069343000432640
972071579415863296
972073290268397568
972073337668231168
972074273417388033
972079864005017601
972081906354413568
972085916377509889
972089385339555840
972089822109208576
972094986375323648
972095790624706560
972097214595072000
972099953022652417
972101304788004866
972104019815657472
972105886893268994
972105963493785601
972107954542579712
972109723666296832
972111985323147266
972112202936266752
972115957647859712
972118417330331649
972124825241116672
972125199792463873
972134900798177280
972135865077129216
972136440967593985
972137792380825600
972139860600467456
972140189425459200
972140475875516416
972143902634463237
972144361088733185
972148052067831811
972148651421298688
972157625977724928
972162862717263874
972163888895614977
972164607409303553
972165483599458304
972165915604406272
972168455251087360
972170043621629952
972171484801257472
972173695191076869
972175307892502528
972176383161102336
972177793818640384
972178268374929408
972178983000276997
972180490806587392
972181986168238087
972184024520318976
972189402549116930
972189763158663169
972190521492955136
972190706444984321
972191407745138689
972192321268797440
972192515452530689
972195169608126464
972196325130362881
972198532030648320
972199964993556487
972202903048826880
972217266799493121
972217272352870401
972220665116942336
972225990159142912
972230221834477568
972230475174445056
972233859130683392
972234260928237568
972238547548889089
972247749390491649
972253114307895296
972255379399716864
972256385042927616
972257636635721728
972257681389088769
972257844266385408
972258138681462785
972258657961500672
972261627105107969
972267214329012229
972268420854112256
972269239187984384
972271003530399744
972276298771869698
972277680816185345
972277886743965696
972278630800863238
972280182286331904
972280605504360450
972282450800926720
972284747786457089
972284899175620608
972291641116565504
972294119530881024
972303669944377344
972306986028199936
972307181453406208
972308927957426176
972309357839908864
972311018855596032
972311400692572160
972312382356836352
972312863045050370
972317225112743936
972317777510981632
972318328654987265
972327167714459648
972335439293177856
972338015447089152
972341013116174336
972342421966143488
972343955395407873
972352014364618752
972363052917121024
972377037959843840
972378464048304130
972378517747961856
972383829049643010
972388654537588736
972391281434480640
972391923175522305
972395234125537280
972396092062126080
972396636692500480
972399155812368385
972407270712725504
972409134455971841
972409535448141825
972414692340662272
972431519078932480
972431898634063877
972442716155072512
972445451277553664
972449229095473152
972456319029596160
972460496669609985
972462238543106048
972462691116777473
972463207431491585
972464642952921093
972464802965721088
972465124232622080
972467626990501888
972468905020198912
972470174535340032
972470365443194880
972471906866810881
972472507482681344
972472754086690816
972473255301931008
972477431184592896
972481751321890823
972485012749803520
972494283478417410
972496144071909376
972508871259406336
972512572707627008
972522564814766084
972522789797167104
972523477059203073
972529580610326529
972529904863662080
972530727358103552
972532031774216194
972535122149781505
972535495002677248
972536846856151040
972539543764205569
972545430478180352
972546859469365248
972551170203045888
972552800600297472
972554772468457473
972556161626058753
972556617517621250
972556903128686592
972557511357288448
972563890868490240
972564191625252864
972564555661488128
972565894068129792
972568718537646086
972570897465970688
972571394067369985
972572634754904064
972578430834364423
972579235209662464
972589042452836352
972596126628155392
972599502606565378
972603008193150976
972604440984334337
972609620803051521
972609882254954502
972618883222986753
972628093084033024
972632214398697473
972636368026329090
972637668629676035
972645142527184896
972648504656048129
972651977569128449
972652695596171265
972655038656106497
972655348703252480
972657258596306945
972659102433382400
972662463328997376
972670049969491969
972671620715286528
972679594942783488
972689952763858946
972693238598520837
972693349760090114
972695453203554309
972705293040783361
972708484851494912
972719027285094400
972719282722394112
972722637326733313
972727405801480197
972730136322691072
972730545259077633
972736402189254656
972745354499280897
972766648485777408
972766704349704192
972770527864610816
972774954948349952
972775428938223616
972776043814715392
972780061232332801
972783354046230528
972788215244615680
972790341786054656
972795865655136256
972796828117815296
972797259782983680
972803091081973760
972809187209117698
972809868754210816
972810065903276032
972817184891326464
972819571710230528
972820329377624064
972822288532897793
972822455025913856
972824855027515393
972829544234344448
972834554338832384
972834796400513024
972835316452114433
972836339023515649
972840303488061440
972841844475228162
972843022244294662
972844136234708992
972846519023013888
972848627927408640
972849779662381062
972850070763778048
972850454685241344
972850936023535617
972851204060463104
972854501211365376
972858371681505280
972859143043284993
972859844234489857
972860529667661829
972861661290876928
972866489366671361
972870605027663872
972872271634321408
972875501638270976
972878781605060608
972889795444793344
972892332545773568
972893610575388672
972900818897817600
972907961780723713
972910068097323009
972915224662724614
972915380699070465
972915589969833984
972916001007431682
972924146362417152
972927938415833088
972932014683848705
972932798733537280
972934074703798272
972939651844419584
972941157188562944
972945826308816898
972946365054676993
972946652972675073
972947423499833347
972948966571524096
972950191530799104
972950998200274947
972951569959346176
972953967004209155
972955502983311362
972961178304548866
973004434556014592
973005574580330496
973007130654658560
973007259017142272
973011975495208960
973025869127208960
973027360223133696
973030516000686081
973034637764317184
973035649430380545
973039394490904578
973049577606705153
973050115572117504
973054719236112384
973055761050947585
973056722012078081
973059686143578112
973060006978338816
973062229552762882
973063216493420546
973072142790287360
973074826309939200
973074875509288962
973078408719630336
973082944809127936
973083699792306176
973088031656890370
973094971535392768
973096849778401280
973100175110615040
973106832205123584
973111532358742016
973114211650990080
973123845958897664
973128273906585606
973139176592891904
973144113309679616
973152161302548480
973152643341324289
973153568730632192
973154941723402241
973163125221593095
973163342008373249
973166771757723649
973167689454637056
973168885473169409
973172132883681280
973178858039119872
973181780831408128
973181784417382400
973182060834693122
973182831332610048
973185368869744640
973185656598990848
973189765242720256
973191813401075717
973192247536685056
973195954022207488
973196255991091200
973196919999815687
973198833831342080
973198840135344128
973199504852873217
973200798464335872
973200850037428224
973202568435392513
973202943020331008
973203664834891776
973204349785726977
973209694977318912
973221392886968320
973221793866526720
973226081707638785
973226694940164096
973227307262455814
973227723366846464
973231189556453376
973232382814904320
973233709464813569
973234018597552128
973236042768756737
973237291828248576
973237451656450049
973240606993498112
973242556539535361
973247077995118592
973250329369370624
973251162836217859
973253012100698113
973256469855555584
973261344484020226
973263475601543169
973267808330141698
973274677853523969
973277509939810304
973277908209774596
973278239576743936
973281629861916672
973282022394417152
973287581105475584
973288497556705280
973288632651010049
973290697062305794
973298527387471874
973299886547496960
973301381233807361
973302881095843840
973304332765487104
973304534926856195
973306658079129600
973309446020616193
973312135827668992
973312916387782658
973322707034083328
973328804428107776
973332653096296448
973338838453153792
973344426381729793
973345380296482817
973347952243757056
973348977339875329
973355815737245696
973365123334025216
973367810809311232
973370208478990337
973370630866391040
973373277040193537
973374238815150081
973378252734648320
973381468788576256
973381560383746048
973381807008833538
973382504081223680
973388538006900737
973389048063692801
973389740702658560
973392319583047680
973394362657918976
973395465323581441
973395597041467392
973396491657084928
973397502517915648
973398729347780608
973398962961920000
973399157997109248
973399329137446913
973399752741027840
973400185169764352
973403902589759488
973404689017593856
973405941872947200
973409124913311744
973409257893670912
973409526727655424
973411647376281601
973413147661893632
973413242453266432
973413946697834496
973414894585380864
973415878997041152
973416001474883584
973417815104421889
973423440504877056
973425515020406785
973425562835406848
973425628237221888
973427883925491713
973428901065175040
973430312880324608
973432071128428544
973438119717449728
973447518754254848
973447654633099264
973452890382782464
973453325353078784
973465033752612864
973467070489772032
973472486590357504
973477585186254848
973477590915796993
973489127357337601
973489658419007488
973490416401006592
973490515726536704
973490805645168641
973492312465661952
973493891398815744
973494171993456640
973496096315117569
973496448229756929
973502522823467008
973502903678832640
973503789528436736
973503832712982529
973503927105794050
973506061163532289
973507176009519104
973508000173510661
973510542781550592
973510604848750592
973510749950758912
973514325619961857
973519262718537728
973519823081746432
973523137831821312
973526640507674624
973527340558012416
973528975602569216
973530422511579136
973530832722956289
973534896567316481
973535161638948865
973536186735169536
973536269379698689
973536487072587778
973537031484788742
973537691223519232
973537953795465216
973538279697080321
973539040975835136
973540937644298241
973541532086231040
973541791948517381
973541824303419392
973546637288239106
973547815698862080
973549045884116992
973550326480539654
973551338259873792
973554916638822400
973556392798883840
973558213659504640
973558324691177479
973558894269206533
973559983123156992
973561424898338816
973561910842089472
973561980861796352
973562726617317386
973566667170172929
973570179899838465
973571659675373568
973575000832782336
973579472371937280
973582094659149827
973582879396593664
973592862591012864
973594121846902784
973595231064154114
973596355297005569
973596721040240646
973598348426076160
973600389785378816
973601721908940800
973605006032211968
973605751641071617
973606308808216576
973606497543491584
973606666590736385
973606715240452096
973609751463583744
973611367528742913
973614314887237632
973618615743369216
973618845977104384
973623359475863552
973628682475520000
973631342498983936
973634617830989824
973639722701672448
973641914665918465
973644308766224389
973645197140611072
973645668148568065
973647236801458176
973649797864243200
973649971512737792
973657434857275393
973661025177305090
973661199077380096
973661627487866881
973663124405366784
973665904415444993
973666309555630080
973666395576610817
973676271896072193
973679235595362304
973680291280650241
973681313424330752
973682900989341697
973683796049571840
973684873448734720
973689961261228032
973691256453910528
973698092347351040
973701748505313280
973705404260630528
973712473755922433
973714216484945920
973717188178792449
973717913369759744
973724400158740481
973724446832852998
973726330104811520
973729515238141952
973730270619848704
973731543175671809
973733446110646272
973737301523263489
973738927231328256
973740146519564288
973746496687390720
973748527586271232
973750258973863936
973751808802873344
973752455958880257
973754876093239296
973755248966713344
973757467728396290
973758446687449088
973760372728451073
973760811792510976
973762641846943744
973763530590580737
973765072450449408
973765671808110592
973766202379169792
973768430515113984
973769613610749954
973769910571749376
973776433561657346
973781194096676865
973781925155475456
973781996869693442
973782738519064579
973782793334509575
973783256826023937
973787486798348289
973790775145390081
973805690895634432
973808516594094080
973809275247185920
973824197427425280
973824409713692672
973825649361195008
973828288983523334
973828827939041280
973832179183702017
973832206123782144
973845972584411136
973848558813302784
973850636243652609
973851876486713344
973852752668323840
973856370268299265
973860040292667392
973869259796467719
973877566170951681
973877802301837314
973878111874965504
973878485587435520
973879028296880128
973883008301252608
973887796942340097
973888270055739392
973889415096479744
973891221990014977
973905857636216832
973909230649356289
973909266745774080
973914874081415169
973916077024600064
973919281057431553
973919476935663616
973923584836976640
973926911729651712
973929502978998274
973929699868016641
973930390091173888
973935792753139712
973937754433257472
973954451567456256
973957135485763584
973964378121949184
973964880700043264
973967762023436289
973969000760791041
973969141249069057
973969207124791296
973970495782572032
973970604666732544
973975106807574530
973975619343134722
973976967413403650
973977290362294277
973979918936760320
973981021225082880
973987975347322883
973988249268924417
973988598633652224
973990291043692549
973990629507248130
973990966724972545
973994468117491716
973995740681854976
973999381375483904
974000939970445312
974001759113961474
974004942565392384
974010461866938371
974020147378733056
974020266887061505
974029499598888960
974034505278349314
974037091079385088
974041018202017794
974043730654134272
974045284635496448
974054072125939712
974060372411011073
974061572812283904
974068954116345856
974073845769428992
974074158786207744
974074608717647878
974080796180074497
974081104440451073
974107239232491522
974112979473125376
974128886899511297
974128889697062912
974130379950100480
974132804270346240
974135868217737217
974137110956474370
974137840371163136
974144222843621376
974156613480218624
974158568189444097
974160862888919040
974168586272075776
974171524797169665
974173647140216832
974174681027682304
974176245939236865
974182197300269056
974189726839246848
974196566910218242
974202847037452288
974206210491731968
974208633083977728
974209025263972352
974210464740708353
974212956996108288
974217951548203008
974244233908576257
974254502428655622
974256071828279297
974257330643701762
974257603248312320
974265692831797248
974266841211158529
974274245835489280
974274936654258176
974276202314829824
974276348461056007
974278069824512000
974279135571927040
974279148557434880
974279589781368832
974280809506136064
974284773949624320
974285236258443264
974292026349969408
974292423517134848
974292669303226368
974293106798616577
974293894073434112
974306807043772417
974309947751137280
974313929412366337
974314423505641473
974320186043109376
974320367660650497
974329609817817088
974330515775016960
974337341228642304
974339112017760258
974340072064671746
974341963720941568
974344996630552582
974349652723150848
974352807376515072
974354656569671680
974357260343263232
974358795877982208
974359339048763393
974362498169151488
974365042891284486
974368071170297858
974368535043563520
974372902618517504
974374098376765442
974381933735153665
974385734227496965
974388471447113728
974391072708231169
974393773835763712
974394105617928192
974395113354027009
974395217943154688
974406605067444224
974406947729477633
974421960837840896
974422626457157632
974443766982443008
974445958535766016
974446719826984960
974450772770308096
974452730218430464
974453699551481857
974453800223244288
974463580065026048
974464694504353793
974478923265466368
974481899111567361
974486060716589056
974486428985057281
974488154274238464
974488542536699904
974489747413446656
974490097717596162
974496611459108866
974506001272582144
974516829275111424
974524073664397314
974524318649495552
974525701930942466
974531961086558210
974532675779248128
974533327519498241
974536057646534657
974553208990220293
974553703083474944
974556606372315137
974557712112496641
974562606445879297
974563049670557697
974566062451773440
974575114426740737
974577152602624000
974586073484578816
974597247492153346
974603313286139904
974605522862268416
974605621428305925
974607658186657792
974622038223564800
974622132331302912
974623020689100802
974624179139104768
974624230292717568
974627628094238721
974628839849512961
974633187661008896
974634315500879874
974638074025168898
974643029163220992
974643195270361088
974643756048797696
974645335124520960
974646102199762946
974646350213189632
974646705068150785
974649934673625093
974650657763414017
974656456581632000
974656537334550528
974657664369156096
974658926024314882
974662460534935552
974662858570158080
974663823285211136
974665541804810241
974667078895464450
974668289795276800
974670484267773952
974670846634717184
974683712267972608
974683928240861185
974691452826652673
974691944696832000
974692357529571328
974694868676210689
974698336124133376
974707051862609920
974710196764200960
974712603044802560
974713596646174720
974715489955000320
974717710608158721
974721376241307648
974725613784387586
974731120867647488
974741639779385344
974741677956124678
974746103772995584
974750704916156417
974762112164786177
974765101042593798
974767146612948993
974770281414889473
974775427838312448
974775791912456192
974778808426422273
974779648969146368
974780769284608000
974782582910054407
974784655307296768
974785194677878784
974788245442715648
974793431049412608
974838057164787712
974838598234189825
974844219029315584
974845562049658880
974847026709049344
974852731797164032
974860854922379266
974861351930785797
974862258734956545
974873150910541826
974873511654232065
974879794688151552
974888213910233089
974888467674161152
974889106491637760
974890601761030145
974899169038127104
974908143380631553
974910519646842880
974910536008830976
974913475351891968
974927432347258880
974944350508482560
974945549223972865
974950475970830336
974950557663268865
974954743138324480
974956795868393472
974956826885279745
974963045477871618
974963350256877568
974971933879042048
974977476278542336
974994586912346112
974995370844368896
974996111135068161
974997000759468032
974998641571237888
975005517696458752
975008818617712640
975010568087072769
975011652730085376
975019145426284546
975024004518920192
975024097225682945
975024341057507328
975025096296402944
975025714943676416
975029848862322688
975031903660199944
975032667854000128
975036052657311744
975039588048744448
975044031922212866
975044697105293312
975046165946425344
975047376040755203
975047422283075584
975051387892482048
975056778407923713
975058691396431872
975060905179435008
975062375698223105
975067010378883072
975070176872935424
975070566746066945
975071592349929472
975071801142366209
975072943259648000
975073072037421058
975075544676040704
975076243753357314
975076882130636800
975077329646088192
975078145442369536
975080105012813824
975082056643473408
975083575396765696
975083876963045377
975084601730314240
975088503632617473
975099535549747207
975103369160331266
975115963845689344
975117875043274752
975118036637224960
975118962295037952
975119140565352448
975119513455915011
975129147335954432
975135862685093889
975144898855931904
975145008947920901
975158305294290947
975164584175853568
975177805616041984
975184292572676097
975191527965298689
975195166502928385
975201351457058816
975202487656439808
975215245076516864
975223742308798464
975231907800723456
975237152312356865
975253210247155712
975262040066490370
975263377328082944
975263408244355072
975285341119754240
975285731601108997
975299225025118209
975307897230983169
975308763375824897
975309252007882752
975311907849736192
975312543349690373
975312604498415617
975312940894101504
975314011276349441
975317498290753536
975317961878786048
975318607705059328
975322436643287040
975325869916020737
975332513618055169
975335580501446657
975339396395360256
975339397733380096
975342318399074305
975343993839128576
975346827955462149
975347700374888448
975348291729870848
975360083205898242
975361965177561088
975362600211963906
975364910019379200
975367782677274624
975372486421364743
975376300910227456
975379090520924161
975382475341008898
975384431996399616
975385303526662146
975386133616979969
975387561320505344
975390354190012416
975392379736764416
975393211911942145
975393476572581888
975395474302750720
975396736826007557
975398297929240576
975399969913032706
975405947060289536
975408474996830211
975409349886701568
975413750164611072
975415005083504641
975416206847913984
975417016243822592
975419138586931205
975420152325066752
975420797417414656
975421099394650112
975421421529612288
975422708337950720
975423577343315968
975426040720908288
975426415704313856
975428825319333888
975429826311049221
975432099380547584
975437741558247424
975441003053305856
975441742504890370
975443624929513472
975447463120265218
975451116526649344
975452184832806912
975453760876089344
975457850762854401
975458799480918022
975461503963992073
975462288722362368
975468388985327617
975470379102818305
975472353386917888
975473373877764101
975477238186602497
975479646446813185
975483859633655808
975484383703584768
975484750923255808
975485588504698880
975485765093179394
975486040105512962
975487148391616513
975489742065184768
975490752968056832
975490897231204352
975492379485593602
975501385113333761
975501483268505600
975502040674816000
975503434454654977
975504376059105280
975506249637822465
975515691020414976
975515826949410816
975525178976456705
975528921969160192
975531863015067654
975533334792167424
975542017836158979
975542063998611462
975549338561794048
975553287083749377
975557461255114752
975569373925580800
975572704643436544
975573237710180352
975573443658813441
975579978829127680
975585900183900160
975586101250396160
975590714556891136
975590873944670210
975601501900066818
975615478562545664
975632707907538944
975637578782306304
975637593525276672
975641002168995840
975642522797117440
975643305257168896
975643320759169024
975645174222151680
975661164817502209
975664026784092160
975665946928074752
975666311832338432
975667362119766018
975678450160816128
975679666517430272
975681436933066752
975682795040321536
975688076101062656
975693821882216449
975694678770241537
975696507012898821
975696847288373248
975697321576030208
975698198185553921
975698394357395458
975699038329860096
975699126628376576
975699652208144384
975702187388129280
975703301835706368
975703442781024256
975704759775543297
975705038701105152
975705420361797632
975706295318794240
975711388881399809
975714165938708482
975715497617559552
975715755965562880
975719796250685441
975721043741593600
975721209852723200
975729372794671104
975731318964224002
975733682450391040
975736902828642304
975740129489948673
975744644666613761
975745545598832640
975748513475760130
975750586330042368
975754656168185861
975758066426765312
975764722392928261
975780401942642690
975793859778277382
975802468201369602
975806286599213059
975806846215884800
975816164248080389
975816246477377536
975816408000090112
975817697479950336
975821494822604801
975825726422290437
975829768921800704
975832610055311362
975840103686811648
975840560496955395
975843553598304256
975850953927634944
975864637454454786
975866858703171585
975869004144242688
975872309637521408
975873589751660544
975873864885506049
975876926735835142
975881594144636928
975889124606533633
975889273063923712
975892701924098048
975899947160735744
975900320873070593
975903115965759488
975906604762763264
975908334023868416
975911343520825345
975911658928459776
975912291957796864
975914137736761344
975914236508434433
975915795610976256
975921209228578816
975925752637132801
975926044539719680
975928472206966784
975930666650128384
975936925725949952
975957203050889218
975960225214877697
975962212027326466
975974871699255296
975978665447010304
975985798708330497
975991463111806976
975993843043708928
975998212136894464
976000981640065025
976002462397149184
976003882856849409
976022363811725313
976023387503054848
976023567124099072
976029117064863744
976029387572301824
976029587225313281
976031162593312768
976040178279223296
976044950113734656
976045309452324864
976050372954480640
976052083370573824
976052354314375169
976053661909553152
976057149418819586
976057323771834368
976058516195676160
976059607947907074
976060873369243648
976061802772598785
976063421031444481
976068463407124482
976068884473221120
976069433545326592
976071107890597888
976072109901295616
976073068333486080
976078711861727233
976081210735759360
976082862431612928
976083335008178176
976084853899825152
976084910917214214
976085298928111617
976086771950907392
976089145067167744
976090006182821888
976096535036514304
976098761167572992
976100449731448832
976101433127813121
976104097341374464
976104813736988672
976111886596009984
976113588246077445
976113628926504960
976117938150256640
976120216051740672
976121461361577984
976122899986829314
976127887064600576
976130928362835968
976130991675854849
976136432917004288
976137730211139584
976138259540529152
976142049119490048
976150637707780096
976151118857326592
976151527822970880
976152898080927744
976157237507952642
976164121182957568
976165386214244353
976169998258462722
976170362739331072
976170952517148672
976171160487518208
976171239357247488
976171475991498752
976171527082258433
976173484652007424
976177303054102528
976177916676460544
976178052886560768
976178154913128448
976178612520054786
976178951415631873
976179105342377985
976181302335549440
976182518675398657
976197802291269632
976197886206726144
976199024108810241
976207694452453376
976208324973748225
976209386971508737
976214092716367873
976216608707432448
976225491437998080
976228835556581376
976231860899520512
976232742592614401
976233086424965121
976233780221444096
976236370388664320
976246190726615040
976246907524718592
976252056888664064
976253799630344192
976255146429689856
976260196342276096
976260615785275392
976263682257649664
976264381024661504
976269644859346944
976274978747293696
976277341008613376
976281119204163584
976285214950469632
976287626243145731
976296875941703681
976297003830321153
976297347670949888
976299330054193153
976300535925030914
976300826997096451
976308609398247424
976312425942106112
976313012293320704
976314906625691649
976314982353784837
976315526359138304
976332495686795264
976333878909480960
976334683817459712
976341749575503873
976342539010686977
976345089478815744
976345179652108289
976346344439791617
976350403649593344
976358062872293377
976358673579732992
976359376553431041
976361446845149184
976361958864699393
976362505189691392
976362688359092224
976363078441893888
976363681578672128
976366831073202176
976367253435363328
976371552123056129
976375421842477058
976375456235573248
976377367160590336
976377367160672256
976377367168942085
976377367185838080
976380623622426624
976381342127570944
976389533590749184
976402304831287296
976403058828742656
976405290760462336
976405572160512000
976407374465519616
976409120566849537
976410173773316096
976416539892207616
976427188361879552
976431981612421121
976432128840929283
976432160738390016
976437313004810242
976442064291450880
976443285270122496
976443797549797376
976447164065959937
976447196445970434
976448396885184512
976449047832743936
976450926025330689
976452551729070080
976455637923221504
976459052111802369
976460015568654336
976460109869211648
976461806880239616
976462117858697218
976462761101213697
976463399885340675
976464625620410368
976465196326760454
976469508079718400
976469878835220482
976474539751190529
976477366091419649
976478640757030917
976478778292502528
976479507262726144
976480464436383745
976480881773891584
976481444192182272
976484725828308992
976484803447894016
976492079290478593
976498257902882816
976499348031733760
976500183512047618
976502989832650752
976503712591073281
976505408805154816
976511454886158336
976511636910563329
976516389908467712
976519312885379074
976523933343088641
976525357313642496
976525991903285248
976530071304462336
976532022079447040
976539903432552449
976540045749432325
976547179023163392
976547842553626624
976558175309660160
976567757960556544
976568244491333632
976573780993695744
976576601566543872
976577607033597952
976578081564524545
976579184091975681
976579745713459200
976584300924633088
976584543993032704
976584825007112193
976585367758319616
976585381587058690
976586818115244038
976590107594711040
976595348088123392
976596936680669184
976597025797169152
976611227706314752
976611956680359936
976612148771110912
976614935471054850
976624167553511424
976625868356321280
976629842035720192
976631396444893186
976634642441711617
976635744247861248
976645119377051648
976649842805170177
976650736145698816
976651988380409856
976653536095162369
976654714258558977
976655767070695425
976656083539320833
976661100946112512
976662396759564288
976663051687559170
976670031026249728
976672325746790400
976676384134389760
976676449166835712
976678655433822208
976678776556761088
976680598164115457
976680984556068864
976683408335233025
976686049056493568
976691743574937600
976695166668083201
976698579132862465
976700328576999425
976704802204848128
976709319054868481
976710911233871872
976720075347693569
976720442793910272
976725275953238016
976732910337261568
976733366694350848
976736447809105920
976739574272724992
976740290668134400
976744770180612096
976747686610300929
976767853226614785
976768078762643456
976772329761136640
976772549458657280
976772671512961024
976773235630051328
976779693109252097
976782668732956675
976782776845393922
976782903509217280
976790866395320321
976792376353148928
976793389277630464
976794380823678976
976803836873658368
976805783873601537
976807858351243265
976811212955676672
976812800940167169
976818867598176257
976821154731184128
976823913345945601
976825309617106944
976825445512613888
976826471716130816
976827250309058561
976838546114924544
976839284627050499
976843493594234880
976843498623242247
976844537153970177
976845189431070722
976845257718497285
976847344393244672
976854441570783232
976864121923792897
976864603543130112
976868312553488384
976870798517555200
976875711716880384
976883379340750849
976890977976832005
976892095515578370
976893910382387200
976896510846689280
976897287631798272
976898391585251330
976898990535974912
976903037208821760
976905275692212224
976908756561924096
976913106449371137
976920391959461889
976924457087488001
976927186723770369
976930046597189632
976935591278448640
976935786745618432
976942950189068293
976943726957342720
976945492763422721
976950190392389632
976950923837747200
976951111469838336
976951239828279296
976951410095833089
976951591298269184
976951769564663808
976952046367772674
976952169277607937
976952192748998656
976952311057559552
976953410770661376
976954079351013377
976955608166486018
976956163504795648
976957079947792389
976958647782727680
976961756206690304
976962378201010176
976963028754358272
976965388864016384
976968610101936128
976968706155798528
976972523400323072
976974849951371264
976975885524910080
976992741593886720
976994941950980096
976995670505730049
976997944233742338
977000455774658560
977001716590698496
977002614595321856
977012049673949184
977013268119252992
977018665349545984
977024870818242560
977025330102915072
977028555077922816
977033738545762304
977034252230451201
977047951234215936
977048382849142785
977054453672087552
977062702601392129
977064093420085249
977066935484469248
977067837339582464
977070041295306754
977081360555769857
977081415572639744
977082523208638464
977082672089624576
977085941146796033
977089180818952192
977090328393060352
977098017374461953
977103254797549568
977109286714298371
977109946390188032
977120430497579008
977124100505300993
977127219746263040
977127808282578944
977130534164983808
977131566379012096
977137931650588677
977138227357270017
977142780693831680
977143557453594624
977147492566470657
977147916199563264
977150404659048451
977154973111898113
977156777065279488
977159303722389504
977162917115285505
977163983332442112
977167868491108355
977179886010814464
977180578108854280
977181175742545922
977181179945222144
977181290272317440
977181948778082306
977184024945860609
977184252281413633
977187361082789889
977189453214208001
977193001184321536
977193205035950082
977193347298316290
977193820742922247
977202880032669696
977203065412620288
977203414798094337
977204848407011328
977205534590894082
977207055491547136
977207270177214470
977208001386905605
977208797361004544
977221840270712832
977224384225136641
977224466005676032
977229242483249152
977239505462755329
977240069638520832
977242340023664640
977242996847579137
977243089118089218
977244265234489344
977248153345908736
977249587353309184
977250109472653312
977251163891519489
977252444110540801
977258859294281734
977262796386848769
977264321859272704
977264826551554053
977273812399087616
977274245737742336
977276013985128449
977280364732444674
977280810180071424
977283056666103808
977286074035662848
977290402960199682
977290869379403776
977291757317689344
977303290403733505
977303511460298754
977304175800344577
977304255521591296
977306781197197312
977316669805625344
977325441357963264
977331804708352000
977335233375715329
977335430516371456
977336939207512064
977341773788794880
977341844458582018
977347625849671680
977347898097717249
977348139685482498
977348313329610752
977352286161707009
977354005947887616
977354085086085121
977355748970762241
977358374210822144
977359519066943488
977360958732623872
977361279173132288
977362265241542656
977362675041783808
977364006708027392
977366219027185664
977366581188677633
977367561405902848
977375030194524161
977375163997016065
977379162842427392
977383583781474304
977388848333377536
977389839426387968
977390359113330688
977397101473730561
977399761916407808
977400112132644865
977404938509729792
977413275116888064
977414447412097024
977424343482486785
977425724654178304
977432059311509504
977439098595094528
977441558579605504
977452977148526592
977453656625876993
977454207757438977
977456537529651200
977458198214004736
977461072570585088
977461515082121217
977462237316239361
977463707017142272
977471674269536256
977477757931106304
977492825695760385
977495930571247617
977498840415784960
977500634936233984
977501176391331840
977501360106156032
977502718985154560
977505024665305088
977505410532986881
977508377264820224
977509553091817472
977511190292287488
977511747325235201
977524877174419456
977531110711275522
977532034754195456
977533244374532096
977535775053987841
977537583814033409
977538630288904192
977538795527655425
977539999712215040
977542664777183232
977542934466883584
977544689783070720
977545543743344641
977550011943849985
977550529885818881
977550624307867649
977550752653742080
977550768612966400
977551911883853824
977552708889710599
977554679797288960
977556990015684608
977557032776622085
977560718747848704
977562344028016640
977562389754327041
977562848908988416
977563914799058944
977564012945838082
977564970933211136
977565482227150849
977568050798125056
977568891751682048
977570817805553666
977571381914161154
977573266431889408
977573686684270592
977580607277535233
977582217433112577
977583142981783553
977584057101045762
977588951023280128
977590341032382469
977593880802717696
977593892324470784
977595249626353665
977595665688809472
977596342301212672
977596528465530881
977597229463736320
977598523242942465
977598563944460288
977598654948233216
977602339677855744
977615011056181252
977628075470082049
977629229591515148
977630870558396416
977630945636478981
977634891251834881
977636219973758977
977641186885357570
977641308927004674
977653261032480780
977653420701175808
977663210454003712
977670260525555713
977677536825094146
977681625445294080
977688033058283521
977695776599093249
977700347140599809
977700777450852353
977701626373959680
977705838302375936
977711841597116416
977714218504896512
977717045503684608
977718238779002880
977719149773254657
977731974038093824
977733139048091649
977734627992440833
977737601351380992
977738139900022784
977740032722251776
977740479734272000
977741577123753985
977741927478067200
977742253685796864
977742321197436928
977742541389938688
977743313150373888
977745459782578176
977745909135032320
977746521197301760
977746859019112448
977749408401027072
977751454294462464
977751989487534080
977758281790820352
977759779581059072
977765014068228096
977767717301358592
977767874168348672
977767955948888066
977768029764304898
977772523138957314
977775635312541696
977781960323059712
977788677177905152
977788829737381888
977800391352971264
977801867509092354
977802519534538752
977803467447140352
977808714915721216
977815521029738496
977815957249970177
977819122670055425
977829503564042242
977830267359547392
977839181094424576
977841402410422272
977847021510983681
977847426282414080
977854151815237637
977855228388225025
977862816005795840
977874220322578432
977874497972985856
977880373949534210
977880732411580417
977884965714067456
977894689364901888
977894989253500928
977895071046623232
977896250480750593
977899053580242945
977900498488582144
977902209324249088
977904302860640256
977904840406859776
977906394820173824
977907458080419845
977908235683409920
977909251124486144
977909717132566529
977912472366698496
977915646187945984
977917646548201473
977917915742715906
977920416395096064
977920549774151680
977920653348294656
977921164663230465
977921967029448705
977922055923527681
977924779222224898
977929216430714881
977929440469626881
977935805707677703
977935855196262400
977935934065913856
977936935233695746
977939989949493249
977940125836627968
977943223732711424
977943883941281793
977947130907172864
977952467974582272
977954142340526080
977964882300751872
977973827408838656
977974402515050502
977974854258515968
977975987534286849
977979943605841920
977981457779036160
977984250845646849
977989735657418752
977994241174593536
978001624378490881
978022938447351808
978025037427916800
978026088520671235
978026822939168769
978028929335398400
978029011518533635
978029112186015744
978030138112823298
978031554051149826
978032906533613568
978035570994708480
978037045313470464
978039653747052547
978044930592567299
978045230883549184
978047178739367937
978048830024310786
978055620493328384
978068546617008129
978070230219087872
978072745958363137
978074765935239169
978075983524790273
978076526678863873
978078178433552385
978079737431015424
978083473754791936
978084185515556864
978088238043811840
978092955792789504
978093109727948800
978097632856952832
978102788503801857
978106923257020416
978111847781093376
978111981994627073
978111993293848577
978112819571974144
978123712615632897
978130969621417984
978139891971252224
978142791854444544
978146151676416000
978150418982240256
978150487366107136
978151092184690689
978151285147844608
978152478243000320
978154068467179520
978159469463875585
978160469813772288
978162959976484864
978168553093455872
978176215231102977
978185019935031296
978192117104349185
978194831334756354
978197630114295808
978197807076167680
978198183724503040
978200372320915457
978204775110987777
978206131943235584
978219763200679937
978223337812971520
978223760179376129
978227756113846274
978230271848992768
978237298562215936
978240781084430337
978242786804805632
978244463259799552
978245624696098816
978249959085608960
978250698113495040
978254413402902529
978260506074079232
978269727389880320
978269752807383040
978269921460281349
978270698664857601
978273915658227713
978274442907353089
978275829540179968
978277076510834688
978277099160023041
978277331113512960
978280598870642695
978281502353043456
978287081175863296
978288213239484416
978288554219659267
978290253768245253
978291642900930561
978291667227893761
978291768734175233
978291797104279554
978291846324670464
978292258192744448
978294057158918144
978294085265084417
978294563814166529
978299308402462720
978301017610686464
978302410102751232
978304069675593728
978305558766694400
978305571785883650
978308643664875520
978310790309666817
978310992504459264
978311234511626241
978317361957801984
978319720305823745
978320581484564480
978320705472233473
978321201188737024
978321295791321088
978323468860129280
978323603908423680
978324954080075776
978325243646435328
978325976643002369
978326577674104832
978326807232606208
978327262184591360
978327602677993472
978328742341828608
978333435784826880
978334628225343489
978335876425113600
978337550384402432
978341054322741248
978341286678843394
978343791101992961
978345530072977408
978348966449504256
978349200487444482
978350777990352897
978352313072017408
978352467871240192
978355311168942080
978355667277959173
978356873152917504
978356885282869248
978357944776581126
978363045461229569
978364313420394496
978365880814972928
978365882484363269
978366038541832192
978366532605693953
978366572896096257
978367044340068352
978370157319016448
978370431655833606
978370513415352322
978371334676860928
978373069436801025
978376553649377282
978377533858103296
978379662056480768
978382380800102400
978383099263320064
978384081187729409
978387394650091522
978390547109990400
978393960841433093
978394934750400512
978395586163552256
978395768578035712
978398937060139008
978400196114681857
978402331405373441
978404976778244098
978405272245846016
978406777392914432
978408814142771201
978409931522084865
978410438588289025
978417969058537472
978419526827114496
978420454267473920
978422318950121477
978423855323721728
978424521374887936
978428274379386880
978432254002253825
978439921600991233
978441356891836416
978447398291759104
978451540552843269
978456051212316672
978462733162119168
978469443213938688
978474900418473984
978475348819042304
978477939217108992
978488510117183488
978495717177208833
978495877407948805
978496406913626112
978499925754310658
978501317424484352
978504649790705664
978506643359989761
978515753363230720
978519378072358912
978519796269666305
978519905317236736
978520237099356160
978527351448379392
978532695427993600
978544702860464128
978546254769741824
978547442588282881
978548583019393024
978553494981529601
978565809457917952
978568201905852416
978568629955506177
978571283456720896
978575497469812736
978578018317815809
978582101804158976
978585895153659904
978587855118327808
978592320374394881
978594750172450816
978600046722797568
978601471947231232
978603138755321856
978603449578344448
978603537209937921
978606876316393473
978609118561931265
978610988835487750
978611997557243904
978618647630569472
978620082061328385
978620852634701825
978622487939485697
978622920791486464
978623872026234880
978623973125738496
978624685733826560
978625203818283009
978625415949545473
978629481907785728
978633758445375488
978635449982955521
978639825497620483
978640686600933376
978643372255662080
978643712795336706
978645079287050240
978646765816700930
978647996018634752
978649154892259328
978649963134627840
978650614942101504
978652442798804992
978652567365439488
978653761492090880
978654032444215296
978657506170933248
978660113329328128
978662019233730560
978662123676033025
978664080314683393
978666166561452032
978666664450576384
978667124561506304
978670841406799872
978674258695086081
978676620444688384
978676756348420097
978678820520722432
978704395972964352
978706355979776012
978710541463162881
978713542483423232
978718033765195783
978719473233465344
978719747574464517
978720079729823744
978723493884973056
978728272904249344
978730510536138752
978731578124914690
978732001636253697
978733327430635521
978735731182067712
978737059530764290
978737531062648832
978751751338606592
978756172969689088
978758251662606337
978758342679126016
978772995891179520
978774632940453888
978776537167052800
978789097018929153
978795548252819456
978798163405484037
978799335298052096
978799839440982017
978801190438764544
978811946735734785
978816095321755648
978818413924675584
978824706215333889
978827447197106176
978829931504422913
978830034680143878
978834896276910080
978839026630320128
978844239512702976
978855606516936706
978857459967197191
978860226928627713
978863014895120385
978864248016265218
978866379339202560
978869743879905281
978870059635560448
978875681689014273
978877015049883648
978877358588547074
978881627123220481
978885205695123456
978889884021739520
978894712097603584
978894928993538049
978896371343347712
978897377565315073
978903004245037056
978909580045545473
978920973037645824
978921955758714883
978930895523647488
978932766174740480
978952502375796736
978953107311906816
978960522405208064
978972907782094849
978976071965073408
978978880441765888
978981051858145281
978994952603660288
978996418936532992
978996439048220673
978999644951728128
979000132996882432
979001461320294400
979003441044508673
979004157414735872
979012949544198145
979015206914445312
979015297515565056
979017926048210946
979020608313942017
979043973129031680
979044112786653184
979044207590563840
979046207841587201
979052256875155456
979052541664288769
979054178701053952
979057608408666112
979062690181197825
979064282372505602
979065074232037379
979065291811500033
979067315693260801
979068931251015681
979070443628957696
979075457390821378
979077315316604930
979080512219287553
979087078377091074
979088409665949696
979094173889409024
979096638990966785
979099542405591040
979103848383090688
979104108530601986
979105527874621440
979106662152916994
979107378401443840
979112499227365376
979112607012433920
979114310227169280
979116517379006465
979116848208900097
979116918790639616
979121657905377280
979122336551989248
979124943312039937
979126593770672128
979133594487742464
979134123800481793
979134823401865217
979136700852162560
979139819669397509
979140972264247297
979145909811298304
979146302805114882
979153832423735296
979156137772814336
979157175263223810
979158366902616066
979160893929000960
979161654800896000
979167662717587457
979179116095332352
979181240921272320
979181425076383744
979182134341525504
979182516857810944
979183012188426241
979183052457877505
979183227771404288
979184210081558528
979185180635287553
979185413419134977
979185916760670208
979186053901795328
979186907040157696
979187354962292736
979188177905770497
979188417828331527
979191748512632832
979192899438088193
979194620759375872
979195740210769920
979196275831791616
979198100509044736
979199982761754624
979207599219511297
979217257833275392
979218852520144896
979229190271787009
979229427623178240
979244082521354242
979246076506099712
979255938962964481
979257117168295936
979261579895169025
979262757877858304
979263288231055361
979266768245018624
979269782712315904
979274974841229317
979288702655582208
979289446074994688
979289886846062592
979289924343091200
979290743519969280
979290927423508480
979293992654340096
979295317194493953
979297994007875585
979301323857387526
979301328701685760
979314003657797632
979319860185436160
979325035172245504
979325919679668225
979326268662575104
979328628633866240
979333640118329345
979341725507489798
979343249503604738
979356953750179842
979358067748941824
979358394480984064
979360419499319301
979360601536368642
979361316656812033
979364070234165248
979366468549730305
979367385000849408
979368851749052416
979373981143674880
979375741308755969
979376521432502272
979378292682887168
979382208694800385
979383966749810690
979384150867267586
979389557765439488
979392797856976896
979395917408362497
979400346756894720
979402354159243264
979407205274447873
979415105254383628
979421086356877312
979421129960927232
979434325241417729
979434328580116480
979435842329485313
979444082434019328
979446617890852869
979448971314847744
979451245063794688
979453632025423873
979458787533905921
979459823682105347
979460707753365504
979460726719905793
979466798818054150
979468377600221187
979468770124156931
979468824704700423
979481061519429632
979481793006063617
979482826067365890
979496180328665088
979497220872527872
979498865509437441
979501545451606016
979513173807054848
979521663216771072
979527519333478402
979541614296154112
979544680756072451
979544705498099713
979555606917861376
979556144791240704
979556731389804545
979577200860053506
979582310763806722
979592998278266885
979598125802369024
979607131421724674
979623231924637696
979629491235385344
979629655257792512
979630518416191489
979631643764850688
979649704421191682
979651351541112832
979663170246717440
979668372857151488
979673380424159232
979676701906096128
979686869314174977
979688939639406593
979689833428869120
979692170490843136
979693165278937088
979693806265217025
979697727129964544
979701721848078336
979707411358502912
979711291072892928
979713014457913345
979714995893297152
979716039431938048
979723686092648448
979726837260546048
979731918253117441
979733777864937472
979733789751545858
979746409137270784
979746979138887680
979748735709138945
979751622669717505
979754439564251137
979755221785161729
979755704545415168
979762482955694081
979768652386926592
979769572206067712
979776209272926210
979783357201600512
979794362082054145
979796552473604101
979801245484572672
979801472819974144
979804853420507136
979808799409106944
979812161139519488
979814342806966272
979816744695906305
979819390861443073
979825846746779648
979829410214961157
979830928557080576
979837923167277056
979844657344598017
979846262081097728
979847780007989249
979860070149345280
979864203547873280
979870891487064065
979872156040523776
979872929897897984
979875154321858560
979875158759542786
979875533302521857
979876449749381121
979880212488957953
979881477893771264
979894130183688192
979902424235126786
979907311450832896
979909103274418176
979912423867080704
979926131733352448
979928305183866880
979929903985504257
979933818630090753
979944897028423680
979945481731301376
979948998227316736
979951368008998913
979952457282408448
979954257053990912
979955782103027712
979962787119222784
979967705238224897
979975490277580801
979979746032406530
979981842538553344
979986452531462145
980001889491259392
980006365556068353
980014393210654720
980014592121344000
980042792499138560
980054339409588224
980054846916177920
980061373693595650
980064195969536002
980066921478524928
980069743007883264
980072128304369664
980072595105173504
980075242977599488
980089625690730496
980092397836267520
980093663131947009
980098026822885377
980099876141740033
980103262614491136
980108439656448001
980110305278783489
980110793479000070
980110855995056129
980111197390426114
980112616751280128
980117303881797633
980124787774124032
980132939420831744
980134625535283200
980137111910195201
980139933020106752
980141170310438912
980143895366414337
980144886069411840
980145992090693636
980152390094671872
980154641605451777
980156639344029696
980159881528401920
980172120348086272
980174857299267585
980178603211087872
980179052878209024
980183810896793601
980196412230168576
980197777065021440
980199455197556736
980201330487758848
980204852021284864
980207285984165894
980212147174207488
980220591159566336
980231164991590402
