1013211543973003264
1013211892951601152
1013213186483421185
1013214083208884224
1013214098761318406
1013214636047519746
1013214847780245504
1013215222407008256
1013216418614128640
1013216835095924736
1013217320368590848
1013217685713440768
1013218297670758401
1013221000039694336
1013222387540807680
1013224652460756992
1013224683506929665
1013225083626819590
1013225437219000321
1013225443917365248
1013227020967399426
1013227218124845056
1013227619494649856
1013227649290907648
1013227700440297474
1013230267362766851
1013231514337697793
1013234883181752321
1013236996695871488
1013237543641337858
1013238909743042560
1013240398720983040
1013240573203865600
1013240628573036544
1013242937516412928
1013243116596314112
1013243644667719680
1013357297219899393
1013578082920300545
1013764741251117057
1013778359556468736
1013781252070166528
1013799137119268866
1013802397112590336
1013814770284290051
1013858749440839680
1013890993375141888
1013893262480891904
1013898920622280704
1014039555622821888
1014041929619681280
1014084770236518400
1014095948048314368
1014101836834299906
1014108128323911687
1014108270917648384
1014116203701338112
1014124192470618112
1014126411286765568
1014142666840444933
1014156363365212161
1014157742716538880
1014160404728242176
1014165145654706176
1014167842596352001
1014207331977003015
1014236809562243073
1014246976542691328
1014297043962036230
1014300514773864452
1014300948863127557
1014304228871983105
1014317907864707078
1014319051466792960
1014319605089734656
1014355927770648577
1014368795891154944
1014421666951258112
1014472059651436545
1014491128731717633
1014499314276667392
1014520407397789696
1014551193622892544
1014577387038797827
1014607690520199168
1014634945464209408
1014848562415349760
1014849207297953792
1014850369896058880
1014853720377475072
1014857308659122177
1014862746486235141
1014866831755087874
1014875249723236356
1014885190211026944
1014926734800642048
1014940123023040513
1014972381423702016
1015102551639773185
1015114595546124288
1015163998185009152
1015209458387976192
1015209546313170946
1015211330905825280
1015246470805671941
1015284497867145221
1015284655724081153
1015288501934358528
1015301889485955073
1015315316103147520
1015329673201569792
1015404860299079682
1015430076450537472
1015437282285780992
1015473206491148288
1015532661023170560
1015536985065377793
1015557440698552320
1015591066437935104
1015600595871281154
1015600724485574656
1015625514525118466
1015636624951177217
1015689301219250176
1015711417909952512
1015715477887311873
1015728014632603649
1015757102156009472
1015758960220090368
1015759408989659136
1015814182426546176
1015887707501989888
1015887939279220736
1015940162524721152
1015944077139902464
1015944340064129024
1015988607214149633
1016002632496926720
1016085960105385989
1016096874095349761
1016107888572592128
1016159537215127552
1016177589520482304
1016186494028079104
1016187635126054912
1016273274865668101
1016280396093448192
1016305327023771648
1016357013423521794
1016361572632027136
1016378723774423040
1016381952776196098
1016434331248746496
1016520201213497346
1016530833795100672
1016537980880728064
1016572424496689152
1016611653813760000
1016623708268650496
1016758790035828736
1016763929538654208
1016801131496759296
1016917741545119744
1016921059260600320
1016931686620119040
1016943184214216704
1016950452926087168
1017031769915305984
1017036717180715008
1017059260239400960
1017075062011236353
1017080744806580225
1017088307115843585
1017092425926434816
1017129130280869888
1017150668040261633
1017154132535177216
1017157825842335744
1017167248119787525
1017275196913389568
1017370535959891969
1017394629707227136
1017446660060917760
1017483305720205313
1017521469671247872
1017524910850232323
1017576989685895168
1017601991936180224
1017613786323222530
1017713438737326080
1017726164289216512
1017731276768505856
1017735425333628929
1017746499889815552
1017746867394940929
1017750101194936322
1017751770506891264
1017758510770245633
1017761429984874497
1017765263591145472
1017780748970070016
1017805839279771648
1017843923576815617
1017959036229246977
1018071425813540865
1018090779342983169
1018106117900128256
1018114048741658625
1018123310339481601
1018174410325413888
1018174623467429888
1018196110882504704
1018217360128438272
1018260170479144963
1018308073100898304
1018308925085683713
1018324691470069760
1018333713405489152
1018334858471407617
1018346820613869570
1018358745045393410
1018360875726573568
1018420170598047744
1018473770523082752
1018483777230733312
1018489917670871040
1018490597147959298
1018516211771039745
1018521148475232258
1018539028780642304
1018604854208614400
1018618275985383425
1018701724608065536
1018750503134605312
1018823202510815232
1018859792377397248
1018877538473426944
1018901018220716033
1018906214485430275
1018921775806275584
1018921968756756480
1018922014902325250
1018924338517610496
1018964108102623232
1018991533951942658
1018992642787565568
1019009413410148352
1019036573923409920
1019072313562628096
1019077187356553216
1019107805796675584
1019177112471625728
1019188667749928960
1019231737761685504
1019242925300035585
1019244758185709569
1019268023067258882
1019269945006350336
1019341596293246984
1019459987192582145
1019460274124804097
1019473565857427456
1019492420776611840
1019518886205689856
1019519501862252544
1019519887776141312
1019544764159549440
1019581642493644800
1019583712479076352
1019606772779311106
1019658220107902976
1019713442293469190
1019726130058874880
1019772265406320640
1019775042689921024
1019778886027087872
1019784221165084673
1019795537430708228
1019904253786312704
1019950508545576960
1019972377663492096
1019976400013438976
1019996342624628736
1020078434842808326
1020081664456871936
1020094985536974849
1020109695732903936
1020169589622263808
1020170000693432320
1020181524530966529
1020229261997891584
1020250694912290816
1020284731689259008
1020305481343152128
1020330034370957312
1020355938354647040
1020374036789039104
1020382223319658497
1020382412839284738
1020388893991022592
1020449270040875008
1020460007140339716
1020551005476442113
1020644838264406017
1020673086461566976
1020675506574802945
1020682977548828673
1020682989213241344
1020692321564676096
1020693797930393600
1020707689486143494
1020778485139136518
1020826711238299648
1020927034795724800
1020931258489233409
1020931409450500114
1020954499102359553
1021012787420594177
1021014553159786503
1021016839051272194
1021027702340538368
1021035952519766016
1021063198689120257
1021064779933388800
1021077123782492160
1021085051021246465
1021085406236835840
1021086720345817089
1021090247776587776
1021091078215106560
1021093090281500672
1021096195274526721
1021129594521489408
1021142076736638976
1021144152946479104
1021157201417711616
1021165313218547713
1021196061648486401
1021248834410647552
1021386994746904576
1021400248776896513
1021419019344142337
1021419056040169472
1021426207294775296
1021445928945897472
1021469102920126465
1021514505816289288
1021528347677999104
1021549251405520896
1021633309460365312
1021734051009449985
1021741560248061952
1021761925833744384
1021796031674114048
1021811667729035265
1021860071033135104
1021896875329376258
1021897819152560130
1021909449852833793
1021992009324789763
1022005751064215552
1022008579761557506
1022016098412257281
1022089133823549441
1022095940834869248
1022130363202715648
1022131771624828928
1022133447278645248
1022133505348788224
1022133868793671680
1022134126638456832
1022134419937808384
1022136641350062080
1022139489144250368
1022139703502368771
1022140611560796160
1022142355548323842
1022142769106743297
1022152457512730625
1022155112100184064
1022159601687572480
1022162414727442432
1022162515269222400
1022165113623728129
1022165328586055681
1022165689279250433
1022166864959549440
1022167300328382464
1022167320918216705
1022168297310179329
1022170964912680961
1022172499180773376
1022176778616545280
1022177161137008641
1022177934143115264
1022177972328034304
1022178842222452736
1022181034492932096
1022181616330989568
1022187142884347904
1022190122236878849
1022190356425781249
1022195739647193091
1022208431783112705
1022213076794449920
1022213116791205888
1022213170071523328
1022217245248970752
1022222442192822272
1022225186530242560
1022230258521702401
1022243564930191361
1022244582598168576
1022247346581762048
1022247418665033728
1022248409867202561
1022248663131869185
1022248747437314053
1022249000353681408
1022249024651493376
1022249393750257664
1022251061820706816
1022257722404691969
1022257786531405824
1022257942152785921
1022259163534176257
1022266961588367361
1022268203118952449
1022270069986840577
1022273090330345472
1022274960964837377
1022279867885223936
1022282575325417476
1022293532948611072
1022297153044185090
1022298836646150146
1022301467007430658
1022301492039041026
1022305312655560707
1022310339986112512
1022311218013458437
1022311799956357120
1022312449675067395
1022313691184869381
1022313716359094273
1022315161301016577
1022315709047525376
1022316344908361728
1022317854501289984
1022318131568492545
1022318224380256257
1022318379154190338
1022320023761768448
1022320290569875457
1022324658463559680
1022325311902543878
1022334083903447045
1022341627774304258
1022342069845549056
1022349661946998784
1022353437659471872
1022355547801219073
1022365175851020288
1022365477656584192
1022365661576785920
1022367335477379073
1022367721365954560
1022375343275962368
1022379799279353856
1022382370400464896
1022382440449499136
1022411378626375680
1022428702947389440
1022435071846965248
1022436946780581888
1022437777588318209
1022440875048218626
1022441610309709824
1022448098482835456
1022448895006310400
1022452105725071361
1022452223169777664
1022454011604152322
1022457893889560577
1022458376230510594
1022467274853306368
1022470210454990849
1022471269105582082
1022473229083070464
1022476750624903169
1022478705598312448
1022479784792780800
1022484519750914048
1022485133348286464
1022485262545416192
1022485660572282882
1022486651694665733
1022487269519843329
1022488884356108289
1022489631345008640
1022494022357737472
1022495454712528897
1022495760468897792
1022501431994146819
1022511030658727936
1022515461936881664
1022523876155248640
1022524161133080576
1022525459077189638
1022530882748465152
1022531237980848129
1022533591392108544
1022540815695048710
1022540837929078784
1022545066882084864
1022545466309918720
1022545522102493184
1022551233687642115
1022552227561578496
1022554487960072192
1022554930727530496
1022555640030420993
1022560327098097664
1022575657669279745
1022575693002104839
1022575700539269144
1022576795579830273
1022577010000850944
1022577463765950464
1022582099394670592
1022583648753799169
1022584165076746241
1022584345016631297
1022592904735469568
1022597523930841089
1022597531916750849
1022601319759142913
1022605545918869504
1022605730073980932
1022611664963686402
1022623288294612992
1022624965353455617
1022625153384153090
1022628548371206144
1022632787952656384
1022633414359437312
1022633545456476160
1022633597478608900
1022640090235985920
1022640765929971716
1022642649046675456
1022644347047739392
1022647790445514752
1022647884100120576
1022651826762596352
1022655154171064320
1022665541285105664
1022675991322394625
1022677191224713217
1022681376947154944
1022682999949860865
1022687263581294592
1022687972821557249
1022691018334986240
1022692101413384193
1022693086529552385
1022693717470269441
1022696165551173633
1022697451113701378
1022698466911367168
1022699403973459968
1022699482025209862
1022700260894957569
1022700951700946945
1022702116849295361
1022705573832351744
1022707756107587584
1022713243918381057
1022717824911925248
1022718480104284161
1022727849361461249
1022728860574597121
1022730022820438016
1022736031169368066
1022738669403299843
1022745462057529344
1022745857580560384
1022745944826302465
1022759758648901633
1022761385309220865
1022769738697637888
1022770902629580800
1022783389898825728
1022790897279238144
1022791038635847680
1022810589939331073
1022817055907688448
1022817216952250368
1022818110783545345
1022818133000814592
1022819777562243072
1022822001419976704
1022823359938260992
1022825302752485376
1022826261574569984
1022828314342445056
1022829128360316929
1022830871919906816
1022832683049799681
1022837266144796672
1022837775744348160
1022840212240715777
1022841857657761795
1022842997732458496
1022843328864440322
1022843527351418880
1022844417839951872
1022844668675911682
1022845748721803264
1022846405520580609
1022846675252068353
1022847978804060160
1022851192911814656
1022856347614961664
1022856552808673280
1022858881058394113
1022860484960296965
1022860860811870209
1022861008438738944
1022861846011932673
1022862736898883586
1022864590382743552
1022864714844577797
1022866575945125889
1022868769998135296
1022871069315792896
1022874463757586433
1022884400919465984
1022888541951545346
1022892723219652613
1022893146424926208
1022894482558136320
1022895735182774273
1022895769567649792
1022897555926142976
1022902920528965634
1022903159079858176
1022909060885176320
1022909332692852736
1022910194173575168
1022917729714663424
1022924248048955392
1022924267330121730
1022929985869238273
1022939049756188672
1022940666429505536
1022942898206265345
1022943188670066688
1022944430213365760
1022949813413994500
1022950327383863296
1022957130985492487
1022957700995534849
1022958815816310784
1022959459855941634
1022963143079649280
1022969453586407425
1022970819511820288
1022977185160650752
1022978324933627905
1022987537604911104
1022988407885242368
1022988492609998848
1022993995113394176
1022994459448016901
1022995663628337152
1022997416021245953
1022999097937219584
1023000607039348736
1023001055167037440
1023001341449330688
1023007986074177536
1023010899022336000
1023017770554941441
1023019706230484993
1023019911382228993
1023020485494427648
1023020798401904640
1023027294124826627
1023029602237775873
1023043259336204289
1023045805077409792
1023054130951213057
1023057493914734596
1023059508904452096
1023067189086224384
1023077874935455750
1023100176850989058
1023102941761290240
1023117228386988032
1023123323151155200
1023125730232819712
1023129533648658433
1023138082470744064
1023154319871406080
1023161234840010753
1023161838605934592
1023164648756047872
1023164765370298375
1023170801577734145
1023175114395869186
1023176790846697472
1023178165747937281
1023181518678749184
1023183643106312194
1023184233643225089
1023190939106332682
1023191497771036673
1023192621827731457
1023193588614746112
1023194605750308864
1023194612893147136
1023195121670676480
1023201754106748928
1023202335030435840
1023202388692422656
1023204141634486272
1023206816380080128
1023212298591195137
1023213498162204672
1023215218644508672
1023216666971398144
1023218673945694208
1023221558779596801
1023223694909468672
1023226636194406402
1023236056391536641
1023239438657351680
1023243401557356544
1023244795626627072
1023244856045580294
1023247268999299074
1023248195965661184
1023248610786463749
1023251192367865857
1023254195074473985
1023256821220474880
1023258902333276160
1023262579903406081
1023262675071954945
1023264721913430023
1023266606451961856
1023267470021455872
1023268152036274176
1023270598385053696
1023272116089749505
1023273241840893952
1023275316750508032
1023276542728785921
1023277545406382081
1023281407714623494
1023282941550620672
1023284639014809603
1023293318262915072
1023293612317130753
1023294976720101381
1023298004575576064
1023300964089044992
1023308635445886976
1023312472844001280
1023325730174914560
1023337510720733185
1023347423752675329
1023347493994676224
1023349274501951488
1023349647744688128
1023349810080960512
1023350724028129280
1023351369955241985
1023351482802941953
1023352274662318080
1023354229648371712
1023354891509485568
1023357111110004736
1023357578850357248
1023358210852433920
1023360810494640128
1023360864185769984
1023362372050845696
1023364995990671366
1023366694285312000
1023367716860780544
1023369780017983488
1023372047043325953
1023372325125808128
1023372942086955008
1023374437372985345
1023378689126555654
1023381823118893058
1023383246686617600
1023383431219036160
1023388603626340352
1023388717711470592
1023389283124686848
1023390758257221632
1023395684026740736
1023399174950141952
1023401826614472705
1023401978028646406
1023402530401923073
1023403274899079169
1023409172484784129
1023411614844956672
1023411663918133254
1023411902444199936
1023413413773434881
1023413995523502081
1023414360000028672
1023418588076470272
1023419180102688768
1023419925061201923
1023422535550087168
1023423438185275398
1023424121265246209
1023425550847754240
1023425741256417280
1023425846961496066
1023426495803478016
1023426551612751874
1023427082171367424
1023427699988152320
1023427852375601152
1023428254076567552
1023436634291748864
1023437589758570496
1023439682695249920
1023440497228935168
1023441987477925889
1023443119960993792
1023447117514211328
1023449023678701568
1023450573012647936
1023450727157514240
1023450989708361728
1023452261442363392
1023452281981857792
1023455019612491776
1023455590448693249
1023455615832793088
1023455764709613568
1023460777133395968
1023461971251916800
1023485049130438661
1023489607495766017
1023489791357149184
1023498858041679874
1023508729755516928
1023519686288441344
1023520774550900737
1023524491551535104
1023530776720297984
1023534521206157312
1023538227880357888
1023538677098668033
1023541527954554880
1023544759636385793
1023545885005959168
1023547823596490752
1023550143499579392
1023550941222584321
1023553017428275200
1023553272005775361
1023555433766768640
1023556423727435776
1023556880784863232
1023560980285063169
1023562562380746752
1023566558323531776
1023568642447949825
1023571033616527360
1023572070058401792
1023572296936566785
1023573239409324032
1023573458360381440
1023574556831895552
1023576389348478976
1023577283557089280
1023582110563688448
1023582539867467777
1023582838514315266
1023584157593686019
1023585455743401986
1023585866776801280
1023586604202577921
1023587461455392768
1023588619100016640
1023589218860314625
1023589933582352384
1023590445878788098
1023590500740292608
1023591473726414848
1023591573567823873
1023591610867752960
1023592382644846592
1023592406967623685
1023593979412205568
1023595267919101952
1023597923337220103
1023599616149868545
1023599909331714050
1023601474624872449
1023601658700410880
1023601877928292354
1023601951928463361
1023601997705109504
1023602042122711040
1023603098953150465
1023603196990824450
1023604234053447682
1023606810190794752
1023607071508520960
1023607510979305474
1023608147599077377
1023608190561382400
1023609912050548736
1023611071607857152
1023612166765666305
1023614860746285058
1023617086243786752
1023617406277693440
1023617706661040129
1023621101925019648
1023622045190500353
1023623314806398977
1023625184626917376
1023626300307779584
1023628326131453953
1023628879662002176
1023630434209607680
1023631057038569472
1023632257477697540
1023634621785886720
1023636603175165953
1023637672718348288
1023637822488625152
1023640133516644354
1023640971014225928
1023642184967483393
1023642769691209730
1023643235216809984
1023643358667960322
1023644435618439171
1023646381473452042
1023646897687416832
1023647055393316864
1023648884013314048
1023657854065094658
1023658390365655041
1023658731064762369
1023659540145991680
1023659673545793542
1023660318604648448
1023664534664499200
1023665531084201984
1023665852585918464
1023667456064114688
1023667612113399808
1023668942533885952
1023670086161321986
1023670142931222529
1023671366417932288
1023679585995681793
1023684129265803264
1023685343525183488
1023685483191324674
1023686098902568960
1023687774959030273
1023689832239837184
1023691694544437249
1023693785820278784
1023694837734887430
1023709126067724288
1023715433441058816
1023721945102254081
1023722351526064131
1023722503968096258
1023723929414721536
1023728597696053248
1023729450364686337
1023731334961930240
1023731547139174401
1023736828602540032
1023738052902977536
1023742769830014976
1023745259136724993
1023755466415980545
1023756362738814976
1023757662117392387
1023758533681139712
1023761604763164674
1023764585243914240
1023764724918378496
1023766750356234242
1023766784296534016
1023767898538627073
1023768221957189632
1023768805959446528
1023768818143948803
1023770356614451200
1023775898540146688
1023789439859019777
1023796092998221824
1023797843436494853
1023798108654841858
1023800342885158912
1023801126838255616
1023801322984878081
1023802488338690048
1023802617506529280
1023807019835371520
1023809599776817153
1023810612281802753
1023811233873448960
1023821251536736256
1023825244124000256
1023825929053847552
1023828162931826689
1023831006225285121
1023838557667028992
1023841419436470272
1023846992001163265
1023854290060959744
1023859403768913920
1023874416047022080
1023875498596884480
1023891938548822016
1023893553779494912
1023894023965159424
1023896234535407616
1023896993964412929
1023897243118518272
1023898836539002881
1023902636989460481
1023902679767105537
1023903627684003840
1023908478434377728
1023914453195206656
1023925022400884736
1023925798749782016
1023934476794118145
1023937021465767936
1023939195390312448
1023942143541297152
1023943624122425345
1023944108258156544
1023944443714514944
1023945364376678401
1023945869773524992
1023946316240572416
1023946559325696001
1023947768530919424
1023954646778490881
1023955910517960705
1023957906146910208
1023959617431384064
1023960376172400642
1023960608964837377
1023962143262158848
1023962607152234496
1023962618036461568
1023964919039971329
1023967530002595841
1023970159411646464
1023971376175243271
1023972661293187072
1023976406395445253
1023977811500052488
1023978341651632130
1023986863210749953
1023992729364250629
1023994240995450880
1023997965944250369
1024000137729695746
1024002179982675968
1024009245279350784
1024010993037336576
1024015045154430978
1024020182354874368
1024021399948722176
1024034409845071873
1024034594419605510
1024036555659337730
1024037140747964417
1024039914910842880
1024049359598575616
1024051935467515905
1024052487320428544
1024055307570438145
1024058413423177728
1024058649570725888
1024060931381317633
1024061877997973504
1024062989014585344
1024064560615972864
1024064759006744576
1024065479999012864
1024066776017985536
1024067013428146177
1024068183660154880
1024080885451313152
1024081151994949633
1024082016848015360
1024084908002697216
1024098117136920578
1024098530653290496
1024098610789736448
1024100026396696576
1024107640719388672
1024114879660089344
1024122749881438209
1024124778867818496
1024134092533555201
1024134703195086849
1024138804821741570
1024139800964526081
1024142168636633088
1024142755856109569
1024146484625731586
1024147664047357952
1024155592078893056
1024155746047586304
1024161368491081728
1024161755616796674
1024162783229865984
1024164225961418752
1024165711709528064
1024165880308088832
1024167029140586496
1024170147190198272
1024172715337502720
1024173145664708610
1024173494639239168
1024174003014037504
1024174049155592192
1024177256938102784
1024179370464882689
1024193609703325696
1024208573285453824
1024214502852702208
1024214759896477697
1024217803291865088
1024218827121295360
1024234246226026496
1024236996833697792
1024237102534254592
1024244041159004160
1024245672311062528
1024246548929159169
1024248751379103746
1024255980245278721
1024259652371009536
1024270416179814400
1024272345169633280
1024273378629308417
1024276627969257473
1024276805790756864
1024279316954140672
1024285616371101696
1024285958538240000
1024288635854573569
1024288821146529792
1024289794300493826
1024290679776792576
1024292247121129472
1024292916557049856
1024292920738889728
1024295898279370752
1024298561259937794
1024305836280217602
1024306740572155904
1024312251040317441
1024314068008665089
1024315598514282496
1024320925582417920
1024322343382999045
1024322840806346752
1024324186330812418
1024325782678724608
1024337937234907136
1024338513314107392
1024346200139546625
1024346700121423872
1024351737870798853
1024354244407832578
1024359743144570885
1024362816512245760
1024363588461518851
1024365817339699200
1024367454800236544
1024370735580631041
1024373347344371712
1024374475616387073
1024378825948520449
1024392249420009472
1024407013382488064
1024407293134352384
1024407763731054593
1024411174958288897
1024411185427374080
1024413382403936260
1024416194265337857
1024417463054807042
1024422054156820480
1024422096879927296
1024425753088335872
1024427541963132930
1024432934575644672
