903407417567977474
903408411638992896
903409359635357696
903413835222089729
903417765347942401
903421938684526592
903433518235099136
903441226778648577
903448362384580608
903450130703147009
903455308978298881
903456773855633408
903457419971371009
903459071696793600
903460813146439680
903464474375581696
903464907638579200
903465302737825792
903468249261543426
903468764284370945
903482427674304512
903483494680059908
903485494121529345
903485754160013318
903489393570091010
903492360620843008
903492819913924609
903513295629369345
903515415447523328
903521707343978496
903523182476394496
903528389709049856
903529130402172929
903540208963993600
903542579010129920
903543223263551488
903544630876266497
903549043292348416
903549957642354688
903561844312465408
903562989357465600
903563787952893952
903565330596990976
903573977561489408
903585361326166016
903588149724635138
903592228693663744
903593418525474816
903594342622908416
903596001876996097
903596217023778816
903597423754338305
903603524780556288
903603541134254080
903603637187997697
903603736181964801
903603763000340485
903603772160692224
903605798655418368
903608111650373633
903610297742749696
903611021243363329
903611277506949121
903618782387728386
903622335806279681
903622867211964418
903623060997246976
903624357465006081
903624795366887425
903625010509742080
903626916829294592
903627886975995906
903629746722013184
903631162739851264
903632503445102593
903637772505927680
903638020842287105
903638172227092480
903640422064558083
903641035254796288
903642441605144581
903643495671443456
903645192246272000
903645233342238721
903648447735017472
903649164663283712
903650024156012544
903651552891727872
903653573707407360
903661571435634688
903665569894825985
903665602564259840
903666325247205378
903667760546410496
903672801969799169
903672829736091651
903673644253151232
903676804317175808
903677506862977024
903678243072602112
903678348219559938
903678591506022400
903678602796982272
903685073593094145
903685670639689729
903685946952081408
903686537589772288
903689721901191168
903689744583970818
903689825102024709
903691048169365504
903691295201386498
903695330394374144
903697892409475072
903699115497988102
903701227711500288
903702668908134400
903703481973825536
903705443410817025
903705817983008768
903705886337720321
903708814146363392
903709136076066817
903709665816666112
903711346927259649
903712721824133120
903713598882680836
903714701133189121
903741969511440384
903743079336771585
903745854699446273
903749143885176833
903761982410694656
903767032998412288
903767615168028676
903773158808985600
903777028448681984
903777834195353600
903778069042868229
903778715967995904
903783495335596034
903787122473218048
903788620246638596
903788926447570945
903792814974050305
903797500007649280
903802613078134784
903809207576690690
903811725421629442
903817405876580352
903818810423218176
903818811262074880
903818811266265088
903818813346598912
903818813354979328
903818813354979329
903818813355020293
903821280461426688
903826080829755392
903828164555804673
903831385806430208
903834945755467777
903836861868773377
903838676756529152
903840371230302208
903845686680084480
903849115133415424
903849629346877442
903856531044782080
903863492763115521
903865133142822912
903869518740688896
903886585061531648
903890740660580352
903891535674187776
903892993832349697
903895986468204545
903896046035664897
903896511582523392
903896784644194304
903900445827006464
903906311984861185
903914696776044545
903933138010853376
903934203695378432
903935446073446400
903939828689010688
903940453413920768
903951883915497473
903953432301649922
903955613536755712
903957560385871873
903960655933394944
903961791759351808
903974465670754304
903975502486147072
903976642917404673
903977365193330689
903977995152523265
903980386388242435
903987090525958145
903995315140694017
903998785344458753
904008183273988097
904008525671796737
904008982687297536
904010460743163905
904011851805143040
904012124640362497
904017838947557376
904018201188728832
904022594063618053
904026099654459392
904032527844855810
904033508481425409
904039232200597504
904039481992372224
904039544466624513
904040161020977157
904040432002359296
904040968466423808
904042068212842498
904047745626849280
904053589022146561
904060586035732484
904061847078408195
904068957048422400
904070230015696897
904075456109920256
904080572070420480
904081395269738496
904090297247948802
904092469998080002
904093367478431744
904096659587690497
904097038320721920
904099908919193600
904101522686054400
904103018987110400
904103638494310400
904103758447206405
904104263030378496
904104352356343808
904105475603562497
904111812349657088
904114093220646915
904119573128986624
904120306213691392
904125511340875777
904133332077830144
904135025318404096
904145988377493504
904146005293010944
904146048351797248
904150917955670016
904151576037670913
904153335934025728
904155809319239680
904157097398558724
904157187563560960
904160845420273664
904161271578284032
904161716182945792
904162349103370245
904163398069444608
904164340143673344
904164387522531328
904169918542868480
904175840065462272
904175962862088192
904178386427408384
904180705483268096
904182760394317824
904185429515268097
904187542186196992
904198438799122432
904199697702592512
904205583124979713
904207586467078144
904209570242772992
904218103973765120
904218176472457217
904218326712320000
904218586310430720
904220995929513986
904232769789730817
904241239754653696
904244210982899712
904246336672997376
904247881426771969
904250436206682112
904250781800554496
904254814212702208
904259202079760384
904262132849668096
904262610568273920
904264408238579712
904274297568452608
904275263982374913
904291268574011392
904295579634851840
904299134173282304
904309633325596672
904313436292702209
904323435949645824
904324613274030080
904325262996885505
904330877693550593
904336684929646592
904340924515397632
904344762232262657
904345693426417665
904345859135070208
904351459365576704
904359873131020288
904360704030986240
904361329393270785
904367888844431361
904373427443785729
904376576971874305
904379644035596288
904391296839589888
904398496584826881
904398742564073473
904407774192439296
904409422537138180
904414275338252288
904417191352815617
904422424875335680
904427007903195136
904427563753381888
904428317037744128
904442408661913600
904444755635052545
904445645787975681
904448031965118465
904450252840849409
904453007575851008
904454770940719105
904456149583486976
904457803854696448
904458830188302336
904461243167232002
904474420827316224
904479978938650624
904480661515337728
904481057457790980
904481544026411008
904481737798975490
904483928052035585
904486198030237698
904492158127919104
904492612316516352
904492801089556480
904492989459857408
904494508599070721
904494874824728576
904496148567605248
904496162392170496
904497481123233796
904498459402579968
904498740446322688
904502721062912000
904504155913506816
904508344777535488
904515856339656704
904516447560400896
904516952344944640
904524338317152256
904525356039671808
904530341255368704
904531189066752000
904540403281666049
904548976678068226
904550319711023104
904553141642907648
904553520988381184
904555828065304578
904557296331571200
904563944479744000
904570145317707776
904580298503069696
904587773578969088
904591593738567680
904591831140188160
904597427180625921
904597563508174848
904597660820267009
904598109186961408
904598180477665280
904598341975130113
904598440109330432
904598583546179585
904598763498598400
904598814648094720
904598877579485184
904599536936534016
904599649897537537
904599707644723200
904599991993462784
904600491128233985
904600590940069888
904600640445444096
904601230160343040
904601451212787712
904601698236219392
904602537541738498
904603364226367488
904603462364782593
904603464482734080
904605424862629888
904610979815804929
904616012821254144
904625119221301248
904634562717896704
904636907811987456
904637734005956608
904638200429387778
904639014145323009
904639314117750784
904646167082016768
904651629323894784
904660952154505216
904662078606192640
904662159552020480
904663297051504641
904665360233897984
904671470042918912
904675424051105792
904678739560321025
904680306220949504
904680474412552192
904682168483504129
904682347563540480
904685734883414016
904688898223329282
904690025673011202
904691773863231489
904692003300032516
904692506192904193
904693108499206144
904693844146454528
904694171180589057
904698847934500864
904702337217945600
904717342348857344
904718424902918144
904721934721671170
904723087278694400
904726911640895488
904728788436647936
904730636191240194
904733720032141312
904733809597333506
904734042603573249
904743493393932288
904744258208444417
904745565392486404
904747542600179712
904749587310759942
904749932321570817
904749984934920198
904750767160131585
904759511008763908
904760182193999874
904760867899805698
904765966764175360
904766466037342208
904768866408054787
904777221474279424
904777482657779713
904777749138612224
904777930319978496
904777999513473026
904782973547016192
904784228881137664
904785679699365888
904785897794617344
904789148044845056
904789905905209347
904790069470523392
904795398732120064
904797740919656449
904798030674759682
904798664870072320
904802956461166592
904806337930031105
904806540930056196
904807127696502784
904809855252291584
904811339213918210
904813351632437248
904814130107908097
904814193425178625
904819091533389829
904821968880492545
904822135776055296
904822874950823937
904826077708726272
904828129239113728
904828230586249216
904829272354942976
904829733501890561
904829885608230912
904829952062877697
904838113134080000
904838544702754818
904840517279784960
904844815212281856
904852909808115713
904853529285861376
904854991848034305
904856194770198528
904857184617598976
904859861439176704
904860252318740481
904860662131777538
904864803151339520
904866137556619266
904866479623032836
904872684235849728
904873172058734595
904875573289394178
904878075191681025
904886970903519232
904888098726842369
904888381431275521
904889084413431808
904890135094870016
904890548196139008
904891671049105408
904903768646475777
904905138929680385
904908354295705604
904911154820112384
904911682878746624
904915556125552640
904921025703530496
904925071105548288
904926120096571392
904928909736718336
904933000856584192
904938820105158657
904939611620761600
904943261814534146
904949444214435846
904954140157243392
904956900831358976
904968110133968897
904969232517021698
904969687015948288
904970023135051777
904970404413849600
904974247650459648
904975709344378881
904976061678497792
904979453784313856
904982651777495040
904994978400755712
905007614194589697
905009062038921216
905009114908160000
905009115331665920
905019616203767808
905020036426891264
905021270416388097
905021315286958080
905022837802516481
905026116100005889
905028863784341504
905031639587278849
905038014472171520
905046800293289990
905048142487355392
905049438917447680
905050219087224832
905051447582228480
905053301489709057
905054940623712256
905055048803131392
905055088263225344
905055885575278593
905068176563691522
905070314845073408
905073938279022595
905074941544058880
905079211202928640
905085208428507137
905093576022994944
905093658659004416
905094445913300993
905095691223146500
905099509675548672
905100255670226944
905100487791390721
905101528817688577
905102406274265089
905102431440252929
905102435227717635
905102601317789697
905102821523156993
905102910433976320
905103066474713088
905103309328965632
905103418351644672
905103441021816832
905103987128619009
905104405707489280
905104497579581440
905105940822855680
905106023043739649
905106491098750976
905106601429786624
905106630358032384
905106860235255808
905107474281144320
905107787587473408
905109656363835392
905110483669278721
905110947987152897
905111190354919424
905112145876180994
905112279691259904
905112959159902208
905114572297789444
905114635610808323
905116149326778369
905118044745236482
905118441954308096
905118830741135360
905119953594064897
905120722657398784
905122035638050816
905125060964265984
905126075021357057
905127181797470208
905127960092520448
905129262843232256
905131206873817088
905131227878789120
905132864496390144
905134112297684993
905134300202487808
905136262285336585
905137009727037441
905137451798319105
905138350222430208
905139371942268928
905139476376068096
905139644571934720
905140920047337472
905141950587723777
905143087273582592
905143223148011526
905144824508162048
905145081245655040
905145395814297600
905146856262520838
905147452700942336
905151485918543872
905153309597511680
905153990370975744
905156296793567234
905157925873885187
905158326442491904
905158570093809665
905158887204159489
905160176097009664
905160212599984128
905160428606689280
905160821180956672
905160878651314176
905161216288370688
905163928337911812
905164062543237121
905165054085038086
905165963829678084
905165980179025922
905166225554239488
905166785900675072
905167314814775297
905168352913575936
905170432445358085
905171415162388480
905171570796240897
905171781337702400
905172544285749248
905173290863472641
905173795417280513
905173797547909120
905173869690015746
905174416207749121
905174421639389184
905175491191169025
905175723563941888
905176087642030082
905177613500637185
905178799666593792
905178875591876613
905178925478924288
905180126324944898
905181708428996608
905181801924190208
905181971814461440
905190169153867781
905191208930160641
905192988569202689
905193019590225920
905194568806567937
905201963138256896
905202466865774593
905203503676751872
905206548766404609
905209005370466304
905214169653358592
905219599813275652
905219944941576196
905226310657511424
905227554658902016
905228216528281600
905228239211073537
905232630618128384
905233109171527680
905237662931582977
905237915017637888
905238563867918337
905241165233917952
905241191201026049
905242151562469378
905249050902937601
905251639627579392
905252172727713794
905255228651405313
905259075855937538
905259631026556929
905261091885895681
905262901082038273
905263034284654592
905266223201619969
905269751026462720
905273862291562496
905274242165563394
905274385342259200
905274680180842496
905274731364061185
905275259846316032
905276851165200385
905285626924343297
905292582758035456
905296241634004993
905300794773266433
905301800156356609
905310124998369280
905316100212236288
905317202840223745
905318224295673856
905318547156545536
905319466514436096
905319892680880128
905330575581614081
905333080789057536
905333680188657667
905333800149843968
905334141989916672
905334749157220352
905335389384130561
905336853628411905
905345405386412032
905345608399159296
905348046594170884
905348634148929537
905353146813337600
905354357280956418
905356902393143297
905359866520371201
905364240189591552
905366586630037504
905369356116353024
905369986448764929
905371829908459520
905371901240991744
905378683787108352
905381560274341888
905382886932602880
905383190461898752
905383524907311104
905387360585748484
905390477356171267
905392584998125568
905392965027328000
905395189241585664
905395270191644673
905399568967360512
905400358012297216
905401169912180737
905403281568038913
905407770471649280
905415489698095107
905415988803497987
905417164064120832
905417178312212480
905417705968283648
905417729028608000
905419213803802625
905419238566805506
905419443257438209
905419982619774976
905420019097579520
905420037971820544
905420264908967937
905420641142169600
905421258547920897
905421651101138944
905421810493255680
905422611181654016
905422707663056896
905422759265689600
905422806241992704
905423174904504320
905423592678191106
905423598973837312
905423965962854400
905424221823791104
905424860196757508
905425560641257472
905425584129531905
905425934752202752
905426141133012992
905426300101423107
905427525261594624
905427590680383489
905427614986231809
905427864136372224
905428198011396096
905428332828872706
905428677852368898
905428753739902976
905428815391936512
905428846459191296
905429246587305984
905429480637943809
905429827909550081
905431048468750336
905431688939016193
905431709461749761
905431789572726786
905431998885453824
905432339056136192
905432537001893888
905432734578819072
905432806729191424
905433025646739457
905433066767822848
905433077241040897
905433100733296641
905433146883223553
905436791515344896
905438526497488896
905440921831002112
905441192376131584
905441388665462784
905446471641833479
905451501144944641
905453502247383042
905456133317505025
905456229379702785
905458962820157444
905460321774575618
905462939028742146
905463961595912192
905465128837160960
905465894326870016
905466971554119680
905467010825388032
905475559261655041
905477067092910080
905481113786880000
905483402165571584
905485446083362816
905491863355801600
905494456207585281
905506024592994304
905508881291411456
905512474576859136
905513375920095232
905520850618679296
905541468135325696
905541942200688640
905542018591584256
905544089671782400
905552212247662593
905559770161180673
905565309402193920
905576891955994624
905581958352207872
905583887035891712
905584878753894400
905585415188512769
905585415616417792
905585415629000704
905585464291336192
905585471425839107
905585473070002176
905585492791619584
905585546075848704
905585561582350337
905585598894931969
905585600606109696
905585750745468928
905588108376236036
905588551684808705
905589362896900097
905591111028236288
905591426913902594
905592549728849920
905594496292798464
905594801214640128
905595952152662016
905596084260622337
905596184919662592
905599911990886400
905599914511564806
905600011811131394
905609295877812224
905624337096441856
905625039206195200
905625040040845313
905625045522898944
905625583614341120
905625583643758592
905625583643762688
905627419465449473
905627419478032390
905627939135520772
905630653278019588
905630792105299968
905631472022941701
905632091534217216
905632094029787137
905632387199107072
905632983230554112
905633390510125057
905633405164863488
905634698281365505
905636967307558912
905637746693128192
905637929141374977
905644920647565312
905646780670287872
905650601798729729
905650609793196032
905650930632318976
905652042487611392
905652439763652612
905655193726967808
905656968789934080
905659998306320384
905662631922384896
905668246828851200
905671952928354304
905673379419627520
905673901589622784
905679659806941184
905680112535957504
905680370485444609
905680543714611201
905683963728936964
905684376444391425
905695136499290112
905696405305556992
905698169824067584
905704753635741696
905704756554985472
905704756559183872
905704756991193088
905704757012123648
905704772942143488
905704894979379201
905705678068736004
905705944406994945
905706273232089089
905707604491591680
905707854069452800
905707863309508609
905707863724699649
905707871664578560
905709012938878976
905709081331105792
905709774230212608
905710191974502401
905710194075852800
905713151601238017
905716164680146944
905717903609167872
905722740140908545
905726321447329792
905726951171686400
905727055601467393
905729474846740480
905735517555351552
905739037477965825
905740334738669568
905744221214302208
905748063192571904
905752438279307265
905756571342225409
905759557263265793
905759969215164417
905760874689855488
905762158562217984
905764898428375040
905766115476955143
905771405752467456
905774837532168192
905775849621798912
905777812547805185
905779426914390017
905786061896462336
905786192779767808
905788908558049280
905789320887394305
905789873667354625
905790317437231104
905790465903124480
905790664729878529
905790741468798976
905790822867722241
905791096747261952
905791324900646913
905791845015289856
905792317289750528
905792729183010816
905793123439198209
905793396912013313
905793402343587841
905793409885003777
905793518932602880
905793665330753536
905794005480427521
905794047448580096
905794137600827392
905794194639171584
905794286494482432
905794378353999872
905795029318254592
905795265898172416
905795910524780544
905795947048968192
905796357637652481
905796493986021377
905796560222437376
905796636143751172
905796685216989184
905797100046340096
905797753950703617
905797802176913416
905797842442129408
905798133933887490
905798267757359105
905798340742402048
905798429623943174
905798876325662721
905799009306107904
905799412793925633
905799424126750721
905799461028241409
905799515537530880
905799614527291393
905799700510457856
905800260861267969
905800554483519488
905801099101253632
905801521249402880
905802476313600001
905816743217680384
905817331275726848
905823204966633482
905823897043386368
905824525526368258
905825155200409601
905830689714475008
905832374545539072
905832479021510657
905836793584533505
905840814340714496
905840959052644352
905843066673799168
905845332013191170
905848985251971073
905849497410048003
905850450473312256
905856612186832896
905860301916172294
905862302162878468
905865654171033600
905872493914836992
905877504023568386
905879765147455488
905879909435940865
905879976561356800
905882299803283456
905887746941747200
905888676810514433
905890468826886148
905894844110737408
905897384198135809
905904368783949824
905916283874668545
905934702141460481
905935218489475072
905936185700134912
905937516162932736
905939284838014984
905939535271514112
905941918462251009
905944472361594880
905945179965632512
905949303251890177
905951938646290432
905953365984776193
905953926335344640
905954962336870400
905955428277858305
905957028912300032
905957907140771840
905958157117255680
905958382355578880
905961151019790336
905964621726699521
905965539943579648
905966690000920577
905968238047223808
905972438730723328
905972439133323265
905972439133417474
905972439154339841
905972439158591493
905972439561228288
905972520930697217
905975065224904705
905988441661374465
906001253183791104
906002267790340097
906018279944105984
906021665678622720
906023414636331009
906024426474315777
906025078495649792
906027485631963137
906028514880569345
906029411660570624
906034253124714501
906034590766137345
906041985324130306
906044893532790784
906044977553129474
906046323094323200
906046651068030976
906048011725299713
906050580291997696
906055265329537024
906060266399510528
906076351224045569
906084881314263040
906095720658329601
906099746766512128
906102023023681536
906105720705298434
906106518042329088
906112487082385408
906118157252866049
906120659583021056
906124890784145408
906125165389635584
906126441846362112
906126797489582080
906127266014474240
906128779344531456
906135164308336640
906138502638608384
906139019972460545
906139031037247488
906140329987932161
906143744587579394
906151498190651392
906153459879092225
906154549957861377
906154765125648384
906158706416644096
906159120910356485
906159309230399488
906159471751294982
906165551617204224
906170764721881090
906180011480170497
906180829809975298
906182674045444096
906189038876536837
906189463776256002
906191471342002176
906191579710242816
906193918118809600
906194988928831488
906195010722332672
906203368284139521
906211485524922368
906213267684581376
906213287825682432
906215754483343360
906216332055760896
906216823632396288
906216824894783489
906216845434347520
906216970026180608
906220457589960704
906222794232528896
906223168783867907
906232668026793985
906239316426293248
906241714897203204
906242043017650176
906243700736614401
906249373956415488
906251299955630080
906262298683215876
906264223868583936
906267629672849408
906272279864238083
906273218138259456
906273555775713280
906274025143283713
906277458164383744
906278739109138432
906279034392338435
906280766228750336
906283072240398336
906283124656529408
906284095663104000
906285080473026561
906285811561267202
906285992734162944
906286571975991296
906287426468970497
906288021959532550
906289771806425088
906292095853486085
906292347960299520
906293370536038401
906293635196477441
906293988751163392
906294029456875520
906296427331989504
906296976790233089
906298348751077376
906299163708497920
906300543626240000
906301907173601280
906302440290492416
906305182920781824
906305584739127297
906306558178484225
906308441894875137
906311204695617536
906311515925618693
906312844265766912
906314374738055168
906315355387297792
906315656114483200
906318638277263360
906319983809929216
906322391315357696
906322586342182913
906323215080939520
906327725211832320
906327903905951744
906328614001455105
906329493106651136
906330033756753920
906330236337270784
906330248530288640
906330628530073605
906333752011493376
906333999563288577
906334121969905664
906335155840630786
906336670399709184
906338661439913987
906339983493029888
906340602580688897
906343869519986688
906344392956497921
906345034269593601
906345583316578305
906346340812296192
906346563525517312
906346623936036865
906348482843246592
906350525687443456
906356086705475584
906362034635161600
906363033303212032
906363193097940992
906366107623186438
906368100425015296
906368170495225856
906368898202816512
906374151144865792
906377198713552897
906377867709349888
906379576883871744
906379770245603328
906380662793531392
906385190121099264
906385505939488768
906386239112200192
906387846365274113
906390657408827393
906391271870042112
906392736948928513
906395708181291008
906395832978755584
906395914134278144
906398578326872064
906401534489059328
906410207873568768
906413375827140608
906415323666038784
906425064031219712
906426739320115200
906427390812987399
906428526106210304
906429210192781317
906430078816583685
906430466797993984
906432987167956992
906440958413201409
906443001672622080
906443617182650368
906453079901470720
906456381305135104
906458249158946822
906462417726722048
906466645614272512
906470839486480384
906473238611537920
906474006190153728
906477653087023104
906478676556107776
906481520717717504
906482448900476928
906485999785701376
906486468708675584
906488133038075904
906495159965233152
906495313262907393
906496099262836736
906500086364082176
906501273368883200
906501315714576385
906501513274695680
906503308008988673
906507724183056385
906508594950148099
906510949510676480
906515671982460928
906517918862663681
906518156684001280
906520253424791558
906523503595225090
906524386492022784
906526525985452032
906528256458928128
906530749658021888
906532728966918144
906535662882504704
906536380540604416
906539427262078977
906540701067997184
906542683291824130
906543069109112833
906543226450038785
906543479903412225
906543835488018432
906544269997027328
906545644919250944
906546503468101632
906548315407486982
906551482547179520
906557062653526016
906558029021282304
906562341155639296
906563270198390785
906570848873730048
906571769523425280
906572655817629696
906585571648253952
906589944306642944
906591428679225345
906595848196427776
906601958458449920
906603686079721472
906604845905219585
906611650677166080
906612945441849344
906613746973286400
906616004289155072
906616120542711808
906616148220895233
906619849207562241
906621202759913474
906622909019574272
906623564232749056
906623997432840192
906624046078545920
906624088873033729
906624239213694976
906624761865924608
906624844254597121
906625335852224512
906625778217037825
906625857187446784
906626274537480192
906626375603306497
906626494629335045
906626563441139718
906626671297613826
906629250790203392
906630201232072704
906632325236183041
906637684277497856
906638274424393728
906638982854742016
906641183350202369
906646416830881792
906648116362924033
906649208152662016
906650754571800577
906652066550042624
906653109677641730
906662916367060993
906666828809850880
906667883731853318
906671153170620416
906671372939747329
906685890256363521
906688650129408000
906689464554201088
906689678983786496
906690234267656192
906693312073039872
906704233650671616
906704237987454976
906704333047193600
906704541911052289
906704934506135557
906708617503657985
906717394944618496
906726410169065473
906738368561676288
906744435618320384
906747934506717184
906765563577466885
906768985244553216
906771816143654912
906772676714405888
906779429522751488
906780252852146177
906781350094688256
906783346612625408
906786300656721920
906790658505134080
906790965112741891
906795286948872197
906808701159223296
906815906667483136
906817432442073088
906825954009473024
906833658081882112
906835535079120896
906835792991068160
906838070531641344
906839716351414272
906840476980060161
906842281151524864
906842692646260736
906843597030518784
906849769686958080
906851944010043392
906853502076510208
906853794964807681
906854650950901760
906854861593083904
906856844638990337
906863398239064064
906864170007715840
906870355352047616
906872026773762048
906872111905599488
906874554676662275
906881464804950016
906881676608913408
906895920872280067
906899791367385088
906899915531476994
906902319283019776
906903129689612289
906905113536585728
906908432061657089
906909179927035904
906911215825420288
906912154640572416
906913739533774848
906919267546755073
906921418906095618
906921473423630336
906923641870405632
906924844796858368
906926080438755328
906927674286858241
906927765269741570
906935191293366274
906939652921335809
906947223501414400
906947744002199554
906949108010688513
906950510581882880
906951355310460931
906951708068028416
906954835689435136
906955519402889217
906955617964892160
906964360588906497
906964889490513920
906965191467859968
906966207353389056
906975856773550080
906979112396488705
906980439482650627
906981005256425473
906981434782474241
906981467892457472
906989273097924608
906990043570597890
906993708058464256
906995199624302592
906995602701078528
906996698261721089
907001823290122241
907003581122977792
907008623519436802
907010615453081601
907017565322436608
907021031927373832
907028659692851201
907029364751192064
907029902200918016
907032921118306304
907034437346578434
907034849210499073
907038726022246400
907042003430641664
907044964215017473
907047623386963968
907051286171963392
907051893616025600
907052708649201664
907055716732633088
907055774198849536
907056038024802304
907057604358279169
907059616189743105
907061990140641280
907063979083694081
907067963274153985
907069786516885504
907069943795077120
907073880564658176
907077969188814848
907082317440667648
907088856926826496
907089417105526784
907089824401592321
907090256804974592
907093108940263424
907095547085017088
907096589809934336
907099787132063744
907108476865830912
907111183471321088
907127762716057600
907128867499917312
907134865341952000
907141928961134592
907144955998633984
907148197352665088
907148808206913538
907149006417088512
907150716028035072
907153255695822848
907154672519180289
907163072883806208
907166323540680704
907167543151996928
907176622587072512
907176762651680769
907180618970214400
907181158701682688
907185553933774848
907187938810896384
907192010985152512
907192240061239296
907195409289936896
907196174318399488
907198856982667264
907202262354857984
907203414102204416
907206297698914305
907208403633573888
907213343227817984
907213611310837766
907216686419464192
907216959200264192
907217886539907074
907218519045046272
907219718200872962
907220412358111232
907223686859689984
907234875941539841
907239162587136000
907240161645383680
907242437927563271
907242540683943936
907242758347378688
907244659650445315
907245158386696197
907246168727592960
907248630272315397
907250258614386689
907251273224867840
907253763806810112
907257003046666240
907257523840978944
907260603017908225
907263346952548352
907268508437893120
907268800982253568
907269850610855937
907270459623952387
907272480892563457
907272604188397568
907274115374919680
907274144353570816
907282637382758400
907285098055090176
907285342436384768
907286223097544705
907287629040836608
907295479020621831
907295985327595522
907295987101614080
907296654729998336
907297052362653696
907301973103443968
907304514025398274
907315552175230976
907315783285473281
907317840168017920
907320073655685120
907325387843174402
907325608035729408
907326969062158336
907329675243999233
907329811541921792
907333846475177984
907335954519785473
907336312310472704
907336441079906304
907336791308546049
907338966889893888
907339878324568064
907340848878243840
907341655019343872
907344534400651265
907345541473775616
907355353205141505
907356743851823106
907361135023869954
907361339810643969
907361645923651584
907362045619830785
907365597796806657
907365699294842881
907369066041618432
907370800818343936
907372482709012480
907374668784586752
907390912904486912
907392471122038786
907393686752948224
907406652038631424
907414283599753216
907424336474198016
907429582235561984
907442350783389696
907442932348841984
907443965837938689
907446073060335616
907446929285455872
907460965758726145
907463031440977921
907463583025397760
907468018921349120
907468882520297472
907470417614524416
907479398877732864
907485891656110080
907487720405999616
907489096972619776
907491548492902401
907491845906804737
907494104128466944
907496671872942080
907498780341174272
907503580319322112
907505467315953664
907505896422506497
907515248030179328
907515417496887296
907515810897375233
907527838072492032
907527960533590016
907533596008894465
907540687750668288
907549178263470080
907553475764080640
907555121168601094
907555399775256576
907559252566446081
907560217281429504
907562068643065857
907564116684001280
907564266013818886
907565549496008704
907567893264703488
907569425221595138
907573689365000192
907574051350171648
907575403992072192
907579277415030784
907590899957366785
907594471491211264
907595148594479104
907596557117206533
907600196510642176
907601761413816320
907605074079252482
907606801717194752
907609236791808000
907609495723024389
907615649417105408
907617204862115840
907619147995140096
907624459326107648
907627470215577601
907627688919224320
907628523652820992
907629086452969472
907630181619261441
907632136131411968
907632752161431554
907632897405751296
907632963285770240
907633136481259520
907637308152860678
907646285255139328
907646365341118464
907647004385329153
907650788989837315
907656475706830848
907660056774238214
907665370982612992
907667840152555523
907670670716362752
907671966383054849
907672068652716032
907674224743022593
907678208904056832
907678851626684416
907679579174834176
907682977412513792
907683271856795654
907687529083805696
907699172438007808
907699370417692673
907706283490410498
907707091791597570
907712699513139202
907716724761513984
907718963714416640
907721240475029504
907721318795288576
907727262547619840
907734820687634439
907741641863192577
907745864269012993
907746794561564673
907751719521660928
907755059043237888
907758371712983040
907759244530896896
907760614747004928
907761863043162112
907762297996591104
907762556785364992
907765003297492993
907765571621724162
907766964889759744
907768595714887680
907768926666244096
907769788679770119
907771042680029184
907772235951202304
907772809333624833
907774581837938688
907776429848494082
907776646291234816
907777537987706881
907777683513159680
907778285844623361
907778881846960128
907784395263799297
907787106885541889
907787693643358208
907792822887239680
907795849081757696
907806813831270400
907809681858588674
907809731389005824
907814318175027207
907815563564425216
907817817982033921
907818330127458309
907818338914463744
907826645330997249
907827979539054592
907829392184930305
907830995004641282
907831134901469184
907833631766433792
907846619852414976
907847243985760256
907848207387983874
907849396481658880
907850946159538176
907851249101438977
907854026217271301
907854735851606016
907855242083098624
907856448905936896
907861576329330688
907868935638454272
907873113995591681
907873310419161094
907875321071886343
907878329788850176
907879175628914693
907879996861054976
907886381019664384
907892510155874309
907893098633744384
907901758994759680
907917322387693570
907920476114108416
907920544481157123
907920837239390208
907923916668076032
907926566235201536
907928393672306688
907931738223104001
907932937391308800
907939576135680001
907941583097618433
907942020194369536
907942932799541252
907945361376989184
907946038710988805
907946834848600064
907947640083677184
907948338875695104
907948440369471489
907952169093095424
907952775191031808
907953183259054080
907953468928802816
907954024233689088
907957362073489413
907962184679993344
907963864511164419
907964072519446528
907964580449673217
907967548766998529
907968838930767873
907969179105587202
907969227025514496
907970939861835777
907970960011264003
907975054495031296
907975573741490184
907979713091686400
907980572936597505
907980592616050688
907983528213618688
907985223555731457
907988329458569216
907993394072440832
907994122610454528
907996057891516416
908002036431683585
908002840806862848
908008993108369408
908016291616870400
908016685453660160
908025510713806849
908027230340730880
908032543273791489
908032842327744512
908046961219174400
908057602138836992
908059858267774978
908059886772244482
908065267678420992
908070138515218432
908078600498401285
908083125758124032
908085522370875392
908086860794167298
908094209638518784
908095953617522688
908096505994727424
908098221456666624
908101411661119489
908112826442665984
908113203929870336
908132302277959680
908134673343066113
908134966923538432
908138214984052738
908140513886220288
908142838780776448
908151401062088704
908151648521945092
908152506244513792
908156848607567874
908162518480293889
908166017792311296
908166116723318786
908169475966586880
908169945137029121
908171399058960384
908171997582118912
908173146825674753
908173179960614912
908173546156949504
908175323266678784
908176231316762624
908176454881443840
908177924976549888
908179604405239809
908179986921676800
908180464632045568
908180666369503232
908180724708245504
908180795575066626
908181338318028801
908181723774468096
908182394003374081
908183264770191360
908183836856606721
908183916535726080
908185694534635520
908190572514611200
908194140600524802
908194388458668032
908198187260956672
908201132475813890
908201395895009280
908207048126582784
908207833728016384
908210284459810816
908212343020146688
908213766147452929
908214322748420096
908214558870745088
908215432993112064
908216411926835200
908219330340429825
908222922761822208
908226363340943361
908226464822300672
908227746592993281
908228167281676288
908233991920037888
908238278083608576
908239283269591040
908239384947949570
908239719691059200
908240688130564097
908245050638790656
908247809236848640
908253013931724800
908255348070350848
908257005646876672
908261275972636672
908265012178948097
908268064352825345
908268112188907520
908270007938945024
908270033570164736
908271872802004992
908272439704027138
908273528260177922
908273655788064769
908274498436255744
908274942596313088
908276772151726080
908277824506621952
908280538221436928
908281433701195777
908287399695994881
908288746910572544
908290372589297664
908291914864005120
908293499031834624
908294920921911296
908295714471636993
908296416182902784
908297150580355074
908299985514647552
908300586138959872
908301769968513024
908302212723437568
908303452534702081
908305432233603072
908310956152778752
908313478170939392
908313633779736576
908315578674315264
908316047366860800
908319411035021312
908319611954909184
908319632888680448
908320293088890880
908320541798531072
908323021470842880
908324700895539200
908327064385732609
908327276177129472
908328288690376704
908329109113229313
908329643471724549
908329866197716992
908330622401335296
908332796711624705
908332890672463872
908333386028154884
908333793949487104
908334437527584772
908334632592138240
908335464712511489
908335798168174592
908336054037397506
908338223327232002
908338946819665920
908340205446463488
908341150926471168
908342280070811648
908342609294356480
908342761136390150
908343189383376896
908346166672314368
908348115182391296
908349993815351296
908350344840675329
908351706798239744
908353043074351105
908353239753650177
908354373499195399
908356112885231616
908356683277197312
908357006913884160
908357122034946048
908359742422179840
908359859623616512
908363286781054976
908363516243050496
908370850965049345
908371085254676481
908371961046237184
908372367046561794
908374116930949120
908374413455831040
908375808464519168
908378103617081345
908379057380888577
908379296468783108
908382871248707584
908387076072017920
908387335271845888
908388867878690816
908390345955737600
908392407435055104
908392690563244032
908393282782232576
908395506619076609
908406257849073665
908408486307999744
908409410317250560
908413729192235008
908419279502094337
908420108317593605
908422531828404233
908423366901506048
908424504837332992
908424720370032640
908426172438106116
908426600403935232
908427372470394881
908429740444397568
908431060874223621
908431199701311488
908434832308482048
908435570623483904
908436469878083590
908437078865858560
908438347235889152
908438444103356417
908441186242891779
908444124453388288
908447408606105602
908448898431295488
908451130191073280
908452094805454854
908453747457761285
908454956235182080
908458904341925888
908461122726121472
908461411701051392
908461779553890304
908465191179902978
908466203299127296
908468683785347072
908473418747539456
908475316229873664
908480903491571718
908481323752288256
908484791611412481
908485881291472896
908493326567043072
908496192572502016
908497577498365952
908498404397010944
908503548530499586
908505798778728448
908507113269338112
908508944926220288
908509513258500096
908512893435510784
908515436450521088
908516938850164736
908519568250773507
908520174311084032
908520326564401152
908520907018313730
908521032042078209
908521187260715008
908522100360695808
908522494604197888
908523146826993669
908524140021276672
908524618599690240
908525217374388224
908526645312737280
908530870201360385
908531087902732288
908531812246450176
908534877468860418
908535481012539392
908538441784164353
908538534474240000
908540626177847296
908542898643148800
908545563305566211
908547621832105984
908549531935023105
908549881748324354
908552548491051012
908554591091834881
908557644150980609
908558047219294208
908558580323819520
908559168348422146
908559334426132480
908559359176695814
908559430492471302
908559658234765314
908563162147954689
908563481363832832
908563524972011526
908564002686484481
908564966969503744
908565846515056640
908566004657041408
908568015385509888
908568507817668609
908569037709361153
908569616003170304
908574942693752832
908576702216806400
908578049863467008
908582138211074048
908582652269260800
908582697143910400
908582846020947968
908583077122736128
908583406375718912
908584215901605888
908585059791265792
908585824815665152
908586375968116737
908586862482219008
908589790534172672
908590505658867712
908591860431638528
908600559426576385
908601450724577280
908604677792649216
908607686559768576
908611292222644224
908613094129225728
908613997989187585
908616224740904960
908618836538249216
908618927110049792
908622906678267904
908624420364853248
908625294076055552
908628152481611776
908638427695898629
908644888597745664
908646928703000576
908649800119316480
908650696576290816
908651261012135936
908651275687833601
908653706169679872
908653875753832448
908655657477341186
908656479456059392
908656519000018944
908656902753615873
908663607365337090
908664496251695104
908668326775328768
908671702380552192
908672525705588741
908679019763249152
908684036993773568
908685406408986624
908687095023177728
908687414230749184
908689102446452738
908689493359808512
908689750038417408
908690613243060224
908691564498743298
908692296824164354
908692579084128256
908693892664578048
908693925027831808
908693982489739266
908694851570544641
908695720223477760
908695877899841536
908697469218848768
908700458105044992
908703019985801216
908703934327398401
908705832270827520
908709525326266369
908710237523365888
908710511856021504
908712235408781312
908712772732620801
908714442745098240
908715435096285184
908716591931691014
908717477223419904
908719831544942594
908720515258421248
908720527736373248
908723497387675649
908725358849069056
908729197455081473
908729733059371008
908730659581161472
908731256023715841
908733759117127680
908733956329111552
908734161812410368
908736469551992837
908737612902408192
908738307500253185
908739339273695232
908739839909969920
908740488122990592
908740767455293441
908741160876855298
908741610430779393
908741644501098496
908741680953782272
908745256203677696
908745853896200193
908746053536673792
908746178539528194
908746616810618880
908752254819295232
908756836257533952
908759763030245378
908759854877171712
908763922089553921
908764950142709760
908769341574959104
908769501784797187
908769895617146883
908774038364975109
908779245161320449
908783584185651200
908785229598531585
908786102852493312
908796334420955136
908803870742245376
908809913476026373
908810311943069696
908814971202605057
908817023681138689
908820182419869697
908823940931473409
908826564456062976
908836018840682496
908836866069278721
908841129604296705
908852266320396289
908852793552916480
908852814490857472
908853704115331072
908856382518153218
908856500046753792
908858875297845254
908860612997984256
908863096856379392
908866631392219136
908871768458194944
908871820576686081
908872073086414848
908872617930706945
908878584319578112
908881243093307392
908894753361510401
908899995809484800
908900446722551809
908901939450204161
908929910001033217
908930304714379264
908932631676383232
908935110157881344
908935624375230467
908935714502512640
908937374633164800
908940042957213696
908940552699293697
908941299243454466
908942380954537984
908942626925285382
908943246235242496
908945078286258176
908947663239950336
908948920683892736
908949183259987968
908949286427217920
908951847070846981
908954441235161089
908960921841741824
908969850256674816
908972299323346944
908980205611552768
908986307057274880
908987120320163840
908988959094480897
908990455207034881
908998005394567169
909004638246129664
909007315478749184
909009191179816960
909023034878590976
909032105916715008
909032322351140867
909032462822633472
909033245072920576
909033884729397249
909035228550668288
909035970959482881
909039998342696960
909040134221438976
909043151935082497
909043997183696901
909045146016256001
909046480643780608
909049529453903872
909053340826390528
909054719485603840
909055897678135296
909059136528064512
909059766487457792
909061773839527936
909062562439933953
909064895165079552
909065951425032192
909069483460964353
909070003953180674
909082294102700033
909084197071007744
909084595940978694
909085663676522497
909088752085192705
909095470936535040
909095841268326401
909096381918392321
909096666606616576
909096868897898496
909101293058260992
909117878179291138
909118317205639171
909120104927031298
909125102708682752
909126492105396224
909127722214998016
909128153800392704
909128800318951424
909128945668362240
909130012284080128
909133430234992640
909133473008443392
909148546070228992
909155928473264128
909157136852226048
909166129712680960
909171529006665729
909171860130103302
909172693534150656
909185819612651520
909188728366571521
909195755910393856
909199920439156736
909204115145789441
909208878222417920
909230578293182464
909231172261163008
909231272324509696
909231425114791936
909232269830840320
909239311077302272
909239754557865985
909243004300529665
909243930851422208
909246412608671745
909247140307795968
909248402822533121
909248653616848896
909252444013576192
909252813116633088
909255606522875905
909262606824812544
909264854560714752
909270560496144384
909271033601019906
909271067021205506
909272885155336192
909274158751723523
909274848324546560
909275202323755009
909276328049782784
909283940296409088
909297027791630336
909302753427632128
909303116666990593
909304096859049984
909304537265123328
909318533242376192
909319810831527936
909330374983118848
909333628982841345
909336358610771968
909339519886995458
909340097488678912
909344665891213312
909345522338734081
909350448125087745
909370931415363585
909410397744254976
909410652317511681
909416310039334912
909421381284171777
909422007728562182
909424150875340800
909424782948622336
909439239439269889
909443680783654912
909443962657820672
909444582970183680
909448544821460997
909462496007749632
909462963735584768
909468439324086272
909468461994188800
909468509394149377
909469155937615872
909469276934991872
909469426285780993
909470600615342080
909470622908059648
909475414044749824
909477031364186112
909477347782533120
909477442414399488
909482346835046400
909488167669071873
909488889928278016
909493118650765313
909493857011638272
909498455478988800
909498626166087680
909499412623319040
909501745461583872
909517685079322624
909520726377590784
909521181031718914
909523335255658496
909523646036742144
909532611365785600
909533070201688064
909547077536972802
909555970686066688
909556669490884608
909562810753011712
909567700384473088
909585287616933888
909590521697488896
909596707473764352
909599199251062785
909599638419759104
909601003691012096
909601116517572609
909601315747241984
909605659800473600
909607128217866240
909612720042864641
909618339575611392
909622390006571010
909636533199699968
909640433482924033
909644820313985024
909646778240204800
909652167044329472
909655817787408385
909666057324871680
909672165930389504
909674511389347840
909676715068203008
909677230543876098
909678667487481857
909679452283658240
909681025139314689
909681106068402176
909683491788423168
909686186221989889
909691047026003968
909696344419389440
909698755305361408
909701790714748928
909703064935911424
909706548301193217
909710271182016512
909710444830642176
909711459436789761
909711825654239232
909712898078932992
909719232396611586
909720362245591040
909722761395830784
909727251041783808
909730724718239744
909733848203845632
909734561214590976
909740017618182144
909742245213085702
909743225417502720
909746076281737217
909746179050786817
909746310319919104
909746661798313984
909747770340335617
909755111651647489
909756556597751808
909757412638429184
909764631853285376
909768914669797377
909769292584935424
909773068888870914
909778241539342336
909781432154906626
909781611671162880
909789968830205952
909793087706193922
909798787765473281
909802840293498882
909804031480156160
909804318794158080
909806073682452482
909807089970814976
909807461577773057
909810848054628353
909813579414511616
909813634762706949
909816520448061440
909821832932528128
909823422598803456
909829145282170881
909832316205142016
909834257333227520
909836917365145600
909837168566292480
909844261587255296
909846879659282433
909846966649147392
909850267839057920
909851217408303104
909852262553358336
909856997578768389
909857142684844034
909858442113777665
909861470795530241
909862336105611264
909872307207782401
909875429850386433
909878715164889088
909879447989489670
909891216375812096
909891978493616128
909896240355213312
909902669598412801
909905655263358976
909905701006381056
909909982132555778
909921379285336064
909921990005403648
909923972225085440
909925638634483714
909926089509584896
909930542170124289
909936174730436608
909941209052807168
909941752307552256
909947402458714113
909950826445135872
909956059904856065
909965316972785664
909972224748265472
909975942604320768
909977660167684096
909978522919239682
909978590447411200
909981111241007110
909987844856283137
909988998281445377
909989533495595009
909990662505766912
909992964662886400
909993456738508801
909994156768063488
909997984930082816
909998186667941888
909998419845906432
910000801397006336
910004720944762880
910009263153713153
910011128620630016
910017710636990466
910021202948767745
910022095467245569
910028091212357633
910029792002617344
910030442161618944
910033338177597440
910041150576148480
910042076703735808
910043926811340800
910047202558582784
910050334843838464
910051263898902528
910053101830369285
910062932347772928
910063488281845760
910076135278612480
910078409031733248
910086031336022016
910091398753472517
910099172090634241
910099738325856256
910100825489461249
910107292665892864
910112447033368576
910113648298754048
910113912586108928
910115476994392064
910121974843822080
910128895923490817
910128902961614848
910133597562077190
910137224909508608
910139391267368966
910141742179078144
910145756123852800
910152693485772800
910154554070765569
910166529479655424
910167864212115456
910168186007388160
910168328609472512
910168614216638466
910170144298684416
910171184515489792
910174114647646209
910174367128092678
910176044031787014
910176673848549376
910176921484324865
910177170965897217
910177287227678720
910177297683988481
910179212014833665
910183205369606144
910183629015437313
910183662544494592
910186849791905793
910191925772333056
910209306968170499
910209637038911488
910212078119657473
910214230653100032
910216934276427778
910217053839282177
910219337402810368
910222393586671616
910224347716976640
910227670012751873
910228126801653760
910230037512835072
910230365704421382
910232104239271936
910232237622353922
910232477968605185
910233768111226881
910234393502818305
910234609090285570
910239487074066432
910250495842938880
910250613673480192
910254952722894848
910257351030136832
910270154155708417
910270368904105984
910270656180310017
910271641002893313
910276865855774722
910282859952300032
910310201340731392
910312787548794880
910315326381969409
910316667296784389
910317790942449664
910317966280888320
910319261884829696
910323045671297024
910323765522731008
910324642396753922
910324792913481728
910325520625217536
910326616600977408
910327018432155648
910328770795409409
910333363155697664
910333665535713280
910335722451648512
910336442194432000
910340314774175744
910341468614725632
910346214062936064
910348088908369920
910348165668319234
910350160479313920
910354700834365441
910357692597891073
910360167690235904
910360300679032832
910360786748542976
910362858755641344
910369215215013889
910371501114888192
910380900956942336
910383405791105027
910384020680318977
910390463118458880
910390677892104192
910395786973851649
910396455109656576
910396876222078977
910400314309791745
910411772309512192
910414095052029953
910415063147794434
910424665163571201
910429856474832897
910431359025348608
910431725422915584
910445570011037698
910445631214407681
910448415829630976
910453484230602752
910454702273216512
910459716525989888
910461325888847872
910462402998816771
910465666146238464
910466354452455424
910466675312603136
910467694134202368
910468171857002496
910473210893922304
910474220022452224
910474592908488704
910477153938153472
910477548198481921
910488243245903873
910488760843870209
910489220107644928
910491206106468352
910492330066452481
910493822123048960
910494116127100928
910503820471394304
910503928722210817
910504944977027072
910506780408631298
910510098103054336
910510672705757184
910511432751558659
910511831189405696
910513422101446656
910514438809227265
910516054027390976
910521457519857664
910524792415117313
910524966478610438
910531934924574720
910533679331426305
910536531017945088
910538149490606080
910539574010462208
910545156604088320
910553635397943296
910559199981133825
910560491826638848
910564997788426240
910568703431004160
910570806471741440
910578630673047552
910579231545073664
910590750378913795
910591825739747328
910594347011268608
910594598095003648
910598537120907264
910598819376541696
910599750923227136
910603043053428736
910603497715982337
910604441853739008
910609602101874689
910610901509693440
910611416167587840
910612760416862209
910612848908398593
910620115124633600
910623150957834240
910624884547571712
910625741791830018
910627945043111936
910632195563196416
910633426600030209
910637392725401600
910637484068962305
910638060039213061
910638550349176832
910643307096633344
910643606146486272
910645282626404352
910650415183785985
910651682727579648
910651793004142593
910654935410384896
910658240068890624
910658686367834112
910659612478726144
910659635522211840
910660108656320513
910663925045256192
910663972017152000
910664566761279488
910666923943239680
910667100129075200
910667486005272576
910668654529830913
910669106667540480
910669496754610176
910669601599606789
910669963161038848
910671171103883264
910671728950611970
910671732737896448
910672338412216321
910672828294299648
910675614142787584
910676023095713793
910677129150570496
910677285560188928
910677869851926528
910678331225284608
910684243524591616
910686253422608385
910687312903774208
910691729908609025
910697412372639744
910698937010417665
910701823941648384
910704973037559808
910708516008194053
910709713850871809
910715379500101632
910741979352485888
910751890522112000
910753251670265856
910755614065938433
910763203386159104
910764105170079744
910776102112686081
910776230466768897
910780780435070976
910784595150430208
910785641469943813
910785814438776833
910789042387783680
910791097173069824
910804945519161344
910807118156091393
910816056649887744
910821503947636736
910823371495153664
910824172493901825
910831274427854848
910832376690987008
910833107678498817
910833364000788481
910834490590801920
910834614775640064
910835777013153792
910836923312345088
910837524758540289
910838866512351233
910839259111682048
910843123751964672
910843560802574336
910843968065327104
910849709211885568
910851770729029632
910851815184486400
910855700766748672
910859413602390016
910860088021258240
910861535496589313
910864681212022786
910866216327159808
910866349718634497
910866862656847872
910868737087094784
910871991460204544
910872111014711297
910881913946046465
910883271222943744
910884459024670720
910892101877059585
910892655105789952
910892714341871616
910893917201149953
910894701091241985
910898381190463490
910911086551019527
910911875113639937
910914646713995264
910915529262682113
910919914315243521
910922474895953921
910924131276816384
910925576231428097
910929307354066944
910940219297341440
910943430951489537
910945801987330049
910950189665476608
910951834860294144
910951850177855488
910952766616555525
910957016717328384
910960033562808325
910963627791851520
910968487304196097
910972828803043328
910973176959574016
910973224342736898
910975818536505346
910975856327233537
910976030336278529
910976052570271745
910977708888166400
910979146708344835
910980954440835072
910983856471322624
910994657244360704
910995839199449088
911000384981864449
911001507356692482
911008330251948032
911009966034702337
911010710976577536
911011547719364608
911014215296544768
911023226305708032
911024555489218561
911025224891666433
911031942488793088
911033293902155776
911034867181408257
911035764762345474
911036386005962752
911037876187545600
911038552850518016
911038744815456256
911039619747196928
911044376112930817
911044548486471680
911049486872358912
911055761941438464
911057476585263109
911060639946338304
911061298032644097
911064017606791170
911066022903451648
911070074605203458
911086385817280512
911087577414885376
911090120014438401
911095195319586816
911101151357001734
911102785541750784
911103294310801408
911103344256573447
911109742214418432
911111071565352960
911125781232877568
911129748637720576
911130835839012869
911138231600549888
911151048592683008
911151873587019776
911174700256067590
911176278820179968
911176377843556355
911177305329938432
911177428218679299
911180711096471552
911189886979465219
911189889496092673
911193222713630720
911197006806306816
911204979544862721
911207858326376450
911212541350694918
911212719088574464
911213280827527168
911214068412944384
911214068836503552
911219983966973952
911222657517068289
911224269388083200
911226560707006465
911226829997981696
911232956638941184
911241594774441986
911245684656844800
911249730918854656
911250097060696064
911253371960557570
911257789854572544
911259373606801408
911263434955804672
911268237416923136
911269359418531842
911270591264587776
911271323602735105
911275710425079808
911277931300827136
911284046910705665
911284276435529729
911285075052044288
911291118624624640
911291472623935488
911292237270650886
911292313032372224
911292367688409088
911292450274033665
911292662942191621
911292707431215104
911294759695609856
911294849462132736
911296877374722048
911298087884328960
911298444400218112
911300057504378886
911303432237207557
911304477461712896
911306637121589249
911307918879936512
911308493524803585
911309583779532801
911309703141085184
911310062613880833
911311820006281216
911313911319863297
911314631062417408
911314998886006787
911315034541879296
911315138988462080
911317550683742208
911317767558619136
911320536583753729
911320603721977857
911322704220971008
911322861926780930
911324430634274817
911324617888985089
911324797187117056
911324847128506368
911325243897196544
911325769028300800
911325818932072449
911325853329559553
911328230254219264
911328306976497669
911329418492170240
911329968357076992
911332619572400135
911333635839668224
911335594613248000
911338351495540736
911339087629475840
911339238184058880
911342151560134656
911342806299324416
911343237021016064
911347564284403713
911348255526662144
911349222292824071
911350047761104896
911352219563384832
911353525657010176
911354079745417216
911355866502303745
911357872218497024
911358034106097664
911358200234078208
911358747561353217
911359169080504321
911359614955945984
911360301546733568
911361740633526277
911368805913210880
911369820809187328
911372173964652545
911373764440526848
911375156114853888
911375355323203585
911377914272342016
911377935654903808
911378908758470656
911379074433634305
911379861687631872
911383007860314112
911386275797757953
911386424544497664
911387188293767168
911388095517470721
911388731822694400
911391182529470465
911394848778981376
911395827729477632
911395880179240966
911398496158093312
911400843286646784
911400897799794689
911402133853016065
911403666908868608
911404420620943360
911405836584591361
911406743002984448
911407048742641664
911408498709192705
911410790510493696
911411557208350721
911411705682497536
911415226813337600
911416173882986496
911419073820528650
911421024184320000
911421265331793921
911421406591770624
911422274095296513
911423178810859520
911424885628522498
911424892725223424
911426057743605760
911431619424215040
911432741794701313
911433338237329408
911443136974659584
911448753969569792
911452031428182017
911456411510489088
911456751299452928
911466902307909632
911468651743711233
911468923366678528
911474702861918209
911474731815194624
911475288835424256
911479489435140096
911483889272553474
911484040259166208
911484166906228736
911486604644032512
911486943111909376
911496636861419521
911497886495539200
911498363366969344
911498501376397313
911510776879259648
911511160628797440
911514721999712256
911514964418076673
911523449490644992
911525174184435712
911526908113948672
911527876582825984
911533337155584000
911534974209228802
911535968229916672
911545230540836864
911545589116145666
911548618267643905
911550834521071616
911551291851239425
911556074058248192
911563194656751616
911563720698089472
911564249574625280
911564975193444352
911565186603118593
911565785956589573
911565786539466752
911567067756810241
911567249777086464
911572474608836608
911580533540474885
911580694618497024
911582905427648513
911582964152225792
911583794641162240
911584938994094080
911593149612433410
911595014798626817
911595675007275010
911596363720413184
911596491642458112
911600360871034881
911603142109868032
911609480131043332
911610875139776512
911613596852981762
911615648710709254
911615866365603840
911617028636778496
911621945610948608
911622898535735297
911627382674657285
911629989396615169
911630591451418624
911630904619032576
911631434800144389
911631491406237696
911631583706271745
911632618843602944
911636582041624580
911636648718475264
911637324848648192
911639792252854272
911643188930207744
911644490816999425
911644682517712896
911646978055872512
911648713189330946
911648837806301184
911649977411276801
911650761746141184
911652824076947457
911653566875549696
911653980849262592
911655394338115584
911655614551642112
911656064986345472
911656398882328576
911657062400217092
911664147863146497
911665324772200449
911665821801488386
911666522678071296
911667937840308224
911672073826832384
911674880038506498
911679079522422784
911679604708007937
911682602691469313
911684175639564288
911685801372663809
911687118954606595
911687809584439296
911688857770266625
911689190781456384
911690603850862593
911698548701442051
911699312979169280
911700722516992001
911709761325985793
911711155940405248
911715528070225920
911719443436158976
911719906030358528
911720107830906881
911722795532378112
911723072784277505
911725188823347202
911726566207627265
911728491409879040
911736462508425217
911737313272590337
911740446417793025
911741074338656256
911747158587650050
911747877063610368
911748317968719874
911748659301281792
911748996095283200
911749006149156864
911750978759806976
911752344425164802
911752391829180416
911757042867740672
911768843206369281
911768997053521921
911770088457555969
911770204585304064
911770358126129153
911770658018803712
911772370121224193
911775461327466501
911785470190931969
911788279133085697
911793404966834176
911799752148238337
911799975348260864
911800361232371713
911800487875399680
911810372201517056
911810973668749312
911812367838859265
911819610550288385
911821150304428033
911823041507745793
911832223682318341
911833118142812160
911836883109347328
911838123784413184
911844271392780288
911847390260420609
911851657553686530
911852165068722176
911857878151188480
911859420665020416
911869604569473024
911871670268436480
911876787298213889
911878503192256512
911878696981680128
911890666690461697
911897895992881152
911898523024674816
911899066627268608
911901708602761216
911903088105197568
911911570699104257
911912249563820032
911912651126722560
911914426999148551
911914666070302721
911916630267047936
911919170769604610
911920330503057408
911920877402574851
911921353045024768
911921879845412864
911922973753430018
911923173788147712
911926885986258944
911928538718236672
911928684688367617
911929270213267456
911929365868482560
911929970250760192
911930023090810880
911934710053588992
911937262065250306
911937474296975361
911937477656694784
911939703120609285
911940262976475136
911941119113666561
911942660109291522
911942798517075969
911945972770639872
911946002562797569
911946399331299330
911946988626829313
911947413094522885
911947504958234625
911949338707922944
911951895572373504
911953346767888384
911954074693718017
911954753550147584
911954943120150528
911955258989047809
911955922091745281
911956975709122560
911957527679582209
911960773655658501
911964568238338049
911966699368456192
911967271454691330
911968020121210880
911968750362128384
911971169217204230
911974580025282560
911977471180001280
911978770545954816
911981813966557184
911982234621681664
911982379333558272
911983850267459596
911984040294707200
911984065036787712
911984141385785344
911984787296063489
911986088784355328
911986420897730567
911988643950145536
911988677076688897
911991759223312384
911992590811070464
911993286629429249
911993331076517888
911997308518182912
911997406841118721
911997504199233539
911997610457731074
911997673443651584
911999028614750208
911999209817112582
911999749624020992
912000097751252992
912000100699840512
912003004819279873
912004670373138433
912005669909344256
912006507054731269
912007580817477637
912008772834410496
912009603893821441
912009864074940416
912009888930385922
912010157386752000
912010271161569281
912011896332668929
912012918501163009
912013519528370176
912013933917093888
912013989030318081
912015139330822145
912015383535775744
912016349022572544
912016670667001856
912017461742104577
912017866521763842
912018416793350144
912018747300466689
912021221549776896
912022370344243201
912022600209125377
912023529226252288
912023733916848128
912024778319396865
912025347465588738
912027420722688001
912028313257938945
912029531699122176
912030901986611200
912031297089961986
912031871294459904
912031898536415232
912031935454736384
912031949287550979
912035799662706688
912038301556543488
912040811851784192
912041599563177984
912041950634762242
912043208099618816
912043790243913728
912043827141148673
912044045555372032
912044509466386433
912045906257727488
912045960058023937
912046502264131591
912046758565310464
912046806799761408
912047390206676993
912047433852555267
912049797321953280
912052768549900288
912053299167232001
912063115063386118
912063379317149696
912063881484177408
912068227949309952
912069523972468736
912071426093576192
912075326364188678
912076218496880659
912076415188832256
912076596416274432
912080287831609344
912081228169433093
912083020420698112
912083749390749698
912088004667228160
912089402448465920
912090859973206016
912091159035604994
912091209367261185
912092075096723456
912092569990946816
912093337003417601
912094204762906624
912094448196218890
912096159887499267
912097583023230976
912102240789331968
912102770559262720
912103471821856768
912103489047638016
912104024635297792
912104131594203136
912105056434040832
912106287483310080
912106866267885568
912107162415005696
912107709339783168
912110634858373122
912111665835118592
912114032106250240
912115713766248448
912116257746444288
912118753361580034
912119082325020672
912119338030784514
912120487299342336
912121941019983872
912122776953196544
912123020642152450
912126052297773056
912126454107848705
912129138936475648
912129553677602817
912132781190328322
912132826035716096
912133279930863616
912133893548941312
912135666481401856
912136227654180864
912139198932684800
912139774802186240
912142311504715776
912142658801463296
912145398919237632
912148442729893889
912148777426931713
912148992598867968
912149234211835904
912149726207909891
912153480936091648
912154683455631360
912156292390674432
912157007947452416
912157321673035777
912158232231251968
912158285507317760
912158858855845888
912159325711470593
912161629193871360
912162851837628417
912163125323018240
912163175658749952
912165656769986561
912166737038032897
912167380851335168
912169792156651520
912169912549953536
912171481785872384
912176634329026561
912181492175986688
912181776549912576
912181873450696711
912183092319850496
912189488629026819
912189768812830720
912195289762684928
912198454788706305
912198997107806208
912200662385086464
912201650407866368
912202770488463360
912202889409564672
912207001878491136
912207247308132352
912207889468657664
912209453914644482
912212544726724609
912214193910272000
912215715582664704
912226500413460481
912228173097590784
912232818717192192
912236846041706496
912240684106698753
912243550250823680
912244791756419072
912250627715104768
912251060596510720
912258438922678273
912264392598867968
912264691228934144
912265072076103682
912266720840175617
912267317710647303
912268202717171712
912268216545705991
912272772797050881
912273060144799744
912273563863977986
912275412272730112
912276613110358016
912279523131084806
912280538148425728
912282871024451587
912283804403777536
912284657365942272
912285499179651072
912288806371553280
912289228331143168
912289258559467521
912289624281767936
912290855662362624
912295194711740421
912296558733021184
912301593122541568
912302578792353793
912302919365488641
912304463297306625
912306899353292801
912307496622198786
912308458707390464
912309139128377344
912309590825619456
912310748453277697
912310816912928768
912311076057837571
912311140205694979
912311705732091904
912314590653972482
912315687271530496
912319917613096967
912321859600965634
912322164958707713
912322812555259904
912323076766949376
912328105351569408
912331422186303488
912332259675566082
912332812182867969
912334757077377024
912340640867819520
912341256105205760
912341743940419584
912343715259326464
912344039915126785
912346697413603328
912350051602661381
912352701576617984
912356603969589250
912357725518036992
912361346871758856
912363463321600000
912368345902731265
912368726749609984
912372990662316038
912374894071033861
912375172958744576
912378726788227072
912382463523020801
912382552433876992
912383376186904577
912385216223879170
912389052338364416
912389226821554177
912395519942590464
912398045769281536
912398250199719941
912398263051014144
912399737734737925
912401709506449414
912401775340261377
912402308012625920
912404725634600960
912407061853437952
912407905307172866
912408676220248064
912408820537860101
912413847402815490
912414278552096773
912414677849829378
912417156708499458
912419098243616768
912422737645375494
912423113446617089
912426729766924288
912426842770083848
912427458737131525
912427505302224896
912427861822382080
912428478812663813
912431523013505024
912435993298522114
912436769672503296
912436896759824384
912437482981068800
912437731871125504
912448316180443136
912448628224077825
912455672557637633
912458803630788608
912459366921535488
912460492249206784
912460585773752321
912462213188698112
912463376256782336
912465807434797057
912466497661997057
912466522412642304
912468101534326784
912468961387724800
912469762902441985
912473195122499584
912474510028345344
912476617234149376
912476677715972096
912478284524457984
912478802898489345
912480458818097157
912480807369035776
912484214796378112
912484288649498624
912484786647703552
912487240143695872
912488019902558208
912490981467000832
912491118633279488
912491400075399168
912495470232076288
912501138410283008
912502099308462080
912503769476337664
912505475303952384
912516770962931712
912517209733435398
912519085426176000
912519751062228993
912519972512972801
912520828151058433
912522086014439425
912522987382984704
912523325229891584
912530730059812870
912546854663081984
912553868772376576
912557412531372032
912558142936031232
912559123413241857
912564776911425536
912565172417507328
912568657481535488
912570039076716544
912573773982896128
912574024932364288
912578592537763840
912586454508773376
912587929452675072
912602716832182272
912603798186553345
912606856274698241
912615423945912322
912615488156467201
912619617440358400
912620369038548992
912625400949477376
912625423619706880
912626523370283008
912628680467259392
912636022617513984
912637193633583104
912637221357924352
912639094508974080
912639682147700736
912639696420917248
912640645147316224
912641833385254913
912642138764013568
912648432183074816
912649670454804480
912652100894691328
912652231094046720
912652510405435392
912654393249497088
912658615231811584
912658922665861120
912659016224051205
912659786705010688
912660073167642624
912660251412959233
912660329565270017
912663181759320064
912663499905523714
912664317798973440
912666529866457090
912671868410318848
912676511085481985
912678486157824000
912686608855568384
912687618420117504
912687877208776704
912688476595748865
912690740672761856
912691569865748480
912692531204444160
912694027744694272
912694361175003137
912696212142338048
912700547383349248
912704937959845888
912707468706373633
912709711061020672
912715276080308224
912715915308941312
912718249439227905
912718320302006273
912719180889300992
912724366835646464
912727375481319426
912732995345371136
912734416350220294
912735890241339393
912735931366600704
912740209103646722
912742478675095553
912743237734895617
912744836716953600
912748840989499392
912749365558640641
912752866586234881
912753803681763329
912754963431993351
912756415495798784
912756424723243008
912756599198019584
912757036236099586
912760919951802369
912763109164617728
912764426595348480
912765099378724864
912765219574833153
912766503627350016
912767243947270145
912767814787911680
912770048078618627
912774503679381504
912776328373444608
912779128499253249
912795085703655430
912806120078626817
912806540779950080
912807737473552386
912818570458828800
912823473008893952
912831186921246720
912835143781494784
912837963658158080
912838806742667264
912840398862733314
912851190823751680
912851576280170496
912853335371329536
912858038448656384
912869304760233984
912870606684729345
912870859718590465
912872185827614720
912878128309182464
912885143723003904
912886258162192385
912887675199377408
912898070962163712
912898565747429376
912898734949851136
912899386748866561
912899681361055744
912902550512431106
912903188231139330
912903752566366210
912905198980534274
912906207513518080
912908761429417985
912914991644397568
912917831616012288
912919256408477696
912921267560488960
912922187379675137
912924978261131264
912927414514278400
912928012441669632
912954256474411009
912968823871025152
912969014263074818
912972102952726528
912982794665635840
912983105480347648
912984676062629888
912995097825988608
912998431446122497
912999547907067904
913004581562482688
913010381014134784
913010449368670208
913014900338888705
913016685489135621
913019638501474307
913019862254940162
913025667209588736
913026045925888002
913026184337793024
913026673775439873
913032691771232256
913033827597119494
913033924493930496
913034228144705536
913036201984249856
913037078178537475
913037841558495232
913042218717532160
913043409476108288
913044350707302402
913046246100631552
913048167930908673
913050103182741509
913055146397110278
913057190285594625
913057536751931392
913063083706322944
913063659592544258
913084414665486336
913085424683376643
913086109168603136
913087397398827008
913087515518799872
913094080472735744
913094796432035842
913095043895877632
913096902379556864
913098764994449408
913100082496495616
913106280415363072
913107073549791232
913107952545828864
913110732660707329
913110744010575872
913111856352567301
913111909607645185
913114124179013632
913116244164976642
913121198728458240
913123218696925184
913126348088111104
913128775751258112
913131276797743104
913135078921920513
913135591885176832
913137199998259201
913138250293719041
913138875190566912
913140476605120512
913140698895060993
913143924729856001
913145854084747264
913148271366955008
913150258141470720
913150963594268672
913152018889441282
913155164416233472
913156589418274816
913156827247808512
913158268406652929
913159188229976064
913161441821233152
913163654719328256
913165616424607745
913166590442688513
913174048632397825
913175384501321728
913179784775180288
913182385633718274
913183239618965505
913201936555536384
913206524285202432
913217302803435521
913218432358895616
913223462549950469
913224019578687488
913225737980731392
913227778635501568
913229750663032832
913230250531807232
913236032484716545
913249705072709632
913252352941010944
913276523465117696
913277841285931014
913291538637213696
913292711783993344
913294115101659136
913295480867753984
913305402091147265
913309989388898304
913313771803815936
913318184765263872
913322004371013632
913322615930081280
913324659814408192
913332591226445824
913337597187039232
913338098339196928
913338161274728449
913338331118923776
913339772927713281
913340702175592448
913341371578241024
913341799388807170
913345195093250048
913345665702522880
913345782299942912
913354367625056258
913357404296925184
913358582485221376
913358637019607040
913359342929432577
913363358564388864
913365180360224768
913365750827511808
913368296514342913
913370944801996800
913372387038593024
913373741962235904
913375541868269568
913375727147470848
913376052197523457
913376442674745344
913376706920013826
913377007240568832
913377831002034176
913378453008855040
913379145895342081
913379643364868096
913380114775207936
913380268706271237
913383065921228801
913383136767152128
913383773474979840
913383902668091392
913385321579945984
913385801832189952
913386039661748226
913386983384285184
913387273290477569
913388203259949057
913389565896949760
913390037269540864
913391287751008263
913392733343109120
913394393889087488
913396945271578625
913396999361302530
913399172048470017
913399208509665280
913402937694703616
913403492709965825
913404711025463298
913407006165409792
913407770770202624
913410380029972480
913412409083203585
913413734906855425
913415616639447041
913416427415195649
913417371968086021
913417704240971776
913423056093069312
913423496893599746
913425485815795712
913425983281287169
913426060435496960
913426414447267842
913429124387151873
913429580786016256
913431740886257664
913435273228439552
913435300076146689
913435404954685440
913435851635544066
913435930085744642
913436663652773888
913437236598734848
913438895873953794
913439381578485761
913440209957666822
913443236529684480
913455238903881728
913457195206959104
913457910751092737
913459042080710656
913460362741153794
913460660943691776
913461500215521281
913462678001213440
913464020597960704
913468219914113026
913470866092122114
913474380109352960
913482820726685696
913483103406084096
913483175552258048
913484286824796160
913487058655576064
913487715429224448
913492814477922304
913494005656166400
913497452958879747
913498138740187136
913500026588090368
913501919036964865
913503131203489795
913504094203113472
913508971780165632
913512677028368384
913513811600117760
913516520256491522
913517173728874496
913518075085017095
913519944897146880
913521222784299008
913523853585985538
913524158499192833
913525034701991936
913540094367236096
913540611503992837
913564229235593216
913565231229497345
913565336108011520
913565618351300608
913566058765848576
913566103644684289
913566171181576192
913566223203364865
913566257143627776
913566280216666112
913566293239975938
913566299111985152
913566434168655877
913566564586102784
913566636761927680
913566669464678400
913566712250777600
913566716009091077
913566884636721152
913566929100603393
913567027666800640
913567040228671488
913567072105435136
913567114052689920
913567229383503872
913567236970835968
913567275139158016
913567446665093121
913567452939689985
913567484007006208
913567748667711488
913567793118896128
913567885376626688
913567951680299008
913568182350368768
913568464199127040
913568754881179648
913568839169912832
913568992261849088
913568997714518016
913569053511438336
913569086235439104
913569135702925312
913569206590984197
913569241844006915
913569542978265088
913569599190208512
913569969945894912
913569988849668096
913570228747063296
913570505159999488
913570682570706944
913570845737590789
913570916189302784
913570958128091136
913571063417724928
913571094472269825
913571179172061184
913571257618014208
913571264337293312
913571325154922496
913571396042797056
913571541987713024
913571553308114944
913571569682788352
913571675379134465
913571773513334785
913571851950944256
913571891356606464
913572053692801024
913572081371140096
913572178691584000
913572217685815297
913572271813521408
913572294005465089
913572303266607107
913572426138525696
913572552408256512
913572559114747904
913572601045192705
913572643412078592
913572873247354881
913572920231956480
913573072468295680
913573106442276864
913573266249396225
913573391235416064
913573417273708546
913573485628313601
913573588808151040
913573596781359104
913573657594564608
913573668088770560
913573732240756736
913573871499993088
913573928106303489
913573970896719873
913574044313808896
913574056871518208
913574094658031616
913574208294277125
913574238098948099
913574293887266816
913574370206900224
913574397033594880
913574725028212736
913574753562251265
913574779168288769
913574887788224512
913575035847286784
913575328597008384
913575358368063488
913575462407897088
913575561397600256
913575654913961984
913575801701810176
913575806332530688
913575868823429120
913575899030794241
913575969067323393
913576122591391744
913576242116403200
913576285309370369
913576362493038592
913576435054346240
913576453505241089
913576491249672192
913576502591078400
913576556295049221
913576588566040578
913576625911898112
913576696791441408
913576953889935361
913576984512315392
913577088958922753
913577133401825280
913577202633121792
913577280626073600
913577306626633824
913577322157973504
913577393050099712
913577511337943041
913577517197484032
913577522230464512
913577660646690816
913577900565176320
913578019238932480
913578096862867462
913578132480737280
913578237346885639
913580369722540032
913582905611423744
913587712266993664
913591632322277376
913593474401882112
913595637823889409
913595798075662336
913597298386415617
913599290672640001
913601240155561985
913601777034969088
913601816452927489
913602037912350720
913603279061360641
913603440101560321
913604178273902592
913604661470515200
913607701086666753
913609031532544001
913611873160974336
913616138055032833
913616180706918402
913616711693111296
913617636553920512
913618204877918208
913619283992879104
913619569264046082
913620924036984832
913626787262873601
913630357014052865
913630971496357889
913631352347676672
913637887501103104
913640037270597632
913643451643781120
913652114567528448
913653618636656640
913653934463619079
913661067594747904
913663050393235456
913664780086505472
913665369394556928
913668958389022720
913669331745157120
913675604326862848
913689720693063680
913695850341298176
913697901687328768
913699526552125442
913709768862310400
913710574785191937
913714444852703232
913718153875791872
913721046276206597
913721167063785472
913724557747515392
913727399401009152
913728666890326016
913730760695324673
913731379782934529
913735461696401409
913738609085288448
913738838098374656
913740429815721984
913743746667126784
913747829046341634
913754227817795584
913757389068947456
913758332791414784
913759318893383680
913760060869795840
913760936212799488
913761062037594112
913762176439111682
913763494293512197
913765092768051201
913765276902203392
913771113691406336
913772496532451329
913772555697311744
913773884863860736
913774350855106563
913778983598034944
913779040921767936
913780531573280768
913781492500766720
913782313301004290
913788237746913280
913795395146457088
913796648945545217
913799142966775810
913800772026019841
913802547474911232
913807001809014784
913807825171775488
913810898367676416
913811570697916416
913811666315423747
913812033312890881
913814243274784768
913815909680254977
913819046189006848
913823220775686145
913825437482147842
913826219707088897
913830024377114624
913831005806518272
913831130385735680
913833009849257985
913835105352896512
913836159675109378
913836462604402688
913839773177049088
913850990427852800
913852384593444864
913852948115070977
913857688731140096
913860493877534720
913867239161507840
913872308384694275
913876916628750339
913876992172453891
913877344141692929
913883958433198086
913884447568691200
913896220531322885
913896620009316352
913903051861319687
913906674825605120
913910325568667648
913916681612914688
913921801163599872
913927294875504640
913927713911705600
913930580689113088
913935511521173504
913936837336535041
913939203758727169
913940637803835395
913941872602689536
913944097681010688
913948088544452610
913955306706804737
913956006580953088
913962092939694080
913962233935183872
913962487619387392
913971342223003648
913973552608559104
913974455621341185
913975670300127232
913976794788773888
913982135408709632
913983036760449024
913984957323796480
913985633080750081
913986942072696832
913988933964435456
913996592751005696
914004317715222529
914020694463324160
914046734413828096
914048033242927106
914048539218599937
914050707661246469
914057244903317504
914065088688087041
914070137493372928
914075886680461312
914077008895733760
914079894971179008
914081755581296640
914087794108137472
914088291997188099
914104675770798081
914108116781936640
914109474910195712
914111377257713671
914111550667010049
914112826972803072
914114091156983809
914114461644017664
914117338785550338
914117685478412289
914121050333605888
914121232357851136
914123051419045888
914123368521015296
914127310126768128
914130906104958976
914132708405768192
914133765382918145
914134086230278144
914136084828889088
914139021240041472
914139041389535233
914140567264808963
914141455219810306
914146555866767360
914146651006210048
914150215837376512
914150746135957507
914153633356402688
914158578038116352
914159578383835136
914161964074627073
914164587192348672
914166642904625154
914168034926972929
914168386011066368
914172172200902656
914175506261487616
914175962144796674
914176502375370758
914177332025454592
914186863585353728
914188599586955270
914189288304025600
914190475703107584
914194008150364161
914195391423193088
914196961384943616
914206619172446208
914209371458023424
914213174030868480
914216403179155457
914217984817844224
914218301995274240
914224092236173312
914226227535368198
914237051381469185
914242452684337152
914242503552983040
914250287342383104
914255159856951296
914255649730637825
914258339541876736
914259016926318593
914269585750323205
914275978393866240
914276736627613696
914277320885600256
914277577979809793
